LHC beam energy and intensities during run 267073:
(Begin/end of run: Thu Jun 04 2015 17:48:34 − Fri Jun 05, 06:59:16)

LB	   Start time
(CEST)	   Duration
(sec)	   Beam energy
(GeV)	   Intensity Beam-1
(1e11 protons)	   Intensity Beam-2
(1e11 protons)
1	17:48:34	60.07	450	0.6049	1.029
2	17:49:34	10.05	450	0	1.027
3	17:49:44	60.31	450	0	1.026
4	17:50:45	60.08	450	0	1.024
5	17:51:45	60.06	450	0	1.021
6	17:52:45	60.10	450	0	1.019
7	17:53:45	60.29	450	0	1.017
8	17:54:45	60.07	449	0	1.015
9	17:55:45	60.30	450	0	1.012
10	17:56:46	60.07	449	0	1.01
11	17:57:46	60.07	450	0	1.008
12	17:58:46	60.07	450	0	1.006
13	17:59:46	60.08	450	0.922	1.004
14	18:00:46	60.06	449	1.103	1.002
15	18:01:46	60.07	450	1.1	0.9992
16	18:02:46	60.03	450	1.097	0.9966
17	18:03:46	59.56	450	1.094	0.9942
18	18:04:46	60.31	450	1.092	0.9921
19	18:05:46	60.30	450	1.09	0.9898
20	18:06:46	60.10	449	1.087	0.9879
21	18:07:46	60.07	450	1.084	0.988
22	18:08:46	60.13	450	1.08	0.9864
23	18:09:47	60.08	450	1.078	0.9846
24	18:10:47	60.12	450	1.075	0.9825
25	18:11:47	60.07	450	1.072	0.9803
26	18:12:47	60.30	450	1.071	0.978
27	18:13:47	60.04	450	1.068	0.9756
28	18:14:47	60.11	450	1.065	0.9734
29	18:15:47	60.30	450	1.062	0.9712
30	18:16:48	60.34	450	1.06	0.9689
31	18:17:48	60.18	450	1.057	0.9667
32	18:18:48	60.17	450	1.055	0.9644
33	18:19:48	60.10	450	1.052	0.9621
34	18:20:48	60.07	450	1.051	0.9566
35	18:21:48	60.06	450	1.048	0.9536
36	18:22:49	60.07	449	1.045	0.9514
37	18:23:49	60.09	450	1.043	0.9492
38	18:24:49	60.07	450	1.04	0.9471
39	18:25:49	60.10	449	1.037	0.9449
40	18:26:49	60.09	450	1.034	0.9427
41	18:27:49	60.07	450	1.031	0.9404
42	18:28:49	60.11	449	1.029	0.9382
43	18:29:49	60.29	450	1.026	0.936
44	18:30:49	60.03	449	1.024	0.9337
45	18:31:49	60.09	450	1.02	0.9311
46	18:32:50	42.47	493	1.013	0.9298
47	18:33:32	60.09	566	1.008	0.9302
48	18:34:32	60.09	730	1.004	0.9306
49	18:35:32	60.30	955	1.002	0.9309
50	18:36:33	60.09	1253	1	0.9311
51	18:37:33	10.05	1600	1	0.9311
52	18:37:43	60.10	1658	1	0.9312
53	18:38:43	60.13	2005	1.001	0.9311
54	18:39:43	60.12	2353	1.001	0.9311
55	18:40:43	60.06	2700	1	0.931
56	18:41:43	60.07	3048	1	0.9308
57	18:42:43	60.06	3395	1	0.9306
58	18:43:43	60.06	3742	0.9999	0.9304
59	18:44:43	60.29	4090	0.9996	0.9303
60	18:45:44	60.30	4443	0.9991	0.9302
61	18:46:44	43.75	4790	0.9989	0.9303
62	18:47:28	60.30	5045	0.9988	0.9304
63	18:48:28	60.12	5393	0.9989	0.9304
64	18:49:28	60.08	5740	0.9992	0.9303
65	18:50:28	60.05	6088	0.9984	0.93
66	18:51:28	44.15	6435	0.9997	0.9297
67	18:52:12	60.12	6499	0.9999	0.9297
68	18:53:12	60.05	6499	0.9994	0.9297
69	18:54:13	60.29	6499	0.9993	0.9297
70	18:55:13	60.28	6499	0.9989	0.9297
71	18:56:13	60.10	6499	0.9989	0.9296
72	18:57:13	60.34	6499	0.9989	0.9296
73	18:58:14	60.07	6499	0.9987	0.9297
74	18:59:14	60.08	6499	0.9986	0.9297
75	19:00:14	60.07	6499	0.9984	0.9297
76	19:01:14	60.06	6499	0.9982	0.9296
77	19:02:14	60.13	6499	0.9125	0.8498
78	19:03:14	60.05	6499	0	0
79	19:04:14	60.31	6499	0	0
80	19:05:14	60.09	6499	0	0
81	19:06:14	60.10	6499	0	0
82	19:07:14	60.11	6499	0	0
83	19:08:15	60.07	6499	0	0
84	19:09:15	60.06	6499	0	0
85	19:10:15	60.08	6499	0	0
86	19:11:15	60.08	6499	0	0
87	19:12:15	60.09	6499	0	0
88	19:13:15	60.07	6499	0	0
89	19:14:15	60.11	6499	0	0
90	19:15:15	60.31	6499	0	0
91	19:16:15	60.08	6499	0	0
92	19:17:16	60.06	6499	0	0
93	19:18:16	60.03	6499	0	0
94	19:19:16	60.06	6499	0	0
95	19:20:16	60.06	6499	0	0
96	19:21:16	60.09	6499	0	0
97	19:22:16	55.90	6499	0	0
98	19:23:12	60.20	6501	0	0
99	19:24:12	60.08	6501	0	0
100	19:25:12	60.06	6501	0	0
101	19:26:12	60.08	6501	0	0
102	19:27:12	60.13	6501	0	0
103	19:28:12	60.10	6501	0	0
104	19:29:12	60.31	6501	0	0
105	19:30:13	60.08	6501	0	0
106	19:31:13	60.07	6493	0	0
107	19:32:13	60.29	6384	0	0
108	19:33:13	60.08	6150	0	0
109	19:34:13	17.77	5810	0	0
110	19:34:31	60.18	5705	0	0
111	19:35:31	60.28	5352	0	0
112	19:36:31	60.07	4998	0	0
113	19:37:32	60.09	4636	0	0
114	19:38:32	60.31	4281	0	0
115	19:39:32	60.10	3925	0	0
116	19:40:32	60.10	3569	0	0
117	19:41:32	60.09	3212	0	0
118	19:42:32	60.06	2856	0	0
119	19:43:32	60.10	2499	0	0
120	19:44:32	60.08	2142	0	0
121	19:45:32	60.09	1786	0	0
122	19:46:33	60.07	1423	0	0
123	19:47:33	60.13	1066	0	0
124	19:48:33	60.06	710	0	0
125	19:49:33	60.08	374	0	0
126	19:50:33	60.08	154	0	0
127	19:51:33	60.03	62	0	0
128	19:52:33	60.09	59	0	0
129	19:53:33	60.33	59	0	0
130	19:54:33	60.08	59	0	0
131	19:55:33	60.06	59	0	0
132	19:56:34	60.04	59	0	0
133	19:57:34	60.11	59	0	0
134	19:58:34	60.05	59	0	0
135	19:59:34	60.06	59	0	0
136	20:00:34	60.31	59	0	0
137	20:01:34	60.29	59	0	0
138	20:02:34	60.10	59	0	0
139	20:03:35	60.08	59	0	0
140	20:04:35	60.10	206	0	0
141	20:05:35	60.07	450	0	0
142	20:06:35	60.11	449	0	0
143	20:07:35	60.11	449	0	0
144	20:08:35	60.10	450	0	0
145	20:09:35	60.07	450	0	0
146	20:10:35	60.08	450	0	0
147	20:11:35	60.30	450	0	0
148	20:12:36	60.06	450	0	0
149	20:13:36	60.05	450	0	0
150	20:14:36	60.08	450	0	0
151	20:15:36	60.32	449	0	0
152	20:16:36	60.09	450	0	0
153	20:17:36	60.09	450	0	0
154	20:18:36	60.10	450	0	0
155	20:19:36	60.09	450	0	0
156	20:20:36	60.09	450	0	0
157	20:21:37	60.09	450	0	0
158	20:22:37	60.12	450	0	0
159	20:23:37	60.05	450	0	0
160	20:24:37	60.10	449	0	0
161	20:25:37	60.06	450	0	0
162	20:26:37	60.08	450	0	0
163	20:27:37	39.63	450	0	0
164	20:28:17	60.19	450	0	0
165	20:29:17	60.04	450	0	0
166	20:30:17	60.05	450	0	0
167	20:31:17	60.11	450	0	0
168	20:32:17	60.06	450	0	0
169	20:33:17	60.10	450	0	0
170	20:34:17	60.08	450	0	0
171	20:35:17	60.07	450	0	0
172	20:36:17	60.10	450	0	0
173	20:37:17	60.08	450	0	0
174	20:38:18	60.06	450	0	0
175	20:39:18	60.12	449	0	0
176	20:40:18	60.12	450	0	0
177	20:41:18	60.06	450	0	0
178	20:42:18	60.08	450	0	0
179	20:43:18	60.28	450	0	0
180	20:44:18	60.28	450	0	0
181	20:45:19	60.10	450	0	0
182	20:46:19	60.08	450	0	0
183	20:47:19	60.06	450	0	0
184	20:48:19	60.12	450	0	0
185	20:49:19	60.11	450	0	0
186	20:50:19	60.09	450	0	0
187	20:51:19	60.06	450	0	0
188	20:52:19	60.13	450	0	0
189	20:53:19	60.29	450	0	0
190	20:54:20	60.05	449	0	0
191	20:55:20	60.29	450	0	0
192	20:56:20	60.07	450	0	0
193	20:57:20	60.31	450	0	0
194	20:58:20	60.05	450	0	0
195	20:59:20	60.08	450	0	0
196	21:00:20	60.07	450	0	0
197	21:01:20	60.29	450	0	0
198	21:02:21	60.04	450	0	0
199	21:03:21	60.13	450	0	0
200	21:04:21	60.08	450	0	0
201	21:05:21	60.45	450	0	0
202	21:06:21	60.33	450	0	0
203	21:07:22	60.42	450	0	0
204	21:08:22	60.45	450	0	0
205	21:09:23	60.49	449	0	0
206	21:10:23	60.21	450	0	0
207	21:11:23	60.42	450	0	0
208	21:12:24	60.41	450	0	0
209	21:13:24	60.45	450	0	0
210	21:14:25	60.35	450	0	0
211	21:15:25	60.72	450	0	0
212	21:16:26	60.24	450	0	0
213	21:17:26	60.28	450	0	0
214	21:18:26	60.31	449	0	0
215	21:19:27	60.52	450	0	0
216	21:20:27	61.28	450	0	0
217	21:21:28	60.12	450	0	0
218	21:22:28	60.31	450	0	0
219	21:23:29	60.13	450	0	0
220	21:24:29	60.06	450	0	0
221	21:25:29	60.04	450	0	0
222	21:26:29	60.29	450	0	0
223	21:27:29	60.12	450	0	0
224	21:28:29	60.13	450	0	0
225	21:29:30	49.18	450	0	0
226	21:30:19	60.16	449	0	0
227	21:31:19	60.04	450	0	0
228	21:32:19	60.04	450	0	0
229	21:33:19	60.11	449	0	0
230	21:34:19	60.04	450	0	0
231	21:35:19	60.08	450	0	0
232	21:36:19	60.06	450	0	0
233	21:37:19	60.30	450	0	0
234	21:38:20	60.07	450	0	0
235	21:39:20	60.04	450	0	0
236	21:40:20	60.06	449	0	0
237	21:41:20	60.06	450	0	0
238	21:42:20	60.07	450	0	0
239	21:43:20	60.30	450	0	0
240	21:44:20	60.08	450	0	0
241	21:45:20	60.12	450	0	0
242	21:46:20	60.07	450	0	0
243	21:47:20	60.13	450	0	0
244	21:48:21	60.12	450	0	0
245	21:49:21	60.12	450	0	0
246	21:50:21	60.06	450	0	0.2478
247	21:51:21	60.12	450	0.3779	1.095
248	21:52:21	60.05	450	1.007	1.096
249	21:53:21	60.12	450	1.006	1.096
250	21:54:21	60.08	450	1.006	1.095
251	21:55:21	60.31	450	1.006	1.095
252	21:56:22	60.05	450	1.005	1.094
253	21:57:22	60.09	449	1.005	1.094
254	21:58:22	60.07	450	1.003	1.093
255	21:59:22	60.07	450	1.003	1.093
256	22:00:22	60.08	450	1.003	1.092
257	22:01:22	60.31	450	1.002	1.092
258	22:02:22	60.05	450	1.001	1.091
259	22:03:22	60.10	450	1.001	1.091
260	22:04:22	60.12	450	1.001	1.09
261	22:05:23	60.08	449	1	1.09
262	22:06:23	60.32	450	0.9994	1.089
263	22:07:23	60.11	450	0.9985	1.088
264	22:08:23	60.06	450	0.9978	1.088
265	22:09:23	60.05	450	0.9975	1.087
266	22:10:23	60.04	450	0.9966	1.086
267	22:11:23	60.07	449	0.9962	1.086
268	22:12:23	60.08	450	0.9952	1.085
269	22:13:23	60.29	449	0.9941	1.085
270	22:14:24	60.29	450	0.9932	1.084
271	22:15:24	60.06	450	0.9921	1.083
272	22:16:24	60.10	450	1.528	1.082
273	22:17:24	60.10	450	2.087	1.778
274	22:18:24	60.11	450	2.086	2.189
275	22:19:24	60.08	450	2.084	2.189
276	22:20:24	60.34	450	2.082	2.188
277	22:21:25	60.10	450	2.081	2.187
278	22:22:25	60.11	449	2.081	2.187
279	22:23:25	60.09	460	2.074	2.178
280	22:24:25	60.10	536	2.06	2.177
281	22:25:25	60.08	684	2.05	2.178
282	22:26:25	60.10	894	2.044	2.179
283	22:27:25	60.07	1168	2.04	2.18
284	22:28:25	19.98	1509	2.039	2.18
285	22:28:45	60.19	1624	2.039	2.18
286	22:29:46	60.09	1977	2.038	2.18
287	22:30:46	60.11	2325	2.038	2.179
288	22:31:46	60.07	2672	2.037	2.179
289	22:32:46	60.10	3020	2.037	2.179
290	22:33:46	60.29	3367	2.037	2.178
291	22:34:46	60.04	3715	2.036	2.178
292	22:35:46	60.07	4062	2.036	2.177
293	22:36:46	60.10	4410	2.036	2.177
294	22:37:46	60.08	4757	2.035	2.178
295	22:38:46	60.08	5105	2.034	2.178
296	22:39:47	60.07	5458	2.035	2.178
297	22:40:47	60.06	5805	2.035	2.177
298	22:41:47	60.31	6153	2.037	2.177
299	22:42:47	29.30	6483	2.04	2.176
300	22:43:16	60.20	6499	2.04	2.176
301	22:44:16	60.08	6499	2.04	2.176
302	22:45:17	60.07	6499	2.04	2.176
303	22:46:17	60.08	6499	2.039	2.176
304	22:47:17	60.30	6499	2.039	2.175
305	22:48:17	60.08	6499	2.038	2.174
306	22:49:17	60.11	6499	2.038	2.175
307	22:50:17	60.07	6499	2.038	2.174
308	22:51:17	60.07	6499	2.038	2.174
309	22:52:17	60.09	6499	2.038	2.174
310	22:53:17	60.05	6499	2.037	2.174
311	22:54:17	60.07	6499	2.038	2.174
312	22:55:18	60.07	6499	2.038	2.174
313	22:56:18	60.08	6499	2.037	2.173
314	22:57:18	60.06	6499	2.037	2.173
315	22:58:18	60.07	6499	2.038	2.172
316	22:59:18	60.09	6499	2.038	2.171
317	23:00:18	60.11	6499	2.037	2.171
318	23:01:18	60.07	6499	2.036	2.171
319	23:02:18	60.11	6499	2.036	2.171
320	23:03:18	60.08	6499	2.035	2.171
321	23:04:18	60.11	6499	2.035	2.171
322	23:05:18	60.07	6499	2.035	2.171
323	23:06:18	60.11	6499	2.034	2.17
324	23:07:19	60.08	6499	2.033	2.169
325	23:08:19	60.32	6499	2.033	2.167
326	23:09:19	60.29	6499	2.032	2.166
327	23:10:19	60.06	6499	2.032	2.164
328	23:11:19	60.08	6499	2.031	2.164
329	23:12:19	60.11	6499	2.03	2.162
330	23:13:20	60.08	6499	2.029	2.159
331	23:14:20	60.06	6499	2.028	2.155
332	23:15:20	60.05	6499	2.027	2.152
333	23:16:20	60.30	6499	2.026	2.149
334	23:17:20	60.10	6499	2.024	2.147
335	23:18:20	60.12	6499	2.023	2.145
336	23:19:20	60.28	6499	2.023	2.142
337	23:20:21	60.07	6499	2.022	2.14
338	23:21:21	60.10	6499	2.021	2.138
339	23:22:21	60.30	6499	2.02	2.137
340	23:23:21	60.07	6499	2.019	2.135
341	23:24:21	60.12	6499	2.018	2.133
342	23:25:21	60.05	6499	2.017	2.132
343	23:26:21	60.07	6499	2.015	2.13
344	23:27:21	60.11	6499	2.015	2.128
345	23:28:21	60.08	6499	2.015	2.126
346	23:29:21	60.07	6499	2.013	2.124
347	23:30:22	60.09	6499	2.012	2.122
348	23:31:22	60.07	6499	2.011	2.121
349	23:32:22	60.06	6499	2.011	2.119
350	23:33:22	60.07	6499	2.011	2.118
351	23:34:22	60.12	6499	2.01	2.116
352	23:35:22	60.07	6499	2.009	2.115
353	23:36:22	60.08	6499	2.008	2.114
354	23:37:22	60.11	6499	2.008	2.113
355	23:38:22	60.08	6499	2.008	2.112
356	23:39:22	60.28	6499	2.006	2.111
357	23:40:23	60.11	6499	2.005	2.11
358	23:41:23	56.83	6499	2.005	2.109
359	23:42:20	60.55	6499	2.006	2.108
360	23:43:20	60.04	6499	2.005	2.107
361	23:44:20	60.07	6499	2.003	2.106
362	23:45:20	60.11	6499	2.004	2.105
363	23:46:20	60.03	6499	2.003	2.104
364	23:47:20	43.16	6499	2.002	2.103
365	23:48:03	60.40	6499	2.003	2.103
366	23:49:04	60.11	6499	2.002	2.102
367	23:50:04	16.01	6499	2	2.101
368	23:50:20	60.41	6499	2	2.101
369	23:51:20	60.11	6499	2.001	2.1
370	23:52:21	40.84	6499	2.002	2.099
371	23:53:01	60.45	6499	2.001	2.098
372	23:54:02	60.06	6499	2	2.098
373	23:55:02	60.05	6499	1.999	2.097
374	23:56:02	13.90	6499	1.999	2.096
375	23:56:16	60.26	6499	1.999	2.096
376	23:57:16	60.31	6499	2	2.095
377	23:58:16	60.06	6499	1.998	2.094
378	23:59:16	60.11	6499	1.997	2.093
379	00:00:17	60.08	6499	1.998	2.092
380	00:01:17	60.08	6499	1.996	2.091
381	00:02:17	12.56	6499	1.996	2.091
382	00:02:29	60.16	6499	1.996	2.09
383	00:03:29	60.08	6499	1.995	2.09
384	00:04:30	60.10	6499	1.995	2.089
385	00:05:30	25.62	6499	1.995	2.088
386	00:05:55	60.08	6499	1.994	2.088
387	00:06:55	60.09	6499	1.995	2.087
388	00:07:55	60.08	6499	1.994	2.086
389	00:08:55	60.08	6499	1.992	2.085
390	00:09:56	47.98	6499	1.993	2.085
391	00:10:44	60.37	6499	1.993	2.084
392	00:11:44	60.28	6499	1.992	2.083
393	00:12:44	60.07	6499	1.992	2.082
394	00:13:44	60.14	6499	1.991	2.081
395	00:14:44	60.12	6499	1.99	2.081
396	00:15:45	60.09	6499	1.99	2.08
397	00:16:45	60.05	6499	1.99	2.079
398	00:17:45	60.09	6499	1.989	2.078
399	00:18:45	60.08	6499	1.988	2.078
400	00:19:45	60.06	6499	1.987	2.077
401	00:20:45	60.13	6499	1.986	2.076
402	00:21:45	60.08	6499	1.986	2.075
403	00:22:45	60.08	6499	1.987	2.075
404	00:23:45	60.08	6499	1.986	2.074
405	00:24:45	57.83	6499	1.985	2.073
406	00:25:43	60.33	6499	1.984	2.072
407	00:26:43	60.07	6499	1.984	2.071
408	00:27:44	60.08	6499	1.984	2.07
409	00:28:44	60.07	6499	1.983	2.069
410	00:29:44	60.07	6499	1.982	2.068
411	00:30:44	60.32	6499	1.982	2.067
412	00:31:44	60.29	6499	1.981	2.067
413	00:32:44	60.04	6499	1.98	2.066
414	00:33:44	60.31	6499	1.979	2.065
415	00:34:45	18.86	6499	1.98	2.064
416	00:35:04	60.26	6499	1.979	2.064
417	00:36:04	60.12	6499	1.978	2.063
418	00:37:04	60.12	6499	1.977	2.063
419	00:38:04	40.13	6499	1.976	2.062
420	00:38:44	60.44	6499	1.976	2.062
421	00:39:45	60.09	6499	1.975	2.061
422	00:40:45	60.08	6499	1.976	2.06
423	00:41:45	60.28	6499	1.976	2.059
424	00:42:45	60.07	6499	1.975	2.059
425	00:43:45	60.07	6499	1.974	2.058
426	00:44:45	60.06	6499	1.974	2.057
427	00:45:45	10.09	6499	1.974	2.057
428	00:45:55	60.31	6499	1.973	2.056
429	00:46:56	60.08	6499	1.972	2.056
430	00:47:56	60.07	6499	1.972	2.055
431	00:48:56	41.18	6499	1.972	2.054
432	00:49:37	60.35	6499	1.971	2.054
433	00:50:37	60.03	6499	1.97	2.053
434	00:51:37	60.31	6499	1.969	2.052
435	00:52:38	60.12	6499	1.969	2.052
436	00:53:38	60.07	6499	1.968	2.051
437	00:54:38	60.07	6499	1.968	2.05
438	00:55:38	60.06	6499	1.962	2.044
439	00:56:38	60.04	6499	1.966	2.049
440	00:57:38	60.08	6499	1.966	2.048
441	00:58:38	50.88	6499	1.966	2.048
442	00:59:29	60.28	6499	1.965	2.047
443	01:00:29	60.07	6499	1.964	2.046
444	01:01:29	60.06	6499	1.964	2.046
445	01:02:29	60.03	6499	1.963	2.045
446	01:03:29	60.06	6499	1.963	2.044
447	01:04:30	60.30	6499	1.962	2.043
448	01:05:30	60.08	6499	1.961	2.043
449	01:06:30	60.07	6499	1.961	2.042
450	01:07:30	60.28	6499	1.961	2.042
451	01:08:30	60.04	6499	1.959	2.041
452	01:09:30	60.08	6499	1.959	2.041
453	01:10:30	60.08	6499	1.958	2.04
454	01:11:30	60.03	6499	1.957	2.039
455	01:12:31	60.13	6499	1.957	2.039
456	01:13:31	60.08	6499	1.957	2.038
457	01:14:31	60.07	6499	1.957	2.037
458	01:15:31	60.09	6499	1.956	2.037
459	01:16:31	60.04	6499	1.956	2.036
460	01:17:31	60.11	6499	1.955	2.035
461	01:18:31	60.30	6499	1.954	2.034
462	01:19:31	60.07	6499	1.953	2.034
463	01:20:31	60.06	6499	1.954	2.033
464	01:21:31	60.06	6499	1.953	2.033
465	01:22:32	60.12	6499	1.951	2.032
466	01:23:32	60.08	6499	1.951	2.031
467	01:24:32	60.07	6499	1.951	2.03
468	01:25:32	60.31	6499	1.951	2.029
469	01:26:32	60.12	6499	1.951	2.028
470	01:27:32	15.04	6499	1.95	2.028
471	01:27:47	60.11	6499	1.949	2.028
472	01:28:47	60.11	6499	1.949	2.027
473	01:29:47	60.09	6499	1.949	2.026
474	01:30:48	60.11	6499	1.948	2.025
475	01:31:48	60.06	6499	1.948	2.025
476	01:32:48	60.09	6499	1.948	2.024
477	01:33:48	60.03	6499	1.947	2.023
478	01:34:48	60.11	6499	1.946	2.022
479	01:35:48	60.08	6499	1.945	2.02
480	01:36:48	60.07	6499	1.944	2.02
481	01:37:48	60.06	6499	1.943	2.019
482	01:38:48	60.11	6499	1.942	2.018
483	01:39:48	60.09	6499	1.942	2.018
484	01:40:48	60.10	6499	1.942	2.017
485	01:41:48	60.07	6499	1.941	2.016
486	01:42:49	60.07	6499	1.941	2.016
487	01:43:49	60.04	6499	1.94	2.015
488	01:44:49	60.09	6499	1.939	2.014
489	01:45:49	60.08	6499	1.937	2.014
490	01:46:49	41.26	6499	1.939	2.013
491	01:47:30	60.27	6499	1.938	2.012
492	01:48:30	60.31	6499	1.937	2.012
493	01:49:31	60.05	6499	1.937	2.011
494	01:50:31	60.07	6499	1.936	2.011
495	01:51:31	60.07	6499	1.937	2.01
496	01:52:31	60.08	6499	1.937	2.009
497	01:53:31	60.09	6499	1.935	2.009
498	01:54:31	60.05	6499	1.934	2.008
499	01:55:31	60.08	6499	1.933	2.008
500	01:56:31	60.07	6499	1.933	2.007
501	01:57:31	60.08	6499	1.933	2.006
502	01:58:31	60.28	6499	1.932	2.006
503	01:59:32	60.09	6499	1.932	2.005
504	02:00:32	60.03	6499	1.931	2.004
505	02:01:32	60.07	6499	1.931	2.004
506	02:02:32	60.12	6499	1.932	2.003
507	02:03:32	60.07	6499	1.93	2.002
508	02:04:32	60.05	6499	1.931	2.002
509	02:05:32	60.11	6499	1.93	2.001
510	02:06:32	60.09	6499	1.929	2.001
511	02:07:32	60.08	6499	1.928	2
512	02:08:32	60.32	6499	1.928	1.999
513	02:09:33	60.10	6499	1.929	1.999
514	02:10:33	60.07	6499	1.928	1.998
515	02:11:33	60.09	6499	1.926	1.997
516	02:12:33	60.11	6499	1.927	1.997
517	02:13:33	60.07	6499	1.927	1.996
518	02:14:33	60.12	6499	1.926	1.996
519	02:15:33	60.10	6499	1.925	1.995
520	02:16:33	60.07	6499	1.925	1.994
521	02:17:33	60.07	6499	1.924	1.994
522	02:18:33	60.28	6499	1.923	1.993
523	02:19:34	60.03	6499	1.923	1.993
524	02:20:34	60.08	6499	1.922	1.992
525	02:21:34	60.06	6499	1.922	1.992
526	02:22:34	60.12	6499	1.923	1.991
527	02:23:34	60.13	6499	1.922	1.99
528	02:24:34	60.12	6499	1.92	1.99
529	02:25:34	60.07	6499	1.92	1.989
530	02:26:34	60.07	6499	1.92	1.988
531	02:27:34	60.05	6499	1.92	1.988
532	02:28:34	60.32	6499	1.919	1.987
533	02:29:35	60.30	6499	1.92	1.987
534	02:30:35	60.07	6499	1.919	1.986
535	02:31:35	60.11	6499	1.918	1.985
536	02:32:35	60.31	6499	1.918	1.985
537	02:33:35	60.11	6499	1.917	1.984
538	02:34:36	60.31	6499	1.916	1.984
539	02:35:36	60.08	6499	1.917	1.983
540	02:36:36	60.06	6499	1.916	1.982
541	02:37:36	60.06	6499	1.915	1.982
542	02:38:36	60.12	6499	1.914	1.981
543	02:39:36	60.07	6499	1.913	1.981
544	02:40:36	60.08	6499	1.912	1.98
545	02:41:36	60.06	6499	1.911	1.98
546	02:42:36	60.06	6499	1.91	1.979
547	02:43:36	60.09	6499	1.909	1.978
548	02:44:37	60.28	6499	1.91	1.978
549	02:45:37	60.08	6499	1.908	1.977
550	02:46:37	60.11	6499	1.907	1.977
551	02:47:37	60.29	6499	1.907	1.976
552	02:48:37	60.06	6499	1.906	1.976
553	02:49:37	60.29	6499	1.906	1.975
554	02:50:38	60.11	6499	1.908	1.975
555	02:51:38	60.14	6499	1.908	1.974
556	02:52:38	60.44	6499	1.907	1.973
557	02:53:38	60.39	6499	1.906	1.973
558	02:54:39	60.56	6499	1.905	1.972
559	02:55:39	60.35	6499	1.904	1.972
560	02:56:40	60.31	6499	1.903	1.971
561	02:57:40	60.36	6499	1.902	1.97
562	02:58:40	60.40	6499	1.903	1.97
563	02:59:41	60.52	6499	1.903	1.969
564	03:00:41	60.36	6499	1.902	1.969
565	03:01:42	60.36	6499	1.901	1.968
566	03:02:42	60.62	6499	1.9	1.967
567	03:03:43	60.18	6499	1.899	1.967
568	03:04:43	60.34	6499	1.899	1.966
569	03:05:43	60.44	6499	1.899	1.966
570	03:06:44	60.67	6499	1.898	1.965
571	03:07:44	60.10	6499	1.897	1.964
572	03:08:44	60.42	6499	1.897	1.964
573	03:09:45	60.48	6499	1.897	1.963
574	03:10:45	60.44	6499	1.896	1.963
575	03:11:46	60.25	6499	1.896	1.962
576	03:12:46	60.39	6499	1.895	1.961
577	03:13:46	60.41	6499	1.895	1.961
578	03:14:47	60.14	6499	1.893	1.96
579	03:15:47	60.79	6499	1.893	1.96
580	03:16:48	60.31	6499	1.893	1.959
581	03:17:48	60.48	6499	1.893	1.959
582	03:18:48	60.33	6499	1.893	1.958
583	03:19:49	60.38	6499	1.892	1.958
584	03:20:49	60.38	6499	1.892	1.957
585	03:21:50	60.55	6499	1.891	1.956
586	03:22:50	60.31	6499	1.89	1.956
587	03:23:50	60.47	6499	1.89	1.955
588	03:24:51	60.65	6499	1.89	1.955
589	03:25:52	60.18	6499	1.889	1.954
590	03:26:52	60.32	6499	1.888	1.954
591	03:27:52	60.38	6499	1.888	1.953
592	03:28:52	60.45	6499	1.888	1.952
593	03:29:53	60.37	6499	1.887	1.952
594	03:30:53	60.38	6499	1.887	1.951
595	03:31:54	60.38	6499	1.887	1.95
596	03:32:54	60.66	6499	1.886	1.95
597	03:33:55	60.16	6499	1.885	1.949
598	03:34:55	60.36	6499	1.885	1.949
599	03:35:55	60.47	6499	1.884	1.948
600	03:36:56	60.39	6499	1.883	1.948
601	03:37:56	60.36	6499	1.882	1.947
602	03:38:56	60.65	6499	1.883	1.946
603	03:39:57	60.35	6499	1.883	1.946
604	03:40:57	60.19	6499	1.883	1.945
605	03:41:58	60.38	6499	1.881	1.944
606	03:42:58	60.58	6499	1.881	1.944
607	03:43:59	60.41	6499	1.881	1.943
608	03:44:59	60.33	6499	1.879	1.943
609	03:45:59	60.34	6499	1.879	1.942
610	03:47:00	60.44	6499	1.878	1.941
611	03:48:00	60.42	6499	1.878	1.941
612	03:49:00	60.35	6499	1.877	1.94
613	03:50:01	60.51	6499	1.876	1.939
614	03:51:01	60.40	6499	1.876	1.939
615	03:52:02	60.31	6499	1.876	1.938
616	03:53:02	60.34	6499	1.875	1.937
617	03:54:02	60.56	6499	1.874	1.937
618	03:55:03	60.33	6499	1.873	1.936
619	03:56:03	60.32	6499	1.872	1.936
620	03:57:04	60.53	6499	1.872	1.935
621	03:58:04	60.37	6499	1.872	1.935
622	03:59:05	60.33	6499	1.873	1.934
623	04:00:05	60.34	6499	1.872	1.933
624	04:01:05	60.63	6499	1.872	1.933
625	04:02:06	60.30	6499	1.871	1.932
626	04:03:06	60.42	6499	1.871	1.931
627	04:04:07	60.44	6499	1.87	1.931
628	04:05:07	60.39	6499	1.869	1.93
629	04:06:07	60.30	6499	1.868	1.93
630	04:07:08	60.48	6499	1.868	1.929
631	04:08:08	60.22	6499	1.868	1.928
632	04:09:08	60.58	6499	1.868	1.928
633	04:10:09	60.27	6499	1.866	1.927
634	04:11:09	60.51	6499	1.866	1.926
635	04:12:10	60.48	6499	1.866	1.926
636	04:13:10	60.33	6499	1.864	1.926
637	04:14:11	60.25	6499	1.864	1.925
638	04:15:11	60.14	6499	1.864	1.924
639	04:16:11	60.12	6499	1.863	1.924
640	04:17:11	60.25	6499	1.862	1.923
641	04:18:11	60.48	6499	1.862	1.922
642	04:19:12	60.41	6499	1.862	1.922
643	04:20:12	60.34	6499	1.862	1.921
644	04:21:13	60.31	6499	1.861	1.921
645	04:22:13	60.36	6499	1.86	1.92
646	04:23:13	60.56	6499	1.86	1.92
647	04:24:14	60.36	6499	1.859	1.919
648	04:25:14	60.43	6499	1.859	1.918
649	04:26:15	60.35	6499	1.858	1.918
650	04:27:15	60.31	6499	1.858	1.917
651	04:28:15	60.17	6499	1.857	1.917
652	04:29:15	60.10	6499	1.856	1.916
653	04:30:15	60.10	6499	1.856	1.916
654	04:31:16	60.08	6499	1.857	1.915
655	04:32:16	60.08	6499	1.856	1.914
656	04:33:16	60.30	6499	1.855	1.914
657	04:34:16	60.08	6499	1.855	1.913
658	04:35:16	60.30	6499	1.854	1.913
659	04:36:16	60.07	6499	1.854	1.912
660	04:37:16	60.08	6499	1.854	1.912
661	04:38:17	60.06	6499	1.853	1.911
662	04:39:17	60.07	6499	1.852	1.911
663	04:40:17	60.07	6499	1.851	1.91
664	04:41:17	60.12	6499	1.851	1.91
665	04:42:17	60.07	6499	1.851	1.909
666	04:43:17	60.11	6499	1.851	1.908
667	04:44:17	60.06	6499	1.85	1.908
668	04:45:17	60.11	6499	1.851	1.907
669	04:46:17	60.09	6499	1.851	1.907
670	04:47:17	60.11	6499	1.85	1.906
671	04:48:17	60.06	6499	1.85	1.906
672	04:49:17	60.06	6499	1.85	1.905
673	04:50:18	60.12	6499	1.848	1.905
674	04:51:18	60.11	6499	1.848	1.904
675	04:52:18	60.08	6499	1.847	1.904
676	04:53:18	60.12	6499	1.846	1.903
677	04:54:18	60.06	6499	1.845	1.903
678	04:55:18	60.07	6499	1.845	1.902
679	04:56:18	60.10	6499	1.844	1.902
680	04:57:18	60.12	6499	1.844	1.901
681	04:58:18	60.08	6499	1.844	1.901
682	04:59:18	60.29	6499	1.843	1.9
683	05:00:19	60.06	6499	1.842	1.9
684	05:01:19	60.08	6499	1.842	1.899
685	05:02:19	60.32	6499	1.842	1.899
686	05:03:19	60.04	6499	1.841	1.898
687	05:04:19	60.12	6499	1.841	1.897
688	05:05:19	60.05	6499	1.841	1.897
689	05:06:19	60.09	6499	1.84	1.896
690	05:07:19	60.07	6499	1.839	1.896
691	05:08:20	60.04	6499	1.839	1.895
692	05:09:20	60.03	6499	1.838	1.894
693	05:10:20	60.29	6499	1.837	1.894
694	05:11:20	60.07	6499	1.838	1.893
695	05:12:20	60.07	6499	1.837	1.892
696	05:13:20	60.08	6499	1.838	1.891
697	05:14:20	60.08	6499	1.837	1.89
698	05:15:20	60.11	6499	1.836	1.889
699	05:16:20	60.10	6499	1.835	1.887
700	05:17:20	60.08	6499	1.835	1.886
701	05:18:20	60.28	6499	1.834	1.884
702	05:19:21	60.29	6499	1.833	1.883
703	05:20:21	60.08	6499	1.833	1.882
704	05:21:21	60.31	6499	1.832	1.882
705	05:22:21	60.07	6499	1.832	1.881
706	05:23:21	60.08	6499	1.831	1.881
707	05:24:22	60.06	6499	1.831	1.88
708	05:25:22	60.07	6499	1.83	1.88
709	05:26:22	60.08	6499	1.83	1.879
710	05:27:22	60.31	6499	1.829	1.879
711	05:28:22	60.07	6499	1.828	1.878
712	05:29:22	60.11	6499	1.827	1.878
713	05:30:22	60.08	6499	1.827	1.877
714	05:31:22	60.07	6499	1.827	1.877
715	05:32:22	60.31	6499	1.826	1.876
716	05:33:23	60.14	6499	1.826	1.876
717	05:34:23	60.10	6499	1.825	1.875
718	05:35:23	60.08	6499	1.823	1.875
719	05:36:23	60.06	6499	1.823	1.874
720	05:37:23	60.05	6499	1.822	1.874
721	05:38:23	60.11	6499	1.822	1.873
722	05:39:23	60.08	6499	1.822	1.873
723	05:40:23	60.11	6499	1.822	1.873
724	05:41:23	53.90	6499	1.821	1.872
725	05:42:17	60.46	6499	1.821	1.872
726	05:43:18	60.11	6499	1.821	1.871
727	05:44:18	60.10	6499	1.821	1.871
728	05:45:18	60.09	6499	1.82	1.87
729	05:46:18	60.04	6499	1.819	1.87
730	05:47:18	60.07	6499	1.819	1.869
731	05:48:18	60.04	6499	1.818	1.869
732	05:49:18	60.07	6499	1.818	1.868
733	05:50:18	60.40	6499	1.818	1.868
734	05:51:19	60.33	6499	1.817	1.867
735	05:52:19	60.21	6499	1.817	1.867
736	05:53:19	60.30	6499	1.816	1.867
737	05:54:20	60.10	6499	1.815	1.866
738	05:55:20	60.08	6499	1.815	1.866
739	05:56:20	60.08	6499	1.815	1.865
740	05:57:20	60.11	6499	1.814	1.865
741	05:58:20	60.31	6499	1.814	1.865
742	05:59:20	60.11	6499	1.812	1.864
743	06:00:20	60.08	6499	1.812	1.864
744	06:01:20	60.03	6499	1.811	1.863
745	06:02:20	60.07	6499	1.812	1.862
746	06:03:21	60.10	6499	1.811	1.861
747	06:04:21	60.06	6499	1.811	1.859
748	06:05:21	60.09	6499	1.81	1.855
749	06:06:21	60.08	6499	1.809	1.848
750	06:07:21	60.05	6499	1.808	1.841
751	06:08:21	60.07	6499	1.807	1.833
752	06:09:21	60.09	6499	1.806	1.825
753	06:10:21	60.12	6499	1.805	1.818
754	06:11:21	60.05	6499	1.804	1.812
755	06:12:21	60.31	6499	1.802	1.811
756	06:13:22	60.30	6499	1.802	1.81
757	06:14:22	60.05	6499	1.802	1.809
758	06:15:22	60.09	6499	1.801	1.808
759	06:16:22	60.12	6499	1.801	1.808
760	06:17:22	60.07	6499	1.799	1.807
761	06:18:22	60.10	6499	1.799	1.807
762	06:19:22	60.31	6499	1.797	1.806
763	06:20:23	60.12	6499	1.797	1.805
764	06:21:23	60.07	6499	1.795	1.802
765	06:22:23	60.12	6499	1.792	1.796
766	06:23:23	60.09	6499	1.783	1.784
767	06:24:23	60.07	6499	1.776	1.773
768	06:25:23	60.14	6499	1.771	1.716
769	06:26:23	60.05	6499	1.761	1.568
770	06:27:23	60.07	6499	1.752	1.42
771	06:28:23	60.07	6499	1.747	1.286
772	06:29:23	60.08	6499	1.723	1.262
773	06:30:23	60.09	6499	1.527	1.218
774	06:31:24	60.08	6499	1.299	1.152
775	06:32:24	60.06	6499	1.229	1.119
776	06:33:24	60.30	6499	1.199	1.101
777	06:34:24	60.08	6499	1.198	1.1
778	06:35:24	51.82	6499	0.8904	0.8169
779	06:36:16	60.22	6499	0	0
780	06:37:16	60.32	6499	0	0
781	06:38:16	60.08	6499	0	0
782	06:39:17	60.08	6499	0	0
783	06:40:17	60.09	6499	0	0
784	06:41:17	60.05	6499	0	0
785	06:42:17	60.12	6501	0	0
786	06:43:17	60.11	6501	0	0
787	06:44:17	60.08	6501	0	0
788	06:45:17	60.31	6501	0	0
789	06:46:17	60.09	6501	0	0
790	06:47:17	60.29	6501	0	0
791	06:48:18	60.05	6501	0	0
792	06:49:18	60.10	6501	0	0
793	06:50:18	60.12	6501	0	0
794	06:51:18	60.06	6501	0	0
795	06:52:18	60.30	6501	0	0
796	06:53:18	60.08	6461	0	0
797	06:54:18	60.11	6298	0	0
798	06:55:19	60.06	6003	0	0
799	06:56:19	60.07	5651	0	0
800	06:57:19	60.08	5298	-1	-1
801	06:58:19	56.91	4944	0	0
Created by AtlRunQuery on: 2018-11-20 13:43:09.384481
