LHC beam energy and intensities during run 267152:
(Begin/end of run: Sat Jun 06 2015 14:06:15 − 18:33:41)

LB	   Start time
(CEST)	   Duration
(sec)	   Beam energy
(GeV)	   Intensity Beam-1
(1e11 protons)	   Intensity Beam-2
(1e11 protons)
1	14:06:15	60.11	6499	1.813	2.178
2	14:07:16	10.06	6499	1.813	2.178
3	14:07:26	29.22	6499	1.813	2.178
4	14:07:55	10.21	6499	7.66	8.923
5	14:08:05	60.30	6499	7.659	8.921
6	14:09:05	42.44	6499	7.66	8.919
7	14:09:48	60.37	6499	7.655	8.917
8	14:10:48	60.07	6499	7.652	8.914
9	14:11:48	60.07	6499	7.65	8.912
10	14:12:48	60.10	6499	7.649	8.909
11	14:13:48	60.13	6499	7.649	8.907
12	14:14:49	60.08	6499	7.644	8.905
13	14:15:49	60.10	6499	7.641	8.903
14	14:16:49	60.06	6499	7.643	8.9
15	14:17:49	60.30	6499	7.639	8.899
16	14:18:49	60.08	6499	7.639	8.896
17	14:19:49	60.06	6499	7.636	8.893
18	14:20:49	60.08	6499	7.632	8.891
19	14:21:49	60.06	6499	7.627	8.889
20	14:22:49	60.05	6499	7.621	8.887
21	14:23:49	60.04	6499	7.616	8.884
22	14:24:49	60.07	6499	7.614	8.882
23	14:25:50	60.12	6499	7.611	8.879
24	14:26:50	60.05	6499	7.61	8.877
25	14:27:50	60.30	6499	7.608	8.874
26	14:28:50	45.72	6499	7.608	8.871
27	14:29:36	60.12	6499	7.607	8.869
28	14:30:36	60.10	6499	7.605	8.867
29	14:31:36	60.28	6499	7.601	8.865
30	14:32:36	60.29	6499	7.598	8.863
31	14:33:37	21.80	6499	7.596	8.861
32	14:33:58	60.42	6499	7.592	8.859
33	14:34:59	60.05	6499	7.589	8.857
34	14:35:59	60.44	6499	7.585	8.854
35	14:36:59	60.24	6499	7.584	8.851
36	14:38:00	60.13	6499	7.584	8.849
37	14:39:00	54.15	6499	7.58	8.847
38	14:39:54	60.36	6499	7.579	8.844
39	14:40:54	60.06	6499	7.578	8.843
40	14:41:54	25.05	6499	7.575	8.842
41	14:42:19	60.16	6499	7.571	8.84
42	14:43:19	60.10	6499	7.567	8.837
43	14:44:20	60.06	6499	7.565	8.835
44	14:45:20	60.08	6499	7.565	8.832
45	14:46:20	60.07	6499	7.564	8.83
46	14:47:20	60.30	6499	7.559	8.827
47	14:48:20	60.30	6499	7.557	8.825
48	14:49:20	60.31	6499	7.556	8.822
49	14:50:21	19.70	6499	7.553	8.821
50	14:50:40	60.23	6499	7.551	8.819
51	14:51:41	60.08	6499	7.55	8.817
52	14:52:41	60.28	6499	7.544	8.814
53	14:53:41	60.08	6499	7.543	8.812
54	14:54:41	60.28	6499	7.547	8.81
55	14:55:41	60.06	6499	7.544	8.807
56	14:56:41	60.30	6499	7.54	8.805
57	14:57:42	60.09	6499	7.536	8.802
58	14:58:42	60.08	6499	7.533	8.8
59	14:59:42	60.08	6499	7.533	8.798
60	15:00:42	60.09	6499	7.528	8.795
61	15:01:42	24.67	6499	7.527	8.793
62	15:02:07	60.33	6499	7.523	8.792
63	15:03:07	60.07	6499	7.521	8.79
64	15:04:07	60.28	6499	7.518	8.789
65	15:05:07	60.11	6499	7.516	8.786
66	15:06:07	10.05	6499	7.514	8.785
67	15:06:18	60.12	6499	7.512	8.784
68	15:07:18	10.05	6499	7.511	8.782
69	15:07:28	60.05	6499	7.515	8.781
70	15:08:28	60.08	6499	7.515	8.778
71	15:09:28	60.07	6499	7.511	8.776
72	15:10:28	60.03	6499	7.508	8.774
73	15:11:28	60.12	6499	7.504	8.773
74	15:12:28	60.12	6499	7.506	8.771
75	15:13:28	60.03	6499	7.503	8.769
76	15:14:28	60.07	6499	7.499	8.768
77	15:15:28	60.08	6499	7.497	8.766
78	15:16:28	60.08	6499	7.497	8.764
79	15:17:28	60.09	6499	7.496	8.762
80	15:18:28	60.05	6499	7.492	8.759
81	15:19:29	32.71	6499	7.491	8.758
82	15:20:01	42.46	6499	7.49	8.756
83	15:20:44	60.12	6499	7.485	8.754
84	15:21:44	60.07	6499	7.482	8.752
85	15:22:44	60.07	6499	7.481	8.75
86	15:23:44	60.08	6499	7.481	8.749
87	15:24:44	11.04	6499	7.478	8.747
88	15:24:55	25.78	6499	7.477	8.746
89	15:25:21	60.22	6499	7.477	8.744
90	15:26:21	60.11	6499	7.474	8.742
91	15:27:21	11.02	6499	7.472	8.741
92	15:27:32	60.38	6499	7.472	8.739
93	15:28:33	60.09	6499	7.469	8.738
94	15:29:33	60.30	6499	7.467	8.735
95	15:30:33	49.47	6499	7.462	8.733
96	15:31:22	60.33	6499	7.46	8.732
97	15:32:23	60.08	6499	7.457	8.729
98	15:33:23	60.07	6499	7.455	8.727
99	15:34:23	60.05	6499	7.45	8.725
100	15:35:23	60.07	6499	7.447	8.723
101	15:36:23	60.09	6499	7.442	8.721
102	15:37:23	60.29	6499	7.438	8.718
103	15:38:23	60.12	6499	7.437	8.716
104	15:39:24	60.28	6499	7.435	8.714
105	15:40:24	60.31	6499	7.434	8.712
106	15:41:24	60.04	6499	7.436	8.709
107	15:42:24	60.29	6499	7.435	8.707
108	15:43:24	60.09	6499	7.433	8.705
109	15:44:25	60.08	6499	7.428	8.703
110	15:45:25	11.04	6499	7.42	8.702
111	15:45:36	60.11	6499	7.421	8.7
112	15:46:36	60.30	6499	7.419	8.699
113	15:47:36	60.08	6499	7.421	8.696
114	15:48:36	60.12	6499	7.415	8.694
115	15:49:36	60.06	6499	7.412	8.69
116	15:50:36	60.07	6499	7.417	8.688
117	15:51:36	60.27	6499	7.417	8.685
118	15:52:37	60.13	6499	7.415	8.683
119	15:53:37	60.09	6499	7.41	8.681
120	15:54:37	60.06	6499	7.408	8.679
121	15:55:37	50.23	6499	7.407	8.677
122	15:56:27	60.08	6499	7.406	8.675
123	15:57:27	60.09	6499	7.406	8.672
124	15:58:27	60.32	6499	7.406	8.67
125	15:59:28	60.10	6499	7.402	8.668
126	16:00:28	60.08	6499	7.401	8.665
127	16:01:28	60.07	6499	7.394	8.663
128	16:02:28	60.12	6499	7.385	8.661
129	16:03:28	60.07	6499	7.387	8.659
130	16:04:28	60.09	6499	7.39	8.656
131	16:05:28	60.11	6499	7.388	8.653
132	16:06:28	60.04	6499	7.384	8.651
133	16:07:28	60.07	6499	7.382	8.649
134	16:08:28	60.08	6499	7.378	8.647
135	16:09:29	60.11	6499	7.378	8.644
136	16:10:29	60.08	6499	7.374	8.642
137	16:11:29	60.07	6499	7.368	8.64
138	16:12:29	60.06	6499	7.367	8.639
139	16:13:29	60.08	6499	7.367	8.636
140	16:14:29	60.32	6499	7.365	8.634
141	16:15:29	60.10	6499	7.364	8.631
142	16:16:29	60.07	6499	7.363	8.63
143	16:17:29	60.31	6499	7.357	8.628
144	16:18:30	60.06	6499	7.361	8.625
145	16:19:30	60.09	6499	7.358	8.622
146	16:20:30	60.08	6499	7.356	8.62
147	16:21:30	60.06	6499	7.353	8.618
148	16:22:30	60.12	6499	7.355	8.616
149	16:23:30	60.10	6499	7.355	8.614
150	16:24:30	60.07	6499	7.351	8.612
151	16:25:30	60.09	6499	7.342	8.61
152	16:26:30	60.28	6499	7.338	8.608
153	16:27:31	60.12	6499	7.339	8.606
154	16:28:31	60.06	6499	7.334	8.586
155	16:29:31	60.06	6499	7.331	8.601
156	16:30:31	60.08	6499	7.331	8.599
157	16:31:31	60.12	6499	7.328	8.597
158	16:32:31	60.09	6499	7.326	8.595
159	16:33:31	60.11	6499	7.328	8.592
160	16:34:31	41.27	6499	7.327	8.591
161	16:35:13	60.25	6499	7.321	8.589
162	16:36:13	60.08	6499	7.32	8.587
163	16:37:13	60.10	6499	7.318	8.586
164	16:38:13	60.07	6499	7.315	8.584
165	16:39:13	60.04	6499	7.307	8.582
166	16:40:13	60.06	6499	7.301	8.579
167	16:41:13	48.96	6499	7.302	8.577
168	16:42:02	33.93	6499	7.303	8.575
169	16:42:36	60.38	6499	7.305	8.574
170	16:43:36	60.07	6499	7.302	8.572
171	16:44:37	60.10	6499	7.295	8.57
172	16:45:37	60.10	6499	7.289	8.568
173	16:46:37	60.07	6499	7.292	8.565
174	16:47:37	60.08	6499	7.285	8.565
175	16:48:37	60.10	6499	7.281	8.563
176	16:49:37	60.09	6499	7.279	8.559
177	16:50:37	60.30	6499	7.276	8.557
178	16:51:37	60.08	6499	7.274	8.556
179	16:52:37	60.06	6499	7.268	8.554
180	16:53:38	60.08	6499	7.269	8.552
181	16:54:38	60.10	6499	7.27	8.55
182	16:55:38	60.29	6499	7.267	8.547
183	16:56:38	60.28	6499	7.261	8.545
184	16:57:38	60.12	6499	7.259	8.543
185	16:58:38	60.09	6499	7.256	8.542
186	16:59:38	60.08	6499	7.255	8.539
187	17:00:39	60.07	6499	7.252	8.538
188	17:01:39	60.08	6499	7.25	8.535
189	17:02:39	60.10	6499	7.249	8.532
190	17:03:39	60.09	6499	7.246	8.53
191	17:04:39	60.11	6499	7.243	8.528
192	17:05:39	60.07	6499	7.239	8.526
193	17:06:39	60.06	6499	7.239	8.523
194	17:07:39	60.07	6499	7.237	8.521
195	17:08:39	60.08	6499	7.235	8.518
196	17:09:39	60.08	6499	7.232	8.517
197	17:10:39	60.11	6499	7.228	8.514
198	17:11:39	60.12	6499	7.226	8.511
199	17:12:40	60.11	6499	7.224	8.509
200	17:13:40	60.11	6499	7.222	8.507
201	17:14:40	60.12	6499	7.22	8.504
202	17:15:40	60.09	6499	7.221	8.502
203	17:16:40	60.06	6499	7.217	8.5
204	17:17:40	60.07	6499	7.215	8.498
205	17:18:40	60.10	6499	7.218	8.495
206	17:19:40	60.06	6499	7.216	8.494
207	17:20:40	60.29	6499	7.214	8.491
208	17:21:41	60.13	6499	7.208	8.489
209	17:22:41	37.11	6499	7.205	8.487
210	17:23:18	60.49	6499	7.204	8.486
211	17:24:18	60.06	6499	7.202	8.484
212	17:25:18	60.07	6499	7.2	8.481
213	17:26:18	60.08	6499	7.198	8.479
214	17:27:19	13.67	6499	7.197	8.478
215	17:27:32	60.43	6499	7.198	8.477
216	17:28:33	60.10	6499	7.195	8.474
217	17:29:33	34.01	6499	7.198	8.473
218	17:30:07	60.50	6499	7.193	8.471
219	17:31:07	60.07	6499	7.188	8.469
220	17:32:07	10.30	6499	7.184	8.468
221	17:32:18	46.96	6499	7.187	8.467
222	17:33:05	60.44	6499	7.185	8.465
223	17:34:05	60.07	6499	7.183	8.462
224	17:35:05	60.10	6499	7.181	8.46
225	17:36:05	60.07	6499	7.179	8.458
226	17:37:05	16.25	6499	7.178	8.457
227	17:37:22	60.46	6499	7.177	8.455
228	17:38:22	60.08	6499	7.175	8.452
229	17:39:22	60.10	6499	7.172	8.451
230	17:40:22	48.52	6499	7.17	8.449
231	17:41:11	60.36	6499	7.169	8.446
232	17:42:11	60.08	6499	7.167	8.444
233	17:43:11	47.97	6499	7.162	8.443
234	17:43:59	60.34	6499	7.159	8.439
235	17:44:59	60.08	6499	7.157	8.437
236	17:46:00	60.07	6499	7.158	8.434
237	17:47:00	60.12	6499	7.155	8.432
238	17:48:00	60.07	6499	7.151	8.43
239	17:49:00	60.31	6499	7.149	8.427
240	17:50:00	60.07	6499	7.145	8.424
241	17:51:00	60.06	6499	7.146	8.419
242	17:52:00	60.08	6499	7.145	8.416
243	17:53:00	60.13	6499	7.141	8.412
244	17:54:00	60.07	6499	7.139	8.411
245	17:55:00	14.44	6499	7.139	8.411
246	17:55:15	60.44	6499	7.138	8.409
247	17:56:15	60.08	6499	7.136	8.407
248	17:57:15	25.55	6499	7.135	8.405
249	17:57:41	60.38	6499	7.134	8.403
250	17:58:41	60.09	6499	7.133	8.401
251	17:59:41	60.07	6499	7.132	8.398
252	18:00:42	60.05	6499	7.131	8.396
253	18:01:42	60.05	6499	7.126	8.393
254	18:02:42	60.07	6499	7.125	8.389
255	18:03:42	60.08	6499	7.125	8.387
256	18:04:42	60.30	6499	7.123	8.385
257	18:05:42	60.07	6499	7.121	8.382
258	18:06:42	60.08	6499	7.117	8.38
259	18:07:42	60.11	6499	7.116	8.378
260	18:08:42	60.09	6499	7.113	8.376
261	18:09:42	21.81	6499	7.112	8.375
262	18:10:04	60.38	6499	7.111	8.373
263	18:11:05	60.06	6499	7.108	8.371
264	18:12:05	32.81	6499	7.104	8.37
265	18:12:37	60.23	6499	7.102	8.368
266	18:13:38	60.07	6499	7.103	8.365
267	18:14:38	60.29	6499	7.099	8.364
268	18:15:38	60.08	6499	7.097	8.362
269	18:16:38	60.04	6499	7.094	8.36
270	18:17:38	60.09	6499	7.09	8.358
271	18:18:38	60.28	6499	7.087	8.355
272	18:19:39	60.28	6499	7.087	8.353
273	18:20:39	60.09	6499	7.087	8.351
274	18:21:39	23.18	6499	7.086	8.349
275	18:22:02	60.28	6499	0.1458	0.1719
276	18:23:02	60.08	6499	0	0
277	18:24:02	10.04	6499	0	0
278	18:24:13	60.34	6499	0	0
279	18:25:13	60.06	6499	0	0
280	18:26:13	60.08	6499	0	0
281	18:27:13	60.10	6499	0	0
282	18:28:13	60.07	6499	0	0
283	18:29:13	60.09	6499	0	0
284	18:30:13	60.08	6499	0	0
285	18:31:13	60.07	6499	0	0
286	18:32:13	60.07	6499	-1	-1
287	18:33:13	27.10	6499	0	0
Created by AtlRunQuery on: 2018-11-20 13:44:45.766227
