LHC beam energy and intensities during run 270441:
(Begin/end of run: Sat Jul 04 2015 19:52:16 − Sun Jul 05, 03:09:43)

LB	   Start time
(CEST)	   Duration
(sec)	   Beam energy
(GeV)	   Intensity Beam-1
(1e11 protons)	   Intensity Beam-2
(1e11 protons)
1	19:52:16	60.12	59	0	0
2	19:53:16	10.31	75	0	0
3	19:53:26	60.05	132	0	0
4	19:54:26	60.06	450	0	0
5	19:55:26	60.05	450	0	0
6	19:56:27	60.08	450	0	0
7	19:57:27	60.12	450	0	0
8	19:58:27	60.09	450	0	0
9	19:59:27	60.11	450	0	0
10	20:00:27	60.32	450	0	0
11	20:01:27	60.08	450	0	0
12	20:02:27	60.06	450	0	0
13	20:03:27	60.12	450	0	0
14	20:04:28	60.15	450	0	0
15	20:05:28	60.30	450	0	0
16	20:06:28	60.04	450	0	0
17	20:07:28	60.10	450	0	0
18	20:08:28	60.28	450	0	0
19	20:09:28	60.29	450	0	0
20	20:10:29	60.08	450	0	0
21	20:11:29	60.06	450	0	0
22	20:12:29	60.07	450	0	0
23	20:13:29	60.11	450	0	0
24	20:14:29	60.08	450	0	0
25	20:15:29	60.08	450	0	0
26	20:16:29	60.11	450	0	0
27	20:17:29	60.07	450	0	0
28	20:18:29	60.08	450	0	0
29	20:19:29	60.06	450	0	0
30	20:20:29	60.07	450	0	0
31	20:21:30	60.07	450	0	0
32	20:22:30	60.07	450	0	0
33	20:23:30	60.06	450	0	0
34	20:24:30	60.10	450	0	0
35	20:25:30	60.08	450	0	0
36	20:26:30	60.07	450	0	0
37	20:27:30	60.28	450	0	0
38	20:28:30	60.12	450	0	0
39	20:29:30	60.28	450	0	0
40	20:30:31	60.33	450	0	0
41	20:31:31	60.10	450	0	0
42	20:32:31	60.05	450	0	0
43	20:33:31	60.12	450	0	0
44	20:34:31	60.11	450	0	0
45	20:35:31	60.08	450	0	0
46	20:36:31	60.06	450	0	0
47	20:37:32	60.07	450	0	0
48	20:38:32	60.13	450	0	0
49	20:39:32	60.07	450	0	0
50	20:40:32	60.28	450	0	0
51	20:41:32	60.12	450	0	0
52	20:42:32	60.04	450	0	0
53	20:43:32	60.13	450	0	0
54	20:44:32	60.09	449	0	0
55	20:45:32	60.31	450	0	0
56	20:46:33	60.11	450	0	0
57	20:47:33	60.03	450	0	0
58	20:48:33	60.10	450	0	0
59	20:49:33	60.07	450	0	0
60	20:50:33	60.04	450	0	0
61	20:51:33	60.30	450	0	0
62	20:52:33	60.05	450	0	0
63	20:53:33	60.08	450	0	0
64	20:54:34	60.06	450	0	0
65	20:55:34	60.08	450	0	0
66	20:56:34	60.08	450	0	0
67	20:57:34	60.10	450	0	0
68	20:58:34	60.08	450	0	0
69	20:59:34	60.07	450	0	0
70	21:00:34	60.05	450	0	0
71	21:01:34	60.08	450	0	0
72	21:02:34	60.06	450	0	0
73	21:03:34	60.09	450	0	0
74	21:04:34	60.06	450	0	0
75	21:05:34	60.09	450	0	0
76	21:06:34	60.29	450	0	0
77	21:07:35	60.08	450	0	0
78	21:08:35	60.13	450	0	0
79	21:09:35	60.07	450	0	0
80	21:10:35	60.08	450	0	0
81	21:11:35	60.07	450	0	0
82	21:12:35	60.07	450	0	0
83	21:13:35	60.32	450	0	0
84	21:14:36	60.07	450	0	0
85	21:15:36	60.06	450	0	0
86	21:16:36	60.11	450	0	0
87	21:17:36	60.10	450	0	0
88	21:18:36	60.03	450	0	0
89	21:19:36	60.07	450	0	0
90	21:20:36	60.07	450	0	0
91	21:21:36	60.03	450	0	0
92	21:22:36	60.06	450	0	0
93	21:23:36	60.11	450	0	0
94	21:24:36	60.07	450	0	0
95	21:25:36	60.03	450	0	0
96	21:26:36	60.06	450	0	0
97	21:27:36	60.09	450	0	0
98	21:28:37	60.09	450	0	0
99	21:29:37	10.09	450	0	0
100	21:29:47	60.38	450	0	0
101	21:30:47	60.06	450	0	0
102	21:31:47	60.11	450	0	0
103	21:32:47	60.08	450	0	0
104	21:33:47	60.29	450	0	0
105	21:34:48	60.05	450	0	0
106	21:35:48	60.28	450	0	0
107	21:36:48	60.06	450	0	0
108	21:37:48	60.05	450	0	0
109	21:38:48	60.05	450	0	0
110	21:39:48	60.28	450	0	0
111	21:40:48	60.08	450	0	0
112	21:41:48	60.29	450	0	0
113	21:42:49	60.06	450	0	0
114	21:43:49	60.06	450	0	0.6466
115	21:44:49	60.10	450	0	0.9707
116	21:45:49	60.08	450	0	0.9704
117	21:46:49	60.11	450	0	0.97
118	21:47:49	60.04	450	0	0.9697
119	21:48:49	60.08	450	0	0.9692
120	21:49:49	60.28	450	0.7552	0.9674
121	21:50:50	60.06	450	1.146	0.9653
122	21:51:50	60.06	450	1.146	0.9648
123	21:52:50	60.07	450	1.145	0.9643
124	21:53:50	60.06	450	1.144	0.9636
125	21:54:50	60.08	450	1.143	0.963
126	21:55:50	60.07	450	1.142	0.9622
127	21:56:50	60.10	450	1.141	0.9615
128	21:57:50	60.12	450	1.14	0.9607
129	21:58:50	60.12	450	1.138	0.9598
130	21:59:50	60.05	450	1.136	0.9589
131	22:00:50	60.07	450	1.135	0.9579
132	22:01:50	60.11	450	1.133	0.9569
133	22:02:51	60.10	450	1.131	0.9559
134	22:03:51	60.13	450	1.128	0.9548
135	22:04:51	60.07	450	1.126	0.9535
136	22:05:51	60.09	450	1.486	0.9519
137	22:06:51	60.09	450	2.172	0.9505
138	22:07:51	60.12	450	2.169	0.9492
139	22:08:51	60.11	450	2.166	1.799
140	22:09:51	60.08	450	0.0228	0.02283
141	22:10:51	60.06	450	0	0
142	22:11:51	60.07	450	0	0
143	22:12:51	60.06	450	0	0
144	22:13:52	60.11	450	0	0
145	22:14:52	60.07	450	0	0
146	22:15:52	60.30	450	0	0
147	22:16:52	60.05	450	0	0
148	22:17:52	60.12	450	0	0.3721
149	22:18:52	60.05	450	0.5306	1.091
150	22:19:52	60.07	450	1.114	1.091
151	22:20:52	60.05	450	1.114	1.09
152	22:21:52	60.11	450	1.113	2.066
153	22:22:52	60.07	450	1.112	2.162
154	22:23:53	60.12	450	1.112	2.162
155	22:24:53	60.09	450	1.111	2.161
156	22:25:53	60.13	450	1.109	2.16
157	22:26:53	60.08	450	1.108	2.16
158	22:27:53	60.12	450	1.678	2.16
159	22:28:53	60.29	450	1.753	2.159
160	22:29:53	60.08	450	1.751	2.159
161	22:30:53	60.07	450	1.75	2.159
162	22:31:54	60.05	450	1.673	2.066
163	22:32:54	60.10	450	0	0
164	22:33:54	60.14	450	0	0
165	22:34:54	60.09	450	0	0
166	22:35:54	60.09	450	0	0
167	22:36:54	60.12	450	0	0
168	22:37:54	60.12	450	0	0
169	22:38:54	60.09	450	0	0
170	22:39:54	60.08	450	0	0
171	22:40:54	60.30	450	0	0
172	22:41:55	60.09	450	0	0.3219
173	22:42:55	60.09	450	0.4269	1.128
174	22:43:55	60.09	450	0.986	1.127
175	22:44:55	60.07	450	0.9857	1.127
176	22:45:55	60.10	450	0.9854	1.127
177	22:46:55	60.06	450	2.078	1.304
178	22:47:55	60.06	450	2.077	2.315
179	22:48:55	60.08	450	2.076	2.315
180	22:49:55	60.10	450	2.071	2.315
181	22:50:55	60.06	450	2.071	2.315
182	22:51:56	60.08	450	2.07	2.314
183	22:52:56	60.09	450	2.069	2.314
184	22:53:56	59.37	487	2.068	2.316
185	22:54:55	60.21	594	2.067	2.318
186	22:55:55	24.78	771	2.067	2.318
187	22:56:20	60.17	862	2.067	2.319
188	22:57:20	60.11	1127	2.067	2.32
189	22:58:20	47.94	1463	2.067	2.32
190	22:59:08	60.14	1741	2.067	2.32
191	23:00:08	60.07	2088	2.066	2.32
192	23:01:08	60.07	2435	2.066	2.32
193	23:02:09	60.05	2789	2.066	2.32
194	23:03:09	60.09	3136	2.066	2.319
195	23:04:09	60.08	3483	2.066	2.319
196	23:05:09	60.11	3831	2.066	2.319
197	23:06:09	60.10	4178	2.066	2.319
198	23:07:09	60.06	4526	2.066	2.319
199	23:08:09	60.08	4873	2.065	2.318
200	23:09:09	60.08	5221	2.065	2.319
201	23:10:09	60.04	5568	2.065	2.318
202	23:11:09	60.11	5916	2.065	2.318
203	23:12:09	60.12	6263	2.066	2.317
204	23:13:09	31.83	6499	2.066	2.317
205	23:13:41	60.13	6499	2.066	2.317
206	23:14:41	60.11	6499	2.066	2.317
207	23:15:42	60.13	6499	2.066	2.317
208	23:16:42	60.07	6499	2.066	2.317
209	23:17:42	60.06	6499	2.066	2.316
210	23:18:42	60.06	6499	2.066	2.316
211	23:19:42	60.11	6499	2.066	2.316
212	23:20:42	60.07	6499	2.066	2.316
213	23:21:42	60.11	6499	2.065	2.316
214	23:22:42	60.08	6499	2.065	2.316
215	23:23:42	60.08	6499	2.065	2.315
216	23:24:42	60.06	6499	2.065	2.315
217	23:25:42	60.09	6499	2.065	2.315
218	23:26:42	60.07	6499	2.065	2.315
219	23:27:43	60.09	6499	2.065	2.315
220	23:28:43	60.29	6499	2.065	2.315
221	23:29:43	60.08	6499	2.065	2.314
222	23:30:43	60.09	6499	2.065	2.313
223	23:31:43	60.30	6499	2.064	2.312
224	23:32:43	60.07	6499	2.064	2.312
225	23:33:43	60.09	6499	2.064	2.312
226	23:34:44	60.10	6499	2.064	2.312
227	23:35:44	60.13	6499	2.064	2.311
228	23:36:44	60.11	6499	2.063	2.31
229	23:37:44	60.29	6499	2.062	2.308
230	23:38:44	60.08	6499	2.061	2.307
231	23:39:44	60.08	6499	2.061	2.306
232	23:40:44	60.08	6499	2.062	2.304
233	23:41:44	60.08	6499	2.061	2.303
234	23:42:44	60.08	6499	2.061	2.303
235	23:43:45	60.07	6499	2.06	2.302
236	23:44:45	60.09	6499	2.059	2.301
237	23:45:45	60.08	6499	2.058	2.3
238	23:46:45	60.29	6499	2.057	2.3
239	23:47:45	60.07	6499	2.057	2.299
240	23:48:45	60.11	6499	2.056	2.298
241	23:49:45	60.09	6499	2.055	2.297
242	23:50:45	60.07	6499	2.055	2.297
243	23:51:45	60.12	6499	2.054	2.296
244	23:52:46	60.08	6499	2.053	2.296
245	23:53:46	60.08	6499	2.053	2.295
246	23:54:46	60.07	6499	2.052	2.295
247	23:55:46	60.10	6499	2.051	2.294
248	23:56:46	60.06	6499	2.05	2.293
249	23:57:46	60.03	6499	2.05	2.293
250	23:58:46	60.06	6499	2.049	2.292
251	23:59:46	60.28	6499	2.048	2.292
252	00:00:46	60.12	6499	2.048	2.291
253	00:01:46	60.04	6499	2.047	2.291
254	00:02:46	60.09	6499	2.046	2.29
255	00:03:47	60.08	6499	2.046	2.29
256	00:04:47	60.07	6499	2.045	2.289
257	00:05:47	60.11	6499	2.044	2.289
258	00:06:47	60.05	6499	2.044	2.288
259	00:07:47	60.08	6499	2.043	2.287
260	00:08:47	60.06	6499	2.042	2.287
261	00:09:47	60.03	6499	2.042	2.286
262	00:10:47	60.07	6499	2.041	2.286
263	00:11:47	60.06	6499	2.04	2.285
264	00:12:47	60.05	6499	2.039	2.284
265	00:13:47	60.07	6499	2.039	2.284
266	00:14:47	16.73	6499	2.038	2.283
267	00:15:04	60.47	6499	2.038	2.283
268	00:16:04	60.29	6499	2.037	2.282
269	00:17:05	60.07	6499	2.036	2.282
270	00:18:05	10.05	6499	2.036	2.282
271	00:18:15	60.35	6499	2.035	2.281
272	00:19:15	60.09	6499	2.035	2.281
273	00:20:15	60.06	6499	2.034	2.28
274	00:21:15	60.08	6499	2.033	2.279
275	00:22:15	60.05	6499	2.033	2.279
276	00:23:15	60.11	6499	2.032	2.278
277	00:24:16	60.11	6499	2.031	2.278
278	00:25:16	60.06	6499	2.031	2.277
279	00:26:16	60.05	6499	2.03	2.277
280	00:27:16	60.08	6499	2.029	2.276
281	00:28:16	60.11	6499	2.029	2.276
282	00:29:16	60.08	6499	2.028	2.275
283	00:30:16	60.09	6499	2.027	2.275
284	00:31:16	60.07	6499	2.027	2.274
285	00:32:16	60.06	6499	2.026	2.274
286	00:33:16	60.30	6499	2.025	2.273
287	00:34:17	60.30	6499	2.024	2.273
288	00:35:17	60.09	6499	2.024	2.272
289	00:36:17	60.08	6499	2.023	2.272
290	00:37:17	60.07	6499	2.022	2.271
291	00:38:17	60.07	6499	2.021	2.271
292	00:39:17	60.31	6499	2.021	2.27
293	00:40:18	60.12	6499	2.02	2.269
294	00:41:18	60.12	6499	2.019	2.269
295	00:42:18	60.04	6499	2.019	2.268
296	00:43:18	60.10	6499	2.018	2.268
297	00:44:18	60.06	6499	2.017	2.267
298	00:45:18	60.05	6499	2.017	2.267
299	00:46:18	60.09	6499	2.016	2.266
300	00:47:18	60.05	6499	2.015	2.266
301	00:48:18	60.07	6499	2.014	2.265
302	00:49:18	60.08	6499	2.014	2.265
303	00:50:18	60.12	6499	2.013	2.264
304	00:51:18	60.06	6499	2.012	2.264
305	00:52:18	60.12	6499	2.012	2.263
306	00:53:19	60.28	6499	2.011	2.263
307	00:54:19	60.11	6499	2.01	2.262
308	00:55:19	60.29	6499	2.009	2.262
309	00:56:19	60.10	6499	2.009	2.261
310	00:57:19	60.10	6499	2.008	2.26
311	00:58:19	60.04	6499	2.007	2.26
312	00:59:20	60.09	6499	2.007	2.259
313	01:00:20	60.10	6499	2.006	2.259
314	01:01:20	60.07	6499	2.005	2.258
315	01:02:20	60.04	6499	2.005	2.258
316	01:03:20	60.06	6499	2.004	2.257
317	01:04:20	60.08	6499	2.003	2.257
318	01:05:20	60.29	6499	2.003	2.256
319	01:06:20	60.04	6499	2.002	2.256
320	01:07:20	60.31	6499	2.002	2.255
321	01:08:21	60.09	6499	2.001	2.255
322	01:09:21	60.05	6499	2	2.254
323	01:10:21	60.33	6499	2	2.254
324	01:11:21	60.09	6499	1.999	2.253
325	01:12:21	60.08	6499	1.998	2.253
326	01:13:21	60.07	6499	1.998	2.252
327	01:14:21	60.10	6499	1.997	2.252
328	01:15:21	60.07	6499	1.996	2.251
329	01:16:21	60.12	6499	1.996	2.251
330	01:17:22	60.06	6499	1.995	2.25
331	01:18:22	60.04	6499	1.994	2.25
332	01:19:22	60.09	6499	1.994	2.249
333	01:20:22	60.08	6499	1.993	2.249
334	01:21:22	60.05	6499	1.993	2.248
335	01:22:22	60.09	6499	1.992	2.248
336	01:23:22	60.08	6499	1.991	2.247
337	01:24:22	60.08	6499	1.991	2.246
338	01:25:22	60.03	6499	1.99	2.246
339	01:26:22	60.03	6499	1.989	2.245
340	01:27:22	60.03	6499	1.989	2.245
341	01:28:22	60.07	6499	1.988	2.244
342	01:29:22	60.32	6499	1.987	2.244
343	01:30:23	60.07	6499	1.987	2.243
344	01:31:23	60.09	6499	1.986	2.243
345	01:32:23	60.12	6499	1.985	2.242
346	01:33:23	60.08	6499	1.985	2.242
347	01:34:23	60.05	6499	1.984	2.241
348	01:35:23	39.81	6499	1.984	2.241
349	01:36:03	60.21	6499	1.983	2.24
350	01:37:03	60.12	6499	1.983	2.239
351	01:38:03	60.08	6499	1.982	2.239
352	01:39:03	60.11	6499	1.981	2.238
353	01:40:03	60.08	6499	1.981	2.238
354	01:41:03	60.09	6499	1.98	2.237
355	01:42:04	60.06	6499	1.98	2.237
356	01:43:04	60.06	6499	1.979	2.236
357	01:44:04	60.08	6499	1.978	2.235
358	01:45:04	60.07	6499	1.978	2.235
359	01:46:04	60.04	6499	1.977	2.235
360	01:47:04	10.38	6499	1.977	2.234
361	01:47:14	60.20	6499	1.977	2.234
362	01:48:14	60.28	6499	1.976	2.233
363	01:49:15	60.06	6499	1.975	2.233
364	01:50:15	60.07	6499	1.975	2.232
365	01:51:15	60.07	6499	1.974	2.232
366	01:52:15	60.06	6499	1.974	2.231
367	01:53:15	60.12	6499	1.973	2.23
368	01:54:15	60.10	6499	1.972	2.23
369	01:55:15	60.13	6499	1.972	2.229
370	01:56:15	60.07	6499	1.971	2.229
371	01:57:15	60.09	6499	1.97	2.228
372	01:58:15	60.07	6499	1.97	2.228
373	01:59:16	60.06	6499	1.969	2.227
374	02:00:16	60.08	6499	1.969	2.226
375	02:01:16	60.04	6499	1.968	2.226
376	02:02:16	60.04	6499	1.967	2.225
377	02:03:16	60.06	6499	1.966	2.225
378	02:04:16	60.07	6499	1.965	2.224
379	02:05:16	60.08	6499	1.965	2.224
380	02:06:16	60.09	6499	1.964	2.223
381	02:07:16	60.11	6499	1.964	2.222
382	02:08:16	60.07	6499	1.963	2.222
383	02:09:16	60.06	6499	1.962	2.221
384	02:10:16	60.29	6499	1.962	2.221
385	02:11:17	60.07	6499	1.961	2.22
386	02:12:17	60.12	6499	1.961	2.22
387	02:13:17	60.06	6499	1.96	2.219
388	02:14:17	60.12	6499	1.96	2.219
389	02:15:17	60.11	6499	1.959	2.218
390	02:16:17	60.10	6499	1.959	2.218
391	02:17:17	60.13	6499	1.958	2.217
392	02:18:17	60.07	6499	1.955	2.216
393	02:19:17	60.29	6499	1.957	2.216
394	02:20:18	60.09	6499	1.956	2.216
395	02:21:18	60.08	6499	1.956	2.215
396	02:22:18	60.05	6499	1.955	2.214
397	02:23:18	60.08	6499	1.954	2.214
398	02:24:18	60.05	6499	1.954	2.213
399	02:25:18	60.07	6499	1.953	2.213
400	02:26:18	60.08	6499	1.953	2.212
401	02:27:18	60.10	6499	1.952	2.212
402	02:28:18	60.31	6499	1.951	2.211
403	02:29:19	60.29	6499	1.951	2.211
404	02:30:19	60.08	6499	1.95	2.21
405	02:31:19	60.13	6499	1.949	2.21
406	02:32:19	60.06	6499	1.949	2.209
407	02:33:19	60.06	6499	1.948	2.209
408	02:34:19	60.08	6499	1.947	2.208
409	02:35:19	60.08	6499	1.947	2.208
410	02:36:19	60.11	6499	1.946	2.207
411	02:37:19	60.11	6499	1.946	2.207
412	02:38:20	60.05	6499	1.945	2.206
413	02:39:20	60.06	6499	1.944	2.205
414	02:40:20	60.13	6499	1.944	2.205
415	02:41:20	60.28	6499	1.943	2.205
416	02:42:20	60.06	6499	1.943	2.204
417	02:43:20	60.06	6499	1.942	2.203
418	02:44:20	60.12	6499	1.941	2.203
419	02:45:20	60.09	6499	1.941	2.202
420	02:46:20	60.09	6499	1.94	2.202
421	02:47:20	60.07	6499	1.94	2.201
422	02:48:21	60.06	6499	1.939	2.201
423	02:49:21	60.07	6499	1.939	2.2
424	02:50:21	60.10	6499	1.938	2.199
425	02:51:21	19.84	6499	1.938	2.199
426	02:51:41	60.33	6499	1.938	2.199
427	02:52:41	60.32	6499	1.937	2.198
428	02:53:41	60.07	6499	1.937	2.198
429	02:54:41	60.07	6499	1.936	2.197
430	02:55:41	60.08	6499	1.935	2.197
431	02:56:42	60.09	6499	1.935	2.196
432	02:57:42	60.28	6499	1.934	2.196
433	02:58:42	60.07	6499	1.933	2.195
434	02:59:42	60.08	6499	1.933	2.195
435	03:00:42	60.10	6499	1.932	2.195
436	03:01:42	60.06	6499	1.932	2.194
437	03:02:42	60.07	6499	0.2717	0.3468
438	03:03:42	60.09	6499	0	0
439	03:04:42	60.30	6499	0	0
440	03:05:43	60.08	6499	0	0
441	03:06:43	60.09	6499	0	0
442	03:07:43	60.08	6499	-1	-1
443	03:08:43	60.60	6499	0	0
Created by AtlRunQuery on: 2019-02-12 22:28:24.624018
