LHC beam energy and intensities during run 297447:
(Begin/end of run: Wed Apr 27 2016 00:20:43 − 12:21:12)

LB	   Start time
(CEST)	   Duration
(sec)	   Beam energy
(GeV)	   Intensity Beam-1
(1e11 protons)	   Intensity Beam-2
(1e11 protons)
1	00:20:43	60.08	6499	1.171	1.244
2	00:21:43	60.09	6499	1.171	1.244
3	00:22:43	10.02	6499	1.171	1.244
4	00:22:53	10.01	6499	1.171	1.244
5	00:23:03	11.97	6499	1.171	1.244
6	00:23:15	60.16	6499	1.171	1.244
7	00:24:15	60.10	6499	1.171	1.244
8	00:25:15	60.08	6499	1.171	1.244
9	00:26:15	60.09	6499	1.171	1.244
10	00:27:15	60.08	6499	1.171	1.244
11	00:28:15	60.10	6499	1.171	1.244
12	00:29:15	60.09	6499	1.171	1.244
13	00:30:15	60.09	6499	1.171	1.244
14	00:31:16	60.09	6499	1.171	1.244
15	00:32:16	60.10	6499	1.135	1.244
16	00:33:16	60.09	6499	1.01	1.244
17	00:34:16	60.09	6499	0.8389	1.244
18	00:35:16	60.09	6499	0.6964	1.244
19	00:36:16	60.09	6499	0.5818	1.244
20	00:37:16	60.09	6499	0.4864	1.244
21	00:38:16	60.10	6499	0.4095	1.244
22	00:39:16	60.09	6499	0.35	1.244
23	00:40:16	60.10	6499	0.3081	1.244
24	00:41:16	60.09	6499	0.2751	1.244
25	00:42:17	60.10	6499	0.2036	1.244
26	00:43:17	60.10	6499	0.1809	1.244
27	00:44:17	60.10	6499	0.1763	1.244
28	00:45:17	60.09	6499	0.1495	1.244
29	00:46:17	60.09	6499	0.1371	1.244
30	00:47:17	60.10	6499	0.1371	1.239
31	00:48:17	60.10	6499	0.1371	1.206
32	00:49:17	60.08	6499	0.1371	1.148
33	00:50:17	60.08	6499	0.1371	1.054
34	00:51:17	60.08	6499	0.1371	0.9468
35	00:52:17	60.08	6499	0.1371	0.8453
36	00:53:18	60.08	6499	0.1371	0.7469
37	00:54:18	60.09	6499	0.1371	0.6487
38	00:55:18	60.08	6499	0.137	0.558
39	00:56:18	60.09	6499	0.137	0.4668
40	00:57:18	60.08	6499	0.1371	0.3917
41	00:58:18	60.09	6499	0.137	0.3368
42	00:59:18	60.10	6499	0.137	0.2804
43	01:00:18	60.10	6499	0.137	0.2268
44	01:01:18	60.09	6499	0.137	0.1821
45	01:02:18	60.09	6499	0.137	0.1506
46	01:03:18	60.10	6499	0.137	0.1492
47	01:04:19	60.10	6499	0.03183	0.0341
48	01:05:19	60.09	6499	0	0
49	01:06:19	60.09	6499	0	0
50	01:07:19	10.30	6499	0	0
51	01:07:29	60.33	6499	0	0
52	01:08:29	60.09	6501	0	0
53	01:09:30	60.09	6501	0	0
54	01:10:30	60.10	6501	0	0
55	01:11:30	60.09	6501	0	0
56	01:12:30	60.09	6501	0	0
57	01:13:30	60.10	6501	0	0
58	01:14:30	60.09	6501	0	0
59	01:15:30	60.10	6501	0	0
60	01:16:30	60.10	6493	0	0
61	01:17:30	60.10	6386	0	0
62	01:18:30	60.09	6153	0	0
63	01:19:30	23.79	5814	0	0
64	01:19:54	60.07	5673	0	0
65	01:20:54	60.08	5320	0	0
66	01:21:54	60.08	4965	0	0
67	01:22:55	60.10	4604	0	0
68	01:23:55	60.10	4249	0	0
69	01:24:55	60.09	3893	0	0
70	01:25:55	60.09	3536	0	0
71	01:26:55	60.10	3180	0	0
72	01:27:55	60.09	2823	0	0
73	01:28:55	60.10	2467	0	0
74	01:29:55	60.09	2110	0	0
75	01:30:55	60.08	1754	0	0
76	01:31:55	60.09	1397	0	0
77	01:32:55	60.09	1040	0	0
78	01:33:56	60.11	678	0	0
79	01:34:56	60.09	349	0	0
80	01:35:56	60.09	140	0	0
81	01:36:56	60.10	60	0	0
82	01:37:56	60.10	59	0	0
83	01:38:56	60.10	59	0	0
84	01:39:56	60.10	59	0	0
85	01:40:56	60.08	59	0	0
86	01:41:56	60.09	59	0	0
87	01:42:56	60.10	59	0	0
88	01:43:56	60.10	59	0	0
89	01:44:57	60.10	59	0	0
90	01:45:57	60.09	59	0	0
91	01:46:57	60.09	59	0	0
92	01:47:57	60.09	59	0	0
93	01:48:57	60.09	59	0	0
94	01:49:57	60.10	175	0	0
95	01:50:57	60.10	450	0	0
96	01:51:57	60.10	450	0	0
97	01:52:57	60.09	450	0	0
98	01:53:57	60.09	450	0	0
99	01:54:58	60.09	450	0	0
100	01:55:58	60.09	450	0	0
101	01:56:58	60.10	450	0	0
102	01:57:58	60.09	450	0	0
103	01:58:58	60.09	450	0	0
104	01:59:58	60.09	450	0	0
105	02:00:58	60.09	450	0	0
106	02:01:58	60.10	450	0	0
107	02:02:58	60.10	450	0	0
108	02:03:58	60.09	450	0	0
109	02:04:58	60.09	450	0	0
110	02:05:59	60.09	450	0	0
111	02:06:59	60.10	450	0	0
112	02:07:59	60.10	450	0	0
113	02:08:59	60.09	450	0	0
114	02:09:59	60.10	450	0	0
115	02:10:59	60.09	450	0	0
116	02:11:59	60.10	450	0	0
117	02:12:59	60.09	450	0	0
118	02:13:59	60.09	449	0	0
119	02:14:59	60.08	450	0	0
120	02:16:00	60.09	450	0	0
121	02:17:00	60.08	450	0	0
122	02:18:00	60.08	450	0	0
123	02:19:00	60.09	450	0	0
124	02:20:00	60.07	450	0	0.0258
125	02:21:00	60.08	450	0.08005	0.04726
126	02:22:00	60.08	450	0.07957	0.04704
127	02:23:00	60.09	450	0.07878	0.04693
128	02:24:00	60.10	450	0.07867	0.04686
129	02:25:00	60.10	450	0.0786	0.0468
130	02:26:00	60.10	450	0.07855	0.04675
131	02:27:00	60.09	450	0.07851	0.0467
132	02:28:01	60.09	450	0.07845	0.04664
133	02:29:01	60.09	450	0.07839	0.04657
134	02:30:01	60.10	450	0.07834	0.0465
135	02:31:01	60.10	450	0.07404	0.04392
136	02:32:01	60.09	450	0	0
137	02:33:01	60.09	450	0.05126	0
138	02:34:01	60.10	450	0.07549	0
139	02:35:01	60.09	450	0.07541	0
140	02:36:01	60.08	450	0.07533	0
141	02:37:01	60.08	450	0.07526	0
142	02:38:01	60.09	450	0.07518	0
143	02:39:02	60.08	450	0.07509	0
144	02:40:02	60.08	450	0.07503	0
145	02:41:02	60.08	450	0.07497	0
146	02:42:02	60.08	450	0.07488	0
147	02:43:02	60.09	450	0.07482	0
148	02:44:02	60.09	450	0.07475	0
149	02:45:02	60.09	450	0.07467	0
150	02:46:02	60.09	450	0.0746	0
151	02:47:02	60.09	450	0.07453	0
152	02:48:02	60.08	450	0.07446	0
153	02:49:02	60.10	450	0.07439	0
154	02:50:03	60.10	450	0.07431	0
155	02:51:03	60.09	450	0.07423	0
156	02:52:03	60.09	450	0.07416	0
157	02:53:03	60.10	450	0.07407	0
158	02:54:03	60.08	450	0.07399	0
159	02:55:03	60.09	450	0.07392	0
160	02:56:03	60.10	450	0.07384	0
161	02:57:03	60.09	450	0.07375	0
162	02:58:03	60.10	450	0.07367	0
163	02:59:03	60.10	450	0.0736	0
164	03:00:03	60.09	450	0.07351	0
165	03:01:04	60.11	450	0.07343	0
166	03:02:04	60.09	450	0.07335	0
167	03:03:04	60.09	450	0.07326	0
168	03:04:04	60.11	450	0.07317	0
169	03:05:04	60.09	450	0.07309	0
170	03:06:04	60.09	450	0.073	0
171	03:07:04	60.09	450	0.07291	0
172	03:08:04	60.08	450	0.07281	0
173	03:09:04	60.10	450	0.07273	0
174	03:10:04	60.10	450	0.07265	0
175	03:11:05	60.08	450	0.07255	0
176	03:12:05	60.08	450	0.07247	0
177	03:13:05	60.09	450	0.07237	0
178	03:14:05	60.08	450	0.07228	0
179	03:15:05	60.09	450	0.07218	0
180	03:16:05	60.09	450	0.07209	0
181	03:17:05	60.09	450	0.072	0
182	03:18:05	60.10	450	0.0719	0
183	03:19:05	60.09	450	0.07181	0
184	03:20:05	60.08	450	0.07171	0
185	03:21:05	60.09	450	0.07163	0
186	03:22:05	60.08	450	0.07153	0
187	03:23:06	60.10	450	0.07143	0
188	03:24:06	60.10	450	0.07134	0
189	03:25:06	60.09	450	0.07124	0
190	03:26:06	60.09	450	0.07115	0
191	03:27:06	60.10	450	0.07105	0
192	03:28:06	60.09	450	0.07096	0
193	03:29:06	60.09	450	0.07087	0
194	03:30:06	60.43	450	0.07076	0
195	03:31:07	60.10	450	0.07066	0
196	03:32:07	60.09	450	0.07056	0
197	03:33:07	60.08	450	0.07046	0
198	03:34:07	60.09	450	0.07037	0
199	03:35:07	60.09	450	0.07027	0
200	03:36:07	60.10	450	0.07018	0
201	03:37:07	60.09	450	0.07008	0
202	03:38:07	60.09	450	0.06998	0
203	03:39:07	60.11	450	0.06987	0
204	03:40:07	60.10	450	0.06977	0
205	03:41:08	60.09	450	0.06967	0
206	03:42:08	60.10	450	0.06957	0
207	03:43:08	60.09	450	0.06948	0
208	03:44:08	60.10	450	0.06937	0
209	03:45:08	35.66	450	0.06928	0
210	03:45:44	10.16	450	0.06922	0
211	03:45:54	10.01	450	0.0692	0
212	03:46:04	43.90	450	0.06918	0
213	03:46:48	10.18	450	0.06911	0
214	03:46:58	10.01	450	0.06841	0
215	03:47:08	60.10	450	0.06906	0
216	03:48:08	60.10	450	0.06895	0
217	03:49:08	60.09	450	0.06885	0
218	03:50:08	60.10	450	0.06876	0
219	03:51:08	60.08	450	0.06864	0
220	03:52:08	60.09	450	0.06855	0
221	03:53:08	60.10	450	0.06844	0
222	03:54:09	60.09	450	0.06834	0
223	03:55:09	60.08	450	0.06823	0
224	03:56:09	60.09	450	0.06813	0
225	03:57:09	60.08	450	0.06801	0
226	03:58:09	60.09	450	0.06792	0
227	03:59:09	60.10	450	0.06782	0
228	04:00:09	60.09	450	0.06771	0
229	04:01:09	60.08	450	0.0676	0
230	04:02:09	60.09	450	0.0675	0
231	04:03:09	60.08	450	0.06739	0
232	04:04:09	60.10	450	0.06728	0
233	04:05:10	60.10	450	0.06718	0
234	04:06:10	60.09	450	0.06707	0
235	04:07:10	60.09	450	0.06697	0
236	04:08:10	60.10	450	0.06687	0
237	04:09:10	60.09	450	0.06676	0
238	04:10:10	60.20	450	0.06666	0
239	04:11:10	60.15	450	0.06656	0
240	04:12:10	60.03	450	0.06645	0
241	04:13:10	60.08	450	0.06635	0
242	04:14:10	60.09	450	0.06624	0
243	04:15:11	60.09	450	0.06613	0
244	04:16:11	60.09	450	0.06601	0
245	04:17:11	60.10	450	0.06591	0
246	04:18:11	60.09	450	0.0658	0
247	04:19:11	47.82	450	0.0657	0
248	04:19:59	10.03	450	0.06564	0
249	04:20:09	10.01	450	0.06565	0
250	04:20:19	60.08	450	0.06558	0
251	04:21:19	10.02	450	0.06551	0
252	04:21:29	10.02	450	0.06549	0
253	04:21:39	10.02	450	0.06549	0
254	04:21:49	60.09	450	0.06541	0
255	04:22:49	11.50	450	0.06536	0
256	04:23:00	60.35	450	0.06529	0
257	04:24:01	30.60	450	0.06522	0
258	04:24:31	60.28	450	0.06515	0
259	04:25:32	60.10	450	0.06504	0
260	04:26:32	24.74	450	0.06495	0
261	04:26:57	60.14	450	0.06488	0
262	04:27:57	60.08	450	0.06477	0
263	04:28:57	60.07	450	0.06466	0
264	04:29:57	60.09	450	0.06456	0
265	04:30:57	60.08	450	0.06446	0
266	04:31:57	60.09	450	0.06434	0
267	04:32:57	60.10	450	0.06424	0
268	04:33:57	60.10	450	0.06413	0
269	04:34:57	60.09	450	0.06403	0
270	04:35:57	60.09	450	0.06392	0
271	04:36:57	60.09	450	0.06381	0
272	04:37:58	60.10	450	0.06371	0
273	04:38:58	60.10	450	0.0636	0
274	04:39:58	60.09	450	0.06348	0
275	04:40:58	60.10	450	0.06337	0
276	04:41:58	60.09	450	0.06326	0
277	04:42:58	60.10	450	0.05036	0
278	04:43:58	60.11	450	0	0
279	04:44:58	60.10	450	0	0
280	04:45:58	60.10	450	0	0
281	04:46:58	60.09	450	0	0
282	04:47:59	60.10	450	0	0
283	04:48:59	60.10	450	0	0
284	04:49:59	60.10	450	0	0
285	04:50:59	60.11	450	0	0
286	04:51:59	60.10	450	0	0
287	04:52:59	60.11	450	0	0
288	04:53:59	60.10	450	0	0
289	04:54:59	60.09	450	0	0
290	04:55:59	60.10	450	0	0
291	04:56:59	60.10	450	0	0
292	04:58:00	60.10	450	0	0
293	04:59:00	60.10	450	0	0
294	05:00:00	60.10	450	0.07649	0.03007
295	05:01:00	60.08	450	0.07929	0.08055
296	05:02:00	60.10	450	0.03982	0.04046
297	05:03:00	60.10	450	0	0
298	05:04:00	60.10	450	0	0
299	05:05:00	60.10	450	0.06295	0.0306
300	05:06:00	60.09	450	0.06973	0.0882
301	05:07:00	60.10	450	0.06968	0.08816
302	05:08:01	60.10	450	0.06961	0.08813
303	05:09:01	60.11	450	0.06953	0.08809
304	05:10:01	60.11	450	0.2371	0.08805
305	05:11:01	60.09	450	1.209	0.7286
306	05:12:01	60.10	450	1.207	1.193
307	05:13:01	60.09	450	2.214	1.468
308	05:14:01	60.09	450	3.078	2.246
309	05:15:01	60.09	450	4.05	3.125
310	05:16:01	60.09	450	5.043	4.104
311	05:17:01	60.09	450	6.039	5.172
312	05:18:02	60.09	450	7.05	6.129
313	05:19:02	60.11	450	8.064	7.07
314	05:20:02	60.07	450	8.966	8.053
315	05:21:02	60.10	450	9.91	9.045
316	05:22:02	60.10	450	10.95	10.02
317	05:23:02	60.09	450	11.84	10.94
318	05:24:02	60.10	450	12.01	11.7
319	05:25:02	60.11	450	12.05	11.7
320	05:26:02	60.10	450	13.05	12.22
321	05:27:02	60.09	450	13.04	12.78
322	05:28:02	11.84	450	4.298	4.112
323	05:28:14	22.38	450	4.297	4.112
324	05:28:37	60.44	450	4.296	4.111
325	05:29:37	60.10	450	4.295	4.11
326	05:30:37	60.11	450	4.293	4.109
327	05:31:37	60.10	453	4.292	4.108
328	05:32:37	60.09	510	4.292	4.107
329	05:33:38	60.09	642	4.293	4.107
330	05:34:38	60.10	838	4.293	4.107
331	05:35:38	60.10	1095	4.294	4.107
332	05:36:38	60.10	1425	4.293	4.107
333	05:37:38	41.11	1772	4.293	4.107
334	05:38:19	60.04	2010	4.293	4.107
335	05:39:19	60.09	2357	4.293	4.107
336	05:40:19	60.10	2704	4.293	4.107
337	05:41:19	60.10	3052	4.293	4.107
338	05:42:19	60.10	3399	4.293	4.107
339	05:43:19	60.10	3747	4.293	4.106
340	05:44:20	60.09	4100	4.293	4.106
341	05:45:20	60.09	4447	4.293	4.106
342	05:46:20	60.10	4795	4.293	4.106
343	05:47:20	60.10	5142	4.293	4.106
344	05:48:20	60.10	5490	4.293	4.106
345	05:49:20	60.09	5837	4.293	4.106
346	05:50:20	60.08	6184	4.293	4.106
347	05:51:20	29.02	6495	4.293	4.106
348	05:51:49	13.32	6499	4.293	4.106
349	05:52:03	60.31	6499	4.293	4.106
350	05:53:03	60.10	6499	4.293	4.106
351	05:54:03	10.02	6499	0	0
352	05:54:13	60.10	6499	8.522	8.395
353	05:55:13	60.09	6499	8.521	8.395
354	05:56:13	60.09	6499	8.521	8.395
355	05:57:13	60.09	6499	8.522	8.395
356	05:58:13	60.09	6499	8.522	8.395
357	05:59:13	60.09	6499	8.521	8.395
358	06:00:14	60.09	6499	8.521	8.395
359	06:01:14	60.10	6499	8.521	8.394
360	06:02:14	60.08	6499	8.521	8.394
361	06:03:14	60.08	6499	8.521	8.394
362	06:04:14	29.10	6499	8.521	8.394
363	06:04:43	60.03	6499	8.521	8.394
364	06:05:43	60.09	6499	8.521	8.395
365	06:06:43	60.09	6499	8.521	8.394
366	06:07:43	60.10	6499	8.521	8.394
367	06:08:43	60.09	6499	8.521	8.394
368	06:09:43	60.10	6499	8.521	8.394
369	06:10:43	60.10	6499	8.521	8.394
370	06:11:44	57.85	6499	8.52	8.394
371	06:12:41	60.09	6499	8.52	8.394
372	06:13:41	56.91	6499	8.52	8.394
373	06:14:38	60.25	6499	8.52	8.394
374	06:15:39	24.89	6499	8.52	8.393
375	06:16:04	60.25	6499	8.52	8.393
376	06:17:04	60.09	6499	8.52	8.393
377	06:18:04	60.10	6499	8.52	8.393
378	06:19:04	60.09	6499	8.52	8.394
379	06:20:04	60.08	6499	8.52	8.393
380	06:21:04	60.10	6499	8.52	8.393
381	06:22:04	60.10	6499	8.52	8.393
382	06:23:04	29.64	6499	8.52	8.393
383	06:23:34	60.02	6499	8.518	8.392
384	06:24:34	60.10	6499	8.516	8.389
385	06:25:34	60.09	6499	8.513	8.387
386	06:26:34	60.09	6499	8.511	8.385
387	06:27:34	60.09	6499	8.507	8.382
388	06:28:34	60.09	6499	8.504	8.379
389	06:29:34	60.10	6499	8.501	8.376
390	06:30:35	60.09	6499	8.497	8.372
391	06:31:35	60.08	6499	8.492	8.369
392	06:32:35	60.09	6499	8.489	8.365
393	06:33:35	60.10	6499	8.485	8.362
394	06:34:35	60.11	6499	8.481	8.358
395	06:35:35	60.10	6499	8.477	8.355
396	06:36:35	60.09	6499	8.473	8.351
397	06:37:35	60.09	6499	8.469	8.348
398	06:38:35	60.09	6499	8.465	8.344
399	06:39:35	60.09	6499	8.46	8.341
400	06:40:35	60.09	6499	8.456	8.337
401	06:41:36	18.45	6499	8.453	8.334
402	06:41:54	60.42	6499	8.451	8.332
403	06:42:54	60.09	6499	8.446	8.328
404	06:43:55	60.09	6499	8.442	8.325
405	06:44:55	60.10	6499	8.437	8.321
406	06:45:55	60.10	6499	8.433	8.317
407	06:46:55	60.10	6499	8.429	8.314
408	06:47:55	14.86	6499	8.426	8.311
409	06:48:10	60.27	6499	8.423	8.309
410	06:49:10	60.09	6499	8.419	8.305
411	06:50:10	60.09	6499	8.415	8.301
412	06:51:10	60.10	6499	8.41	8.298
413	06:52:10	60.09	6499	8.406	8.294
414	06:53:10	60.10	6499	8.402	8.291
415	06:54:11	41.57	6499	8.398	8.287
416	06:54:52	60.09	6499	8.394	8.284
417	06:55:52	60.10	6499	8.39	8.281
418	06:56:52	60.09	6499	8.385	8.277
419	06:57:52	60.09	6499	8.381	8.273
420	06:58:52	10.02	6499	8.379	8.271
421	06:59:02	60.10	6499	8.377	8.269
422	07:00:03	60.09	6499	8.372	8.265
423	07:01:03	60.09	6499	8.368	8.262
424	07:02:03	60.09	6499	8.363	8.258
425	07:03:03	60.09	6499	8.359	8.255
426	07:04:03	60.10	6499	8.355	8.251
427	07:05:03	60.10	6499	8.351	8.247
428	07:06:03	60.10	6499	8.347	8.244
429	07:07:03	60.08	6499	8.343	8.24
430	07:08:03	60.10	6499	8.339	8.236
431	07:09:03	60.09	6499	8.334	8.233
432	07:10:03	60.09	6499	8.33	8.229
433	07:11:04	60.08	6499	8.326	8.226
434	07:12:04	60.10	6499	8.322	8.222
435	07:13:04	60.09	6499	8.319	8.219
436	07:14:04	60.10	6499	8.315	8.216
437	07:15:04	60.11	6499	8.312	8.213
438	07:16:04	60.10	6499	8.309	8.21
439	07:17:04	60.09	6499	8.305	8.208
440	07:18:04	60.09	6499	8.302	8.205
441	07:19:04	60.08	6499	8.298	8.201
442	07:20:04	60.08	6499	8.294	8.198
443	07:21:04	60.09	6499	8.29	8.194
444	07:22:05	60.09	6499	8.286	8.19
445	07:23:05	60.10	6499	8.282	8.187
446	07:24:05	60.10	6499	8.277	8.183
447	07:25:05	60.08	6499	8.273	8.18
448	07:26:05	60.08	6499	8.269	8.176
449	07:27:05	60.10	6499	8.265	8.173
450	07:28:05	10.02	6499	8.263	8.171
451	07:28:15	60.10	6499	8.261	8.168
452	07:29:15	60.10	6499	8.257	8.165
453	07:30:15	60.10	6499	8.253	8.161
454	07:31:15	60.09	6499	8.249	8.156
455	07:32:16	60.10	6499	8.245	8.153
456	07:33:16	60.09	6499	8.241	8.149
457	07:34:16	60.10	6499	8.237	8.145
458	07:35:16	60.10	6499	8.233	8.142
459	07:36:16	60.09	6499	8.23	8.138
460	07:37:16	60.09	6499	8.226	8.135
461	07:38:16	60.09	6499	8.222	8.132
462	07:39:16	60.10	6499	8.218	8.128
463	07:40:16	60.09	6499	8.215	8.125
464	07:41:16	60.10	6499	8.211	8.122
465	07:42:16	60.09	6499	8.208	8.118
466	07:43:17	60.10	6499	8.204	8.115
467	07:44:17	60.10	6499	8.2	8.112
468	07:45:17	60.11	6499	8.196	8.108
469	07:46:17	60.11	6499	8.193	8.105
470	07:47:17	60.10	6499	8.189	8.101
471	07:48:17	60.09	6499	8.186	8.098
472	07:49:17	60.10	6499	8.182	8.095
473	07:50:17	60.10	6499	8.178	8.091
474	07:51:17	60.10	6499	8.175	8.088
475	07:52:17	60.09	6499	8.171	8.085
476	07:53:18	60.09	6499	8.167	8.081
477	07:54:18	60.09	6499	8.164	8.078
478	07:55:18	60.09	6499	8.16	8.075
479	07:56:18	60.09	6499	8.156	8.071
480	07:57:18	10.02	6499	8.154	8.069
481	07:57:28	60.09	6499	8.152	8.067
482	07:58:28	60.08	6499	8.149	8.064
483	07:59:28	60.10	6499	8.145	8.061
484	08:00:28	60.09	6499	8.142	8.057
485	08:01:28	60.11	6499	8.138	8.054
486	08:02:28	60.12	6499	8.134	8.051
487	08:03:29	60.46	6499	8.13	8.047
488	08:04:29	60.40	6499	8.127	8.044
489	08:05:29	60.48	6499	8.123	8.041
490	08:06:30	60.37	6499	8.12	8.037
491	08:07:30	60.13	6499	8.116	8.034
492	08:08:30	60.41	6499	8.112	8.031
493	08:09:31	60.55	6499	8.109	8.027
494	08:10:31	60.17	6499	8.105	8.024
495	08:11:31	60.48	6499	8.102	8.021
496	08:12:32	60.26	6499	8.098	8.017
497	08:13:32	60.19	6499	8.095	8.014
498	08:14:32	60.96	6499	8.091	8.011
499	08:15:33	60.10	6499	8.088	8.008
500	08:16:33	60.28	6499	8.084	8.004
501	08:17:34	60.55	6499	8.081	8.001
502	08:18:34	60.18	6499	8.077	7.998
503	08:19:35	60.37	6499	8.074	7.995
504	08:20:35	60.62	6499	8.071	7.992
505	08:21:35	60.28	6499	8.067	7.988
506	08:22:36	60.40	6499	8.063	7.985
507	08:23:36	60.21	6499	8.06	7.982
508	08:24:36	60.33	6499	8.056	7.979
509	08:25:37	60.62	6499	8.053	7.975
510	08:26:37	10.03	6499	8.051	7.974
511	08:26:47	60.10	6499	8.048	7.972
512	08:27:47	60.11	6499	8.045	7.968
513	08:28:48	60.10	6499	8.042	7.965
514	08:29:48	60.09	6499	8.038	7.962
515	08:30:48	60.09	6499	8.035	7.959
516	08:31:48	60.10	6499	8.032	7.956
517	08:32:48	60.09	6499	8.029	7.953
518	08:33:48	60.10	6499	8.025	7.949
519	08:34:48	60.09	6499	8.021	7.946
520	08:35:48	60.10	6499	8.018	7.943
521	08:36:48	60.10	6499	8.014	7.939
522	08:37:48	60.11	6499	8.011	7.936
523	08:38:49	60.09	6499	8.008	7.933
524	08:39:49	60.09	6499	8.004	7.93
525	08:40:49	60.09	6499	8.001	7.927
526	08:41:49	60.10	6499	7.997	7.923
527	08:42:49	60.09	6499	7.994	7.921
528	08:43:49	60.10	6499	7.991	7.917
529	08:44:49	60.10	6499	7.987	7.914
530	08:45:49	60.10	6499	7.983	7.911
531	08:46:49	60.10	6499	7.979	7.908
532	08:47:49	60.11	6499	7.975	7.905
533	08:48:50	60.10	6499	7.972	7.901
534	08:49:50	60.10	6499	7.968	7.898
535	08:50:50	60.09	6499	7.965	7.894
536	08:51:50	60.10	6499	7.962	7.89
537	08:52:50	60.09	6499	7.958	7.886
538	08:53:50	60.09	6499	7.955	7.883
539	08:54:50	60.09	6499	7.952	7.88
540	08:55:50	10.02	6499	7.95	7.878
541	08:56:00	60.10	6499	7.949	7.876
542	08:57:00	60.09	6499	7.946	7.874
543	08:58:00	60.10	6499	7.944	7.872
544	08:59:00	60.10	6499	7.941	7.869
545	09:00:01	60.10	6499	7.939	7.867
546	09:01:01	60.10	6499	7.935	7.864
547	09:02:01	60.10	6499	7.932	7.861
548	09:03:01	60.10	6499	7.928	7.857
549	09:04:01	60.10	6499	7.925	7.854
550	09:05:01	60.10	6499	7.922	7.851
551	09:06:01	60.09	6499	7.919	7.848
552	09:07:01	60.07	6499	7.916	7.845
553	09:08:01	60.09	6499	7.912	7.842
554	09:09:01	60.09	6499	7.909	7.838
555	09:10:02	60.09	6499	7.906	7.835
556	09:11:02	60.09	6499	7.903	7.832
557	09:12:02	60.09	6499	7.899	7.829
558	09:13:02	60.10	6499	7.896	7.826
559	09:14:02	60.09	6499	7.893	7.823
560	09:15:02	60.10	6499	7.889	7.82
561	09:16:02	60.10	6499	7.886	7.817
562	09:17:02	60.10	6499	7.882	7.814
563	09:18:02	60.09	6499	7.879	7.811
564	09:19:02	60.10	6499	7.876	7.808
565	09:20:02	60.07	6499	7.873	7.804
566	09:21:03	60.09	6499	7.869	7.802
567	09:22:03	60.10	6499	7.866	7.798
568	09:23:03	60.10	6499	7.863	7.795
569	09:24:03	60.10	6499	7.859	7.793
570	09:25:03	10.02	6499	7.857	7.791
571	09:25:13	60.09	6499	7.855	7.789
572	09:26:13	60.09	6499	7.852	7.786
573	09:27:13	60.10	6499	7.849	7.783
574	09:28:13	60.10	6499	7.846	7.78
575	09:29:13	60.10	6499	7.843	7.777
576	09:30:13	60.10	6499	7.839	7.774
577	09:31:14	60.09	6499	7.836	7.771
578	09:32:14	60.10	6499	7.833	7.768
579	09:33:14	60.10	6499	7.83	7.764
580	09:34:14	60.10	6499	7.827	7.761
581	09:35:14	60.11	6499	7.823	7.759
582	09:36:14	60.08	6499	7.82	7.756
583	09:37:14	60.09	6499	7.817	7.753
584	09:38:14	60.10	6499	7.814	7.749
585	09:39:14	60.09	6499	7.811	7.747
586	09:40:14	60.10	6499	7.808	7.744
587	09:41:14	60.10	6499	7.805	7.741
588	09:42:15	60.08	6499	7.801	7.734
589	09:43:15	60.09	6499	7.798	7.734
590	09:44:15	60.08	6499	7.795	7.731
591	09:45:15	60.08	6499	7.792	7.728
592	09:46:15	60.10	6499	7.789	7.725
593	09:47:15	60.10	6499	7.786	7.723
594	09:48:15	60.09	6499	7.783	7.72
595	09:49:15	60.10	6499	7.78	7.717
596	09:50:15	60.10	6499	7.777	7.714
597	09:51:15	60.11	6499	7.774	7.711
598	09:52:16	60.09	6499	7.77	7.708
599	09:53:16	60.10	6499	7.767	7.705
600	09:54:16	10.01	6499	7.765	7.704
601	09:54:26	60.10	6499	7.763	7.702
602	09:55:26	60.09	6499	7.761	7.699
603	09:56:26	60.10	6499	7.757	7.696
604	09:57:26	60.09	6499	7.754	7.693
605	09:58:26	60.10	6499	7.751	7.69
606	09:59:26	60.09	6499	7.748	7.687
607	10:00:26	60.09	6499	7.745	7.684
608	10:01:26	60.10	6499	7.741	7.681
609	10:02:26	60.10	6499	7.738	7.678
610	10:03:27	60.10	6499	7.735	7.675
611	10:04:27	60.10	6499	7.732	7.672
612	10:05:27	60.09	6499	7.729	7.669
613	10:06:27	60.08	6499	7.726	7.667
614	10:07:27	60.09	6499	7.723	7.664
615	10:08:27	60.10	6499	7.72	7.661
616	10:09:27	60.10	6499	7.717	7.658
617	10:10:27	60.10	6499	7.714	7.655
618	10:11:27	60.09	6499	7.711	7.652
619	10:12:27	60.09	6499	7.708	7.649
620	10:13:28	60.10	6499	7.705	7.646
621	10:14:28	60.10	6499	7.702	7.643
622	10:15:28	60.10	6499	7.699	7.641
623	10:16:28	60.10	6499	7.695	7.638
624	10:17:28	60.10	6499	7.693	7.635
625	10:18:28	60.10	6499	7.69	7.632
626	10:19:28	60.09	6499	7.687	7.629
627	10:20:28	60.07	6499	7.683	7.626
628	10:21:28	60.09	6499	7.68	7.624
629	10:22:28	60.10	6499	7.677	7.621
630	10:23:28	10.01	6499	7.675	7.619
631	10:23:38	60.09	6499	7.673	7.617
632	10:24:39	60.09	6499	7.671	7.615
633	10:25:39	60.10	6499	7.668	7.612
634	10:26:39	60.09	6499	7.665	7.609
635	10:27:39	60.10	6499	7.662	7.606
636	10:28:39	60.09	6499	7.659	7.604
637	10:29:39	60.11	6499	7.656	7.601
638	10:30:39	60.10	6499	7.653	7.598
639	10:31:39	60.10	6499	7.65	7.595
640	10:32:39	60.10	6499	7.647	7.592
641	10:33:39	60.09	6499	7.644	7.589
642	10:34:40	60.10	6499	7.641	7.586
643	10:35:40	60.10	6499	7.638	7.583
644	10:36:40	60.10	6499	7.635	7.581
645	10:37:40	60.10	6499	7.632	7.578
646	10:38:40	60.08	6499	7.629	7.575
647	10:39:40	60.09	6499	7.626	7.572
648	10:40:40	60.09	6499	7.622	7.569
649	10:41:40	60.10	6499	7.62	7.567
650	10:42:40	60.10	6499	7.617	7.564
651	10:43:40	60.10	6499	7.613	7.561
652	10:44:41	60.09	6499	7.61	7.558
653	10:45:41	60.10	6499	7.606	7.555
654	10:46:41	60.11	6499	7.603	7.553
655	10:47:41	60.09	6499	7.599	7.55
656	10:48:41	60.10	6499	7.595	7.547
657	10:49:41	60.09	6499	7.592	7.544
658	10:50:41	60.10	6499	7.589	7.54
659	10:51:41	60.09	6499	7.586	7.537
660	10:52:41	10.02	6499	7.584	7.536
661	10:52:51	60.10	6499	7.583	7.534
662	10:53:51	60.10	6499	7.579	7.531
663	10:54:52	60.08	6499	7.576	7.528
664	10:55:52	60.09	6499	7.574	7.525
665	10:56:52	60.10	6499	7.571	7.522
666	10:57:52	60.09	6499	7.568	7.518
667	10:58:52	60.09	6499	7.565	7.515
668	10:59:52	60.10	6499	7.562	7.512
669	11:00:52	60.09	6499	7.559	7.51
670	11:01:52	60.09	6499	7.556	7.507
671	11:02:52	60.10	6499	7.553	7.504
672	11:03:52	60.10	6499	7.55	7.501
673	11:04:52	60.10	6499	7.547	7.498
674	11:05:53	60.09	6499	7.544	7.496
675	11:06:53	60.10	6499	7.541	7.493
676	11:07:53	60.09	6499	7.537	7.49
677	11:08:53	60.09	6499	7.534	7.488
678	11:09:53	60.09	6499	7.531	7.485
679	11:10:53	60.09	6499	7.528	7.482
680	11:11:53	60.09	6499	7.525	7.479
681	11:12:53	60.10	6499	7.522	7.476
682	11:13:53	60.10	6499	7.519	7.473
683	11:14:53	60.11	6499	7.516	7.471
684	11:15:53	60.09	6499	7.513	7.468
685	11:16:54	60.09	6499	7.51	7.465
686	11:17:54	60.09	6499	7.507	7.462
687	11:18:54	60.10	6499	7.505	7.46
688	11:19:54	60.07	6499	7.502	7.457
689	11:20:54	60.09	6499	7.499	7.455
690	11:21:54	10.01	6499	7.497	7.453
691	11:22:04	60.09	6499	7.496	7.451
692	11:23:04	60.09	6499	7.493	7.448
693	11:24:04	60.09	6499	7.49	7.446
694	11:25:04	60.10	6499	7.487	7.443
695	11:26:04	60.10	6499	7.484	7.44
696	11:27:05	60.11	6499	7.481	7.438
697	11:28:05	60.10	6499	7.478	7.435
698	11:29:05	60.08	6499	7.475	7.432
699	11:30:05	60.10	6499	7.472	7.429
700	11:31:05	60.10	6499	7.469	7.427
701	11:32:05	60.09	6499	7.466	7.424
702	11:33:05	60.09	6499	7.457	7.421
703	11:34:05	60.10	6499	7.461	7.418
704	11:35:05	60.08	6499	7.458	7.415
705	11:36:05	60.10	6499	7.455	7.413
706	11:37:05	60.10	6499	7.452	7.41
707	11:38:06	60.10	6499	7.449	7.407
708	11:39:06	60.10	6499	7.446	7.405
709	11:40:06	60.08	6499	7.443	7.402
710	11:41:06	60.10	6499	7.44	7.399
711	11:42:06	60.10	6499	7.437	7.397
712	11:43:06	60.10	6499	7.434	7.394
713	11:44:06	60.10	6499	7.432	7.391
714	11:45:06	60.09	6499	7.428	7.388
715	11:46:06	60.10	6499	7.426	7.386
716	11:47:06	60.09	6499	7.423	7.383
717	11:48:07	60.10	6499	7.42	7.38
718	11:49:07	60.10	6499	7.417	7.377
719	11:50:07	60.10	6499	7.414	7.375
720	11:51:07	10.02	6499	7.412	7.373
721	11:51:17	60.09	6499	7.411	7.372
722	11:52:17	60.08	6499	7.407	7.369
723	11:53:17	60.09	6499	7.404	7.366
724	11:54:17	60.09	6499	7.401	7.363
725	11:55:17	60.09	6499	7.397	7.36
726	11:56:17	60.11	6499	7.395	7.357
727	11:57:17	60.08	6499	7.391	7.354
728	11:58:17	60.07	6499	7.388	7.35
729	11:59:18	60.09	6499	7.385	7.347
730	12:00:18	60.10	6499	7.383	7.345
731	12:01:18	60.10	6499	7.38	7.342
732	12:02:18	60.10	6499	7.377	7.339
733	12:03:18	60.10	6499	7.374	7.337
734	12:04:18	60.10	6499	7.371	7.334
735	12:05:18	60.10	6499	7.368	7.331
736	12:06:18	60.10	6499	7.366	7.328
737	12:07:18	60.10	6499	7.363	7.326
738	12:08:18	60.10	6499	7.36	7.323
739	12:09:19	60.08	6499	7.357	7.32
740	12:10:19	23.77	6499	7.355	7.319
741	12:10:42	60.36	6499	7.353	7.317
742	12:11:43	60.10	6499	7.35	7.314
743	12:12:43	60.11	6499	7.348	7.312
744	12:13:43	60.09	6499	7.345	7.309
745	12:14:43	60.09	6499	7.342	7.307
746	12:15:43	60.10	6499	7.339	7.291
747	12:16:43	60.10	6499	0.1338	0.1199
748	12:17:43	60.10	6499	0	0
749	12:18:43	60.10	6499	0	0
750	12:19:44	60.08	6501	-1	-1
751	12:20:44	28.15	6501	0	0
Created by AtlRunQuery on: 2018-10-15 10:43:06.090647
