LHC beam energy and intensities during run 298609:
(Begin/end of run: Sat May 07 2016 07:23:26 − 15:28:20)

LB	   Start time
(CEST)	   Duration
(sec)	   Beam energy
(GeV)	   Intensity Beam-1
(1e11 protons)	   Intensity Beam-2
(1e11 protons)
1	07:23:26	60.08	450	0	0
2	07:24:26	60.07	450	0	0
3	07:25:26	16.08	450	0	0
4	07:25:42	22.49	450	0	0
5	07:26:04	60.07	450	0	0
6	07:27:04	60.09	450	0.3186	0
7	07:28:05	60.09	450	1.104	0.6982
8	07:29:05	60.09	450	1.103	1.146
9	07:30:05	60.08	450	1.102	1.144
10	07:31:05	60.08	450	1.1	1.143
11	07:32:05	60.08	450	1.099	1.141
12	07:33:05	60.08	450	1.098	1.14
13	07:34:05	60.09	450	1.098	1.139
14	07:35:05	60.09	450	1.097	1.136
15	07:36:05	60.08	450	1.096	1.137
16	07:37:05	60.08	450	1.095	1.136
17	07:38:05	60.08	450	1.094	1.135
18	07:39:05	60.09	450	1.093	1.134
19	07:40:06	60.09	450	1.092	1.133
20	07:41:06	60.08	450	1.092	1.132
21	07:42:06	60.08	450	1.091	1.132
22	07:43:06	60.09	450	1.09	1.131
23	07:44:06	60.09	450	1.089	1.13
24	07:45:06	60.08	450	1.088	1.129
25	07:46:06	60.08	450	0.2758	0.2863
26	07:47:06	60.08	450	0	0
27	07:48:06	60.08	450	0	0
28	07:49:06	60.08	450	0	0
29	07:50:06	60.09	450	0	0
30	07:51:06	60.10	450	0	0
31	07:52:07	60.08	449	0	0
32	07:53:07	60.09	450	0	0
33	07:54:07	60.08	450	0	0
34	07:55:07	60.08	450	0	0
35	07:56:07	60.08	450	0	0
36	07:57:07	60.09	450	0	0
37	07:58:07	60.08	450	0	0
38	07:59:07	60.08	450	0	0
39	08:00:07	60.09	450	0	0
40	08:01:07	60.09	450	0	0
41	08:02:07	60.09	450	0	0
42	08:03:08	60.09	450	0	0
43	08:04:08	60.08	450	0	0
44	08:05:08	60.11	450	0	0
45	08:06:08	60.08	450	0	0
46	08:07:08	60.09	450	0	0
47	08:08:08	60.09	450	0	0
48	08:09:08	60.10	450	0	0
49	08:10:08	60.07	450	0	0
50	08:11:08	60.09	450	0	0
51	08:12:08	60.09	450	0	0
52	08:13:08	60.09	450	0	0
53	08:14:09	60.09	450	0	0
54	08:15:09	60.09	450	0	0
55	08:16:09	60.09	450	0	0
56	08:17:09	60.07	450	0	0
57	08:18:09	60.09	450	0	0
58	08:19:09	60.11	450	0	0
59	08:20:09	60.07	450	0	0
60	08:21:09	60.09	450	0	0
61	08:22:09	60.09	450	0	0
62	08:23:09	60.07	450	0	0
63	08:24:09	60.09	450	0	0
64	08:25:09	60.09	450	0	0
65	08:26:10	60.09	450	0	0
66	08:27:10	60.09	450	0	0
67	08:28:10	60.09	450	0	0
68	08:29:10	60.09	450	0	0
69	08:30:10	60.09	450	0	0
70	08:31:10	60.09	450	0	0
71	08:32:10	60.11	450	0	0
72	08:33:10	60.09	450	0	0
73	08:34:10	60.09	449	0	0
74	08:35:10	60.08	450	0	0
75	08:36:10	60.08	449	0	0
76	08:37:11	60.08	450	0	0
77	08:38:11	60.09	450	0	0
78	08:39:11	60.09	450	0	0
79	08:40:11	60.09	450	0	0
80	08:41:11	60.09	450	0	0
81	08:42:11	60.08	450	0	0
82	08:43:11	60.09	450	0	0
83	08:44:11	47.36	450	0	0
84	08:44:58	10.23	450	0	0
85	08:45:09	10.02	450	0	0
86	08:45:19	10.02	450	0	0
87	08:45:29	13.31	450	0	0
88	08:45:42	40.52	450	0	0
89	08:46:23	13.03	450	0	0
90	08:46:36	10.05	450	0	0
91	08:46:46	10.01	450	0	0
92	08:46:56	13.71	450	0	0
93	08:47:09	10.08	450	0	0
94	08:47:19	31.21	450	0	0
95	08:47:51	10.11	450	0	0
96	08:48:01	15.92	450	0	0
97	08:48:17	20.93	450	0	0
98	08:48:38	10.21	450	0	0
99	08:48:48	60.09	450	0	0
100	08:49:48	60.09	450	0	0
101	08:50:48	60.09	450	0	0
102	08:51:48	60.08	450	0	0
103	08:52:48	60.09	450	0	0
104	08:53:48	60.07	450	0	0
105	08:54:48	60.08	450	0	0
106	08:55:48	60.09	450	0	0
107	08:56:49	60.09	450	0	0
108	08:57:49	60.09	450	0	0
109	08:58:49	60.09	450	0	0
110	08:59:49	60.09	450	0	0
111	09:00:49	54.51	450	0	0
112	09:01:43	60.17	450	0.4536	0
113	09:02:44	60.09	450	1.088	0.8174
114	09:03:44	60.09	450	1.086	1.105
115	09:04:44	60.09	450	1.085	1.104
116	09:05:44	60.09	450	1.084	1.102
117	09:06:44	60.08	450	9.06	1.101
118	09:07:44	60.08	450	16.51	12.72
119	09:08:44	60.08	450	24.53	20.17
120	09:09:44	60.08	450	35.69	24.36
121	09:10:44	60.08	450	35.9	24.36
122	09:11:44	60.08	450	35.9	24.36
123	09:12:44	60.09	450	35.89	31.07
124	09:13:44	60.08	450	46.09	38.54
125	09:14:45	60.09	450	47.32	47.71
126	09:15:45	60.09	450	47.32	47.71
127	09:16:45	60.09	450	47.31	47.71
128	09:17:45	60.09	450	47.3	47.7
129	09:18:45	60.09	450	47.29	47.7
130	09:19:45	60.08	450	47.28	47.7
131	09:20:45	60.07	451	47.26	47.69
132	09:21:45	24.65	500	47.26	47.69
133	09:22:10	50.00	541	47.26	47.69
134	09:23:00	60.03	662	47.27	47.68
135	09:24:00	60.08	865	47.27	47.68
136	09:25:00	24.13	1131	47.27	47.68
137	09:25:24	27.30	1259	47.36	47.78
138	09:25:51	60.24	1414	47.36	47.78
139	09:26:52	60.07	1767	47.37	47.78
140	09:27:52	60.07	2115	47.37	47.78
141	09:28:52	10.48	2462	47.37	47.78
142	09:29:02	60.13	2520	47.36	47.78
143	09:30:02	60.09	2868	47.36	47.78
144	09:31:02	60.46	3215	47.36	47.77
145	09:32:03	60.60	3568	47.36	47.77
146	09:33:03	60.53	3916	47.36	47.77
147	09:34:04	60.53	4269	47.35	47.77
148	09:35:05	60.49	4622	47.35	47.77
149	09:36:05	60.66	4970	47.35	47.77
150	09:37:06	60.41	5323	47.34	47.76
151	09:38:06	60.61	5670	47.34	47.76
152	09:39:07	60.48	6023	47.34	47.76
153	09:40:07	59.81	6371	47.34	47.76
154	09:41:07	18.16	6499	47.34	47.76
155	09:41:25	60.47	6499	47.34	47.76
156	09:42:26	60.09	6499	47.33	47.77
157	09:43:26	60.09	6499	47.34	47.76
158	09:44:26	60.10	6499	47.34	47.76
159	09:45:26	60.09	6499	47.33	47.76
160	09:46:26	60.08	6499	47.33	47.76
161	09:47:26	60.09	6499	47.33	47.76
162	09:48:26	60.08	6499	47.32	47.76
163	09:49:26	60.09	6499	47.31	47.76
164	09:50:26	60.09	6499	47.31	47.76
165	09:51:26	60.10	6499	47.31	47.76
166	09:52:27	60.08	6499	47.31	47.76
167	09:53:27	60.09	6499	47.31	47.76
168	09:54:27	60.09	6499	47.31	47.76
169	09:55:27	60.10	6499	47.31	47.76
170	09:56:27	60.09	6499	47.31	47.76
171	09:57:27	60.09	6499	47.31	47.76
172	09:58:27	60.09	6499	47.31	47.66
173	09:59:27	60.09	6499	47.31	47.75
174	10:00:27	60.09	6499	47.31	47.75
175	10:01:27	60.09	6499	47.31	47.75
176	10:02:27	28.93	6499	47.31	47.75
177	10:02:56	60.46	6499	47.31	47.75
178	10:03:57	60.08	6499	47.3	47.75
179	10:04:57	60.08	6499	47.3	47.75
180	10:05:57	60.08	6499	47.29	47.75
181	10:06:57	60.09	6499	47.29	47.75
182	10:07:57	60.09	6499	47.29	47.75
183	10:08:57	60.09	6499	47.26	47.74
184	10:09:57	60.08	6499	47.23	47.73
185	10:10:57	60.08	6499	47.2	47.72
186	10:11:58	60.09	6499	47.17	47.7
187	10:12:58	60.09	6499	47.13	47.69
188	10:13:58	60.09	6499	47.09	47.67
189	10:14:58	60.09	6499	47.06	47.66
190	10:15:58	60.08	6499	47.03	47.64
191	10:16:58	60.08	6499	46.99	47.62
192	10:17:58	60.09	6499	46.95	47.6
193	10:18:58	60.09	6499	46.92	47.58
194	10:19:58	36.42	6499	46.89	47.56
195	10:20:35	60.48	6499	46.86	47.55
196	10:21:35	60.09	6499	46.82	47.53
197	10:22:35	60.08	6499	46.79	47.51
198	10:23:35	60.08	6499	46.76	47.49
199	10:24:35	60.09	6499	46.72	47.47
200	10:25:35	60.09	6499	46.69	47.45
201	10:26:36	60.09	6499	46.65	47.43
202	10:27:36	60.08	6499	46.62	47.41
203	10:28:36	60.09	6499	46.59	47.38
204	10:29:36	60.09	6499	46.55	47.36
205	10:30:36	60.08	6499	46.52	47.34
206	10:31:36	60.09	6499	46.49	47.32
207	10:32:36	60.24	6499	46.45	47.3
208	10:33:36	62.84	6499	46.42	47.28
209	10:34:39	60.09	6499	46.39	47.26
210	10:35:39	60.08	6499	46.36	47.23
211	10:36:39	60.09	6499	46.33	47.21
212	10:37:39	60.08	6499	46.3	47.19
213	10:38:40	60.09	6499	46.27	47.17
214	10:39:40	60.09	6499	46.24	47.15
215	10:40:40	60.09	6499	46.21	47.13
216	10:41:40	60.09	6499	46.18	47.11
217	10:42:40	60.09	6499	46.15	47.08
218	10:43:40	60.07	6499	46.12	47.06
219	10:44:40	60.09	6499	46.09	47.04
220	10:45:40	60.08	6499	46.06	47.02
221	10:46:40	10.48	6499	46.04	47.01
222	10:46:51	60.11	6499	46.02	47
223	10:47:51	60.08	6499	45.99	46.97
224	10:48:51	60.08	6499	45.97	46.95
225	10:49:51	60.09	6499	45.94	46.93
226	10:50:51	60.07	6499	45.91	46.91
227	10:51:51	60.08	6499	45.88	46.89
228	10:52:51	60.08	6499	45.86	46.87
229	10:53:51	60.09	6499	45.82	46.85
230	10:54:51	60.09	6499	45.8	46.83
231	10:55:51	60.08	6499	45.77	46.81
232	10:56:52	60.09	6499	45.74	46.79
233	10:57:52	60.08	6499	45.71	46.77
234	10:58:52	60.08	6499	45.69	46.75
235	10:59:52	60.10	6499	45.66	46.73
236	11:00:52	60.09	6499	45.63	46.71
237	11:01:52	60.09	6499	45.61	46.69
238	11:02:52	60.09	6499	45.58	46.67
239	11:03:52	60.08	6499	45.55	46.65
240	11:04:52	60.08	6499	45.53	46.63
241	11:05:52	60.08	6499	45.5	46.61
242	11:06:52	60.09	6499	45.48	46.59
243	11:07:52	60.09	6499	45.45	46.57
244	11:08:53	60.09	6499	45.43	46.55
245	11:09:53	60.08	6499	45.4	46.53
246	11:10:53	60.08	6499	45.37	46.51
247	11:11:53	60.09	6499	45.35	46.49
248	11:12:53	60.09	6499	45.32	46.47
249	11:13:53	60.09	6499	45.3	46.45
250	11:14:53	60.09	6499	45.27	46.43
251	11:15:53	60.09	6499	45.25	46.41
252	11:16:53	60.09	6499	45.22	46.39
253	11:17:53	60.08	6499	45.2	46.37
254	11:18:53	60.09	6499	45.17	46.35
255	11:19:54	60.09	6499	45.15	46.33
256	11:20:54	60.08	6499	45.12	46.31
257	11:21:54	60.10	6499	45.1	46.3
258	11:22:54	60.09	6499	45.07	46.28
259	11:23:54	60.08	6499	45.05	46.26
260	11:24:54	60.08	6499	45.03	46.24
261	11:25:54	60.09	6499	45	46.22
262	11:26:54	60.09	6499	44.98	46.2
263	11:27:54	60.09	6499	44.96	46.18
264	11:28:54	60.09	6499	44.94	46.17
265	11:29:54	60.09	6499	44.91	46.15
266	11:30:55	60.09	6499	44.89	46.13
267	11:31:55	60.09	6499	44.87	46.11
268	11:32:55	60.09	6499	44.84	46.09
269	11:33:55	60.09	6499	44.82	46.07
270	11:34:55	60.10	6499	44.79	46.06
271	11:35:55	60.09	6499	44.77	46.04
272	11:36:55	60.08	6499	44.74	46.02
273	11:37:55	60.09	6499	44.72	46
274	11:38:55	60.09	6499	44.7	45.98
275	11:39:55	60.09	6499	44.67	45.97
276	11:40:55	60.09	6499	44.65	45.95
277	11:41:55	60.09	6499	44.63	45.93
278	11:42:56	60.08	6499	44.6	45.91
279	11:43:56	60.08	6499	44.58	45.9
280	11:44:56	60.09	6499	44.56	45.88
281	11:45:56	60.09	6499	44.54	45.86
282	11:46:56	60.09	6499	44.52	45.84
283	11:47:56	60.08	6499	44.49	45.83
284	11:48:56	60.09	6499	44.47	45.81
285	11:49:56	60.08	6499	44.45	45.79
286	11:50:56	60.08	6499	44.43	45.77
287	11:51:56	60.09	6499	44.41	45.76
288	11:52:56	60.09	6499	44.38	45.74
289	11:53:57	60.10	6499	44.36	45.72
290	11:54:57	60.09	6499	44.34	45.71
291	11:55:57	60.10	6499	44.32	45.69
292	11:56:57	60.09	6499	44.3	45.67
293	11:57:57	60.09	6499	44.28	45.65
294	11:58:57	60.08	6499	44.26	45.64
295	11:59:57	60.08	6499	44.24	45.62
296	12:00:57	60.08	6499	44.22	45.6
297	12:01:57	60.08	6499	44.2	45.59
298	12:02:57	60.08	6499	44.17	45.57
299	12:03:57	60.09	6499	44.15	45.55
300	12:04:57	60.09	6499	44.13	45.54
301	12:05:58	60.08	6499	44.11	45.52
302	12:06:58	60.09	6499	44.09	45.5
303	12:07:58	60.08	6499	44.07	45.49
304	12:08:58	60.08	6499	44.05	45.47
305	12:09:58	60.09	6499	44.03	45.45
306	12:10:58	60.08	6499	44.01	45.43
307	12:11:58	60.08	6499	43.99	45.42
308	12:12:58	60.08	6499	43.97	45.4
309	12:13:58	60.08	6499	43.95	45.39
310	12:14:58	60.09	6499	43.93	45.37
311	12:15:58	60.09	6499	43.91	45.35
312	12:16:58	60.09	6499	43.89	45.34
313	12:17:59	60.09	6499	43.87	45.32
314	12:18:59	60.08	6499	43.85	45.31
315	12:19:59	60.07	6499	43.83	45.29
316	12:20:59	60.08	6499	43.81	45.27
317	12:21:59	60.08	6499	43.79	45.26
318	12:22:59	60.08	6499	43.77	45.24
319	12:23:59	60.09	6499	43.75	45.22
320	12:24:59	60.09	6499	43.73	45.21
321	12:25:59	60.09	6499	43.71	45.19
322	12:26:59	60.08	6499	43.69	45.18
323	12:27:59	60.09	6499	43.68	45.16
324	12:28:59	60.08	6499	43.66	45.14
325	12:30:00	60.09	6499	43.64	45.13
326	12:31:00	60.08	6499	43.62	45.11
327	12:32:00	60.08	6499	43.6	45.09
328	12:33:00	60.09	6499	43.58	45.08
329	12:34:00	60.08	6499	43.56	45.06
330	12:35:00	60.08	6499	43.54	45.05
331	12:36:00	60.08	6499	43.52	45.03
332	12:37:00	60.08	6499	43.5	45.01
333	12:38:00	60.09	6499	43.48	45
334	12:39:00	60.09	6499	43.46	44.98
335	12:40:00	60.09	6499	43.45	44.97
336	12:41:01	60.09	6499	43.43	44.95
337	12:42:01	60.08	6499	43.4	44.93
338	12:43:01	60.09	6499	43.38	44.92
339	12:44:01	60.09	6499	43.37	44.9
340	12:45:01	60.08	6499	43.35	44.89
341	12:46:01	60.08	6499	43.33	44.87
342	12:47:01	60.09	6499	43.31	44.86
343	12:48:01	60.08	6499	43.29	44.84
344	12:49:01	60.10	6499	43.27	44.82
345	12:50:01	57.09	6499	43.25	44.81
346	12:50:58	60.32	6499	43.24	44.79
347	12:51:59	60.10	6499	43.22	44.78
348	12:52:59	10.02	6499	43.21	44.77
349	12:53:09	60.34	6499	43.2	44.76
350	12:54:09	16.71	6499	43.18	44.75
351	12:54:26	60.16	6499	43.17	44.74
352	12:55:26	60.07	6499	43.15	44.73
353	12:56:26	60.09	6499	43.13	44.71
354	12:57:26	60.09	6499	43.12	44.7
355	12:58:26	60.08	6499	43.1	44.68
356	12:59:26	60.09	6499	43.08	44.66
357	13:00:26	60.08	6499	43.06	44.65
358	13:01:27	60.09	6499	43.05	44.63
359	13:02:27	60.08	6499	43.03	44.62
360	13:03:27	60.09	6499	43.01	44.6
361	13:04:27	60.08	6499	42.99	44.59
362	13:05:27	60.09	6499	42.97	44.58
363	13:06:27	60.09	6499	42.96	44.56
364	13:07:27	60.08	6499	42.94	44.54
365	13:08:27	60.08	6499	42.92	44.53
366	13:09:27	60.11	6499	42.9	44.51
367	13:10:27	60.08	6499	42.89	44.5
368	13:11:27	60.09	6499	42.87	44.49
369	13:12:27	60.09	6499	42.85	44.47
370	13:13:28	60.09	6499	42.83	44.45
371	13:14:28	60.08	6499	42.82	44.44
372	13:15:28	60.08	6499	42.8	44.42
373	13:16:28	60.09	6499	42.78	44.41
374	13:17:28	60.09	6499	42.77	44.39
375	13:18:28	60.09	6499	42.75	44.38
376	13:19:28	60.09	6499	42.73	44.36
377	13:20:28	60.07	6499	42.71	44.35
378	13:21:28	60.08	6499	42.69	44.33
379	13:22:28	60.08	6499	42.68	44.32
380	13:23:28	60.09	6499	42.66	44.31
381	13:24:29	60.09	6499	42.64	44.29
382	13:25:29	60.09	6499	42.62	44.28
383	13:26:29	60.08	6499	42.6	44.26
384	13:27:29	60.08	6499	42.58	44.25
385	13:28:29	60.09	6499	42.57	44.23
386	13:29:29	60.09	6499	42.55	44.22
387	13:30:29	60.09	6499	42.53	44.2
388	13:31:29	60.10	6499	42.51	44.19
389	13:32:29	60.09	6499	42.49	44.17
390	13:33:29	60.08	6499	42.48	44.16
391	13:34:29	60.08	6499	42.46	44.14
392	13:35:29	60.08	6499	42.44	44.13
393	13:36:30	60.09	6499	42.42	44.12
394	13:37:30	60.09	6499	42.41	44.1
395	13:38:30	60.09	6499	42.39	44.09
396	13:39:30	60.09	6499	42.37	44.07
397	13:40:30	60.08	6499	42.36	44.06
398	13:41:30	60.09	6499	42.34	44.04
399	13:42:30	60.09	6499	42.32	44.03
400	13:43:30	60.09	6499	42.31	44.01
401	13:44:30	60.09	6499	42.29	44
402	13:45:30	60.09	6499	42.27	43.99
403	13:46:30	60.08	6499	42.26	43.97
404	13:47:31	60.09	6499	42.24	43.96
405	13:48:31	60.09	6499	42.22	43.94
406	13:49:31	60.09	6499	42.21	43.93
407	13:50:31	60.09	6499	42.19	43.92
408	13:51:31	60.09	6499	42.18	43.9
409	13:52:31	60.08	6499	42.16	43.89
410	13:53:31	60.08	6499	42.14	43.87
411	13:54:31	60.09	6499	42.13	43.86
412	13:55:31	60.09	6499	42.11	43.85
413	13:56:31	60.09	6499	42.09	43.83
414	13:57:31	60.08	6499	42.08	43.82
415	13:58:32	60.09	6499	42.06	43.8
416	13:59:32	60.09	6499	42.05	43.79
417	14:00:32	60.07	6499	42.03	43.77
418	14:01:32	59.86	6499	42.01	43.76
419	14:02:32	60.07	6499	42	43.75
420	14:03:32	60.09	6499	41.98	43.73
421	14:04:32	60.09	6499	41.97	43.72
422	14:05:32	60.08	6499	41.95	43.7
423	14:06:32	60.08	6499	41.94	43.69
424	14:07:32	60.09	6499	41.92	43.68
425	14:08:32	60.09	6499	41.9	43.66
426	14:09:32	60.09	6499	41.89	43.65
427	14:10:32	60.09	6499	41.87	43.63
428	14:11:32	60.08	6499	41.85	43.62
429	14:12:32	60.21	6499	41.84	43.61
430	14:13:33	60.08	6499	41.82	43.59
431	14:14:33	61.02	6499	41.81	43.58
432	14:15:34	60.18	6499	41.79	43.56
433	14:16:34	60.37	6499	41.78	43.55
434	14:17:34	60.22	6499	41.76	43.54
435	14:18:35	60.95	6499	41.74	43.52
436	14:19:36	60.43	6499	41.73	43.51
437	14:20:36	60.61	6499	41.71	43.49
438	14:21:37	60.66	6499	41.7	43.48
439	14:22:37	60.35	6499	41.68	43.47
440	14:23:38	60.52	6499	41.67	43.45
441	14:24:38	60.55	6499	41.65	43.44
442	14:25:39	60.71	6499	41.63	43.42
443	14:26:39	60.40	6499	41.62	43.41
444	14:27:40	60.51	6499	41.6	43.4
445	14:28:40	60.54	6499	41.59	43.38
446	14:29:41	60.51	6499	41.58	43.37
447	14:30:41	60.73	6499	41.56	43.36
448	14:31:42	60.35	6499	41.55	43.34
449	14:32:42	60.52	6499	41.53	43.33
450	14:33:43	60.56	6499	41.51	43.32
451	14:34:43	60.64	6499	41.5	43.3
452	14:35:44	60.44	6499	41.48	43.29
453	14:36:45	60.10	6499	41.47	43.28
454	14:37:45	60.95	6499	41.45	43.26
455	14:38:46	60.54	6499	41.44	43.25
456	14:39:46	60.57	6499	41.42	43.24
457	14:40:47	60.54	6499	41.4	43.22
458	14:41:47	60.70	6499	41.39	43.21
459	14:42:48	60.37	6499	41.38	43.2
460	14:43:48	60.56	6499	41.36	43.18
461	14:44:49	60.94	6499	41.35	43.17
462	14:45:50	60.29	6499	41.33	43.16
463	14:46:50	60.53	6499	41.32	43.14
464	14:47:51	60.41	6499	41.3	43.13
465	14:48:51	60.55	6499	41.29	43.12
466	14:49:52	60.58	6499	41.27	43.1
467	14:50:52	60.49	6499	41.26	43.09
468	14:51:53	33.03	6499	41.24	43.08
469	14:52:26	60.35	6499	41.23	43.07
470	14:53:26	60.09	6499	41.22	43.06
471	14:54:26	60.10	6499	41.2	43.04
472	14:55:26	60.09	6499	41.19	43.03
473	14:56:26	60.08	6499	41.18	43.02
474	14:57:26	60.09	6499	41.16	43
475	14:58:26	60.08	6499	41.15	42.99
476	14:59:27	60.09	6499	41.13	42.98
477	15:00:27	60.09	6499	41.12	42.96
478	15:01:27	60.09	6499	41.1	42.95
479	15:02:27	60.09	6499	41.09	42.94
480	15:03:27	60.08	6499	41.07	42.92
481	15:04:27	60.08	6499	41.06	42.91
482	15:05:27	60.08	6499	41.05	42.9
483	15:06:27	60.09	6499	41.03	42.89
484	15:07:27	60.09	6499	41.02	42.87
485	15:08:27	60.09	6499	41	42.86
486	15:09:27	60.08	6499	40.99	42.85
487	15:10:28	60.08	6499	40.98	42.83
488	15:11:28	60.09	6499	40.96	42.82
489	15:12:28	60.09	6499	40.95	42.81
490	15:13:28	60.09	6499	40.93	42.79
491	15:14:28	60.09	6499	40.92	42.78
492	15:15:28	60.08	6499	40.9	42.77
493	15:16:28	60.09	6499	40.89	42.75
494	15:17:28	60.08	6499	40.87	42.74
495	15:18:28	60.08	6499	40.86	42.73
496	15:19:28	60.08	6499	40.85	42.72
497	15:20:28	60.08	6499	31.99	33.46
498	15:21:28	60.08	6499	0	0
499	15:22:29	60.09	6499	0	0
500	15:23:29	60.08	6499	0	0
501	15:24:29	60.08	6501	0	0
502	15:25:29	60.09	6501	0	0
503	15:26:29	60.10	6501	-1	-1
504	15:27:29	50.66	6501	2.592	2.831
Created by AtlRunQuery on: 2018-10-17 12:16:56.798310
