LHC beam energy and intensities during run 299243:
(Begin/end of run: Mon May 16 2016 13:46:16 − 15:49:30)

LB	   Start time
(CEST)	   Duration
(sec)	   Beam energy
(GeV)	   Intensity Beam-1
(1e11 protons)	   Intensity Beam-2
(1e11 protons)
1	13:46:16	60.08	6499	748.6	779.4
2	13:47:17	60.09	6499	748.3	779.2
3	13:48:17	60.08	6499	748.1	779
4	13:49:17	10.26	6499	748	778.8
5	13:49:27	10.01	6499	747.9	778.8
6	13:49:37	60.36	6499	747.8	778.7
7	13:50:37	60.09	6499	747.6	778.5
8	13:51:37	60.09	6499	747.3	778.3
9	13:52:38	60.09	6499	747.1	778.1
10	13:53:38	60.09	6499	746.9	777.8
11	13:54:38	60.12	6499	746.7	777.6
12	13:55:38	60.08	6499	746.4	777.4
13	13:56:38	60.09	6499	746.2	777.2
14	13:57:38	33.85	6499	746	777.1
15	13:58:12	15.05	6499	745.9	777
16	13:58:27	60.25	6499	745.8	776.8
17	13:59:27	60.09	6499	745.5	776.6
18	14:00:27	60.09	6499	745.3	776.4
19	14:01:27	60.09	6499	745.1	776.2
20	14:02:27	60.09	6499	744.9	776
21	14:03:28	60.08	6499	744.6	775.7
22	14:04:28	60.09	6499	744.4	775.5
23	14:05:28	60.09	6499	744.2	775.3
24	14:06:28	60.09	6499	744	775.1
25	14:07:28	60.09	6499	743.7	774.9
26	14:08:28	60.09	6499	743.5	774.7
27	14:09:28	60.08	6499	743.3	774.5
28	14:10:28	60.08	6499	743	774.3
29	14:11:28	60.08	6499	742.8	774.1
30	14:12:28	60.09	6499	742.6	773.9
31	14:13:28	60.09	6499	742.4	773.7
32	14:14:28	60.09	6499	742.1	773.5
33	14:15:29	60.09	6499	741.9	773.3
34	14:16:29	60.07	6499	741.7	773.1
35	14:17:29	60.08	6499	741.5	772.8
36	14:18:29	60.08	6499	741.2	772.6
37	14:19:29	60.08	6499	741	772.4
38	14:20:29	60.08	6499	740.7	772.2
39	14:21:29	60.08	6499	740.5	772
40	14:22:29	60.08	6499	740.3	771.8
41	14:23:29	60.07	6499	740.1	771.6
42	14:24:29	60.08	6499	739.9	771.4
43	14:25:29	60.08	6499	739.6	771.2
44	14:26:29	60.08	6499	739.4	771
45	14:27:30	60.08	6499	739.2	770.8
46	14:28:30	60.08	6499	739	770.6
47	14:29:30	60.09	6499	738.8	770.4
48	14:30:30	60.08	6499	738.5	770.2
49	14:31:30	60.07	6499	738.3	770
50	14:32:30	60.08	6499	738.1	769.7
51	14:33:30	60.08	6499	737.8	769.6
52	14:34:30	60.31	6499	737.6	769.4
53	14:35:30	60.58	6499	737.4	769.2
54	14:36:31	60.54	6499	737.2	768.9
55	14:37:32	60.55	6499	736.9	768.7
56	14:38:32	60.54	6499	736.7	768.5
57	14:39:33	60.52	6499	736.5	768.3
58	14:40:33	60.55	6499	736.3	768.1
59	14:41:34	60.57	6499	736.1	767.9
60	14:42:34	60.53	6499	735.8	767.7
61	14:43:35	60.52	6499	735.6	767.5
62	14:44:35	60.10	6499	735.4	767.3
63	14:45:35	60.45	6499	735.2	767.1
64	14:46:36	60.40	6499	735	766.9
65	14:47:36	42.97	6499	734.7	766.7
66	14:48:19	60.43	6499	734.5	766.5
67	14:49:20	60.10	6499	734.3	766.3
68	14:50:20	60.08	6499	734.1	766.1
69	14:51:20	60.08	6499	733.9	765.9
70	14:52:20	60.08	6499	733.6	765.7
71	14:53:20	60.09	6499	733.4	765.5
72	14:54:20	60.11	6499	733.2	765.3
73	14:55:20	60.09	6499	733	765.1
74	14:56:20	60.09	6499	732.8	764.9
75	14:57:20	60.09	6499	732.5	764.7
76	14:58:20	60.08	6499	732.3	764.5
77	14:59:21	60.08	6499	732.1	764.3
78	15:00:21	60.08	6499	731.9	764.1
79	15:01:21	60.09	6499	731.7	763.8
80	15:02:21	60.09	6499	731.4	763.6
81	15:03:21	60.09	6499	731.2	763.4
82	15:04:21	60.09	6499	731	763.2
83	15:05:21	60.09	6499	730.8	763
84	15:06:21	60.09	6499	730.5	762.9
85	15:07:21	60.09	6499	730.3	762.6
86	15:08:21	60.09	6499	730.1	762.4
87	15:09:21	60.09	6499	729.9	762.2
88	15:10:21	60.08	6499	729.7	762
89	15:11:22	60.08	6499	729.5	761.8
90	15:12:22	60.09	6499	729.2	761.6
91	15:13:22	59.92	6499	729	761.4
92	15:14:22	60.01	6499	728.8	761.2
93	15:15:22	60.08	6499	728.5	761
94	15:16:22	60.08	6499	728.3	760.8
95	15:17:22	60.08	6499	728	760.6
96	15:18:22	60.09	6499	727.8	760.4
97	15:19:22	60.10	6499	727.5	760.2
98	15:20:22	60.07	6499	727.3	760
99	15:21:22	60.10	6499	727	759.8
100	15:22:22	60.10	6499	726.8	759.6
101	15:23:22	60.10	6499	726.6	759.4
102	15:24:22	60.08	6499	726.3	759.2
103	15:25:23	60.09	6499	726.1	759
104	15:26:23	60.09	6499	725.9	758.8
105	15:27:23	60.09	6499	725.7	758.6
106	15:28:23	60.09	6499	725.4	758.4
107	15:29:23	60.08	6499	725.2	758.2
108	15:30:23	60.08	6499	725	758
109	15:31:23	60.09	6499	724.8	757.8
110	15:32:23	60.09	6499	724.6	757.6
111	15:33:23	60.09	6499	724.4	757.4
112	15:34:23	60.08	6499	724.2	757.2
113	15:35:23	60.09	6499	724	757
114	15:36:23	60.08	6499	723.7	756.8
115	15:37:24	60.08	6499	723.5	756.6
116	15:38:24	60.09	6499	723.3	756.4
117	15:39:24	60.09	6499	723	756.2
118	15:40:24	60.09	6499	722.8	756
119	15:41:24	60.08	6499	722.6	755.8
120	15:42:24	55.85	6499	722.5	755.6
121	15:43:20	60.30	6499	15.05	15.74
122	15:44:20	60.08	6499	0	0
123	15:45:20	60.09	6499	0	0
124	15:46:20	60.09	6499	0	0
125	15:47:20	60.09	6499	-1	-1
126	15:48:21	69.34	6499	0.008901	0.007066
Created by AtlRunQuery on: 2018-08-03 20:38:13.750022
