LHC beam energy and intensities during run 299241:
(Begin/end of run: Mon May 16 2016 08:39:48 − 13:25:29)

LB	   Start time
(CEST)	   Duration
(sec)	   Beam energy
(GeV)	   Intensity Beam-1
(1e11 protons)	   Intensity Beam-2
(1e11 protons)
1	08:39:48	60.09	450	0.04408	0.07709
2	08:40:48	60.09	450	0.07824	0.07708
3	08:41:48	60.10	450	0.07821	0.07707
4	08:42:48	10.01	450	0.07821	0.07706
5	08:42:58	15.62	450	0.07821	0.07708
6	08:43:13	60.24	449	0.0782	0.07706
7	08:44:14	60.08	450	0.04501	0.04435
8	08:45:14	60.11	450	0.04786	0
9	08:46:14	60.09	450	0.08738	0.06671
10	08:47:14	60.08	450	0.08733	0.07586
11	08:48:14	60.09	450	0.8202	0.07584
12	08:49:14	60.10	450	1.184	1.189
13	08:50:14	60.08	450	1.183	1.211
14	08:51:14	60.09	450	1.181	1.209
15	08:52:14	60.09	450	1.18	1.208
16	08:53:15	60.11	450	1.179	1.207
17	08:54:15	60.09	450	1.178	1.206
18	08:55:15	60.08	450	1.177	1.205
19	08:56:15	60.08	450	1.176	1.204
20	08:57:15	60.09	450	1.175	1.203
21	08:58:15	60.09	450	1.174	1.202
22	08:59:15	60.09	450	1.173	1.201
23	09:00:15	60.09	450	1.172	1.201
24	09:01:15	60.09	450	1.172	1.2
25	09:02:15	60.09	450	1.169	1.199
26	09:03:15	60.08	450	1.165	10.09
27	09:04:15	60.08	450	5.616	13.5
28	09:05:16	60.08	449	13.39	13.49
29	09:06:16	60.09	450	83.96	13.49
30	09:07:16	60.09	450	130.4	13.49
31	09:08:16	60.08	450	155.4	82.64
32	09:09:16	60.08	450	155.2	84.07
33	09:10:16	60.08	450	155.1	101.8
34	09:11:16	60.09	450	154.9	151.9
35	09:12:16	60.09	450	219.7	151.9
36	09:13:16	60.09	450	227.6	151.8
37	09:14:16	60.09	450	240.3	151.7
38	09:15:16	60.09	450	298.6	186.5
39	09:16:17	60.11	450	357.3	221.7
40	09:17:17	60.09	450	404.8	221.5
41	09:18:17	60.09	450	450.7	221.4
42	09:19:17	60.10	450	513.1	221.3
43	09:20:17	60.07	449	564.9	221.2
44	09:21:17	60.08	450	582.1	221.1
45	09:22:17	60.08	450	583.1	271.4
46	09:23:17	60.09	450	656.8	292.6
47	09:24:17	60.08	450	656.1	292.6
48	09:25:17	60.08	450	676.8	362.5
49	09:26:17	60.08	450	723.5	362.4
50	09:27:17	60.08	450	722.7	362.2
51	09:28:18	60.08	450	721.9	362
52	09:29:18	60.07	450	721.1	361.8
53	09:30:18	60.08	450	720.3	361.6
54	09:31:18	60.09	450	779.3	375.8
55	09:32:18	60.08	450	823.2	432.5
56	09:33:18	60.08	450	854.5	432.3
57	09:34:18	60.08	450	853.5	432
58	09:35:18	60.09	450	852.5	431.8
59	09:36:18	60.09	450	851.5	431.5
60	09:37:18	60.09	450	850.5	431.3
61	09:38:18	60.08	450	849.4	431
62	09:39:18	60.08	450	848.4	430.7
63	09:40:19	60.09	450	847.4	430.4
64	09:41:19	60.09	450	846.3	430.1
65	09:42:19	60.08	450	845.3	453.3
66	09:43:19	60.08	450	844.2	497.6
67	09:44:19	60.09	450	843.1	497.3
68	09:45:19	60.09	450	842.1	539.8
69	09:46:19	60.09	450	841	583.6
70	09:47:19	60.10	450	839.9	634.4
71	09:48:19	60.10	450	838.8	634
72	09:49:19	60.08	450	837.7	668.8
73	09:50:19	60.09	450	836.5	758.3
74	09:51:20	60.09	450	835	768.3
75	09:52:20	60.09	450	833.7	778.4
76	09:53:20	60.09	450	832.2	839.8
77	09:54:20	60.09	450	830.8	839.2
78	09:55:20	60.09	450	829.3	838.4
79	09:56:20	60.08	450	827.9	837.7
80	09:57:20	60.08	450	826.5	836.9
81	09:58:20	60.09	450	825	836.2
82	09:59:20	60.09	450	823.6	835.4
83	10:00:20	60.09	450	822.1	834.6
84	10:01:20	60.09	450	820.6	833.9
85	10:02:20	60.08	450	818.9	833.2
86	10:03:21	60.09	452	817	832.2
87	10:04:21	28.47	507	816.3	831.5
88	10:04:49	60.16	558	816	831.1
89	10:05:49	60.09	718	815.8	830.7
90	10:06:49	60.09	939	815.6	830.4
91	10:07:49	60.08	1227	815.5	830.2
92	10:08:50	15.16	1579	815.5	830.1
93	10:09:05	60.20	1665	815.5	829.9
94	10:10:05	60.09	2013	815.4	829.6
95	10:11:05	60.09	2360	815.3	829.1
96	10:12:05	60.09	2708	815	828.6
97	10:13:05	60.10	3055	814.9	828.4
98	10:14:05	60.09	3402	814.6	826.8
99	10:15:05	60.08	3750	814.2	827.7
100	10:16:05	60.09	4097	813.7	827.4
101	10:17:06	60.09	4450	813	827.2
102	10:18:06	60.09	4798	812.3	827
103	10:19:06	60.09	5145	811.7	826.8
104	10:20:06	60.09	5493	811.4	826.7
105	10:21:06	60.08	5840	811.2	826.6
106	10:22:06	60.09	6188	810.9	826.5
107	10:23:06	32.82	6496	810.5	826.4
108	10:23:39	10.24	6499	810.5	826.3
109	10:23:49	60.34	6499	810.4	826.3
110	10:24:49	60.08	6499	810.2	826.2
111	10:25:50	60.09	6499	810	826.1
112	10:26:50	60.09	6499	809.9	826.1
113	10:27:50	60.08	6499	809.8	826
114	10:28:50	60.09	6499	809.6	825.9
115	10:29:50	60.09	6499	809.5	825.8
116	10:30:50	60.10	6499	809.4	825.7
117	10:31:50	60.08	6499	809.1	825.7
118	10:32:50	60.09	6499	808.4	825.7
119	10:33:50	60.08	6499	808.1	825.7
120	10:34:50	60.08	6499	808.1	825.6
121	10:35:50	60.09	6499	807.2	825.5
122	10:36:50	60.09	6499	807	825.5
123	10:37:51	60.09	6499	807	825.4
124	10:38:51	60.09	6499	807	825.4
125	10:39:51	60.09	6499	807	825.3
126	10:40:51	60.09	6499	807	825.3
127	10:41:51	60.09	6499	806.9	825.2
128	10:42:51	60.09	6499	806.9	825.2
129	10:43:51	60.09	6499	806.9	825
130	10:44:51	60.10	6499	806.8	824.9
131	10:45:51	60.09	6499	806.8	824.8
132	10:46:51	60.09	6499	806.7	824.6
133	10:47:51	60.09	6499	806.6	824.5
134	10:48:52	53.29	6499	806.4	824.3
135	10:49:45	60.38	6499	806.2	824.1
136	10:50:45	60.09	6499	806.1	824
137	10:51:45	60.08	6499	805.6	823.7
138	10:52:45	60.09	6499	804.5	823.2
139	10:53:45	60.09	6499	803.8	822.8
140	10:54:46	60.09	6499	803.8	822.8
141	10:55:46	60.09	6499	803.8	822.7
142	10:56:46	30.26	6499	803.5	822.6
143	10:57:16	60.37	6499	803.2	822.4
144	10:58:16	60.08	6499	802.6	822.1
145	10:59:16	60.08	6499	802.1	821.7
146	11:00:17	60.09	6499	801.6	821.3
147	11:01:17	60.09	6499	801.1	820.9
148	11:02:17	60.09	6499	800.6	820.5
149	11:03:17	60.09	6499	800	820.2
150	11:04:17	60.08	6499	799.6	819.8
151	11:05:17	60.08	6499	799.1	819.5
152	11:06:17	60.08	6499	798.5	819.2
153	11:07:17	60.09	6499	797.9	818.9
154	11:08:17	60.09	6499	797.4	818.5
155	11:09:17	60.09	6499	796.9	818.2
156	11:10:17	60.09	6499	796.4	817.9
157	11:11:18	60.08	6499	795.9	817.6
158	11:12:18	32.22	6499	795.6	817.4
159	11:12:50	60.41	6499	795.2	817.2
160	11:13:50	60.08	6499	794.8	816.9
161	11:14:50	60.09	6499	794.3	816.6
162	11:15:50	60.09	6499	793.8	816.3
163	11:16:50	60.09	6499	793.3	816
164	11:17:51	60.08	6499	792.9	815.6
165	11:18:51	60.10	6499	792.5	815.3
166	11:19:51	60.08	6499	792	815
167	11:20:51	60.08	6499	791.6	814.7
168	11:21:51	37.31	6499	791.3	814.5
169	11:22:28	60.35	6499	790.9	814.2
170	11:23:29	60.09	6499	790.5	814
171	11:24:29	60.08	6499	790.1	813.7
172	11:25:29	60.08	6499	789.6	813.4
173	11:26:29	60.09	6499	789.2	813
174	11:27:29	60.09	6499	788.8	812.7
175	11:28:29	60.09	6499	788.5	812.4
176	11:29:29	60.10	6499	788.1	812.1
177	11:30:29	60.09	6499	787.7	811.8
178	11:31:29	60.08	6499	787.3	811.6
179	11:32:29	60.08	6499	786.9	811.3
180	11:33:29	60.10	6499	786.6	811
181	11:34:30	60.09	6499	786.2	810.7
182	11:35:30	60.09	6499	785.9	810.4
183	11:36:30	60.09	6499	785.6	810.1
184	11:37:30	36.41	6499	785.3	809.9
185	11:38:06	60.22	6499	785.1	809.7
186	11:39:06	60.09	6499	784.7	809.4
187	11:40:07	60.09	6499	784.3	809.1
188	11:41:07	60.09	6499	784	808.9
189	11:42:07	60.09	6499	783.7	808.6
190	11:43:07	60.09	6499	783.4	808.3
191	11:44:07	60.08	6499	783.1	808.1
192	11:45:07	60.09	6499	782.8	807.8
193	11:46:07	60.09	6499	782.4	807.5
194	11:47:07	60.09	6499	782.1	807.2
195	11:48:07	60.09	6499	781.8	807
196	11:49:07	60.08	6499	781.4	806.7
197	11:50:07	60.08	6499	781.1	806.5
198	11:51:07	60.08	6499	780.8	806.2
199	11:52:08	39.83	6499	780.5	806
200	11:52:47	30.92	6499	780.3	805.8
201	11:53:18	60.43	6499	780.1	805.7
202	11:54:19	60.10	6499	779.7	805.4
203	11:55:19	60.09	6499	779.4	805.2
204	11:56:19	60.08	6499	779	804.9
205	11:57:19	60.08	6499	778.7	804.6
206	11:58:19	60.09	6499	778.4	804.3
207	11:59:19	60.10	6499	778	804.1
208	12:00:19	60.09	6499	777.7	803.8
209	12:01:19	60.09	6499	777.4	803.6
210	12:02:19	60.09	6499	777.1	803.3
211	12:03:20	60.08	6499	776.7	803
212	12:04:20	60.08	6499	776.4	802.8
213	12:05:20	60.09	6499	776.1	800.5
214	12:06:20	60.09	6499	775.7	802.3
215	12:07:20	60.09	6499	775.4	802
216	12:08:20	60.09	6499	775	801.8
217	12:09:20	60.09	6499	774.7	801.5
218	12:10:20	60.08	6499	774.4	801.3
219	12:11:20	60.08	6499	774	801
220	12:12:20	60.09	6499	773.7	800.8
221	12:13:20	60.10	6499	773.4	800.5
222	12:14:21	60.09	6499	773.1	800.3
223	12:15:21	60.09	6499	772.7	800
224	12:16:21	60.09	6499	772.4	799.8
225	12:17:21	60.08	6499	772	799.5
226	12:18:21	60.09	6499	771.7	799.3
227	12:19:21	60.09	6499	771.4	799.1
228	12:20:21	60.06	6499	771.1	798.8
229	12:21:21	60.10	6499	770.8	798.6
230	12:22:21	60.08	6499	770.5	798.4
231	12:23:21	60.08	6499	770.2	798.1
232	12:24:21	60.09	6499	769.9	797.9
233	12:25:21	60.09	6499	769.5	797.6
234	12:26:22	60.09	6499	769.2	797.4
235	12:27:22	60.08	6499	768.9	797.1
236	12:28:22	60.08	6499	768.7	796.9
237	12:29:22	60.11	6499	768.4	796.7
238	12:30:22	60.45	6499	768.1	796.5
239	12:31:22	60.61	6499	767.8	796.2
240	12:32:23	60.50	6499	767.5	796
241	12:33:23	60.54	6499	767.2	795.7
242	12:34:24	60.59	6499	766.9	795.4
243	12:35:25	60.49	6499	766.6	795.2
244	12:36:25	60.55	6499	766.3	795
245	12:37:26	60.53	6499	766	794.8
246	12:38:26	64.83	6499	765.7	794.5
247	12:39:31	60.10	6499	765.4	794.3
248	12:40:31	60.09	6499	765.1	794
249	12:41:31	60.09	6499	764.8	793.8
250	12:42:31	60.09	6499	764.6	793.6
251	12:43:31	60.09	6499	764.3	793.3
252	12:44:31	60.08	6499	764	793.1
253	12:45:32	60.12	6499	763.7	792.9
254	12:46:32	60.28	6499	763.4	792.6
255	12:47:32	60.53	6499	763.2	792.4
256	12:48:32	60.54	6499	762.9	792.2
257	12:49:33	60.62	6499	762.6	791.9
258	12:50:34	60.47	6499	762.4	791.7
259	12:51:34	60.56	6499	762.1	791.4
260	12:52:35	60.68	6499	761.8	791.2
261	12:53:35	60.58	6499	761.6	791
262	12:54:36	60.37	6499	761.3	790.7
263	12:55:36	60.56	6499	761.1	790.5
264	12:56:37	60.55	6499	760.8	790.3
265	12:57:37	60.68	6499	760.5	790
266	12:58:38	60.41	6499	760.3	789.8
267	12:59:38	60.53	6499	760	789.6
268	13:00:39	60.09	6499	759.7	789.4
269	13:01:39	60.23	6499	759.5	789.2
270	13:02:39	60.54	6499	759.2	788.9
271	13:03:40	60.60	6499	759	788.7
272	13:04:40	60.09	6499	758.7	788.5
273	13:05:41	60.09	6499	758.4	788.2
274	13:06:41	60.09	6499	758.2	788
275	13:07:41	60.08	6499	757.9	787.8
276	13:08:41	60.09	6499	757.7	787.6
277	13:09:41	60.09	6499	757.4	787.4
278	13:10:41	60.09	6499	757.2	787.1
279	13:11:41	60.10	6499	756.9	786.9
280	13:12:41	60.09	6499	756.7	786.7
281	13:13:41	60.09	6499	756.4	786.5
282	13:14:41	60.09	6499	756.2	786.2
283	13:15:41	60.09	6499	755.9	786
284	13:16:42	60.08	6499	755.6	785.8
285	13:17:42	60.08	6499	755.4	785.6
286	13:18:42	60.08	6499	755.2	785.3
287	13:19:42	60.08	6499	754.9	785.1
288	13:20:42	60.09	6499	754.7	784.9
289	13:21:42	60.08	6499	754.4	784.7
290	13:22:42	60.09	6499	754.2	784.5
291	13:23:42	60.09	6499	753.9	784.2
292	13:24:42	46.28	6499	753.6	784
Created by AtlRunQuery on: 2018-11-21 10:58:57.821799
