LHC beam energy and intensities during run 299584:
(Begin/end of run: Fri May 20 2016 02:55:25 − Sat May 21, 16:09:37)

LB	   Start time
(CEST)	   Duration
(sec)	   Beam energy
(GeV)	   Intensity Beam-1
(1e11 protons)	   Intensity Beam-2
(1e11 protons)
1	02:55:25	60.08	450	99.11	48.57
2	02:56:25	60.08	450	99.09	97.06
3	02:57:25	60.10	450	118.2	97.06
4	02:58:25	60.08	450	170.5	138.9
5	02:59:26	60.09	450	236.7	184.5
6	03:00:26	60.09	450	242.7	239.5
7	03:01:26	60.08	450	242.5	239.5
8	03:02:26	60.08	450	242.4	239.5
9	03:03:26	60.09	450	242.3	239.4
10	03:04:26	60.09	450	242.2	239.4
11	03:05:26	60.09	450	299.6	247.4
12	03:06:26	60.09	450	314.4	310.9
13	03:07:26	50.94	450	314.3	310.9
14	03:08:17	60.19	450	314.1	310.9
15	03:09:17	10.02	450	314	310.8
16	03:09:27	60.09	450	318.9	310.8
17	03:10:27	60.09	450	385.3	338.5
18	03:11:28	40.50	450	385.1	381.4
19	03:12:08	15.01	450	357.2	354.1
20	03:12:23	60.41	450	428.3	373.4
21	03:13:23	60.09	450	473.5	425.4
22	03:14:24	60.08	450	502.1	513.2
23	03:15:24	60.08	450	542	568.6
24	03:16:24	60.09	450	588.5	568.5
25	03:17:24	60.09	450	644.2	605
26	03:18:24	60.09	450	703.7	648.3
27	03:19:24	60.09	449	747.6	706.9
28	03:20:24	60.07	450	794.2	764
29	03:21:24	60.08	450	857.4	810.3
30	03:22:24	60.09	450	910.4	848.3
31	03:23:24	60.09	450	952.9	848
32	03:24:24	60.09	450	997.3	897.2
33	03:25:25	60.10	450	1062	942.6
34	03:26:25	60.09	450	1110	985.2
35	03:27:25	60.08	450	1130	1076
36	03:28:25	60.09	450	1129	1123
37	03:29:25	60.09	450	1128	1122
38	03:30:25	60.09	450	1128	1122
39	03:31:25	10.01	450	1127	1122
40	03:31:35	60.09	450	1140	1135
41	03:32:35	60.08	450	1139	1135
42	03:33:35	60.08	453	1138	1134
43	03:34:35	14.18	513	1137	1134
44	03:34:50	60.18	539	1137	1133
45	03:35:50	60.09	689	1137	1133
46	03:36:50	60.09	900	1136	1133
47	03:37:50	25.60	1177	1136	1133
48	03:38:15	60.03	1316	1136	1133
49	03:39:15	60.08	1663	1136	1133
50	03:40:16	60.07	2016	1136	1132
51	03:41:16	60.09	2364	1136	1132
52	03:42:16	60.09	2711	1136	1132
53	03:43:16	60.09	3059	1135	1131
54	03:44:16	60.08	3406	1135	1131
55	03:45:16	60.08	3753	1135	1131
56	03:46:16	60.08	4101	1135	1131
57	03:47:16	60.09	4448	1135	1131
58	03:48:16	60.09	4796	1135	1131
59	03:49:16	60.10	5143	1134	1131
60	03:50:16	60.09	5490	1134	1130
61	03:51:17	60.09	5844	1134	1130
62	03:52:17	60.11	6191	1134	1130
63	03:53:17	23.92	6497	1133	1130
64	03:53:41	17.76	6499	1133	1130
65	03:53:58	60.47	6499	1133	1130
66	03:54:59	60.09	6499	1133	1130
67	03:55:59	60.09	6499	1133	1130
68	03:56:59	60.09	6499	1133	1130
69	03:57:59	60.08	6499	1133	1130
70	03:58:59	60.08	6499	1133	1130
71	03:59:59	60.09	6499	1132	1130
72	04:00:59	60.09	6499	1132	1130
73	04:01:59	60.09	6499	1132	1129
74	04:03:00	60.09	6499	1131	1129
75	04:04:00	60.08	6499	1131	1129
76	04:05:00	60.07	6499	1131	1129
77	04:06:00	60.08	6499	1131	1129
78	04:07:00	60.09	6499	1131	1129
79	04:08:00	60.10	6499	1131	1129
80	04:09:00	60.08	6499	1131	1129
81	04:10:00	60.09	6499	1131	1129
82	04:11:00	60.08	6499	1131	1129
83	04:12:00	60.08	6499	1131	1129
84	04:13:00	60.08	6499	1131	1129
85	04:14:00	60.09	6499	1130	1129
86	04:15:01	60.09	6499	1130	1128
87	04:16:01	60.09	6499	1130	1128
88	04:17:01	28.64	6499	1130	1128
89	04:17:29	60.24	6499	1130	1128
90	04:18:30	60.08	6499	1130	1128
91	04:19:30	60.08	6499	1129	1128
92	04:20:30	60.09	6499	1129	1127
93	04:21:30	60.09	6499	1128	1127
94	04:22:30	60.09	6499	1128	1127
95	04:23:30	60.09	6499	1128	1127
96	04:24:30	60.08	6499	1128	1127
97	04:25:30	60.08	6499	1127	1126
98	04:26:30	60.08	6499	1127	1126
99	04:27:30	60.08	6499	1126	1126
100	04:28:30	60.08	6499	1126	1125
101	04:29:31	60.09	6499	1125	1125
102	04:30:31	60.09	6499	1125	1125
103	04:31:31	60.08	6499	1124	1124
104	04:32:31	60.08	6499	1124	1124
105	04:33:31	60.08	6499	1123	1123
106	04:34:31	60.08	6499	1123	1123
107	04:35:31	60.09	6499	1122	1123
108	04:36:31	60.09	6499	1121	1122
109	04:37:31	60.08	6499	1121	1122
110	04:38:31	47.57	6499	1120	1121
111	04:39:19	41.98	6499	1119	1121
112	04:40:01	60.40	6499	1119	1120
113	04:41:01	60.41	6499	1118	1120
114	04:42:02	30.14	6499	1117	1120
115	04:42:32	60.42	6499	1117	1119
116	04:43:32	40.42	6499	1116	1119
117	04:44:13	20.13	6499	1116	1119
118	04:44:33	60.38	6499	1115	1118
119	04:45:33	60.08	6499	1115	1118
120	04:46:33	60.08	6499	1114	1117
121	04:47:33	60.09	6499	1113	1117
122	04:48:33	15.64	6499	1113	1117
123	04:48:49	44.70	6499	1112	1116
124	04:49:34	60.33	6499	1112	1116
125	04:50:34	60.09	6499	1111	1116
126	04:51:34	60.08	6499	1111	1115
127	04:52:34	37.51	6499	1110	1115
128	04:53:12	23.00	6499	1110	1114
129	04:53:35	60.40	6499	1109	1114
130	04:54:35	60.09	6499	1109	1114
131	04:55:35	60.09	6499	1108	1113
132	04:56:35	60.09	6499	1107	1113
133	04:57:35	60.08	6499	1107	1112
134	04:58:36	60.08	6499	1106	1112
135	04:59:36	60.10	6499	1106	1111
136	05:00:36	60.08	6499	1105	1111
137	05:01:36	60.09	6499	1105	1111
138	05:02:36	60.09	6499	1104	1110
139	05:03:36	60.09	6499	1104	1110
140	05:04:36	60.09	6499	1103	1109
141	05:05:36	60.08	6499	1103	1109
142	05:06:36	60.08	6499	1102	1109
143	05:07:36	60.09	6499	1102	1108
144	05:08:36	60.09	6499	1101	1108
145	05:09:36	60.09	6499	1101	1107
146	05:10:37	60.09	6499	1100	1107
147	05:11:37	60.09	6499	1100	1106
148	05:12:37	60.11	6499	1099	1106
149	05:13:37	60.08	6499	1099	1106
150	05:14:37	60.09	6499	1098	1105
151	05:15:37	60.09	6499	1098	1105
152	05:16:37	60.09	6499	1097	1104
153	05:17:37	60.08	6499	1096	1104
154	05:18:37	60.08	6499	1096	1104
155	05:19:37	60.07	6499	1095	1103
156	05:20:37	60.07	6499	1095	1103
157	05:21:38	60.08	6499	1094	1102
158	05:22:38	60.08	6499	1094	1102
159	05:23:38	60.09	6499	1093	1102
160	05:24:38	60.09	6499	1093	1101
161	05:25:38	60.10	6499	1093	1101
162	05:26:38	60.08	6499	1092	1100
163	05:27:38	60.09	6499	1092	1100
164	05:28:38	60.09	6499	1091	1100
165	05:29:38	60.09	6499	1091	1099
166	05:30:38	60.09	6499	1090	1099
167	05:31:38	60.08	6499	1090	1098
168	05:32:38	60.08	6499	1089	1098
169	05:33:39	60.09	6499	1089	1098
170	05:34:39	60.08	6499	1088	1097
171	05:35:39	60.09	6499	1088	1097
172	05:36:39	60.09	6499	1087	1096
173	05:37:39	60.09	6499	1087	1096
174	05:38:39	60.07	6499	1087	1096
175	05:39:39	60.08	6499	1086	1095
176	05:40:39	60.08	6499	1086	1095
177	05:41:39	60.09	6499	1085	1094
178	05:42:39	60.09	6499	1085	1094
179	05:43:39	60.09	6499	1084	1094
180	05:44:40	60.08	6499	1084	1093
181	05:45:40	60.09	6499	1084	1093
182	05:46:40	60.09	6499	1083	1092
183	05:47:40	60.08	6499	1083	1092
184	05:48:40	60.09	6499	1082	1092
185	05:49:40	60.08	6499	1082	1091
186	05:50:40	60.08	6499	1082	1091
187	05:51:40	60.09	6499	1081	1091
188	05:52:40	60.09	6499	1081	1090
189	05:53:40	60.05	6499	1080	1090
190	05:54:40	60.28	6499	1080	1089
191	05:55:41	60.71	6499	1080	1089
192	05:56:41	60.39	6499	1079	1089
193	05:57:42	60.56	6499	1079	1088
194	05:58:42	60.55	6499	1078	1088
195	05:59:43	60.56	6499	1078	1088
196	06:00:43	60.50	6499	1078	1087
197	06:01:44	60.61	6499	1077	1087
198	06:02:44	60.48	6499	1077	1086
199	06:03:45	46.89	6499	1077	1086
200	06:04:32	60.01	6499	1076	1086
201	06:05:32	60.09	6499	1076	1085
202	06:06:32	60.09	6499	1075	1085
203	06:07:32	60.08	6499	1075	1085
204	06:08:32	60.08	6499	1075	1084
205	06:09:32	60.09	6499	1074	1084
206	06:10:32	60.07	6499	1074	1084
207	06:11:32	60.09	6499	1073	1083
208	06:12:32	60.09	6499	1073	1083
209	06:13:33	60.09	6499	1073	1082
210	06:14:33	60.09	6499	1072	1082
211	06:15:33	60.09	6499	1072	1082
212	06:16:33	60.08	6499	1072	1081
213	06:17:33	60.08	6499	1071	1081
214	06:18:33	60.09	6499	1071	1081
215	06:19:33	60.08	6499	1070	1080
216	06:20:33	60.07	6499	1070	1080
217	06:21:33	60.08	6499	1070	1080
218	06:22:33	40.88	6499	1069	1079
219	06:23:14	10.20	6499	1069	1079
220	06:23:24	60.10	6499	1069	1079
221	06:24:24	60.08	6499	1068	1079
222	06:25:25	60.08	6499	1068	1078
223	06:26:25	60.09	6499	1068	1078
224	06:27:25	60.08	6499	1067	1077
225	06:28:25	60.09	6499	1067	1077
226	06:29:25	60.09	6499	1066	1077
227	06:30:25	60.08	6499	1066	1076
228	06:31:25	21.24	6499	1066	1076
229	06:31:46	60.11	6499	1065	1076
230	06:32:46	26.73	6499	1065	1076
231	06:33:13	14.59	6499	1065	1075
232	06:33:28	60.07	6499	1065	1075
233	06:34:28	60.09	6499	1064	1075
234	06:35:28	60.09	6499	1064	1075
235	06:36:28	60.08	6499	1064	1074
236	06:37:28	60.08	6499	1063	1074
237	06:38:28	60.08	6499	1063	1073
238	06:39:28	60.09	6499	1063	1073
239	06:40:28	60.09	6499	1062	1073
240	06:41:28	10.02	6499	1062	1072
241	06:41:38	10.77	6499	1062	1072
242	06:41:49	60.09	6499	1062	1072
243	06:42:49	60.09	6499	1061	1072
244	06:43:49	60.08	6499	1061	1072
245	06:44:49	60.08	6499	1061	1071
246	06:45:50	60.08	6499	1060	1071
247	06:46:50	60.09	6499	1060	1070
248	06:47:50	60.09	6499	1060	1070
249	06:48:50	60.09	6499	1059	1070
250	06:49:50	60.10	6499	1059	1069
251	06:50:50	60.08	6499	1059	1069
252	06:51:50	60.08	6499	1058	1069
253	06:52:50	60.08	6499	1058	1068
254	06:53:50	60.09	6499	1058	1068
255	06:54:50	60.09	6499	1057	1068
256	06:55:50	60.09	6499	1057	1067
257	06:56:50	60.08	6499	1056	1067
258	06:57:51	60.09	6499	1056	1067
259	06:58:51	60.09	6499	1056	1066
260	06:59:51	60.09	6499	1055	1066
261	07:00:51	60.09	6499	1055	1066
262	07:01:51	60.09	6499	1055	1065
263	07:02:51	60.08	6499	1054	1065
264	07:03:51	60.09	6499	1054	1065
265	07:04:51	60.09	6499	1054	1064
266	07:05:51	60.09	6499	1053	1064
267	07:06:51	60.09	6499	1053	1064
268	07:07:51	60.09	6499	1052	1063
269	07:08:52	60.08	6499	1052	1063
270	07:09:52	60.09	6499	1052	1063
271	07:10:52	60.09	6499	1051	1062
272	07:11:52	60.09	6499	1051	1062
273	07:12:52	60.08	6499	1051	1062
274	07:13:52	60.08	6499	1050	1061
275	07:14:52	60.09	6499	1050	1061
276	07:15:52	57.76	6499	1050	1060
277	07:16:50	60.16	6499	1049	1060
278	07:17:50	60.08	6499	1049	1060
279	07:18:50	60.09	6499	1048	1059
280	07:19:50	60.07	6499	1048	1059
281	07:20:50	25.45	6499	1048	1059
282	07:21:16	14.98	6499	1048	1059
283	07:21:31	60.22	6499	1047	1059
284	07:22:31	60.08	6499	1047	1058
285	07:23:31	60.09	6499	1047	1058
286	07:24:31	60.08	6499	1046	1058
287	07:25:31	60.10	6499	1046	1057
288	07:26:31	60.09	6499	1046	1057
289	07:27:31	60.09	6499	1045	1057
290	07:28:31	60.07	6499	1045	1056
291	07:29:32	60.14	6499	1045	1056
292	07:30:32	16.59	6499	1044	1056
293	07:30:48	60.02	6499	1044	1055
294	07:31:48	60.08	6499	1044	1055
295	07:32:48	60.09	6499	1043	1055
296	07:33:48	60.08	6499	1043	1054
297	07:34:49	60.08	6499	1043	1054
298	07:35:49	60.09	6499	1042	1054
299	07:36:49	60.09	6499	1042	1053
300	07:37:49	60.09	6499	1042	1053
301	07:38:49	60.08	6499	1041	1053
302	07:39:49	60.09	6499	1041	1052
303	07:40:49	60.10	6499	1041	1050
304	07:41:49	60.08	6499	1040	1052
305	07:42:49	60.09	6499	1040	1051
306	07:43:49	60.09	6499	1040	1051
307	07:44:49	60.09	6499	1039	1051
308	07:45:50	60.09	6499	1039	1050
309	07:46:50	60.08	6499	1039	1050
310	07:47:50	23.19	6499	1038	1050
311	07:48:13	14.60	6499	1038	1050
312	07:48:27	60.09	6499	1038	1050
313	07:49:28	60.09	6499	1038	1049
314	07:50:28	60.09	6499	1038	1049
315	07:51:28	60.09	6499	1037	1049
316	07:52:28	60.09	6499	1037	1048
317	07:53:28	60.08	6499	1037	1048
318	07:54:28	60.08	6499	1036	1048
319	07:55:28	60.08	6499	1036	1047
320	07:56:28	60.08	6499	1035	1047
321	07:57:28	60.09	6499	1035	1047
322	07:58:28	60.09	6499	1035	1046
323	07:59:28	60.08	6499	1034	1046
324	08:00:29	60.08	6499	1034	1046
325	08:01:29	60.09	6499	1034	1045
326	08:02:29	60.09	6499	1033	1045
327	08:03:29	60.09	6499	1033	1045
328	08:04:29	60.09	6499	1033	1044
329	08:05:29	60.08	6499	1032	1044
330	08:06:29	60.07	6499	1032	1044
331	08:07:29	60.08	6499	1032	1043
332	08:08:29	60.09	6499	1031	1043
333	08:09:29	60.09	6499	1031	1043
334	08:10:29	60.09	6499	1031	1042
335	08:11:29	60.11	6499	1030	1042
336	08:12:30	60.08	6499	1030	1042
337	08:13:30	60.08	6499	1030	1041
338	08:14:30	60.09	6499	1029	1041
339	08:15:30	60.09	6499	1029	1041
340	08:16:30	60.09	6499	1029	1040
341	08:17:30	60.09	6499	1028	1040
342	08:18:30	60.09	6499	1028	1040
343	08:19:30	60.07	6499	1027	1039
344	08:20:30	60.06	6499	1027	1039
345	08:21:30	60.08	6499	1027	1039
346	08:22:30	60.09	6499	1026	1038
347	08:23:30	60.09	6499	1026	1038
348	08:24:31	60.09	6499	1026	1038
349	08:25:31	60.09	6499	1025	1037
350	08:26:31	60.09	6499	1025	1037
351	08:27:31	60.08	6499	1025	1037
352	08:28:31	60.08	6499	1024	1037
353	08:29:31	60.08	6499	1024	1036
354	08:30:31	60.10	6499	1024	1036
355	08:31:31	60.09	6499	1023	1036
356	08:32:31	60.09	6499	1023	1035
357	08:33:31	60.08	6499	1023	1035
358	08:34:31	60.08	6499	1022	1035
359	08:35:32	60.08	6499	1022	1034
360	08:36:32	60.09	6499	1022	1034
361	08:37:32	60.08	6499	1021	1034
362	08:38:32	60.09	6499	1021	1033
363	08:39:32	60.09	6499	1021	1033
364	08:40:32	60.08	6499	1020	1033
365	08:41:32	60.08	6499	1020	1032
366	08:42:32	60.09	6499	1020	1032
367	08:43:32	60.08	6499	1019	1032
368	08:44:32	60.08	6499	1019	1031
369	08:45:32	60.09	6499	1019	1031
370	08:46:32	60.08	6499	1018	1031
371	08:47:33	60.07	6499	1018	1030
372	08:48:33	60.08	6499	1018	1030
373	08:49:33	60.08	6499	1018	1030
374	08:50:33	60.09	6499	1017	1029
375	08:51:33	60.09	6499	1017	1029
376	08:52:33	60.09	6499	1017	1029
377	08:53:33	60.08	6499	1016	1029
378	08:54:33	60.08	6499	1016	1028
379	08:55:33	60.08	6499	1016	1028
380	08:56:33	60.08	6499	1015	1028
381	08:57:33	60.09	6499	1015	1027
382	08:58:33	60.09	6499	1015	1027
383	08:59:34	60.09	6499	1014	1027
384	09:00:34	60.09	6499	1014	1026
385	09:01:34	60.08	6499	1014	1026
386	09:02:34	60.08	6499	1013	1026
387	09:03:34	60.09	6499	1011	1023
388	09:04:34	60.09	6499	1013	1025
389	09:05:34	60.09	6499	1012	1025
390	09:06:34	60.10	6499	1012	1024
391	09:07:34	60.08	6499	1012	1024
392	09:08:34	60.09	6499	1011	1024
393	09:09:34	60.09	6499	1011	1023
394	09:10:34	60.09	6499	1011	1023
395	09:11:35	60.09	6499	1010	1023
396	09:12:35	60.09	6499	1010	1023
397	09:13:35	60.09	6499	1010	1022
398	09:14:35	60.08	6499	1010	1022
399	09:15:35	60.09	6499	1009	1022
400	09:16:35	60.08	6499	1009	1021
401	09:17:35	60.09	6499	1009	1021
402	09:18:35	60.09	6499	1008	1021
403	09:19:35	60.09	6499	1008	1021
404	09:20:35	60.09	6499	1008	1020
405	09:21:35	60.09	6499	1007	1020
406	09:22:36	60.10	6499	1007	1020
407	09:23:36	60.09	6499	1007	1019
408	09:24:36	60.09	6499	1007	1019
409	09:25:36	60.09	6499	1006	1019
410	09:26:36	60.08	6499	1006	1018
411	09:27:36	60.09	6499	1006	1018
412	09:28:36	10.02	6499	1005	1018
413	09:28:46	52.23	6499	1005	1018
414	09:29:38	60.98	6499	1005	1017
415	09:30:39	60.44	6499	1005	1017
416	09:31:40	60.09	6499	1004	1017
417	09:32:40	60.09	6499	1004	1016
418	09:33:40	60.08	6499	1004	1016
419	09:34:40	60.09	6499	1003	1016
420	09:35:40	60.07	6499	1003	1016
421	09:36:40	60.08	6499	1003	1015
422	09:37:40	60.25	6499	1002	1015
423	09:38:40	60.17	6499	1002	1015
424	09:39:41	60.09	6499	1002	1014
425	09:40:41	60.09	6499	1001	1014
426	09:41:41	60.09	6499	1001	1014
427	09:42:41	60.08	6499	1001	1013
428	09:43:41	60.09	6499	1000	1013
429	09:44:41	60.09	6499	1000	1013
430	09:45:41	60.09	6499	999.7	1012
431	09:46:41	60.08	6499	999.4	1012
432	09:47:41	60.09	6499	999.1	1012
433	09:48:41	60.08	6499	998.7	1012
434	09:49:42	60.08	6499	998.4	1011
435	09:50:42	60.08	6499	998.1	1011
436	09:51:42	60.09	6499	997.8	1011
437	09:52:42	60.09	6499	974.7	1010
438	09:53:42	60.10	6499	973.8	1010
439	09:54:42	60.08	6499	973.5	1010
440	09:55:42	60.08	6499	973.2	1009
441	09:56:42	60.09	6499	972.9	1009
442	09:57:42	60.08	6499	972.6	1009
443	09:58:42	60.10	6499	964.9	1009
444	09:59:42	60.09	6499	959.6	1008
445	10:00:42	60.08	6499	959.3	1008
446	10:01:43	60.10	6499	959	1008
447	10:02:43	60.08	6499	958.7	1007
448	10:03:43	60.08	6499	958.4	1007
449	10:04:43	60.08	6499	958.1	1007
450	10:05:43	60.09	6499	957.8	1006
451	10:06:43	60.09	6499	957.5	1006
452	10:07:43	60.08	6499	957.2	1015
453	10:08:43	60.09	6499	956.9	1084
454	10:09:43	60.08	6499	956.6	1084
455	10:10:43	60.09	6499	956.3	1084
456	10:11:43	60.08	6499	956	1083
457	10:12:44	60.09	6499	955.7	1083
458	10:13:44	60.09	6499	955.4	1083
459	10:14:44	60.08	6499	955.1	1083
460	10:15:44	60.11	6499	954.8	1082
461	10:16:44	60.09	6499	954.5	1082
462	10:17:44	60.10	6499	954.2	1082
463	10:18:44	60.09	6499	953.9	1081
464	10:19:44	60.08	6499	953.6	1081
465	10:20:44	60.07	6499	953.3	1081
466	10:21:44	60.08	6499	953	1080
467	10:22:44	32.29	6499	952.8	1080
468	10:23:17	10.02	6499	952.7	1080
469	10:23:27	10.01	6499	952.6	1080
470	10:23:37	60.11	6499	952.5	1080
471	10:24:37	60.09	6499	952.2	1080
472	10:25:37	60.10	6499	951.9	1079
473	10:26:37	60.09	6499	951.6	1079
474	10:27:37	60.08	6499	951.3	1079
475	10:28:37	60.08	6499	950.9	1078
476	10:29:37	60.08	6499	950.6	1078
477	10:30:37	60.08	6499	950.3	1078
478	10:31:37	60.09	6499	950	1078
479	10:32:38	60.10	6499	949.7	1077
480	10:33:38	60.09	6499	949.5	1077
481	10:34:38	60.10	6499	949.2	1077
482	10:35:38	60.09	6499	948.9	1076
483	10:36:38	60.09	6499	948.6	1076
484	10:37:38	60.09	6499	948.3	1076
485	10:38:38	60.08	6499	948	1076
486	10:39:38	60.08	6499	946.1	1074
487	10:40:38	60.08	6499	947.5	1075
488	10:41:38	60.09	6499	947.2	1075
489	10:42:38	60.09	6499	946.9	1074
490	10:43:39	60.10	6499	946.6	1074
491	10:44:39	60.09	6499	946.3	1074
492	10:45:39	60.08	6499	946	1074
493	10:46:39	60.08	6499	945.7	1073
494	10:47:39	60.09	6499	945.4	1073
495	10:48:39	60.09	6499	945.2	1073
496	10:49:39	60.09	6499	944.9	1072
497	10:50:39	60.11	6499	944.6	1072
498	10:51:39	60.11	6499	944.3	1072
499	10:52:39	60.09	6499	944	1072
500	10:53:39	60.09	6499	943.7	1071
501	10:54:40	60.10	6499	943.4	1071
502	10:55:40	60.09	6499	943.1	1071
503	10:56:40	60.08	6499	942.8	1070
504	10:57:40	60.09	6499	942.5	1070
505	10:58:40	60.09	6499	942.3	1070
506	10:59:40	60.09	6499	942	1070
507	11:00:40	60.09	6499	941.7	1069
508	11:01:40	60.09	6499	941.4	1069
509	11:02:40	60.08	6499	941.1	1069
510	11:03:40	60.09	6499	940.8	1068
511	11:04:40	60.10	6499	940.6	1068
512	11:05:41	60.08	6499	940.3	1068
513	11:06:41	59.90	6499	940	1068
514	11:07:41	60.53	6499	939.7	1067
515	11:08:41	60.08	6499	939.4	1067
516	11:09:41	30.39	6499	939.2	1067
517	11:10:12	60.49	6499	939	1067
518	11:11:12	60.08	6499	938.7	1066
519	11:12:12	60.09	6499	938.4	1066
520	11:13:12	60.08	6499	938.1	1066
521	11:14:12	60.08	6499	937.8	1065
522	11:15:12	60.08	6499	937.5	1065
523	11:16:12	60.07	6499	937.3	1065
524	11:17:12	60.07	6499	937	1065
525	11:18:13	60.10	6499	936.7	1064
526	11:19:13	60.08	6499	936.4	1064
527	11:20:13	60.08	6499	936.1	1064
528	11:21:13	60.08	6499	935.8	1063
529	11:22:13	60.09	6499	935.5	1063
530	11:23:13	60.08	6499	935.2	1063
531	11:24:13	60.08	6499	935	1063
532	11:25:13	60.09	6499	934.7	1062
533	11:26:13	60.09	6499	934.4	1062
534	11:27:13	60.09	6499	934.1	1062
535	11:28:13	60.09	6499	933.8	1061
536	11:29:14	60.08	6499	933.5	1061
537	11:30:14	60.09	6499	933.2	1061
538	11:31:14	60.08	6499	933	1061
539	11:32:14	60.08	6499	932.7	1060
540	11:33:14	60.09	6499	932.4	1060
541	11:34:14	60.09	6499	932.1	1060
542	11:35:14	60.09	6499	931.8	1059
543	11:36:14	60.08	6499	931.5	1059
544	11:37:14	60.09	6499	931.2	1059
545	11:38:14	60.08	6499	931	1059
546	11:39:14	60.09	6499	930.7	1058
547	11:40:14	60.08	6499	930.4	1058
548	11:41:15	55.54	6499	930.1	1058
549	11:42:10	13.96	6499	930	1058
550	11:42:24	60.18	6499	929.8	1057
551	11:43:24	60.08	6499	929.5	1057
552	11:44:24	60.09	6499	929.2	1057
553	11:45:24	60.08	6499	928.9	1057
554	11:46:24	60.09	6499	928.7	1056
555	11:47:25	22.79	6499	928.5	1056
556	11:47:47	15.17	6499	928.4	1056
557	11:48:03	60.19	6499	928.2	1056
558	11:49:03	60.08	6499	927.9	1056
559	11:50:03	60.08	6499	927.6	1055
560	11:51:03	60.08	6499	927.4	1055
561	11:52:03	60.09	6499	927.1	1055
562	11:53:03	60.09	6499	926.8	1054
563	11:54:03	60.09	6499	926.5	1054
564	11:55:03	60.08	6499	926.2	1054
565	11:56:03	60.09	6499	926	1054
566	11:57:03	60.09	6499	925.7	1053
567	11:58:03	60.08	6499	925.4	1053
568	11:59:04	60.09	6499	925.1	1053
569	12:00:04	60.09	6499	924.9	1053
570	12:01:04	60.09	6499	924.6	1052
571	12:02:04	60.08	6499	924.3	1052
572	12:03:04	60.08	6499	924	1052
573	12:04:04	60.09	6499	923.8	1051
574	12:05:04	60.08	6499	923.5	1051
575	12:06:04	60.09	6499	923.2	1051
576	12:07:04	48.83	6499	922.9	1051
577	12:07:53	60.34	6499	922.7	1050
578	12:08:53	19.93	6499	922.5	1050
579	12:09:13	60.42	6499	922.3	1050
580	12:10:14	60.08	6499	922	1050
581	12:11:14	60.08	6499	921.7	1049
582	12:12:14	60.09	6499	921.5	1049
583	12:13:14	60.09	6499	921.2	1049
584	12:14:14	30.25	6499	920.9	1049
585	12:14:44	60.39	6499	920.7	1049
586	12:15:45	60.09	6499	920.5	1048
587	12:16:45	60.10	6499	920.2	1048
588	12:17:45	60.08	6499	919.9	1048
589	12:18:45	60.10	6499	919.6	1047
590	12:19:45	21.57	6499	919.4	1047
591	12:20:07	38.93	6499	919.3	1047
592	12:20:46	60.43	6499	919.1	1047
593	12:21:46	60.08	6499	918.8	1047
594	12:22:46	60.09	6499	918.5	1046
595	12:23:46	60.09	6499	918.2	1046
596	12:24:46	60.09	6499	918	1046
597	12:25:46	60.09	6499	917.7	1045
598	12:26:46	60.09	6499	917.4	1045
599	12:27:47	60.07	6499	917.1	1045
600	12:28:47	60.09	6499	916.9	1045
601	12:29:47	60.09	6499	916.6	1044
602	12:30:47	60.09	6499	916.3	1044
603	12:31:47	60.12	6499	916	1044
604	12:32:47	29.59	6499	915.8	1044
605	12:33:17	30.97	6499	915.7	1044
606	12:33:48	60.36	6499	915.5	1043
607	12:34:48	60.09	6499	915.2	1043
608	12:35:48	60.09	6499	914.9	1043
609	12:36:48	60.09	6499	914.7	1043
610	12:37:48	60.09	6499	914.4	1042
611	12:38:48	60.08	6499	914.1	1042
612	12:39:48	60.08	6499	913.9	1042
613	12:40:48	60.08	6499	913.6	1041
614	12:41:49	60.10	6499	913.3	1041
615	12:42:49	60.09	6499	913.1	1041
616	12:43:49	60.09	6499	912.8	1041
617	12:44:49	60.09	6499	912.5	1040
618	12:45:49	60.08	6499	912.3	1040
619	12:46:49	60.08	6499	912	1040
620	12:47:49	60.09	6499	911.7	1040
621	12:48:49	60.09	6499	911.4	1039
622	12:49:49	59.70	6499	911.1	1039
623	12:50:49	60.24	6499	910.9	1039
624	12:51:49	60.08	6499	910.6	1039
625	12:52:49	60.08	6499	910.3	1038
626	12:53:49	60.09	6499	910.1	1038
627	12:54:49	21.86	6499	909.9	1038
628	12:55:11	60.01	6499	909.7	1038
629	12:56:11	60.08	6499	909.4	1037
630	12:57:11	60.08	6499	909.1	1037
631	12:58:12	60.08	6499	908.9	1037
632	12:59:12	10.01	6499	908.7	1037
633	12:59:22	60.34	6499	908.5	1037
634	13:00:22	60.09	6499	908.3	1036
635	13:01:22	60.13	6499	908	1036
636	13:02:22	28.56	6499	907.8	1036
637	13:02:51	60.03	6499	907.6	1036
638	13:03:51	60.09	6499	907.3	1035
639	13:04:51	60.08	6499	907	1035
640	13:05:51	60.08	6499	906.8	1035
641	13:06:51	29.63	6499	906.6	1035
642	13:07:21	60.26	6499	906.3	1034
643	13:08:21	60.09	6499	906.1	1034
644	13:09:21	60.09	6499	905.8	1034
645	13:10:21	60.08	6499	905.5	1034
646	13:11:21	60.09	6499	905.2	1033
647	13:12:21	60.08	6499	904.9	1033
648	13:13:21	60.09	6499	904.7	1033
649	13:14:21	60.09	6499	904.4	1032
650	13:15:22	60.09	6499	904.1	1032
651	13:16:22	60.08	6499	903.8	1032
652	13:17:22	60.09	6499	903.5	1032
653	13:18:22	60.09	6499	903.2	1031
654	13:19:22	60.09	6499	903	1031
655	13:20:22	60.08	6499	902.7	1031
656	13:21:22	60.09	6499	902.4	1031
657	13:22:22	60.09	6499	902.2	1030
658	13:23:22	60.08	6499	901.9	1030
659	13:24:22	60.09	6499	901.6	1030
660	13:25:22	60.10	6499	901.3	1030
661	13:26:22	60.09	6499	901.1	1029
662	13:27:23	60.09	6499	900.8	1029
663	13:28:23	60.08	6499	900.5	1029
664	13:29:23	60.08	6499	900.2	1029
665	13:30:23	60.09	6499	900	1028
666	13:31:23	60.09	6499	899.7	1028
667	13:32:23	60.09	6499	899.4	1028
668	13:33:23	60.09	6499	899.2	1027
669	13:34:23	60.08	6499	898.9	1027
670	13:35:23	60.07	6499	898.6	1027
671	13:36:23	60.08	6499	898.4	1027
672	13:37:23	60.08	6499	898.1	1026
673	13:38:24	60.09	6499	897.9	1026
674	13:39:24	60.09	6499	897.6	1026
675	13:40:24	60.09	6499	897.3	1026
676	13:41:24	60.07	6499	897	1025
677	13:42:24	60.08	6499	896.8	1025
678	13:43:24	60.08	6499	896.5	1025
679	13:44:24	60.08	6499	896.3	1025
680	13:45:24	60.08	6499	896	1024
681	13:46:24	60.08	6499	895.7	1024
682	13:47:24	60.08	6499	895.5	1024
683	13:48:24	60.08	6499	895.2	1024
684	13:49:24	60.08	6499	895	1023
685	13:50:25	60.09	6499	894.7	1023
686	13:51:25	60.09	6499	894.4	1023
687	13:52:25	60.09	6499	894.2	1022
688	13:53:25	60.09	6499	893.9	1022
689	13:54:25	60.09	6499	893.7	1022
690	13:55:25	60.08	6499	893.4	1022
691	13:56:25	60.09	6499	893.1	1021
692	13:57:25	18.63	6499	892.9	1021
693	13:57:44	60.24	6499	892.8	1021
694	13:58:44	60.09	6499	892.5	1021
695	13:59:44	60.09	6499	892.3	1021
696	14:00:44	60.09	6499	892	1020
697	14:01:44	60.08	6499	891.7	1020
698	14:02:44	60.09	6499	891.5	1020
699	14:03:44	60.10	6499	891.2	1020
700	14:04:45	60.09	6499	890.9	1019
701	14:05:45	60.09	6499	890.7	1019
702	14:06:45	60.08	6499	890.4	1019
703	14:07:45	60.11	6499	890.2	1018
704	14:08:45	16.52	6499	890	1018
705	14:09:01	60.08	6499	889.9	1018
706	14:10:02	60.09	6499	889.6	1018
707	14:11:02	60.09	6499	889.4	1018
708	14:12:02	60.09	6499	889.1	1017
709	14:13:02	60.08	6499	888.9	1017
710	14:14:02	60.08	6499	888.6	1015
711	14:15:02	60.09	6499	888.3	1017
712	14:16:02	60.09	6499	888.1	1016
713	14:17:02	60.08	6499	887.8	1016
714	14:18:02	60.09	6499	887.5	1016
715	14:19:02	60.10	6499	887.3	1016
716	14:20:02	60.06	6499	887	1015
717	14:21:02	60.10	6499	886.8	1015
718	14:22:03	60.09	6499	886.5	1015
719	14:23:03	60.09	6499	886.3	1015
720	14:24:03	22.29	6499	886.1	1014
721	14:24:25	22.85	6499	886	1014
722	14:24:48	10.19	6499	885.9	1014
723	14:24:58	60.09	6499	885.8	1014
724	14:25:58	60.09	6499	885.5	1014
725	14:26:58	60.08	6499	885.2	1014
726	14:27:58	60.09	6499	885	1013
727	14:28:58	60.09	6499	884.7	1013
728	14:29:59	60.09	6499	884.5	1013
729	14:30:59	60.09	6499	884.2	1013
730	14:31:59	60.09	6499	883.9	1012
731	14:32:59	60.08	6499	883.6	1012
732	14:33:59	60.08	6499	883.4	1012
733	14:34:59	60.09	6499	883.1	1012
734	14:35:59	60.09	6499	882.9	1011
735	14:36:59	60.10	6499	882.6	1011
736	14:37:59	60.08	6499	882.3	1011
737	14:38:59	60.10	6499	882.1	1011
738	14:39:59	60.09	6499	881.8	1010
739	14:40:59	60.09	6499	881.5	1010
740	14:42:00	60.09	6499	881.3	1010
741	14:43:00	60.08	6499	881	1010
742	14:44:00	60.08	6499	880.8	1009
743	14:45:00	60.09	6499	880.5	1009
744	14:46:00	60.08	6499	880.2	1009
745	14:47:00	60.08	6499	880	1009
746	14:48:00	60.08	6499	879.7	1008
747	14:49:00	60.09	6499	879.4	1008
748	14:50:00	60.09	6499	879.2	1008
749	14:51:00	60.09	6499	878.9	1008
750	14:52:00	60.09	6499	878.7	1007
751	14:53:01	60.08	6499	878.4	1007
752	14:54:01	60.09	6499	878.1	1007
753	14:55:01	60.09	6499	877.9	1007
754	14:56:01	60.08	6499	877.6	1006
755	14:57:01	60.08	6499	877.4	1006
756	14:58:01	60.09	6499	877.1	1006
757	14:59:01	60.10	6499	876.9	1006
758	15:00:01	60.09	6499	876.6	1005
759	15:01:01	60.08	6499	876.4	1005
760	15:02:01	60.09	6499	876.1	1005
761	15:03:01	60.09	6499	875.9	1005
762	15:04:01	60.09	6499	875.6	1004
763	15:05:02	60.09	6499	875.4	1004
764	15:06:02	60.08	6499	875.1	1004
765	15:07:02	60.08	6499	874.8	1004
766	15:08:02	60.08	6499	874.6	1003
767	15:09:02	60.08	6499	874.3	1003
768	15:10:02	60.09	6499	874.1	1003
769	15:11:02	50.52	6499	873.9	1003
770	15:11:53	30.93	6499	873.7	1002
771	15:12:23	60.50	6499	873.5	1002
772	15:13:24	29.65	6499	873.3	1002
773	15:13:54	15.07	6499	873.2	1002
774	15:14:09	60.17	6499	873.1	1002
775	15:15:09	60.09	6499	872.8	1002
776	15:16:09	60.09	6499	872.5	1001
777	15:17:09	60.09	6499	872.3	1001
778	15:18:09	60.09	6499	872	1001
779	15:19:09	60.07	6499	871.8	1001
780	15:20:09	60.08	6499	871.5	1000
781	15:21:09	60.09	6499	871.3	1000
782	15:22:10	60.08	6499	871	999.9
783	15:23:10	60.08	6499	870.8	999.7
784	15:24:10	45.16	6499	870.6	999.5
785	15:24:55	30.92	6499	870.4	999.3
786	15:25:26	60.40	6499	870.2	999.1
787	15:26:26	60.09	6499	869.9	998.9
788	15:27:26	60.08	6499	869.7	998.6
789	15:28:26	60.08	6499	869.5	998.4
790	15:29:26	60.09	6499	869.2	998.1
791	15:30:26	60.09	6499	869	997.9
792	15:31:27	60.09	6499	868.7	997.6
793	15:32:27	60.08	6499	868.4	997.4
794	15:33:27	60.08	6499	868.2	997.2
795	15:34:27	60.10	6499	867.9	996.9
796	15:35:27	60.09	6499	867.7	996.7
797	15:36:27	60.08	6499	867.4	996.4
798	15:37:27	60.09	6499	867.2	996.2
799	15:38:27	60.09	6499	867	995.9
800	15:39:27	60.08	6499	866.7	995.7
801	15:40:27	60.08	6499	866.5	995.4
802	15:41:27	60.08	6499	866.2	995.2
803	15:42:28	60.09	6499	866	994.9
804	15:43:28	60.09	6499	865.7	994.7
805	15:44:28	60.08	6499	865.5	994.5
806	15:45:28	60.08	6499	865.2	994.2
807	15:46:28	60.09	6499	865	994
808	15:47:28	60.08	6499	864.7	993.8
809	15:48:28	42.61	6499	864.5	993.5
810	15:49:11	17.48	6499	864.4	993.4
811	15:49:28	60.37	6499	864.2	993.3
812	15:50:29	60.10	6499	864	993
813	15:51:29	60.09	6499	863.7	992.8
814	15:52:29	60.09	6499	863.4	992.5
815	15:53:29	60.08	6499	863.2	992.3
816	15:54:29	60.09	6499	862.9	992
817	15:55:29	60.09	6499	862.7	991.8
818	15:56:29	60.08	6499	862.4	991.6
819	15:57:29	60.09	6499	862.2	991.3
820	15:58:29	60.09	6499	861.9	991.1
821	15:59:29	60.10	6499	861.7	990.8
822	16:00:29	60.09	6499	861.4	990.6
823	16:01:29	60.08	6499	861.2	990.4
824	16:02:30	60.09	6499	860.9	990.2
825	16:03:30	60.08	6499	860.6	989.9
826	16:04:30	60.08	6499	860.4	989.7
827	16:05:30	60.08	6499	860.1	989.4
828	16:06:30	60.08	6499	859.9	989.2
829	16:07:30	60.09	6499	859.6	988.9
830	16:08:30	60.08	6499	859.4	988.7
831	16:09:30	60.08	6499	859.1	988.4
832	16:10:30	60.07	6499	858.9	988.2
833	16:11:30	60.09	6499	858.6	987.9
834	16:12:30	60.09	6499	858.4	987.7
835	16:13:30	60.09	6499	858.1	987.5
836	16:14:31	60.09	6499	857.9	987.2
837	16:15:31	60.09	6499	857.6	987
838	16:16:31	60.07	6499	857.4	986.7
839	16:17:31	60.08	6499	857.1	986.5
840	16:18:31	60.08	6499	856.9	986.2
841	16:19:31	60.09	6499	856.7	986
842	16:20:31	60.07	6499	856.4	985.8
843	16:21:31	60.09	6499	856.2	985.5
844	16:22:31	60.10	6499	855.9	985.3
845	16:23:31	60.10	6499	855.7	985.1
846	16:24:31	60.09	6499	855.4	984.8
847	16:25:32	60.08	6499	855.1	984.6
848	16:26:32	60.08	6499	854.9	984.3
849	16:27:32	60.09	6499	854.6	984.1
850	16:28:32	60.09	6499	854.4	983.8
851	16:29:32	60.08	6499	854.2	983.6
852	16:30:32	57.30	6499	853.9	983.4
853	16:31:29	60.36	6499	853.7	983.1
854	16:32:30	60.09	6499	853.5	982.9
855	16:33:30	60.09	6499	853.2	982.6
856	16:34:30	60.09	6499	853	982.4
857	16:35:30	60.09	6499	852.8	982.2
858	16:36:30	60.08	6499	852.5	981.9
859	16:37:30	60.09	6499	852.3	981.7
860	16:38:30	60.09	6499	852	981.5
861	16:39:30	60.08	6499	851.7	981.2
862	16:40:30	60.08	6499	851.5	981
863	16:41:30	60.08	6499	851.3	980.7
864	16:42:30	60.36	6499	851	980.5
865	16:43:31	60.10	6499	850.8	980.3
866	16:44:31	60.26	6499	850.5	980
867	16:45:31	60.46	6499	850.3	979.8
868	16:46:32	60.81	6499	850.1	979.6
869	16:47:32	60.46	6499	849.8	979.3
870	16:48:33	60.43	6499	849.6	979.1
871	16:49:33	60.45	6499	849.3	978.8
872	16:50:34	60.64	6499	849.1	978.6
873	16:51:34	60.62	6499	848.8	978.4
874	16:52:35	60.40	6499	848.6	978.1
875	16:53:35	60.10	6499	848.4	977.9
876	16:54:36	61.18	6499	848.1	977.7
877	16:55:37	60.51	6499	847.9	977.4
878	16:56:37	60.36	6499	847.6	977.2
879	16:57:38	60.52	6499	847.4	977
880	16:58:38	60.82	6499	847.1	976.7
881	16:59:39	60.10	6499	846.9	976.5
882	17:00:39	60.09	6499	846.6	976.2
883	17:01:39	60.09	6499	846.4	976
884	17:02:39	60.08	6499	846.1	975.8
885	17:03:39	60.09	6499	845.9	975.5
886	17:04:39	60.09	6499	845.7	975.3
887	17:05:39	60.09	6499	845.4	975.1
888	17:06:40	60.09	6499	845.2	974.8
889	17:07:40	60.09	6499	845	974.6
890	17:08:40	60.08	6499	844.7	974.4
891	17:09:40	60.09	6499	844.5	974.1
892	17:10:40	60.08	6499	844.2	973.9
893	17:11:40	60.09	6499	844	973.7
894	17:12:40	60.09	6499	843.7	973.4
895	17:13:40	60.09	6499	843.5	973.2
896	17:14:40	60.10	6499	843.3	972.9
897	17:15:40	60.09	6499	843	972.7
898	17:16:40	60.09	6499	842.8	972.5
899	17:17:41	60.08	6499	842.6	972.2
900	17:18:41	60.08	6499	842.3	972
901	17:19:41	60.09	6499	842.1	971.8
902	17:20:41	60.07	6499	841.9	971.5
903	17:21:41	60.08	6499	841.7	971.3
904	17:22:41	60.09	6499	841.4	971
905	17:23:41	60.09	6499	841.2	970.8
906	17:24:41	60.09	6499	841	970.6
907	17:25:41	60.09	6499	840.7	970.4
908	17:26:41	60.09	6499	840.5	970.1
909	17:27:41	60.08	6499	840.3	969.9
910	17:28:41	60.09	6499	840	969.7
911	17:29:42	60.10	6499	839.8	969.5
912	17:30:42	60.10	6499	839.5	969.2
913	17:31:42	60.09	6499	839.3	969
914	17:32:42	60.09	6499	839	968.7
915	17:33:42	60.08	6499	838.8	968.5
916	17:34:42	60.08	6499	838.5	968.3
917	17:35:42	60.09	6499	838.3	968.1
918	17:36:42	60.09	6499	838	967.8
919	17:37:42	60.09	6499	837.8	967.6
920	17:38:42	60.11	6499	837.6	967.4
921	17:39:42	60.08	6499	837.3	967.1
922	17:40:43	60.09	6499	837.1	966.9
923	17:41:43	60.10	6499	836.8	966.7
924	17:42:43	60.09	6499	836.6	966.4
925	17:43:43	60.09	6499	836.3	966.2
926	17:44:43	60.08	6499	836.1	966
927	17:45:43	60.08	6499	835.8	965.7
928	17:46:43	60.08	6499	835.5	965.5
929	17:47:43	60.08	6499	835.3	965.3
930	17:48:43	60.09	6499	835	965
931	17:49:43	60.09	6499	834.8	964.8
932	17:50:43	60.09	6499	834.5	964.6
933	17:51:43	60.09	6499	834.3	964.3
934	17:52:44	60.08	6499	834	964.1
935	17:53:44	60.08	6499	833.8	963.9
936	17:54:44	60.09	6499	833.6	963.6
937	17:55:44	60.09	6499	833.3	963.4
938	17:56:44	60.09	6499	833.1	963.2
939	17:57:44	60.08	6499	832.8	963
940	17:58:44	60.09	6499	832.6	962.7
941	17:59:44	60.09	6499	832.3	962.5
942	18:00:44	60.09	6499	832.1	962.3
943	18:01:44	36.79	6499	831.9	962.1
944	18:02:21	40.09	6499	831.8	961.9
945	18:03:01	60.32	6499	831.6	961.7
946	18:04:02	60.09	6499	831.3	961.5
947	18:05:02	60.09	6499	831.1	961.3
948	18:06:02	60.08	6499	830.9	961
949	18:07:02	60.09	6499	830.6	960.8
950	18:08:02	60.08	6499	830.4	960.6
951	18:09:02	60.08	6499	830.2	960.3
952	18:10:02	60.08	6499	829.9	960.1
953	18:11:02	60.08	6499	829.7	959.9
954	18:12:02	60.10	6499	829.5	959.6
955	18:13:02	60.08	6499	829.2	959.5
956	18:14:02	60.10	6499	829	959.2
957	18:15:03	60.09	6499	828.8	959
958	18:16:03	60.09	6499	828.5	958.8
959	18:17:03	60.09	6499	828.3	958.5
960	18:18:03	60.09	6499	828.1	958.3
961	18:19:03	60.08	6499	827.8	958.1
962	18:20:03	29.85	6499	827.6	957.9
963	18:20:33	30.99	6499	827.5	957.8
964	18:21:04	60.34	6499	827.4	957.6
965	18:22:04	60.08	6499	827.1	957.4
966	18:23:04	60.09	6499	826.9	957.2
967	18:24:04	60.09	6499	826.7	956.9
968	18:25:04	60.09	6499	826.4	956.7
969	18:26:04	60.09	6499	826.2	956.5
970	18:27:05	60.09	6499	826	956.3
971	18:28:05	60.08	6499	825.7	956
972	18:29:05	60.08	6499	825.4	955.8
973	18:30:05	60.08	6499	825.1	955.6
974	18:31:05	60.08	6499	824.8	955.4
975	18:32:05	60.09	6499	824.6	955.1
976	18:33:05	60.09	6499	824.3	954.9
977	18:34:05	60.09	6499	824.1	954.7
978	18:35:05	60.08	6499	823.8	954.4
979	18:36:05	60.08	6499	823.6	954.2
980	18:37:05	60.09	6499	823.4	954
981	18:38:06	60.08	6499	823.1	953.8
982	18:39:06	60.08	6499	822.9	953.6
983	18:40:06	60.09	6499	822.7	953.3
984	18:41:06	60.09	6499	822.4	953.1
985	18:42:06	60.10	6499	822.2	952.9
986	18:43:06	60.09	6499	822	952.6
987	18:44:06	60.08	6499	821.7	952.4
988	18:45:06	60.09	6499	821.5	952.2
989	18:46:06	60.09	6499	821.3	951.9
990	18:47:06	34.79	6499	821.1	951.8
991	18:47:41	10.02	6499	821	951.7
992	18:47:51	60.08	6499	820.9	951.6
993	18:48:51	60.08	6499	820.6	951.4
994	18:49:51	60.09	6499	820.4	951.1
995	18:50:51	60.08	6499	820.2	950.9
996	18:51:51	60.08	6499	820	950.7
997	18:52:52	60.09	6499	819.7	950.5
998	18:53:52	60.09	6499	819.5	950.2
999	18:54:52	60.09	6499	819.3	950
1000	18:55:52	60.09	6499	819.1	949.8
1001	18:56:52	60.08	6499	818.8	949.5
1002	18:57:52	10.02	6499	818.7	949.4
1003	18:58:02	60.08	6499	818.6	949.3
1004	18:59:02	60.09	6499	818.4	949.1
1005	19:00:02	60.09	6499	818.1	948.8
1006	19:01:02	60.09	6499	817.9	948.6
1007	19:02:02	32.57	6499	817.7	948.5
1008	19:02:35	60.33	6499	817.6	948.3
1009	19:03:35	60.08	6499	817.3	948.1
1010	19:04:35	60.08	6499	817.1	947.8
1011	19:05:35	60.08	6499	816.9	947.6
1012	19:06:35	60.35	6499	816.7	947.4
1013	19:07:36	24.45	6499	816.5	947.2
1014	19:08:00	60.17	6499	816.3	947.1
1015	19:09:00	60.08	6499	816.1	946.8
1016	19:10:01	60.09	6499	815.9	946.6
1017	19:11:01	60.07	6499	815.7	946.4
1018	19:12:01	60.08	6499	815.5	946.2
1019	19:13:01	60.09	6499	815.2	946
1020	19:14:01	60.09	6499	815	945.7
1021	19:15:01	60.09	6499	814.7	945.5
1022	19:16:01	60.09	6499	814.5	945.3
1023	19:17:01	60.09	6499	814.3	945.1
1024	19:18:01	10.01	6499	814.2	945
1025	19:18:11	26.54	6499	814.1	944.9
1026	19:18:38	31.00	6499	814	944.8
1027	19:19:09	30.93	6499	813.9	944.7
1028	19:19:40	60.48	6499	813.7	944.5
1029	19:20:40	60.07	6499	813.5	944.3
1030	19:21:40	60.09	6499	813.3	944.1
1031	19:22:40	60.08	6499	813	943.9
1032	19:23:40	60.08	6499	812.8	943.6
1033	19:24:40	60.08	6499	812.6	943.4
1034	19:25:41	60.09	6499	812.3	943.2
1035	19:26:41	59.99	6499	812.1	943
1036	19:27:41	30.95	6499	811.9	942.8
1037	19:28:12	30.95	6499	811.8	942.7
1038	19:28:43	60.40	6499	811.6	942.5
1039	19:29:43	60.09	6499	811.4	942.3
1040	19:30:43	60.08	6499	811.2	942.1
1041	19:31:43	60.11	6499	811	941.9
1042	19:32:43	60.09	6499	810.8	941.6
1043	19:33:43	60.09	6499	810.5	941.4
1044	19:34:43	60.09	6499	810.3	941.2
1045	19:35:44	60.09	6499	810.1	941
1046	19:36:44	60.08	6499	809.8	940.8
1047	19:37:44	33.85	6499	809.7	940.6
1048	19:38:18	15.53	6499	809.6	940.5
1049	19:38:33	40.77	6499	809.5	940.4
1050	19:39:14	60.35	6499	809.3	940.2
1051	19:40:14	60.09	6499	809.1	940
1052	19:41:14	60.51	6499	808.8	939.8
1053	19:42:15	60.40	6499	808.6	939.6
1054	19:43:15	60.08	6499	808.4	939.4
1055	19:44:15	60.08	6499	808.2	939.1
1056	19:45:15	60.10	6499	807.9	938.9
1057	19:46:15	60.09	6499	807.7	938.7
1058	19:47:16	60.08	6499	807.5	938.5
1059	19:48:16	60.09	6499	807.3	938.3
1060	19:49:16	60.09	6499	807.1	938.1
1061	19:50:16	60.08	6499	806.9	937.8
1062	19:51:16	60.09	6499	806.6	937.6
1063	19:52:16	60.10	6499	806.4	937.4
1064	19:53:16	60.09	6499	806.2	937.2
1065	19:54:16	60.09	6499	806	937
1066	19:55:16	60.10	6499	805.8	936.8
1067	19:56:16	60.08	6499	805.6	936.6
1068	19:57:16	60.09	6499	805.3	936.3
1069	19:58:17	60.09	6499	805.1	936.1
1070	19:59:17	60.08	6499	804.9	935.9
1071	20:00:17	59.29	6499	804.7	935.7
1072	20:01:16	60.39	6499	804.5	935.5
1073	20:02:16	60.09	6499	804.2	935.3
1074	20:03:16	60.09	6499	804	935.1
1075	20:04:17	60.09	6499	803.8	934.9
1076	20:05:17	60.09	6499	803.6	934.7
1077	20:06:17	60.09	6499	803.4	934.4
1078	20:07:17	60.09	6499	803.1	934.2
1079	20:08:17	60.09	6499	802.9	934
1080	20:09:17	60.09	6499	802.7	933.8
1081	20:10:17	60.09	6499	802.5	933.6
1082	20:11:17	60.09	6499	802.3	933.4
1083	20:12:17	59.69	6499	802	933.1
1084	20:13:17	60.47	6499	801.9	932.9
1085	20:14:17	60.47	6499	801.6	932.7
1086	20:15:18	60.47	6499	801.4	932.5
1087	20:16:18	60.09	6499	801.2	932.3
1088	20:17:18	60.11	6499	801	932.1
1089	20:18:19	60.09	6499	800.8	931.9
1090	20:19:19	60.08	6499	800.5	931.6
1091	20:20:19	60.06	6499	800.3	931.4
1092	20:21:19	60.09	6499	800.1	931.2
1093	20:22:19	60.09	6499	799.9	931
1094	20:23:19	60.09	6499	799.8	930.9
1095	20:24:19	60.09	6499	799.6	930.7
1096	20:25:19	60.09	6499	799.4	930.5
1097	20:26:19	60.08	6499	799.2	930.3
1098	20:27:19	60.09	6499	799	930.1
1099	20:28:19	60.08	6499	798.8	929.9
1100	20:29:19	60.09	6499	798.6	929.7
1101	20:30:20	60.08	6499	798.3	929.5
1102	20:31:20	60.08	6499	798.1	929.3
1103	20:32:20	60.08	6499	797.9	929.1
1104	20:33:20	60.09	6499	797.7	928.9
1105	20:34:20	60.10	6499	797.5	928.7
1106	20:35:20	60.09	6499	797.3	928.4
1107	20:36:20	60.08	6499	797	928.2
1108	20:37:20	60.08	6499	796.8	928
1109	20:38:20	60.08	6499	796.6	927.8
1110	20:39:20	60.08	6499	796.3	927.6
1111	20:40:20	60.09	6499	796.1	927.4
1112	20:41:21	60.09	6499	795.9	927.2
1113	20:42:21	60.09	6499	795.7	927
1114	20:43:21	60.09	6499	795.5	926.7
1115	20:44:21	60.08	6499	795.2	926.5
1116	20:45:21	60.09	6499	795	926.3
1117	20:46:21	60.09	6499	794.8	926.1
1118	20:47:21	60.09	6499	794.6	925.9
1119	20:48:21	60.09	6499	794.4	925.7
1120	20:49:21	60.08	6499	794.1	925.5
1121	20:50:21	60.07	6499	793.9	925.3
1122	20:51:21	60.08	6499	793.7	925.1
1123	20:52:21	60.09	6499	793.5	924.8
1124	20:53:22	60.09	6499	793.3	924.6
1125	20:54:22	60.09	6499	793.1	924.4
1126	20:55:22	60.09	6499	792.8	924.2
1127	20:56:22	60.08	6499	792.6	924
1128	20:57:22	60.09	6499	792.4	923.8
1129	20:58:22	60.09	6499	792.2	923.6
1130	20:59:22	60.09	6499	792	923.4
1131	21:00:22	60.09	6499	791.7	923.2
1132	21:01:22	60.08	6499	791.5	923
1133	21:02:22	60.09	6499	791.3	922.8
1134	21:03:22	60.09	6499	791.1	922.5
1135	21:04:23	60.09	6499	790.9	922.3
1136	21:05:23	60.09	6499	790.7	922.1
1137	21:06:23	60.09	6499	790.5	921.9
1138	21:07:23	60.09	6499	790.2	921.7
1139	21:08:23	60.09	6499	790	921.5
1140	21:09:23	60.08	6499	789.8	921.3
1141	21:10:23	60.10	6499	789.6	921.1
1142	21:11:23	60.09	6499	789.4	920.8
1143	21:12:23	60.08	6499	789.2	920.7
1144	21:13:23	60.09	6499	789	920.5
1145	21:14:23	60.09	6499	788.7	920.2
1146	21:15:23	60.08	6499	788.5	920
1147	21:16:24	60.08	6499	788.3	919.8
1148	21:17:24	60.09	6499	788.1	919.6
1149	21:18:24	60.09	6499	787.9	919.4
1150	21:19:24	60.09	6499	787.7	919.2
1151	21:20:24	60.08	6499	787.5	919
1152	21:21:24	60.09	6499	787.2	918.8
1153	21:22:24	60.09	6499	787	918.5
1154	21:23:24	60.09	6499	786.8	918.4
1155	21:24:24	60.08	6499	786.6	918.1
1156	21:25:24	60.08	6499	786.4	917.9
1157	21:26:24	60.09	6499	786.2	917.7
1158	21:27:25	60.09	6499	786	917.5
1159	21:28:25	60.08	6499	785.8	917.3
1160	21:29:25	60.09	6499	785.5	917.1
1161	21:30:25	60.09	6499	785.3	916.9
1162	21:31:25	60.09	6499	785.1	916.7
1163	21:32:25	60.09	6499	784.9	916.5
1164	21:33:25	60.08	6499	784.7	916.3
1165	21:34:25	60.08	6499	784.5	916.1
1166	21:35:25	60.08	6499	784.3	915.9
1167	21:36:25	60.09	6499	784.1	915.7
1168	21:37:25	60.09	6499	783.9	915.4
1169	21:38:25	60.09	6499	783.6	915.2
1170	21:39:26	60.09	6499	783.4	915
1171	21:40:26	60.09	6499	783.2	914.8
1172	21:41:26	60.09	6499	783	914.6
1173	21:42:26	60.09	6499	782.8	914.4
1174	21:43:26	60.09	6499	782.6	914.2
1175	21:44:26	60.09	6499	782.3	914
1176	21:45:26	60.09	6499	782.1	913.8
1177	21:46:26	60.09	6499	781.9	913.6
1178	21:47:26	60.08	6499	781.7	913.4
1179	21:48:26	60.09	6499	781.5	913.2
1180	21:49:26	60.09	6499	781.3	913
1181	21:50:27	32.14	6499	781.1	912.8
1182	21:50:59	13.86	6499	781.1	912.7
1183	21:51:13	10.10	6499	781	912.7
1184	21:51:23	60.09	6499	780.9	912.6
1185	21:52:23	60.09	6499	780.7	912.4
1186	21:53:23	60.10	6499	780.5	912.1
1187	21:54:23	60.11	6499	780.2	911.9
1188	21:55:23	60.09	6499	780	911.8
1189	21:56:23	60.10	6499	779.8	911.6
1190	21:57:23	60.09	6499	779.6	911.3
1191	21:58:23	60.08	6499	779.4	911.1
1192	21:59:23	60.08	6499	779.2	910.9
1193	22:00:23	60.09	6499	779	910.7
1194	22:01:24	60.09	6499	778.8	910.5
1195	22:02:24	60.09	6499	778.6	910.3
1196	22:03:24	60.09	6499	778.4	910.1
1197	22:04:24	60.08	6499	778.2	909.9
1198	22:05:24	60.08	6499	778	909.7
1199	22:06:24	60.09	6499	777.8	909.5
1200	22:07:24	60.10	6499	777.5	909.3
1201	22:08:24	25.51	6499	777.4	909.1
1202	22:08:50	60.37	6499	777.3	909
1203	22:09:50	60.09	6499	777.1	908.8
1204	22:10:50	30.49	6499	776.9	908.6
1205	22:11:21	60.38	6499	776.7	908.5
1206	22:12:21	60.09	6499	776.5	908.3
1207	22:13:21	60.08	6499	776.3	908.1
1208	22:14:21	60.09	6499	776.1	907.9
1209	22:15:21	60.09	6499	775.9	907.7
1210	22:16:21	60.09	6499	775.7	907.5
1211	22:17:21	60.09	6499	775.5	907.3
1212	22:18:22	60.09	6499	775.3	907.1
1213	22:19:22	60.09	6499	775.1	906.9
1214	22:20:22	60.06	6499	774.9	906.7
1215	22:21:22	60.09	6499	774.7	906.4
1216	22:22:22	60.03	6499	774.5	906.2
1217	22:23:22	60.40	6499	774.3	906
1218	22:24:22	30.53	6499	774.1	905.9
1219	22:24:53	60.33	6499	774	905.7
1220	22:25:53	60.09	6499	773.8	905.5
1221	22:26:53	60.09	6499	773.6	905.3
1222	22:27:53	60.09	6499	773.3	905.1
1223	22:28:53	60.09	6499	773.1	904.9
1224	22:29:54	60.09	6499	772.9	904.7
1225	22:30:54	60.08	6499	772.7	904.5
1226	22:31:54	60.09	6499	772.5	904.3
1227	22:32:54	60.09	6499	772.3	904.1
1228	22:33:54	60.09	6499	772.1	903.9
1229	22:34:54	60.09	6499	771.9	903.7
1230	22:35:54	60.08	6499	771.7	903.5
1231	22:36:54	60.08	6499	771.5	903.3
1232	22:37:54	60.08	6499	771.3	903.1
1233	22:38:54	60.08	6499	771.1	902.9
1234	22:39:54	60.09	6499	770.9	902.7
1235	22:40:54	60.09	6499	770.7	902.5
1236	22:41:55	60.09	6499	770.5	902.3
1237	22:42:55	60.09	6499	770.3	902.1
1238	22:43:55	60.08	6499	770.1	901.8
1239	22:44:55	60.08	6499	769.8	901.7
1240	22:45:55	60.09	6499	769.6	901.5
1241	22:46:55	60.08	6499	769.4	901.3
1242	22:47:55	60.09	6499	769.2	901.1
1243	22:48:55	60.09	6499	769	900.9
1244	22:49:55	60.10	6499	768.8	900.7
1245	22:50:55	60.08	6499	768.6	900.5
1246	22:51:55	60.09	6499	768.4	900.3
1247	22:52:56	60.08	6499	768.2	900
1248	22:53:56	60.10	6499	768	899.9
1249	22:54:56	60.12	6499	767.8	899.6
1250	22:55:56	60.08	6499	767.6	899.4
1251	22:56:56	60.09	6499	767.4	899.3
1252	22:57:56	60.08	6499	767.2	899.1
1253	22:58:56	60.08	6499	767	898.9
1254	22:59:56	60.08	6499	766.7	898.7
1255	23:00:56	60.09	6499	766.5	898.5
1256	23:01:56	60.10	6499	766.3	898.2
1257	23:02:56	60.09	6499	766.1	898
1258	23:03:56	60.09	6499	765.9	897.9
1259	23:04:57	60.22	6499	765.7	897.6
1260	23:05:57	60.08	6499	765.5	897.5
1261	23:06:57	60.33	6499	765.3	897.2
1262	23:07:57	60.72	6499	765.1	897
1263	23:08:58	60.47	6499	764.9	896.8
1264	23:09:58	60.43	6499	764.7	896.7
1265	23:10:59	60.58	6499	764.5	896.5
1266	23:11:59	60.70	6499	764.3	896.3
1267	23:13:00	60.44	6499	764.1	896.1
1268	23:14:01	60.11	6499	763.9	895.9
1269	23:15:01	61.26	6499	763.7	895.7
1270	23:16:02	60.10	6499	763.5	895.5
1271	23:17:02	60.09	6499	763.3	895.3
1272	23:18:02	60.08	6499	763.1	895.1
1273	23:19:02	60.09	6499	762.9	894.9
1274	23:20:02	60.07	6499	762.7	894.7
1275	23:21:02	51.55	6499	762.5	894.5
1276	23:21:54	60.37	6499	762.3	894.3
1277	23:22:54	60.09	6499	762.1	894.1
1278	23:23:54	60.48	6499	761.9	893.9
1279	23:24:55	60.42	6499	761.7	893.7
1280	23:25:55	60.09	6499	761.5	893.5
1281	23:26:55	60.09	6499	761.3	893.3
1282	23:27:55	59.73	6499	761.1	893.1
1283	23:28:55	60.46	6499	760.9	892.9
1284	23:29:56	60.08	6499	760.7	892.7
1285	23:30:56	60.08	6499	760.5	892.5
1286	23:31:56	29.99	6499	760.4	892.3
1287	23:32:26	30.92	6499	760.3	892.3
1288	23:32:57	60.25	6499	760.1	892.1
1289	23:33:57	10.01	6499	760	892
1290	23:34:07	10.26	6499	759.9	892
1291	23:34:17	11.32	6499	759.9	892
1292	23:34:29	60.02	6499	759.8	891.8
1293	23:35:29	60.08	6499	759.6	891.6
1294	23:36:29	60.09	6499	759.4	891.4
1295	23:37:29	60.09	6499	759.2	891.2
1296	23:38:29	60.08	6499	759	891
1297	23:39:29	60.09	6499	758.8	890.8
1298	23:40:29	60.09	6499	758.6	890.6
1299	23:41:29	60.11	6499	758.4	890.4
1300	23:42:29	60.09	6499	758.2	890.2
1301	23:43:29	60.08	6499	758	890
1302	23:44:29	60.08	6499	757.8	889.8
1303	23:45:29	60.08	6499	757.6	889.6
1304	23:46:30	29.15	6499	757.5	889.5
1305	23:46:59	60.48	6499	757.3	889.4
1306	23:47:59	60.09	6499	757.1	889.2
1307	23:48:59	60.11	6499	756.9	889
1308	23:49:59	60.31	6499	756.7	888.8
1309	23:51:00	60.37	6499	756.5	888.6
1310	23:52:00	60.08	6499	756.3	888.4
1311	23:53:00	60.09	6499	756.2	888.2
1312	23:54:00	60.09	6499	756	888
1313	23:55:00	60.09	6499	755.8	887.8
1314	23:56:00	60.08	6499	755.6	887.6
1315	23:57:00	60.08	6499	755.4	887.4
1316	23:58:01	60.09	6499	755.2	887.2
1317	23:59:01	60.09	6499	755	887
1318	00:00:01	60.01	6499	754.8	886.8
1319	00:01:01	30.95	6499	754.6	886.7
1320	00:01:32	60.29	6499	754.5	886.5
1321	00:02:32	10.02	6499	754.4	886.4
1322	00:02:42	22.11	6499	754.3	886.4
1323	00:03:04	60.26	6499	754.2	886.2
1324	00:04:04	60.08	6499	754	886
1325	00:05:04	60.09	6499	753.8	885.8
1326	00:06:05	10.01	6499	753.7	885.7
1327	00:06:15	51.89	6499	753.6	885.6
1328	00:07:06	60.55	6499	753.4	885.5
1329	00:08:07	60.09	6499	753.2	885.3
1330	00:09:07	60.09	6499	753	885.1
1331	00:10:07	60.09	6499	752.8	884.9
1332	00:11:07	60.08	6499	752.6	884.7
1333	00:12:07	60.09	6499	752.4	884.5
1334	00:13:07	60.08	6499	752.3	884.3
1335	00:14:08	60.08	6499	752.1	884.1
1336	00:15:08	60.09	6499	751.9	883.9
1337	00:16:08	60.08	6499	751.7	883.8
1338	00:17:08	60.09	6499	751.5	883.5
1339	00:18:08	60.09	6499	751.3	883.4
1340	00:19:08	60.09	6499	751.1	883.2
1341	00:20:08	60.06	6499	750.9	883
1342	00:21:08	60.09	6499	750.7	882.8
1343	00:22:08	60.08	6499	750.5	882.6
1344	00:23:08	60.11	6499	750.3	882.4
1345	00:24:08	60.09	6499	750.1	882.2
1346	00:25:08	60.08	6499	749.9	882
1347	00:26:09	60.09	6499	749.7	881.8
1348	00:27:09	59.01	6499	749.5	881.6
1349	00:28:08	60.40	6499	749.3	881.4
1350	00:29:08	60.08	6499	749.1	881.2
1351	00:30:08	60.09	6499	748.9	881.1
1352	00:31:08	60.10	6499	748.7	880.9
1353	00:32:08	60.09	6499	748.5	880.7
1354	00:33:08	60.09	6499	748.4	880.5
1355	00:34:08	60.08	6499	748.2	880.3
1356	00:35:09	60.01	6499	748	880.1
1357	00:36:09	60.42	6499	747.8	879.9
1358	00:37:09	60.09	6499	747.6	879.7
1359	00:38:09	60.09	6499	747.4	879.5
1360	00:39:09	60.56	6499	747.2	879.3
1361	00:40:10	60.36	6499	747	879.1
1362	00:41:10	60.08	6499	746.8	878.9
1363	00:42:10	60.09	6499	746.6	878.7
1364	00:43:10	60.09	6499	746.4	878.6
1365	00:44:10	60.09	6499	746.2	878.4
1366	00:45:10	60.09	6499	746	878.2
1367	00:46:11	60.08	6499	745.9	878
1368	00:47:11	60.07	6499	745.7	877.8
1369	00:48:11	60.08	6499	745.5	877.6
1370	00:49:11	60.09	6499	745.3	877.4
1371	00:50:11	60.09	6499	745.1	877.2
1372	00:51:11	60.09	6499	744.9	877
1373	00:52:11	60.09	6499	744.7	876.9
1374	00:53:11	60.08	6499	744.5	876.7
1375	00:54:11	60.08	6499	744.3	876.5
1376	00:55:11	60.09	6499	744.1	876.3
1377	00:56:11	60.09	6499	743.9	876.1
1378	00:57:11	60.08	6499	743.7	875.9
1379	00:58:12	60.09	6499	743.5	875.7
1380	00:59:12	60.09	6499	743.3	875.5
1381	01:00:12	60.08	6499	743.2	875.3
1382	01:01:12	60.08	6499	743	875.1
1383	01:02:12	60.09	6499	742.8	874.9
1384	01:03:12	60.10	6499	742.6	874.8
1385	01:04:12	60.09	6499	742.4	874.6
1386	01:05:12	60.09	6499	742.2	874.4
1387	01:06:12	60.07	6499	742	874.2
1388	01:07:12	60.07	6499	741.8	874
1389	01:08:12	60.07	6499	741.6	873.8
1390	01:09:13	60.08	6499	741.4	873.6
1391	01:10:13	60.09	6499	741.2	873.4
1392	01:11:13	60.09	6499	741	873.3
1393	01:12:13	60.09	6499	740.8	873.1
1394	01:13:13	60.08	6499	740.6	872.9
1395	01:14:13	60.09	6499	740.4	872.7
1396	01:15:13	60.08	6499	740.3	872.5
1397	01:16:13	60.08	6499	740.1	872.3
1398	01:17:13	60.09	6499	739.9	872.1
1399	01:18:13	60.09	6499	739.7	871.9
1400	01:19:13	60.09	6499	739.5	871.8
1401	01:20:13	60.05	6499	739.3	871.6
1402	01:21:14	60.08	6499	739.1	871.4
1403	01:22:14	60.08	6499	738.9	871.2
1404	01:23:14	60.08	6499	738.8	871
1405	01:24:14	60.08	6499	738.6	870.8
1406	01:25:14	60.09	6499	738.4	870.6
1407	01:26:14	60.09	6499	738.2	870.4
1408	01:27:14	60.09	6499	738	870.2
1409	01:28:14	30.67	6499	737.9	870.1
1410	01:28:45	10.14	6499	737.8	870
1411	01:28:55	10.01	6499	737.7	870
1412	01:29:05	60.08	6499	737.6	869.9
1413	01:30:05	60.09	6499	737.5	869.7
1414	01:31:05	60.08	6499	737.3	869.5
1415	01:32:05	60.08	6499	735.4	867.6
1416	01:33:05	60.08	6499	736.9	869.2
1417	01:34:05	60.09	6499	736.7	869
1418	01:35:05	60.08	6499	736.5	868.8
1419	01:36:06	60.08	6499	736.3	868.6
1420	01:37:06	60.09	6499	736.1	868.4
1421	01:38:06	60.09	6499	735.9	868.2
1422	01:39:06	60.09	6499	735.7	868
1423	01:40:06	60.09	6499	735.6	867.9
1424	01:41:06	60.08	6499	735.4	867.7
1425	01:42:06	60.08	6499	735.2	867.5
1426	01:43:06	60.08	6499	735	867.3
1427	01:44:06	60.09	6499	734.8	867.1
1428	01:45:06	60.10	6499	734.6	867
1429	01:46:06	60.08	6499	734.4	866.8
1430	01:47:06	60.09	6499	734.2	866.6
1431	01:48:07	60.10	6499	734	866.4
1432	01:49:07	60.08	6499	733.9	866.2
1433	01:50:07	60.09	6499	733.7	866
1434	01:51:07	60.09	6499	733.5	865.8
1435	01:52:07	60.09	6499	733.3	865.7
1436	01:53:07	60.09	6499	733.1	865.5
1437	01:54:07	60.08	6499	732.9	865.3
1438	01:55:07	60.09	6499	732.7	865.1
1439	01:56:07	60.09	6499	732.5	864.9
1440	01:57:07	60.09	6499	732.3	864.7
1441	01:58:07	60.09	6499	732.2	864.6
1442	01:59:08	60.10	6499	732	864.4
1443	02:00:08	60.08	6499	731.8	864.2
1444	02:01:08	60.08	6499	731.6	864
1445	02:02:08	60.08	6499	731.4	863.8
1446	02:03:08	60.09	6499	731.2	863.6
1447	02:04:08	60.09	6499	731	863.5
1448	02:05:08	60.09	6499	730.9	863.3
1449	02:06:08	60.08	6499	730.7	863.1
1450	02:07:08	60.08	6499	730.5	862.9
1451	02:08:08	60.08	6499	730.3	862.7
1452	02:09:08	60.10	6499	730.1	862.5
1453	02:10:08	60.08	6499	729.9	862.4
1454	02:11:09	60.09	6499	729.7	862.2
1455	02:12:09	60.09	6499	729.5	862
1456	02:13:09	60.08	6499	729.4	861.8
1457	02:14:09	60.09	6499	729.2	861.6
1458	02:15:09	60.11	6499	729	861.5
1459	02:16:09	32.17	6499	728.9	861.3
1460	02:16:41	30.96	6499	728.8	861.2
1461	02:17:12	60.30	6499	728.6	861.1
1462	02:18:12	60.09	6499	728.5	860.9
1463	02:19:13	60.09	6499	728.3	860.7
1464	02:20:13	60.06	6499	728.1	860.6
1465	02:21:13	60.09	6499	727.9	860.4
1466	02:22:13	60.08	6499	727.7	860.2
1467	02:23:13	60.09	6499	727.5	860
1468	02:24:13	60.09	6499	727.3	859.8
1469	02:25:13	13.50	6499	727.2	859.7
1470	02:25:27	22.91	6499	727.2	859.7
1471	02:25:49	10.16	6499	727.1	859.6
1472	02:26:00	13.55	6499	727.1	859.6
1473	02:26:13	30.94	6499	727	859.5
1474	02:26:44	30.91	6499	726.9	859.4
1475	02:27:15	31.00	6499	726.8	859.3
1476	02:27:46	60.36	6499	726.7	859.2
1477	02:28:46	60.09	6499	726.5	859
1478	02:29:46	60.09	6499	726.3	858.8
1479	02:30:47	60.08	6499	726.1	858.6
1480	02:31:47	60.08	6499	725.9	858.5
1481	02:32:47	60.09	6499	725.8	858.3
1482	02:33:47	60.09	6499	725.6	858.1
1483	02:34:47	60.09	6499	725.4	857.9
1484	02:35:47	60.09	6499	725.2	857.7
1485	02:36:47	60.08	6499	725	857.6
1486	02:37:47	60.08	6499	724.8	857.4
1487	02:38:47	60.09	6499	724.7	857.2
1488	02:39:47	60.08	6499	724.5	857
1489	02:40:47	60.10	6499	724.3	856.8
1490	02:41:48	60.09	6499	724.1	856.7
1491	02:42:48	60.09	6499	723.9	856.5
1492	02:43:48	60.08	6499	723.7	856.3
1493	02:44:48	60.08	6499	723.6	856.1
1494	02:45:48	60.09	6499	723.4	855.9
1495	02:46:48	60.09	6499	723.2	855.7
1496	02:47:48	60.09	6499	723	855.6
1497	02:48:48	60.10	6499	722.8	855.4
1498	02:49:48	60.08	6499	722.7	855.2
1499	02:50:48	60.08	6499	722.5	855
1500	02:51:48	60.09	6499	722.3	854.8
1501	02:52:48	60.09	6499	722.1	854.7
1502	02:53:49	60.09	6499	721.9	854.5
1503	02:54:49	60.09	6499	721.7	854.3
1504	02:55:49	60.08	6499	721.6	854.1
1505	02:56:49	60.08	6499	721.4	853.9
1506	02:57:49	60.09	6499	721.2	853.8
1507	02:58:49	60.09	6499	721	853.6
1508	02:59:49	60.09	6499	720.8	853.4
1509	03:00:49	60.09	6499	720.6	853.2
1510	03:01:49	60.09	6499	720.5	853
1511	03:02:49	60.08	6499	720.3	852.8
1512	03:03:49	60.09	6499	720.1	852.7
1513	03:04:50	60.09	6499	719.9	852.5
1514	03:05:50	60.09	6499	719.7	852.3
1515	03:06:50	60.09	6499	719.6	852.1
1516	03:07:50	60.09	6499	719.4	852
1517	03:08:50	60.08	6499	719.2	851.8
1518	03:09:50	60.09	6499	719	851.6
1519	03:10:50	60.09	6499	718.8	851.4
1520	03:11:50	60.09	6499	718.6	851.3
1521	03:12:50	60.09	6499	718.5	851.1
1522	03:13:50	60.09	6499	718.3	850.9
1523	03:14:50	60.08	6499	718.1	850.7
1524	03:15:50	60.09	6499	717.9	850.5
1525	03:16:51	60.09	6499	717.7	850.4
1526	03:17:51	60.09	6499	717.6	850.2
1527	03:18:51	60.09	6499	717.4	850
1528	03:19:51	60.07	6499	717.2	849.8
1529	03:20:51	60.08	6499	717	849.6
1530	03:21:51	60.10	6499	716.8	849.5
1531	03:22:51	60.10	6499	716.7	849.3
1532	03:23:51	60.09	6499	716.5	849.1
1533	03:24:51	60.08	6499	716.3	848.9
1534	03:25:51	60.10	6499	716.1	848.8
1535	03:26:51	60.08	6499	716	848.6
1536	03:27:52	60.09	6499	715.8	848.4
1537	03:28:52	60.10	6499	715.6	848.2
1538	03:29:52	60.08	6499	715.4	848
1539	03:30:52	60.09	6499	715.2	847.8
1540	03:31:52	60.09	6499	715	847.7
1541	03:32:52	60.09	6499	714.9	847.5
1542	03:33:52	60.08	6499	714.7	847.3
1543	03:34:52	60.08	6499	714.5	847.2
1544	03:35:52	60.09	6499	714.3	847
1545	03:36:52	60.08	6499	714.1	846.8
1546	03:37:52	60.08	6499	714	846.6
1547	03:38:52	60.09	6499	713.8	846.5
1548	03:39:53	60.08	6499	713.6	846.3
1549	03:40:53	60.08	6499	713.4	846.1
1550	03:41:53	60.10	6499	713.2	845.9
1551	03:42:53	60.08	6499	713.1	845.7
1552	03:43:53	60.08	6499	712.9	845.6
1553	03:44:53	60.09	6499	712.7	845.4
1554	03:45:53	60.10	6499	712.5	845.2
1555	03:46:53	60.07	6499	712.3	845
1556	03:47:53	60.08	6499	712.1	844.9
1557	03:48:53	60.09	6499	712	844.7
1558	03:49:53	60.09	6499	711.8	844.5
1559	03:50:54	60.09	6499	711.6	844.3
1560	03:51:54	60.09	6499	711.4	844.2
1561	03:52:54	60.09	6499	711.2	844
1562	03:53:54	60.08	6499	711.1	843.8
1563	03:54:54	60.10	6499	710.9	843.6
1564	03:55:54	60.09	6499	710.7	843.5
1565	03:56:54	60.09	6499	710.5	843.3
1566	03:57:54	60.09	6499	710.3	843.1
1567	03:58:54	60.09	6499	710.2	842.9
1568	03:59:54	60.08	6499	710	842.8
1569	04:00:54	48.17	6499	709.8	842.6
1570	04:01:43	14.83	6499	709.7	842.5
1571	04:01:57	60.17	6499	709.6	842.4
1572	04:02:58	60.08	6499	709.4	842.2
1573	04:03:58	60.08	6499	709.3	842
1574	04:04:58	60.09	6499	709.1	841.9
1575	04:05:58	49.45	6499	708.9	841.7
1576	04:06:47	30.94	6499	708.8	841.6
1577	04:07:18	60.34	6499	708.7	841.5
1578	04:08:19	60.08	6499	708.5	841.3
1579	04:09:19	60.09	6499	708.3	841.1
1580	04:10:19	60.09	6499	708.1	840.9
1581	04:11:19	60.08	6499	707.9	840.8
1582	04:12:19	60.08	6499	707.8	840.6
1583	04:13:19	60.08	6499	707.6	840.4
1584	04:14:19	60.09	6499	707.4	840.3
1585	04:15:19	30.05	6499	707.3	840.1
1586	04:15:49	60.34	6499	707.1	840
1587	04:16:50	60.08	6499	707	839.8
1588	04:17:50	30.52	6499	706.8	839.7
1589	04:18:20	60.36	6499	706.7	839.6
1590	04:19:20	60.08	6499	706.5	839.4
1591	04:20:21	60.07	6499	706.3	839.2
1592	04:21:21	60.09	6499	706.2	839
1593	04:22:21	60.08	6499	706	838.8
1594	04:23:21	60.09	6499	705.8	838.7
1595	04:24:21	60.09	6499	705.6	838.5
1596	04:25:21	60.09	6499	705.4	838.3
1597	04:26:21	60.08	6499	705.3	838.1
1598	04:27:21	60.08	6499	705.1	838
1599	04:28:21	60.09	6499	704.9	837.8
1600	04:29:21	60.09	6499	704.7	837.6
1601	04:30:21	60.09	6499	704.5	837.5
1602	04:31:22	60.09	6499	704.4	837.3
1603	04:32:22	60.09	6499	704.2	837.1
1604	04:33:22	60.08	6499	704	836.9
1605	04:34:22	60.09	6499	703.8	836.8
1606	04:35:22	60.09	6499	703.7	836.6
1607	04:36:22	60.09	6499	703.5	836.4
1608	04:37:22	60.08	6499	703.3	836.2
1609	04:38:22	60.09	6499	703.1	836.1
1610	04:39:22	60.07	6499	702.9	835.9
1611	04:40:22	60.08	6499	702.8	835.7
1612	04:41:22	60.09	6499	702.6	835.5
1613	04:42:22	60.11	6499	702.4	835.4
1614	04:43:23	58.61	6499	702.2	835.2
1615	04:44:21	60.32	6499	702.1	835
1616	04:45:21	60.08	6499	701.9	834.9
1617	04:46:22	60.09	6499	701.7	834.7
1618	04:47:22	60.09	6499	701.6	834.5
1619	04:48:22	60.09	6499	701.4	834.4
1620	04:49:22	60.09	6499	701.2	834.2
1621	04:50:22	60.10	6499	701	834
1622	04:51:22	60.08	6499	700.9	833.9
1623	04:52:22	60.09	6499	700.7	833.7
1624	04:53:22	60.09	6499	700.5	833.5
1625	04:54:22	60.09	6499	700.3	833.3
1626	04:55:22	32.40	6499	700.2	833.2
1627	04:55:55	15.51	6499	700.1	833.1
1628	04:56:10	60.02	6499	700	833
1629	04:57:10	60.09	6499	699.9	832.8
1630	04:58:10	60.09	6499	699.7	832.7
1631	04:59:10	60.08	6499	699.5	832.5
1632	05:00:11	60.09	6499	699.3	832.4
1633	05:01:11	60.09	6499	699.2	832.2
1634	05:02:11	60.09	6499	699	832
1635	05:03:11	60.08	6499	698.8	831.8
1636	05:04:11	60.08	6499	698.6	831.6
1637	05:05:11	60.10	6499	698.5	831.5
1638	05:06:11	60.09	6499	698.3	831.3
1639	05:07:11	60.09	6499	698.1	831.1
1640	05:08:11	60.09	6499	697.9	831
1641	05:09:11	60.08	6499	697.8	830.8
1642	05:10:11	60.08	6499	697.6	830.6
1643	05:11:12	60.08	6499	697.4	830.5
1644	05:12:12	60.08	6499	697.3	830.3
1645	05:13:12	60.09	6499	697.1	830.1
1646	05:14:12	60.09	6499	696.9	830
1647	05:15:12	60.09	6499	696.7	829.8
1648	05:16:12	60.08	6499	696.6	829.6
1649	05:17:12	60.08	6499	696.4	829.5
1650	05:18:12	60.09	6499	696.2	829.3
1651	05:19:12	60.09	6499	696.1	829.1
1652	05:20:12	60.06	6499	695.9	828.9
1653	05:21:12	60.09	6499	695.7	828.8
1654	05:22:12	60.08	6499	695.5	828.6
1655	05:23:13	60.08	6499	695.4	828.4
1656	05:24:13	60.08	6499	695.2	828.3
1657	05:25:13	60.08	6499	695	828.1
1658	05:26:13	60.09	6499	694.8	827.9
1659	05:27:13	60.09	6499	694.7	827.8
1660	05:28:13	60.09	6499	694.5	827.6
1661	05:29:13	60.09	6499	694.3	827.4
1662	05:30:13	60.09	6499	694.1	827.2
1663	05:31:13	60.08	6499	694	827.1
1664	05:32:13	60.08	6499	693.8	826.9
1665	05:33:13	60.09	6499	693.6	826.7
1666	05:34:13	60.09	6499	693.4	826.6
1667	05:35:14	60.10	6499	693.2	826.4
1668	05:36:14	60.09	6499	693.1	826.2
1669	05:37:14	60.08	6499	692.9	826.1
1670	05:38:14	60.08	6499	692.7	825.9
1671	05:39:14	60.09	6499	692.5	825.7
1672	05:40:14	60.09	6499	692.4	825.6
1673	05:41:14	60.09	6499	692.2	825.4
1674	05:42:14	60.10	6499	692	825.2
1675	05:43:14	60.09	6499	691.9	825.1
1676	05:44:14	60.08	6499	691.7	824.9
1677	05:45:14	60.08	6499	691.5	824.8
1678	05:46:15	60.09	6499	691.3	824.6
1679	05:47:15	60.10	6499	691.2	824.4
1680	05:48:15	10.02	6499	691.1	824.3
1681	05:48:25	14.69	6499	691	824.3
1682	05:48:39	60.16	6499	690.9	824.2
1683	05:49:40	60.09	6499	690.8	824
1684	05:50:40	60.09	6499	690.6	823.8
1685	05:51:40	60.08	6499	690.4	823.6
1686	05:52:40	60.08	6499	690.2	823.5
1687	05:53:40	60.09	6499	690.1	823.3
1688	05:54:40	60.08	6499	689.9	823.2
1689	05:55:40	23.38	6499	689.8	823
1690	05:56:03	15.04	6499	689.7	823
1691	05:56:19	60.22	6499	689.6	822.9
1692	05:57:19	60.08	6499	689.4	822.7
1693	05:58:19	60.09	6499	689.3	822.6
1694	05:59:19	60.09	6499	689.1	822.4
1695	06:00:19	60.09	6499	688.9	822.2
1696	06:01:19	60.09	6499	688.8	822.1
1697	06:02:19	60.09	6499	688.6	821.9
1698	06:03:19	60.08	6499	688.4	821.7
1699	06:04:19	60.09	6499	688.2	821.6
1700	06:05:19	60.09	6499	688.1	821.4
1701	06:06:20	60.09	6499	687.9	821.2
1702	06:07:20	60.09	6499	687.7	821.1
1703	06:08:20	60.09	6499	687.6	820.9
1704	06:09:20	60.08	6499	687.4	820.8
1705	06:10:20	60.08	6499	687.2	820.6
1706	06:11:20	60.09	6499	687.1	820.4
1707	06:12:20	60.09	6499	686.9	820.3
1708	06:13:20	60.09	6499	686.7	820.1
1709	06:14:20	42.73	6499	686.6	820
1710	06:15:03	10.10	6499	686.5	819.9
1711	06:15:13	10.02	6499	686.5	819.9
1712	06:15:23	10.01	6499	686.5	819.9
1713	06:15:33	60.08	6499	686.4	819.7
1714	06:16:33	60.08	6499	686.2	819.6
1715	06:17:33	60.09	6499	686	819.4
1716	06:18:33	60.10	6499	685.8	819.2
1717	06:19:33	60.08	6499	685.7	819.1
1718	06:20:33	45.09	6499	685.5	818.9
1719	06:21:19	15.34	6499	685.4	818.9
1720	06:21:34	45.49	6499	684.4	818.8
1721	06:22:19	60.11	6499	685.2	818.6
1722	06:23:20	60.09	6499	685	818.5
1723	06:24:20	60.09	6499	684.9	818.3
1724	06:25:20	60.09	6499	684.7	818.1
1725	06:26:20	60.09	6499	684.5	818
1726	06:27:20	60.09	6499	684.4	817.8
1727	06:28:20	60.08	6499	684.2	817.7
1728	06:29:20	60.09	6499	684	817.5
1729	06:30:20	60.08	6499	683.9	817.3
1730	06:31:20	60.08	6499	683.7	817.2
1731	06:32:20	60.09	6499	683.5	817
1732	06:33:20	60.09	6499	683.4	816.8
1733	06:34:20	41.42	6499	683.2	816.7
1734	06:35:02	60.22	6499	683.1	816.5
1735	06:36:02	60.09	6499	682.9	816.4
1736	06:37:02	60.08	6499	682.8	816.2
1737	06:38:02	60.08	6499	682.6	816.1
1738	06:39:02	60.09	6499	682.4	815.9
1739	06:40:02	60.09	6499	682.3	815.8
1740	06:41:03	60.09	6499	682.1	815.6
1741	06:42:03	60.08	6499	681.9	815.4
1742	06:43:03	60.08	6499	681.8	815.2
1743	06:44:03	60.09	6499	681.6	815.1
1744	06:45:03	60.09	6499	681.4	814.9
1745	06:46:03	60.08	6499	681.3	814.8
1746	06:47:03	60.09	6499	681.1	814.6
1747	06:48:03	60.08	6499	681	814.5
1748	06:49:03	60.09	6499	680.8	814.3
1749	06:50:03	60.08	6499	680.6	814.1
1750	06:51:03	60.09	6499	680.5	814
1751	06:52:03	60.08	6499	680.3	813.8
1752	06:53:04	60.08	6499	680.1	813.6
1753	06:54:04	60.09	6499	680	813.5
1754	06:55:04	60.08	6499	679.8	813.3
1755	06:56:04	60.08	6499	679.6	813.2
1756	06:57:04	60.09	6499	679.5	813
1757	06:58:04	60.09	6499	679.3	812.9
1758	06:59:04	60.09	6499	679.1	812.7
1759	07:00:04	60.09	6499	679	812.5
1760	07:01:04	60.08	6499	678.8	812.4
1761	07:02:04	60.08	6499	678.6	812.2
1762	07:03:04	60.08	6499	678.5	812
1763	07:04:05	60.08	6499	678.3	811.9
1764	07:05:05	60.10	6499	678.1	811.7
1765	07:06:05	60.09	6499	678	811.6
1766	07:07:05	60.09	6499	677.8	811.4
1767	07:08:05	60.08	6499	677.6	811.3
1768	07:09:05	60.09	6499	677.5	811.1
1769	07:10:05	60.10	6499	677.3	810.9
1770	07:11:05	60.09	6499	677.1	810.8
1771	07:12:05	60.09	6499	677	810.6
1772	07:13:05	60.09	6499	676.8	810.5
1773	07:14:05	60.09	6499	676.6	810.3
1774	07:15:05	60.09	6499	676.5	810.1
1775	07:16:06	60.09	6499	676.3	810
1776	07:17:06	60.09	6499	676.1	809.8
1777	07:18:06	60.09	6499	676	809.7
1778	07:19:06	60.09	6499	675.8	809.5
1779	07:20:06	60.06	6499	675.6	809.3
1780	07:21:06	60.09	6499	675.5	809.2
1781	07:22:06	60.08	6499	675.3	809
1782	07:23:06	60.08	6499	675.2	808.9
1783	07:24:06	60.09	6499	675	808.7
1784	07:25:06	60.09	6499	674.8	808.6
1785	07:26:06	60.10	6499	674.7	808.4
1786	07:27:07	60.09	6499	674.5	808.3
1787	07:28:07	60.09	6499	674.3	808.1
1788	07:29:07	60.08	6499	674.2	807.9
1789	07:30:07	60.09	6499	674	807.8
1790	07:31:07	60.09	6499	673.8	807.6
1791	07:32:07	60.09	6499	673.7	807.4
1792	07:33:07	60.09	6499	673.5	807.3
1793	07:34:07	60.09	6499	673.4	807.1
1794	07:35:07	60.08	6499	673.2	807
1795	07:36:07	60.07	6499	673	806.8
1796	07:37:07	60.09	6499	672.8	806.7
1797	07:38:07	60.09	6499	672.7	806.5
1798	07:39:08	60.09	6499	672.5	806.4
1799	07:40:08	60.08	6499	672.4	806.2
1800	07:41:08	60.08	6499	672.2	806
1801	07:42:08	60.11	6499	672	805.9
1802	07:43:08	60.09	6499	671.9	805.7
1803	07:44:08	60.08	6499	671.7	805.6
1804	07:45:08	60.09	6499	671.6	805.4
1805	07:46:08	60.09	6499	671.4	805.3
1806	07:47:08	60.09	6499	671.2	805.1
1807	07:48:08	60.08	6499	671.1	804.9
1808	07:49:08	60.09	6499	670.9	804.8
1809	07:50:09	60.09	6499	670.8	804.6
1810	07:51:09	60.09	6499	670.6	804.5
1811	07:52:09	60.09	6499	670.4	804.3
1812	07:53:09	60.09	6499	670.3	804.1
1813	07:54:09	60.08	6499	670.1	804
1814	07:55:09	60.09	6499	670	803.8
1815	07:56:09	60.09	6499	669.8	803.7
1816	07:57:09	60.09	6499	669.7	803.5
1817	07:58:09	60.10	6499	669.5	803.4
1818	07:59:09	60.10	6499	669.3	803.2
1819	08:00:09	60.08	6499	669.2	803.1
1820	08:01:10	60.09	6499	667.6	801.4
1821	08:02:10	60.09	6499	668.9	802.8
1822	08:03:10	60.09	6499	668.7	802.6
1823	08:04:10	60.09	6499	668.5	802.4
1824	08:05:10	60.09	6499	668.4	802.3
1825	08:06:10	33.26	6499	668.3	802.2
1826	08:06:43	60.12	6499	668.1	802
1827	08:07:43	60.09	6499	668	801.9
1828	08:08:43	60.09	6499	667.8	801.8
1829	08:09:44	60.09	6499	667.7	801.6
1830	08:10:44	60.08	6499	667.5	801.4
1831	08:11:44	60.08	6499	667.4	801.3
1832	08:12:44	60.09	6499	667.2	801.1
1833	08:13:44	60.10	6499	667	801
1834	08:14:44	60.09	6499	666.9	800.8
1835	08:15:44	60.09	6499	666.7	800.7
1836	08:16:44	60.10	6499	666.5	800.5
1837	08:17:44	60.08	6499	666.4	800.4
1838	08:18:44	60.09	6499	666.2	800.2
1839	08:19:44	60.07	6499	666.1	800
1840	08:20:44	60.09	6499	665.9	799.9
1841	08:21:45	60.09	6499	665.8	799.7
1842	08:22:45	60.09	6499	665.6	799.6
1843	08:23:45	60.08	6499	665.4	799.4
1844	08:24:45	60.09	6499	665.3	799.3
1845	08:25:45	60.09	6499	665.1	799.1
1846	08:26:45	60.08	6499	665	799
1847	08:27:45	60.08	6499	664.8	798.8
1848	08:28:45	60.08	6499	664.7	798.7
1849	08:29:45	60.09	6499	664.5	798.5
1850	08:30:45	60.08	6499	664.3	798.4
1851	08:31:45	60.09	6499	664.2	798.2
1852	08:32:46	60.09	6499	664	798.1
1853	08:33:46	60.08	6499	663.9	797.9
1854	08:34:46	60.08	6499	663.7	797.7
1855	08:35:46	60.08	6499	663.5	797.6
1856	08:36:46	60.08	6499	663.4	797.4
1857	08:37:46	60.09	6499	663.2	797.3
1858	08:38:46	60.09	6499	663.1	797.1
1859	08:39:46	60.09	6499	662.9	797
1860	08:40:46	60.08	6499	662.8	796.8
1861	08:41:46	60.08	6499	662.6	796.7
1862	08:42:46	60.08	6499	662.4	796.5
1863	08:43:46	60.09	6499	662.3	796.4
1864	08:44:47	60.09	6499	662.1	796.2
1865	08:45:47	60.09	6499	662	796.1
1866	08:46:47	60.08	6499	661.8	795.9
1867	08:47:47	60.08	6499	661.6	795.8
1868	08:48:47	60.09	6499	661.5	795.6
1869	08:49:47	60.09	6499	661.3	795.5
1870	08:50:47	60.09	6499	661.2	795.3
1871	08:51:47	60.09	6499	661	795.2
1872	08:52:47	60.09	6499	660.9	795
1873	08:53:47	60.08	6499	660.7	794.9
1874	08:54:47	60.09	6499	660.6	794.7
1875	08:55:48	60.09	6499	660.4	794.5
1876	08:56:48	60.09	6499	660.2	794.4
1877	08:57:48	60.10	6499	660.1	794.2
1878	08:58:48	60.08	6499	659.9	794.1
1879	08:59:48	60.08	6499	659.8	794
1880	09:00:48	60.08	6499	659.6	793.8
1881	09:01:48	60.08	6499	659.5	793.7
1882	09:02:48	60.09	6499	659.3	793.5
1883	09:03:48	60.08	6499	659.2	793.3
1884	09:04:48	60.09	6499	659	793.2
1885	09:05:48	60.09	6499	658.9	793.1
1886	09:06:48	60.09	6499	658.7	792.9
1887	09:07:49	60.08	6499	658.6	792.8
1888	09:08:49	60.08	6499	658.4	792.6
1889	09:09:49	60.08	6499	658.2	792.5
1890	09:10:49	60.09	6499	658.1	792.3
1891	09:11:49	60.09	6499	657.9	792.2
1892	09:12:49	60.09	6499	657.8	792
1893	09:13:49	60.09	6499	657.6	791.9
1894	09:14:49	23.74	6499	657.5	791.8
1895	09:15:13	60.37	6499	657.4	791.7
1896	09:16:13	60.09	6499	657.3	791.5
1897	09:17:13	60.09	6499	657.1	791.4
1898	09:18:13	60.10	6499	656.9	791.2
1899	09:19:14	60.08	6499	656.8	791.1
1900	09:20:14	60.07	6499	656.6	790.9
1901	09:21:14	60.09	6499	656.5	790.8
1902	09:22:14	60.08	6499	656.3	790.6
1903	09:23:14	60.08	6499	656.2	790.5
1904	09:24:14	60.09	6499	656	790.3
1905	09:25:14	60.09	6499	655.9	790.2
1906	09:26:14	60.09	6499	655.7	790
1907	09:27:14	60.09	6499	655.5	789.9
1908	09:28:14	60.08	6499	655.4	789.7
1909	09:29:14	60.09	6499	655.3	789.6
1910	09:30:14	60.09	6499	655.1	789.5
1911	09:31:15	60.09	6499	654.9	789.3
1912	09:32:15	60.09	6499	654.8	789.1
1913	09:33:15	60.09	6499	654.6	789
1914	09:34:15	60.08	6499	654.5	788.9
1915	09:35:15	60.08	6499	654.3	788.7
1916	09:36:15	60.08	6499	654.2	788.6
1917	09:37:15	60.08	6499	654	788.4
1918	09:38:15	60.08	6499	653.9	788.3
1919	09:39:15	60.08	6499	653.7	788.1
1920	09:40:15	60.09	6499	653.5	788
1921	09:41:15	60.08	6499	653.4	787.8
1922	09:42:15	60.08	6499	653.2	787.7
1923	09:43:16	60.09	6499	653.1	787.5
1924	09:44:16	60.09	6499	652.9	787.4
1925	09:45:16	60.09	6499	652.8	787.2
1926	09:46:16	60.08	6499	652.6	787.1
1927	09:47:16	60.09	6499	652.5	787
1928	09:48:16	60.09	6499	652.3	786.8
1929	09:49:16	60.09	6499	652.2	786.7
1930	09:50:16	60.09	6499	652	786.5
1931	09:51:16	60.11	6499	651.9	786.3
1932	09:52:16	60.08	6499	651.7	786.2
1933	09:53:16	60.09	6499	651.6	786.1
1934	09:54:17	60.08	6499	651.4	785.9
1935	09:55:17	60.08	6499	651.3	785.8
1936	09:56:17	60.09	6499	651.1	785.6
1937	09:57:17	60.09	6499	651	785.5
1938	09:58:17	33.63	6499	650.8	785.4
1939	09:58:51	42.71	6499	650.8	785.3
1940	09:59:33	60.11	6499	650.6	785.2
1941	10:00:33	60.08	6499	650.5	785
1942	10:01:33	60.09	6499	650.3	784.8
1943	10:02:33	60.08	6499	650.2	784.7
1944	10:03:34	60.08	6499	650	784.6
1945	10:04:34	60.08	6499	649.9	784.4
1946	10:05:34	60.08	6499	649.7	784.3
1947	10:06:34	60.09	6499	649.6	784.1
1948	10:07:34	60.09	6499	649.4	784
1949	10:08:34	60.08	6499	649.3	783.8
1950	10:09:34	60.09	6499	649.1	783.7
1951	10:10:34	52.67	6499	649	783.6
1952	10:11:27	60.01	6499	648.9	783.4
1953	10:12:27	60.09	6499	648.7	783.3
1954	10:13:27	60.09	6499	648.6	783.1
1955	10:14:27	60.09	6499	648.4	783
1956	10:15:27	60.08	6499	648.2	782.8
1957	10:16:27	60.10	6499	648.1	782.7
1958	10:17:27	60.09	6499	648	782.6
1959	10:18:27	60.09	6499	647.8	782.4
1960	10:19:27	60.09	6499	647.7	782.3
1961	10:20:28	60.08	6499	647.5	782.1
1962	10:21:28	60.08	6499	647.4	782
1963	10:22:28	60.09	6499	647.2	781.8
1964	10:23:28	60.09	6499	647.1	781.7
1965	10:24:28	60.09	6499	646.9	781.5
1966	10:25:28	60.09	6499	646.8	781.4
1967	10:26:28	60.08	6499	646.6	781.2
1968	10:27:28	60.09	6499	646.5	781.1
1969	10:28:28	60.08	6499	646.3	780.9
1970	10:29:28	60.09	6499	646.2	780.8
1971	10:30:28	60.10	6499	646	780.7
1972	10:31:28	60.08	6499	645.9	780.5
1973	10:32:29	60.09	6499	645.7	780.4
1974	10:33:29	60.09	6499	645.6	780.2
1975	10:34:29	60.08	6499	645.4	780.1
1976	10:35:29	60.09	6499	645.3	779.9
1977	10:36:29	60.09	6499	645.1	779.8
1978	10:37:29	60.08	6499	645	779.7
1979	10:38:29	60.09	6499	644.8	779.5
1980	10:39:29	60.09	6499	644.7	779.4
1981	10:40:29	60.08	6499	644.5	779.2
1982	10:41:29	60.09	6499	644.4	779.1
1983	10:42:29	60.09	6499	644.2	778.9
1984	10:43:30	60.11	6499	644.1	778.8
1985	10:44:30	60.08	6499	643.9	778.6
1986	10:45:30	60.10	6499	643.8	778.5
1987	10:46:30	60.08	6499	643.6	778.4
1988	10:47:30	60.09	6499	643.5	778.2
1989	10:48:30	60.09	6499	643.3	778.1
1990	10:49:30	51.72	6499	643.2	777.9
1991	10:50:22	14.08	6499	643.1	777.9
1992	10:50:36	60.14	6499	643	777.8
1993	10:51:36	60.09	6499	642.9	777.6
1994	10:52:36	60.10	6499	642.7	777.5
1995	10:53:36	60.08	6499	642.6	777.3
1996	10:54:36	60.08	6499	642.4	777.2
1997	10:55:36	60.09	6499	642.3	777.1
1998	10:56:36	60.09	6499	642.1	776.9
1999	10:57:37	60.09	6499	642	776.8
2000	10:58:37	60.09	6499	641.8	776.6
2001	10:59:37	60.09	6499	641.7	776.5
2002	11:00:37	60.09	6499	641.5	776.4
2003	11:01:37	60.09	6499	641.4	776.2
2004	11:02:37	60.09	6499	641.3	776.1
2005	11:03:37	60.09	6499	641.1	775.9
2006	11:04:37	60.08	6499	641	775.8
2007	11:05:37	60.09	6499	640.8	775.6
2008	11:06:37	60.08	6499	640.7	775.5
2009	11:07:37	60.09	6499	640.5	775.4
2010	11:08:38	60.09	6499	638.9	773.7
2011	11:09:38	60.09	6499	640.2	775.1
2012	11:10:38	60.09	6499	640.1	774.9
2013	11:11:38	60.08	6499	639.9	774.8
2014	11:12:38	60.08	6499	639.8	774.6
2015	11:13:38	60.09	6499	639.6	774.5
2016	11:14:38	60.08	6499	639.5	774.4
2017	11:15:38	60.08	6499	639.4	774.2
2018	11:16:38	60.09	6499	639.2	774.1
2019	11:17:38	60.09	6499	639.1	773.9
2020	11:18:38	60.08	6499	638.9	773.8
2021	11:19:38	60.09	6499	638.8	773.7
2022	11:20:39	60.07	6499	638.6	773.5
2023	11:21:39	60.09	6499	638.5	773.4
2024	11:22:39	60.09	6499	638.4	773.3
2025	11:23:39	60.08	6499	638.3	773.2
2026	11:24:39	60.09	6499	638.2	773.1
2027	11:25:39	60.08	6499	638	772.9
2028	11:26:39	60.08	6499	637.9	772.8
2029	11:27:39	60.09	6499	637.7	772.7
2030	11:28:39	60.09	6499	637.6	772.5
2031	11:29:39	60.09	6499	637.5	772.4
2032	11:30:39	60.09	6499	637.3	772.2
2033	11:31:39	60.08	6499	637.2	772.1
2034	11:32:40	60.08	6499	637	772
2035	11:33:40	60.09	6499	636.9	771.8
2036	11:34:40	60.09	6499	636.7	771.7
2037	11:35:40	60.09	6499	636.6	771.5
2038	11:36:40	60.09	6499	636.5	771.4
2039	11:37:40	60.08	6499	636.3	771.2
2040	11:38:40	60.08	6499	636.2	771.1
2041	11:39:40	60.08	6499	636	771
2042	11:40:40	60.08	6499	635.9	770.8
2043	11:41:40	60.09	6499	635.7	770.7
2044	11:42:40	60.08	6499	635.6	770.6
2045	11:43:41	60.09	6499	635.4	770.4
2046	11:44:41	60.08	6499	635.3	770.3
2047	11:45:41	60.08	6499	635.2	770.1
2048	11:46:41	60.10	6499	635	770
2049	11:47:41	60.09	6499	634.9	769.9
2050	11:48:41	60.09	6499	634.7	769.7
2051	11:49:41	60.09	6499	634.6	769.6
2052	11:50:41	60.08	6499	634.4	769.4
2053	11:51:41	60.08	6499	634.3	769.3
2054	11:52:41	60.09	6499	634.1	769.2
2055	11:53:41	60.08	6499	634	769
2056	11:54:41	60.09	6499	633.8	768.9
2057	11:55:42	60.09	6499	633.7	768.7
2058	11:56:42	60.09	6499	633.6	768.6
2059	11:57:42	60.09	6499	633.4	768.5
2060	11:58:42	60.08	6499	633.3	768.3
2061	11:59:42	60.09	6499	633.1	768.2
2062	12:00:42	60.09	6499	633	768
2063	12:01:42	60.10	6499	632.9	767.9
2064	12:02:42	60.09	6499	632.7	767.8
2065	12:03:42	60.07	6499	632.6	767.6
2066	12:04:42	60.08	6499	632.4	767.5
2067	12:05:42	53.72	6499	632.3	767.3
2068	12:06:36	10.12	6499	632.2	767.2
2069	12:06:46	10.01	6499	632.2	767.2
2070	12:06:56	60.09	6499	632.1	767.2
2071	12:07:56	60.08	6499	632	767
2072	12:08:56	60.09	6499	631.8	766.9
2073	12:09:57	60.11	6499	631.7	766.7
2074	12:10:57	60.08	6499	631.5	766.6
2075	12:11:57	60.09	6499	631.4	766.5
2076	12:12:57	60.08	6499	631.3	766.3
2077	12:13:57	60.08	6499	631.1	766.2
2078	12:14:57	60.09	6499	631	766.1
2079	12:15:57	60.08	6499	630.8	765.9
2080	12:16:57	60.09	6499	630.7	765.8
2081	12:17:57	60.08	6499	630.5	765.6
2082	12:18:57	60.07	6499	630.4	765.5
2083	12:19:57	60.06	6499	630.3	765.4
2084	12:20:57	60.08	6499	630.1	765.2
2085	12:21:58	60.09	6499	630	765.1
2086	12:22:58	60.09	6499	629.8	764.9
2087	12:23:58	60.10	6499	629.7	764.8
2088	12:24:58	60.08	6499	629.6	764.7
2089	12:25:58	60.08	6499	629.4	764.5
2090	12:26:58	60.09	6499	629.3	764.4
2091	12:27:58	60.09	6499	629.1	764.2
2092	12:28:58	60.09	6499	629	764.1
2093	12:29:58	60.09	6499	628.9	764
2094	12:30:58	60.09	6499	628.7	763.8
2095	12:31:58	60.09	6499	628.6	763.7
2096	12:32:58	60.09	6499	628.4	763.6
2097	12:33:59	60.09	6499	628.3	763.4
2098	12:34:59	60.09	6499	626.8	763.3
2099	12:35:59	60.09	6499	628	763.1
2100	12:36:59	60.10	6499	627.9	763
2101	12:37:59	60.09	6499	627.7	762.8
2102	12:38:59	60.07	6499	627.6	762.7
2103	12:39:59	60.07	6499	627.4	762.6
2104	12:40:59	60.08	6499	627.3	762.5
2105	12:41:59	60.08	6499	627.2	762.3
2106	12:42:59	60.09	6499	627	762.2
2107	12:43:59	60.08	6499	626.9	762
2108	12:45:00	60.08	6499	626.7	761.9
2109	12:46:00	60.08	6499	626.6	761.8
2110	12:47:00	60.09	6499	626.5	761.6
2111	12:48:00	60.09	6499	626.3	761.5
2112	12:49:00	60.10	6499	626.2	761.4
2113	12:50:00	60.09	6499	626	761.3
2114	12:51:00	60.09	6499	625.9	761.1
2115	12:52:00	60.08	6499	625.7	761
2116	12:53:00	60.08	6499	625.6	760.8
2117	12:54:00	60.09	6499	625.5	760.7
2118	12:55:00	60.09	6499	625.3	760.6
2119	12:56:00	60.09	6499	625.2	760.4
2120	12:57:01	60.08	6499	625	760.3
2121	12:58:01	60.08	6499	624.9	760.2
2122	12:59:01	60.08	6499	624.8	760
2123	13:00:01	60.08	6499	624.6	759.9
2124	13:01:01	60.08	6499	624.5	759.7
2125	13:02:01	60.08	6499	624.3	759.6
2126	13:03:01	60.09	6499	624.2	759.4
2127	13:04:01	60.09	6499	624	759.3
2128	13:05:01	60.09	6499	623.9	759.2
2129	13:06:01	60.08	6499	623.8	759
2130	13:07:01	60.09	6499	623.6	758.9
2131	13:08:01	60.08	6499	623.5	758.8
2132	13:09:02	60.11	6499	623.3	758.6
2133	13:10:02	60.08	6499	623.2	758.5
2134	13:11:02	60.09	6499	623	758.4
2135	13:12:02	60.08	6499	622.9	758.2
2136	13:13:02	60.08	6499	622.8	758.1
2137	13:14:02	60.09	6499	622.6	758
2138	13:15:02	60.09	6499	622.5	757.8
2139	13:16:02	60.09	6499	622.4	757.7
2140	13:17:02	60.09	6499	622.2	757.5
2141	13:18:02	60.09	6499	622.1	757.4
2142	13:19:02	60.08	6499	621.9	757.3
2143	13:20:03	60.07	6499	621.8	757.1
2144	13:21:03	60.08	6499	621.6	757
2145	13:22:03	60.10	6499	621.5	756.9
2146	13:23:03	60.08	6499	621.4	756.7
2147	13:24:03	60.09	6499	621.2	756.6
2148	13:25:03	60.08	6499	621.1	756.5
2149	13:26:03	60.07	6499	621	756.3
2150	13:27:03	60.08	6499	620.8	756.2
2151	13:28:03	60.09	6499	620.7	756
2152	13:29:03	60.09	6499	620.6	755.9
2153	13:30:03	60.09	6499	620.4	755.8
2154	13:31:03	60.09	6499	620.3	755.7
2155	13:32:04	60.10	6499	620.1	755.5
2156	13:33:04	60.09	6499	620	755.4
2157	13:34:04	60.08	6499	619.9	755.2
2158	13:35:04	60.09	6499	619.7	755.1
2159	13:36:04	60.09	6499	619.6	755
2160	13:37:04	60.09	6499	619.4	754.8
2161	13:38:04	60.08	6499	619.3	754.7
2162	13:39:04	60.09	6499	619.2	754.6
2163	13:40:04	60.08	6499	619	754.5
2164	13:41:04	60.09	6499	618.9	754.3
2165	13:42:04	60.09	6499	618.7	754.2
2166	13:43:04	60.09	6499	618.6	754
2167	13:44:05	60.09	6499	618.5	753.9
2168	13:45:05	60.08	6499	618.3	753.8
2169	13:46:05	60.09	6499	618.2	753.6
2170	13:47:05	60.09	6499	618.1	753.5
2171	13:48:05	60.09	6499	617.9	753.4
2172	13:49:05	60.09	6499	617.8	753.3
2173	13:50:05	60.08	6499	617.6	753.1
2174	13:51:05	60.09	6499	617.5	753
2175	13:52:05	60.09	6499	617.4	752.9
2176	13:53:05	60.09	6499	617.2	752.7
2177	13:54:05	60.09	6499	617.1	752.6
2178	13:55:06	60.09	6499	616.9	752.4
2179	13:56:06	60.10	6499	616.8	752.3
2180	13:57:06	60.08	6499	616.7	752.2
2181	13:58:06	60.08	6499	616.6	752.1
2182	13:59:06	60.08	6499	616.4	751.9
2183	14:00:06	60.09	6499	616.3	751.8
2184	14:01:06	60.09	6499	616.1	751.7
2185	14:02:06	60.09	6499	616	751.5
2186	14:03:06	60.09	6499	615.8	751.4
2187	14:04:06	60.08	6499	615.7	751.3
2188	14:05:06	60.08	6499	615.6	751.1
2189	14:06:06	60.09	6499	615.4	751
2190	14:07:07	60.07	6499	615.3	750.9
2191	14:08:07	60.08	6499	615.2	750.7
2192	14:09:07	60.08	6499	615	750.6
2193	14:10:07	60.09	6499	614.9	750.4
2194	14:11:07	60.08	6499	614.7	750.3
2195	14:12:07	60.08	6499	614.6	750.2
2196	14:13:07	60.23	6499	614.5	750.1
2197	14:14:07	60.10	6499	614.3	749.9
2198	14:15:07	60.34	6499	614.2	749.8
2199	14:16:08	60.79	6499	612.7	748.2
2200	14:17:09	60.43	6499	613.9	749.5
2201	14:18:09	60.40	6499	613.8	749.4
2202	14:19:09	60.55	6499	613.7	749.3
2203	14:20:10	60.79	6499	613.5	749.1
2204	14:21:11	60.34	6499	613.4	749
2205	14:22:11	60.49	6499	613.3	748.9
2206	14:23:12	60.57	6499	613.1	748.7
2207	14:24:12	60.77	6499	613	748.6
2208	14:25:13	60.33	6499	612.9	748.5
2209	14:26:13	60.52	6499	612.7	748.3
2210	14:27:14	60.82	6499	612.6	748.2
2211	14:28:15	60.48	6499	612.4	748.1
2212	14:29:15	60.40	6499	612.3	747.9
2213	14:30:15	60.48	6499	612.2	747.8
2214	14:31:16	60.87	6499	612	747.7
2215	14:32:17	60.27	6499	611.9	747.6
2216	14:33:17	60.49	6499	611.8	747.4
2217	14:34:18	60.56	6499	611.6	747.3
2218	14:35:18	60.84	6499	611.5	747.1
2219	14:36:19	60.34	6499	611.4	747
2220	14:37:19	60.45	6499	611.2	746.9
2221	14:38:20	60.57	6499	611.1	746.8
2222	14:39:20	60.80	6499	611	746.6
2223	14:40:21	60.32	6499	610.8	746.5
2224	14:41:21	60.51	6499	610.7	746.4
2225	14:42:22	60.53	6499	610.6	746.2
2226	14:43:22	60.59	6499	610.4	746.1
2227	14:44:23	60.51	6499	610.3	746
2228	14:45:24	60.60	6499	610.2	745.8
2229	14:46:24	60.76	6499	610	745.7
2230	14:47:25	60.32	6499	609.9	745.6
2231	14:48:25	60.55	6499	609.8	745.4
2232	14:49:26	60.51	6499	609.6	745.3
2233	14:50:26	60.79	6499	609.5	745.2
2234	14:51:27	60.33	6499	609.4	745.1
2235	14:52:27	60.52	6499	609.2	744.9
2236	14:53:28	60.83	6499	609.1	744.8
2237	14:54:29	60.39	6499	609	744.6
2238	14:55:29	60.43	6499	608.8	744.5
2239	14:56:30	60.89	6499	608.7	744.4
2240	14:57:30	60.49	6499	608.6	744.3
2241	14:58:31	60.26	6499	608.4	744.1
2242	14:59:31	60.52	6499	608.3	744
2243	15:00:32	60.58	6499	608.1	743.8
2244	15:01:32	60.74	6499	608	743.7
2245	15:02:33	60.36	6499	607.9	743.6
2246	15:03:33	60.52	6499	607.7	743.5
2247	15:04:34	60.58	6499	607.6	743.3
2248	15:05:35	60.72	6499	607.5	743.2
2249	15:06:35	60.35	6499	607.3	743.1
2250	15:07:36	60.09	6499	607.2	742.9
2251	15:08:36	61.16	6499	607.1	742.8
2252	15:09:37	60.42	6499	606.9	742.7
2253	15:10:37	60.53	6499	606.8	742.5
2254	15:11:38	60.70	6499	606.6	742.4
2255	15:12:38	60.57	6499	606.5	742.3
2256	15:13:39	60.36	6499	606.4	742.1
2257	15:14:39	60.57	6499	606.2	742
2258	15:15:40	61.02	6499	606.1	741.9
2259	15:16:41	60.27	6499	605.9	741.7
2260	15:17:41	60.36	6499	605.8	741.6
2261	15:18:42	60.52	6499	605.7	741.5
2262	15:19:42	60.80	6499	605.6	741.4
2263	15:20:43	60.34	6499	604.6	741.2
2264	15:21:43	60.50	6499	605.3	741.1
2265	15:22:44	60.52	6499	605.2	741
2266	15:23:44	64.30	6499	605	740.8
2267	15:24:49	60.10	6499	604.9	740.7
2268	15:25:49	60.07	6499	604.8	740.6
2269	15:26:49	60.08	6499	604.6	740.4
2270	15:27:49	60.09	6499	604.5	740.3
2271	15:28:49	60.08	6499	604.4	740.2
2272	15:29:49	60.09	6499	604.2	740
2273	15:30:49	60.09	6499	604.1	739.9
2274	15:31:49	60.08	6499	604	739.8
2275	15:32:49	60.08	6499	603.8	739.7
2276	15:33:49	60.09	6499	603.7	739.5
2277	15:34:49	60.09	6499	603.6	739.4
2278	15:35:50	60.09	6499	603.4	739.3
2279	15:36:50	60.09	6499	603.3	739.1
2280	15:37:50	60.09	6499	603.2	739
2281	15:38:50	60.08	6499	603	738.9
2282	15:39:50	60.08	6499	602.9	738.8
2283	15:40:50	60.09	6499	602.8	738.6
2284	15:41:50	60.09	6499	602.7	738.5
2285	15:42:50	60.09	6499	602.5	738.4
2286	15:43:50	60.11	6499	602.4	738.2
2287	15:44:50	60.07	6499	602.3	738.1
2288	15:45:50	60.08	6499	602.1	738
2289	15:46:51	60.09	6499	602	737.9
2290	15:47:51	60.10	6499	601.9	737.7
2291	15:48:51	60.08	6499	601.7	737.6
2292	15:49:51	60.09	6499	601.6	737.5
2293	15:50:51	60.08	6499	601.5	737.3
2294	15:51:51	60.08	6499	601.4	737.2
2295	15:52:51	60.09	6499	601.2	737.1
2296	15:53:51	60.09	6499	601.1	737
2297	15:54:51	60.09	6499	601	736.8
2298	15:55:51	60.10	6499	600.8	736.7
2299	15:56:51	60.08	6499	600.7	736.6
2300	15:57:51	60.09	6499	600.6	736.5
2301	15:58:52	27.38	6499	600.5	736.4
2302	15:59:19	60.25	6499	14.16	17.36
2303	16:00:19	60.09	6499	0	0
2304	16:01:19	60.09	6499	0	0
2305	16:02:19	60.09	6499	0	0
2306	16:03:19	60.08	6499	0	0
2307	16:04:20	60.11	6499	0	0
2308	16:05:20	60.09	6499	0	0
2309	16:06:20	60.09	6499	0	0
2310	16:07:20	60.08	6499	0	0
2311	16:08:20	60.08	6499	-1	-1
2312	16:09:20	16.54	6499	0	0
Created by AtlRunQuery on: 2018-08-22 16:32:00.633258
