LHC beam energy and intensities during run 300415:
(Begin/end of run: Sat May 28 2016 11:51:18 − 21:55:35)

LB	   Start time
(CEST)	   Duration
(sec)	   Beam energy
(GeV)	   Intensity Beam-1
(1e11 protons)	   Intensity Beam-2
(1e11 protons)
1	11:51:18	60.14	450	0.1054	0.09653
2	11:52:18	60.11	450	0.1054	0.09651
3	11:53:19	10.02	450	0.1054	0.09649
4	11:53:29	11.82	450	0.1054	0.09649
5	11:53:40	10.22	450	0.1054	0.09649
6	11:53:51	10.02	450	0.1053	0.09647
7	11:54:01	60.14	450	0.1053	0.09647
8	11:55:01	60.15	450	0.1053	0.09644
9	11:56:01	60.13	450	0.1053	0.09642
10	11:57:01	60.11	450	0.1052	0.09639
11	11:58:01	60.13	450	1.13	0.416
12	11:59:01	60.14	450	1.149	1.337
13	12:00:01	60.14	450	1.148	1.336
14	12:01:02	60.14	450	1.147	1.334
15	12:02:02	60.14	450	1.146	1.333
16	12:03:02	60.12	450	7.838	1.332
17	12:04:02	60.13	450	14.2	12.11
18	12:05:02	60.11	450	14.2	14.18
19	12:06:02	60.13	450	14.2	14.18
20	12:07:02	60.08	450	14.19	14.18
21	12:08:02	60.12	450	14.19	15.33
22	12:09:03	60.12	450	19.41	26.98
23	12:10:03	60.14	450	29.77	81.36
24	12:11:03	60.15	450	102.3	130.2
25	12:12:03	60.14	450	154	179.2
26	12:13:03	60.08	450	202.6	254.5
27	12:14:03	60.12	450	254.4	303.9
28	12:15:03	60.09	450	330.4	330.5
29	12:16:03	60.13	450	331.7	377.8
30	12:17:03	60.08	450	407.5	427.3
31	12:18:04	60.14	450	453.8	482.5
32	12:19:04	60.16	450	503.2	551.3
33	12:20:04	60.08	450	563.1	598.7
34	12:21:04	60.11	450	630.1	648.5
35	12:22:04	60.12	450	681.4	711.2
36	12:23:04	60.22	450	731.1	777.1
37	12:24:04	60.07	450	797.1	824.5
38	12:25:04	60.14	450	855.2	872.2
39	12:26:05	60.09	450	902.8	936
40	12:27:05	60.15	450	950	993
41	12:28:05	60.15	450	1021	1042
42	12:29:05	60.15	450	1077	1089
43	12:30:05	60.11	450	1126	1163
44	12:31:05	60.13	450	1175	1213
45	12:32:05	60.12	450	1247	1260
46	12:33:06	60.10	450	1295	1306
47	12:34:06	60.10	450	1340	1377
48	12:35:06	60.19	450	1392	1422
49	12:36:06	60.13	450	1463	1468
50	12:37:06	60.13	450	1506	1522
51	12:38:06	60.14	450	1536	1521
52	12:39:06	60.11	450	1535	1521
53	12:40:06	60.13	450	1534	1520
54	12:41:07	60.16	450	1533	1519
55	12:42:07	60.11	450	1532	1519
56	12:43:07	60.14	450	1530	1518
57	12:44:07	58.36	456	1528	1517
58	12:45:05	21.61	520	1527	1516
59	12:45:27	60.37	562	1527	1516
60	12:46:27	60.08	725	1526	1516
61	12:47:27	42.48	948	1526	1515
62	12:48:10	21.56	1148	1526	1515
63	12:48:31	60.07	1261	1512	1502
64	12:49:31	60.15	1608	1512	1502
65	12:50:32	60.13	1961	1512	1502
66	12:51:32	60.12	2308	1511	1501
67	12:52:32	60.13	2656	1511	1501
68	12:53:32	60.14	3003	1511	1501
69	12:54:32	60.09	3351	1511	1500
70	12:55:32	60.09	3698	1511	1500
71	12:56:32	60.11	4046	1510	1499
72	12:57:32	60.12	4393	1509	1499
73	12:58:33	60.15	4746	1508	1499
74	12:59:33	60.16	5094	1508	1498
75	13:00:33	60.11	5441	1507	1498
76	13:01:33	60.11	5788	1507	1498
77	13:02:33	60.14	6136	1507	1498
78	13:03:33	31.75	6474	1506	1497
79	13:04:05	17.63	6499	1506	1497
80	13:04:23	60.39	6499	1506	1497
81	13:05:23	60.11	6499	1506	1497
82	13:06:23	60.12	6499	1506	1497
83	13:07:23	60.11	6499	1506	1496
84	13:08:23	60.66	6499	1505	1496
85	13:09:24	60.14	6499	1505	1496
86	13:10:24	60.12	6499	1505	1496
87	13:11:24	60.08	6499	1505	1496
88	13:12:24	60.09	6499	1505	1496
89	13:13:24	60.15	6499	1504	1496
90	13:14:25	60.10	6499	1504	1496
91	13:15:25	60.14	6499	1503	1496
92	13:16:25	60.13	6499	1503	1496
93	13:17:25	60.12	6499	1502	1496
94	13:18:25	60.24	6499	1502	1496
95	13:19:25	60.63	6499	1502	1496
96	13:20:26	60.44	6499	1502	1496
97	13:21:26	60.62	6499	1502	1495
98	13:22:27	15.16	6499	1502	1496
99	13:22:42	60.03	6499	1502	1495
100	13:23:42	60.12	6499	1502	1495
101	13:24:42	60.14	6499	1502	1495
102	13:25:42	60.17	6499	1502	1495
103	13:26:43	60.09	6499	1501	1495
104	13:27:43	46.20	6499	1501	1494
105	13:28:29	60.08	6499	1501	1494
106	13:29:29	60.16	6499	1501	1494
107	13:30:29	25.19	6499	1501	1494
108	13:30:54	60.50	6499	1501	1493
109	13:31:55	60.12	6499	1500	1493
110	13:32:55	60.12	6499	1500	1493
111	13:33:55	60.08	6499	1500	1493
112	13:34:55	60.18	6499	1499	1492
113	13:35:55	60.14	6499	1497	1491
114	13:36:55	39.81	6499	1496	1491
115	13:37:35	60.39	6499	1496	1491
116	13:38:36	60.48	6499	1496	1491
117	13:39:36	60.55	6499	1496	1491
118	13:40:37	60.54	6499	1496	1491
119	13:41:37	60.53	6499	1496	1490
120	13:42:38	60.54	6499	1495	1490
121	13:43:38	60.59	6499	1494	1489
122	13:44:39	60.54	6499	1492	1488
123	13:45:39	60.03	6499	1492	1487
124	13:46:39	60.11	6499	1491	1486
125	13:47:40	60.21	6499	1490	1486
126	13:48:40	60.07	6499	1489	1485
127	13:49:40	60.18	6499	1488	1484
128	13:50:40	60.08	6499	1487	1483
129	13:51:40	53.92	6499	1486	1483
130	13:52:34	60.57	6499	1485	1482
131	13:53:35	60.18	6499	1484	1481
132	13:54:35	60.07	6499	1483	1480
133	13:55:35	60.07	6499	1482	1479
134	13:56:35	60.12	6499	1482	1479
135	13:57:35	15.83	6499	1481	1478
136	13:57:51	59.34	6499	1480	1478
137	13:58:50	60.49	6499	1479	1477
138	13:59:51	60.14	6499	1479	1476
139	14:00:51	60.14	6499	1478	1475
140	14:01:51	60.11	6499	1477	1474
141	14:02:51	60.10	6499	1476	1474
142	14:03:51	60.09	6499	1475	1473
143	14:04:51	47.53	6499	1475	1472
144	14:05:39	60.45	6499	1474	1472
145	14:06:39	60.12	6499	1473	1471
146	14:07:39	60.14	6499	1472	1470
147	14:08:40	60.12	6499	1472	1469
148	14:09:40	60.19	6499	1471	1469
149	14:10:40	60.12	6499	1470	1468
150	14:11:40	60.11	6499	1469	1467
151	14:12:40	60.17	6499	1468	1466
152	14:13:40	60.11	6499	1468	1466
153	14:14:40	60.09	6499	1467	1465
154	14:15:40	16.37	6499	1466	1465
155	14:15:57	60.02	6499	1466	1464
156	14:16:57	60.16	6499	1465	1463
157	14:17:57	36.39	6499	1464	1463
158	14:18:33	60.35	6499	1464	1462
159	14:19:34	60.11	6499	1463	1462
160	14:20:34	60.08	6499	1462	1461
161	14:21:34	38.98	6499	1462	1460
162	14:22:13	60.52	6499	1461	1460
163	14:23:13	60.08	6499	1460	1459
164	14:24:13	60.08	6499	1460	1459
165	14:25:14	35.86	6499	1459	1458
166	14:25:49	60.36	6499	1458	1458
167	14:26:50	60.09	6499	1458	1457
168	14:27:50	60.16	6499	1457	1456
169	14:28:50	10.01	6499	1457	1456
170	14:29:00	60.46	6499	1456	1456
171	14:30:01	60.13	6499	1456	1455
172	14:31:01	27.52	6499	1455	1454
173	14:31:28	60.39	6499	1455	1454
174	14:32:29	10.01	6499	1454	1454
175	14:32:39	60.15	6499	1454	1453
176	14:33:39	13.20	6499	1453	1453
177	14:33:52	60.20	6499	1453	1452
178	14:34:52	16.56	6499	1453	1452
179	14:35:09	10.01	6499	1452	1452
180	14:35:19	58.28	6499	1452	1452
181	14:36:17	15.35	6499	1452	1451
182	14:36:32	60.25	6499	1451	1451
183	14:37:33	10.26	6499	1451	1450
184	14:37:43	48.15	6499	1451	1450
185	14:38:31	60.53	6499	1450	1450
186	14:39:32	24.68	6499	1450	1449
187	14:39:56	60.25	6499	1449	1449
188	14:40:56	60.11	6499	1448	1448
189	14:41:57	60.17	6499	1448	1448
190	14:42:57	60.16	6499	1447	1447
191	14:43:57	58.80	6499	1447	1446
192	14:44:56	60.40	6499	1446	1446
193	14:45:56	41.68	6499	1446	1445
194	14:46:38	54.48	6499	1445	1445
195	14:47:32	60.44	6499	1444	1444
196	14:48:33	10.01	6499	1444	1444
197	14:48:43	60.60	6499	1444	1444
198	14:49:43	13.85	6499	1443	1443
199	14:49:57	53.89	6499	1443	1443
200	14:50:51	60.41	6499	1442	1442
201	14:51:51	22.31	6499	1442	1442
202	14:52:14	60.60	6499	1442	1442
203	14:53:14	60.11	6499	1441	1441
204	14:54:14	60.16	6499	1440	1440
205	14:55:15	60.13	6499	1440	1440
206	14:56:15	45.50	6499	1439	1439
207	14:57:00	60.26	6499	1439	1439
208	14:58:01	60.16	6499	1438	1438
209	14:59:01	60.13	6499	1437	1438
210	15:00:01	10.02	6499	1437	1437
211	15:00:11	60.10	6499	1437	1437
212	15:01:11	57.08	6499	1436	1436
213	15:02:08	60.15	6499	1436	1436
214	15:03:08	60.19	6499	1435	1435
215	15:04:08	60.13	6499	1434	1435
216	15:05:08	60.08	6499	1434	1434
217	15:06:09	60.17	6499	1433	1434
218	15:07:09	60.13	6499	1433	1433
219	15:08:09	60.13	6499	1432	1433
220	15:09:09	60.13	6499	1431	1432
221	15:10:09	60.14	6499	1431	1432
222	15:11:09	60.12	6499	1430	1431
223	15:12:09	60.10	6499	1430	1431
224	15:13:09	60.11	6499	1429	1430
225	15:14:10	60.13	6499	1429	1429
226	15:15:10	60.13	6499	1428	1429
227	15:16:10	49.87	6499	1427	1428
228	15:17:00	60.39	6499	1427	1428
229	15:18:00	60.14	6499	1426	1427
230	15:19:00	60.09	6499	1426	1427
231	15:20:00	60.12	6499	1425	1426
232	15:21:00	60.16	6499	1425	1426
233	15:22:01	60.12	6499	1424	1425
234	15:23:01	60.16	6499	1424	1425
235	15:24:01	60.12	6499	1423	1424
236	15:25:01	60.12	6499	1423	1424
237	15:26:01	60.11	6499	1422	1423
238	15:27:01	60.17	6499	1422	1423
239	15:28:01	60.12	6499	1421	1422
240	15:29:02	60.14	6499	1420	1422
241	15:30:02	60.13	6499	1420	1421
242	15:31:02	60.11	6499	1419	1421
243	15:32:02	60.16	6499	1419	1420
244	15:33:02	60.16	6499	1418	1420
245	15:34:02	60.09	6499	1418	1419
246	15:35:02	60.12	6499	1417	1419
247	15:36:02	60.11	6499	1417	1418
248	15:37:03	60.12	6499	1416	1418
249	15:38:03	60.08	6499	1416	1417
250	15:39:03	60.11	6499	1415	1417
251	15:40:03	60.16	6499	1415	1416
252	15:41:03	60.15	6499	1414	1416
253	15:42:03	60.13	6499	1414	1415
254	15:43:03	60.15	6499	1413	1415
255	15:44:03	60.12	6499	1413	1413
256	15:45:04	60.09	6499	1412	1414
257	15:46:04	60.17	6499	1412	1413
258	15:47:04	60.13	6499	1411	1413
259	15:48:04	60.11	6499	1411	1412
260	15:49:04	60.11	6499	1410	1412
261	15:50:04	60.16	6499	1410	1411
262	15:51:04	60.12	6499	1409	1411
263	15:52:04	60.14	6499	1409	1410
264	15:53:05	60.17	6499	1408	1410
265	15:54:05	60.07	6499	1408	1409
266	15:55:05	60.13	6499	1407	1409
267	15:56:05	60.13	6499	1407	1408
268	15:57:05	60.14	6499	1406	1408
269	15:58:05	60.10	6499	1406	1407
270	15:59:05	60.11	6499	1405	1407
271	16:00:05	60.17	6499	1405	1406
272	16:01:06	49.73	6499	1404	1406
273	16:01:55	60.01	6499	1404	1405
274	16:02:55	60.18	6499	1403	1405
275	16:03:56	60.07	6499	1403	1404
276	16:04:56	60.12	6499	1402	1404
277	16:05:56	60.13	6499	1402	1403
278	16:06:56	60.19	6499	1401	1403
279	16:07:56	60.19	6499	1401	1402
280	16:08:56	60.63	6499	1400	1402
281	16:09:57	60.42	6499	1400	1401
282	16:10:57	60.64	6499	1399	1401
283	16:11:58	60.38	6499	1399	1400
284	16:12:58	32.21	6499	1398	1400
285	16:13:31	14.67	6499	1398	1400
286	16:13:45	60.16	6499	1398	1399
287	16:14:45	60.13	6499	1398	1399
288	16:15:45	60.07	6499	1397	1398
289	16:16:46	60.14	6499	1397	1398
290	16:17:46	60.09	6499	1396	1397
291	16:18:46	60.11	6499	1396	1397
292	16:19:46	60.10	6499	1395	1396
293	16:20:46	60.10	6499	1395	1396
294	16:21:46	60.14	6499	1394	1396
295	16:22:46	60.17	6499	1394	1395
296	16:23:46	60.15	6499	1393	1395
297	16:24:47	60.11	6499	1393	1394
298	16:25:47	60.13	6499	1392	1394
299	16:26:47	60.17	6499	1392	1393
300	16:27:47	60.11	6499	1391	1393
301	16:28:47	60.14	6499	1391	1392
302	16:29:47	20.80	6499	1390	1392
303	16:30:08	14.43	6499	1390	1392
304	16:30:22	60.26	6499	1390	1391
305	16:31:23	60.12	6499	1389	1391
306	16:32:23	60.09	6499	1389	1390
307	16:33:23	60.12	6499	1389	1390
308	16:34:23	60.15	6499	1388	1389
309	16:35:23	60.17	6499	1388	1389
310	16:36:23	60.13	6499	1387	1388
311	16:37:24	60.17	6499	1387	1388
312	16:38:24	60.13	6499	1386	1388
313	16:39:24	60.12	6499	1386	1387
314	16:40:24	60.16	6499	1385	1387
315	16:41:24	60.16	6499	1385	1386
316	16:42:24	60.18	6499	1384	1386
317	16:43:24	60.16	6499	1384	1385
318	16:44:25	60.09	6499	1383	1385
319	16:45:25	60.13	6499	1383	1384
320	16:46:25	60.12	6499	1382	1384
321	16:47:25	60.11	6499	1382	1383
322	16:48:25	60.17	6499	1382	1383
323	16:49:25	60.16	6499	1381	1382
324	16:50:25	60.11	6499	1381	1382
325	16:51:25	60.09	6499	1380	1381
326	16:52:26	60.14	6499	1380	1381
327	16:53:26	60.07	6499	1379	1380
328	16:54:26	60.14	6499	1379	1380
329	16:55:26	60.13	6499	1378	1380
330	16:56:26	60.14	6499	1378	1379
331	16:57:26	60.13	6499	1377	1379
332	16:58:26	60.14	6499	1377	1378
333	16:59:26	60.09	6499	1376	1378
334	17:00:27	60.12	6499	1376	1377
335	17:01:27	60.16	6499	1375	1377
336	17:02:27	60.11	6499	1375	1376
337	17:03:27	60.13	6499	1375	1376
338	17:04:27	60.10	6499	1374	1375
339	17:05:27	60.12	6499	1374	1375
340	17:06:27	60.14	6499	1373	1374
341	17:07:27	60.13	6499	1373	1374
342	17:08:28	60.13	6499	1372	1373
343	17:09:28	60.09	6499	1372	1373
344	17:10:28	60.17	6499	1371	1373
345	17:11:28	60.11	6499	1371	1372
346	17:12:28	60.15	6499	1370	1372
347	17:13:28	60.14	6499	1370	1371
348	17:14:28	60.18	6499	1369	1371
349	17:15:29	60.09	6499	1369	1370
350	17:16:29	60.15	6499	1368	1370
351	17:17:29	60.14	6499	1368	1369
352	17:18:29	60.13	6499	1368	1369
353	17:19:29	60.16	6499	1367	1368
354	17:20:29	60.10	6499	1367	1368
355	17:21:29	60.09	6499	1366	1368
356	17:22:29	60.12	6499	1366	1367
357	17:23:30	60.09	6499	1365	1367
358	17:24:30	60.11	6499	1365	1366
359	17:25:30	60.15	6499	1364	1366
360	17:26:30	10.01	6499	1364	1365
361	17:26:40	10.15	6499	1364	1365
362	17:26:50	60.24	6499	1364	1365
363	17:27:50	60.12	6499	1363	1365
364	17:28:50	60.14	6499	1363	1364
365	17:29:51	60.08	6499	1362	1364
366	17:30:51	60.13	6499	1362	1363
367	17:31:51	60.14	6499	1362	1363
368	17:32:51	60.11	6499	1361	1362
369	17:33:51	60.09	6499	1361	1362
370	17:34:51	60.12	6499	1360	1362
371	17:35:51	60.16	6499	1360	1361
372	17:36:51	60.18	6499	1359	1361
373	17:37:52	60.15	6499	1359	1360
374	17:38:52	60.18	6499	1358	1360
375	17:39:52	60.11	6499	1358	1359
376	17:40:52	60.15	6499	1358	1359
377	17:41:52	10.06	6499	1357	1359
378	17:42:02	60.13	6499	1357	1359
379	17:43:02	60.10	6499	1357	1358
380	17:44:02	60.13	6499	1356	1358
381	17:45:03	60.12	6499	1356	1357
382	17:46:03	60.14	6499	1355	1357
383	17:47:03	60.12	6499	1355	1356
384	17:48:03	60.14	6499	1354	1356
385	17:49:03	60.16	6499	1354	1355
386	17:50:03	60.12	6499	1354	1355
387	17:51:03	60.10	6499	1353	1355
388	17:52:03	60.16	6499	1353	1354
389	17:53:04	60.17	6499	1352	1354
390	17:54:04	60.18	6499	1352	1353
391	17:55:04	60.13	6499	1351	1353
392	17:56:04	60.11	6499	1351	1352
393	17:57:04	60.11	6499	1350	1352
394	17:58:04	60.11	6499	1350	1352
395	17:59:04	60.12	6499	1350	1351
396	18:00:05	60.15	6499	1349	1351
397	18:01:05	60.18	6499	1349	1350
398	18:02:05	60.12	6499	1348	1350
399	18:03:05	60.10	6499	1348	1349
400	18:04:05	10.02	6499	1348	1349
401	18:04:15	10.06	6499	1347	1349
402	18:04:25	60.10	6499	1347	1349
403	18:05:25	10.01	6499	1347	1349
404	18:05:35	10.01	6499	1347	1349
405	18:05:45	60.09	6499	1347	1348
406	18:06:45	60.16	6499	1346	1348
407	18:07:46	60.14	6499	1346	1347
408	18:08:46	60.13	6499	1345	1347
409	18:09:46	60.12	6499	1345	1347
410	18:10:46	60.11	6499	1344	1346
411	18:11:46	60.12	6499	1344	1346
412	18:12:46	60.15	6499	1344	1345
413	18:13:46	60.17	6499	1343	1345
414	18:14:46	60.07	6499	1343	1345
415	18:15:47	60.10	6499	1342	1344
416	18:16:47	60.13	6499	1342	1344
417	18:17:47	60.18	6499	1342	1343
418	18:18:47	60.12	6499	1341	1343
419	18:19:47	60.09	6499	1341	1342
420	18:20:47	60.07	6499	1340	1342
421	18:21:47	60.10	6499	1340	1342
422	18:22:47	60.10	6499	1339	1341
423	18:23:47	60.17	6499	1339	1341
424	18:24:48	60.09	6499	1339	1340
425	18:25:48	60.12	6499	1338	1340
426	18:26:48	60.12	6499	1338	1339
427	18:27:48	60.14	6499	1337	1339
428	18:28:48	60.08	6499	1337	1339
429	18:29:48	60.16	6499	1336	1338
430	18:30:48	60.19	6499	1336	1338
431	18:31:48	60.17	6499	1336	1337
432	18:32:49	60.16	6499	1335	1337
433	18:33:49	60.14	6499	1335	1336
434	18:34:49	60.14	6499	1334	1336
435	18:35:49	60.12	6499	1334	1336
436	18:36:49	60.13	6499	1334	1335
437	18:37:49	60.13	6499	1333	1335
438	18:38:49	60.09	6499	1333	1334
439	18:39:50	60.11	6499	1332	1334
440	18:40:50	60.16	6499	1332	1333
441	18:41:50	60.13	6499	1332	1333
442	18:42:50	60.10	6499	1331	1333
443	18:43:50	60.12	6499	1331	1332
444	18:44:50	60.13	6499	1330	1332
445	18:45:50	60.14	6499	1330	1331
446	18:46:50	60.17	6499	1330	1331
447	18:47:51	60.15	6499	1329	1331
448	18:48:51	60.07	6499	1329	1330
449	18:49:51	60.16	6499	1328	1330
450	18:50:51	60.17	6499	1328	1329
451	18:51:51	60.16	6499	1327	1329
452	18:52:51	60.11	6499	1327	1329
453	18:53:51	60.13	6499	1326	1328
454	18:54:52	60.09	6499	1326	1328
455	18:55:52	60.16	6499	1326	1327
456	18:56:52	60.17	6499	1325	1327
457	18:57:52	60.13	6499	1325	1326
458	18:58:52	60.12	6499	1324	1326
459	18:59:52	60.11	6499	1324	1326
460	19:00:52	10.05	6499	1324	1325
461	19:01:02	10.01	6499	1324	1325
462	19:01:12	60.14	6499	1323	1325
463	19:02:13	60.12	6499	1323	1325
464	19:03:13	32.57	6499	1322	1324
465	19:03:45	15.67	6499	1322	1324
466	19:04:01	60.03	6499	1322	1324
467	19:05:01	60.12	6499	1322	1324
468	19:06:01	60.10	6499	1321	1323
469	19:07:01	60.10	6499	1321	1323
470	19:08:01	60.11	6499	1320	1322
471	19:09:01	60.15	6499	1320	1322
472	19:10:02	60.09	6499	1320	1322
473	19:11:02	60.14	6499	1319	1321
474	19:12:02	60.09	6499	1319	1321
475	19:13:02	60.10	6499	1318	1320
476	19:14:02	60.14	6499	1318	1320
477	19:15:02	60.11	6499	1318	1320
478	19:16:02	60.08	6499	1317	1319
479	19:17:02	60.12	6499	1317	1319
480	19:18:02	60.08	6499	1316	1318
481	19:19:02	33.50	6499	1316	1318
482	19:19:36	13.42	6499	1316	1318
483	19:19:49	60.01	6499	1316	1318
484	19:20:49	32.73	6499	1315	1317
485	19:21:22	14.83	6499	1315	1317
486	19:21:37	60.18	6499	1315	1317
487	19:22:37	60.10	6499	1314	1316
488	19:23:37	60.12	6499	1314	1316
489	19:24:37	60.13	6499	1314	1316
490	19:25:37	60.15	6499	1313	1315
491	19:26:38	60.09	6499	1313	1315
492	19:27:38	60.11	6499	1312	1315
493	19:28:38	60.12	6499	1312	1314
494	19:29:38	60.17	6499	1312	1314
495	19:30:38	60.12	6499	1311	1313
496	19:31:38	60.12	6499	1311	1313
497	19:32:38	60.15	6499	1311	1313
498	19:33:39	60.17	6499	1310	1312
499	19:34:39	60.11	6499	1310	1312
500	19:35:39	60.15	6499	1309	1311
501	19:36:39	60.16	6499	1309	1311
502	19:37:39	60.13	6499	1309	1311
503	19:38:39	60.11	6499	1308	1310
504	19:39:39	60.08	6499	1308	1310
505	19:40:39	60.13	6499	1307	1309
506	19:41:40	60.16	6499	1307	1309
507	19:42:40	60.14	6499	1307	1309
508	19:43:40	60.08	6499	1306	1308
509	19:44:40	60.13	6499	1306	1308
510	19:45:40	60.14	6499	1305	1307
511	19:46:40	60.12	6499	1305	1307
512	19:47:40	60.11	6499	1304	1307
513	19:48:40	60.16	6499	1304	1306
514	19:49:41	60.13	6499	1304	1306
515	19:50:41	60.10	6499	1303	1305
516	19:51:41	60.17	6499	1303	1305
517	19:52:41	60.15	6499	1303	1305
518	19:53:41	60.10	6499	1302	1304
519	19:54:41	60.16	6499	1302	1304
520	19:55:41	60.12	6499	1301	1303
521	19:56:42	60.15	6499	1301	1303
522	19:57:42	60.10	6499	1300	1303
523	19:58:42	32.33	6499	1300	1302
524	19:59:14	14.13	6499	1300	1302
525	19:59:28	60.10	6499	1300	1302
526	20:00:28	60.13	6499	1299	1302
527	20:01:28	60.15	6499	1299	1301
528	20:02:29	60.13	6499	1299	1301
529	20:03:29	60.12	6499	1298	1300
530	20:04:29	60.11	6499	1298	1300
531	20:05:29	38.13	6499	1298	1300
532	20:06:07	60.34	6499	1297	1299
533	20:07:07	60.10	6499	1297	1299
534	20:08:08	60.12	6499	1296	1299
535	20:09:08	60.06	6499	1296	1298
536	20:10:08	60.29	6499	1296	1298
537	20:11:08	60.61	6499	1295	1297
538	20:12:09	60.47	6499	1295	1297
539	20:13:09	60.58	6499	1294	1297
540	20:14:10	60.16	6499	1294	1296
541	20:15:10	60.45	6499	1293	1296
542	20:16:10	60.32	6499	1293	1296
543	20:17:11	60.62	6499	1293	1295
544	20:18:11	60.56	6499	1292	1295
545	20:19:12	60.40	6499	1292	1294
546	20:20:12	60.76	6499	1291	1294
547	20:21:13	60.32	6499	1291	1294
548	20:22:13	60.02	6499	1291	1293
549	20:23:13	61.13	6499	1290	1293
550	20:24:14	60.51	6499	1290	1292
551	20:25:15	60.69	6499	1290	1292
552	20:26:16	60.41	6499	1289	1292
553	20:27:16	60.56	6499	1289	1291
554	20:28:17	60.51	6499	1288	1291
555	20:29:17	60.78	6499	1288	1290
556	20:30:18	60.34	6499	1288	1290
557	20:31:18	60.54	6499	1287	1290
558	20:32:19	60.52	6499	1287	1289
559	20:33:19	60.58	6499	1286	1289
560	20:34:20	10.02	6499	1286	1289
561	20:34:30	10.05	6499	1286	1289
562	20:34:40	22.59	6499	1286	1289
563	20:35:03	14.19	6499	1286	1288
564	20:35:17	60.21	6499	1286	1288
565	20:36:17	60.11	6499	1285	1288
566	20:37:17	13.32	6499	1285	1288
567	20:37:30	15.15	6499	1285	1288
568	20:37:45	60.21	6499	1285	1287
569	20:38:46	60.08	6499	1284	1287
570	20:39:46	60.12	6499	1284	1287
571	20:40:46	60.12	6499	1284	1286
572	20:41:46	60.09	6499	1283	1286
573	20:42:46	60.12	6499	1283	1285
574	20:43:46	60.11	6499	1283	1285
575	20:44:46	60.11	6499	1282	1285
576	20:45:46	60.16	6499	1282	1284
577	20:46:47	60.15	6499	1281	1284
578	20:47:47	60.13	6499	1281	1284
579	20:48:47	60.16	6499	1281	1283
580	20:49:47	60.09	6499	1280	1283
581	20:50:47	60.15	6499	1280	1282
582	20:51:47	60.12	6499	1279	1282
583	20:52:47	60.18	6499	1279	1282
584	20:53:48	60.11	6499	1279	1281
585	20:54:48	60.10	6499	1278	1281
586	20:55:48	60.08	6499	1278	1280
587	20:56:48	60.13	6499	1278	1280
588	20:57:48	60.10	6499	1277	1280
589	20:58:48	60.14	6499	1277	1279
590	20:59:48	60.12	6499	1276	1279
591	21:00:48	60.08	6499	1276	1279
592	21:01:48	60.15	6499	1276	1278
593	21:02:49	60.08	6499	1275	1278
594	21:03:49	60.15	6499	1275	1278
595	21:04:49	60.14	6499	1274	1277
596	21:05:49	60.13	6499	1274	1277
597	21:06:49	60.09	6499	1274	1276
598	21:07:49	60.13	6499	1273	1276
599	21:08:49	60.14	6499	1273	1276
600	21:09:49	60.12	6499	1273	1275
601	21:10:50	60.09	6499	1272	1275
602	21:11:50	60.16	6499	1272	1274
603	21:12:50	60.14	6499	1271	1274
604	21:13:50	60.10	6499	1271	1274
605	21:14:50	60.09	6499	1270	1273
606	21:15:50	60.10	6499	1270	1273
607	21:16:50	60.16	6499	1270	1273
608	21:17:50	60.09	6499	1269	1272
609	21:18:51	60.13	6499	1269	1272
610	21:19:51	60.10	6499	1269	1272
611	21:20:51	60.13	6499	1268	1271
612	21:21:51	60.16	6499	1268	1271
613	21:22:51	60.17	6499	1268	1270
614	21:23:51	60.12	6499	1267	1270
615	21:24:51	60.16	6499	1267	1270
616	21:25:52	60.06	6499	1267	1269
617	21:26:52	60.10	6499	1266	1269
618	21:27:52	60.10	6499	1266	1268
619	21:28:52	60.13	6499	1265	1268
620	21:29:52	60.17	6499	1265	1268
621	21:30:52	60.11	6499	1265	1267
622	21:31:52	60.13	6499	1264	1267
623	21:32:52	60.05	6499	1264	1267
624	21:33:52	60.27	6499	1263	1266
625	21:34:53	60.54	6499	1263	1266
626	21:35:53	60.55	6499	1263	1265
627	21:36:54	60.68	6499	1262	1265
628	21:37:54	60.42	6499	1262	1265
629	21:38:55	60.53	6499	1262	1264
630	21:39:55	60.56	6499	1261	1264
631	21:40:56	60.53	6499	1261	1264
632	21:41:56	60.54	6499	1260	1263
633	21:42:57	60.54	6499	1260	1263
634	21:43:58	60.57	6499	1260	1262
635	21:44:58	60.19	6499	1259	1262
636	21:45:58	49.36	6499	1259	1262
637	21:46:48	60.51	6499	22.69	22.27
638	21:47:48	60.15	6499	0	0
639	21:48:48	60.17	6499	0	0
640	21:49:48	60.16	6499	0	0
641	21:50:49	60.12	6499	0	0
642	21:51:49	60.12	6501	0	0
643	21:52:49	60.13	6501	0	0
644	21:53:49	60.09	6501	-1	-1
645	21:54:49	46.38	6501	0	0
Created by AtlRunQuery on: 2018-08-24 18:22:42.567288
