LHC beam energy and intensities during run 300540:
(Begin/end of run: Mon May 30 2016 12:38:04 − Tue May 31, 04:52:59)

LB	   Start time
(CEST)	   Duration
(sec)	   Beam energy
(GeV)	   Intensity Beam-1
(1e11 protons)	   Intensity Beam-2
(1e11 protons)
1	12:38:04	60.10	450	662.3	96.24
2	12:39:04	60.10	450	737.9	127.2
3	12:40:04	16.55	450	873.2	140.4
4	12:40:20	60.08	450	873.8	168.3
5	12:41:20	60.12	450	1091	196.8
6	12:42:20	60.14	450	1222	229.9
7	12:43:21	60.14	450	1188	278.1
8	12:44:21	60.15	450	1311	339.1
9	12:45:21	60.12	450	1339	397.5
10	12:46:21	60.14	450	1205	425.1
11	12:47:21	60.12	450	1296	452.9
12	12:48:21	60.10	450	1373	490.1
13	12:49:21	60.18	450	1447	490
14	12:50:22	60.12	450	1543	509.3
15	12:51:22	60.10	450	1631	536.6
16	12:52:22	60.15	450	1707	572.2
17	12:53:22	60.13	450	1778	602.5
18	12:54:22	60.12	450	1889	613.5
19	12:55:22	60.12	450	1889	915.6
20	12:56:22	60.13	450	1925	1241
21	12:57:22	60.14	450	2001	1046
22	12:58:23	60.16	450	2112	1227
23	12:59:23	60.14	450	2180	1280
24	13:00:23	60.11	450	2249	1468
25	13:01:23	60.17	450	1792	1536
26	13:02:23	60.15	450	1695	1567
27	13:03:23	60.13	450	1743	1567
28	13:04:23	60.16	450	1792	1566
29	13:05:24	60.13	450	1852	1606
30	13:06:24	60.14	450	1915	1640
31	13:07:24	60.17	450	1926	1676
32	13:08:24	60.12	450	1924	1726
33	13:09:24	60.20	450	1923	1792
34	13:10:24	60.17	450	1922	1850
35	13:11:25	60.15	450	1920	1899
36	13:12:25	60.16	450	1919	1944
37	13:13:25	60.19	450	1917	1943
38	13:14:25	60.08	450	1915	1942
39	13:15:25	60.13	450	1914	1941
40	13:16:25	60.12	450	1912	1940
41	13:17:25	60.17	450	1910	1938
42	13:18:26	60.13	450	1909	1937
43	13:19:26	60.10	450	1907	1935
44	13:20:26	60.08	450	1906	1934
45	13:21:26	60.11	450	1904	1933
46	13:22:26	60.13	450	1903	1931
47	13:23:26	60.13	450	1901	1930
48	13:24:26	60.14	450	1900	1928
49	13:25:26	60.10	450	1898	1927
50	13:26:26	60.49	450	1896	1925
51	13:27:27	60.58	450	1894	1924
52	13:28:28	60.51	450	1892	1922
53	13:29:28	60.59	449	1891	1920
54	13:30:29	60.52	450	1889	1919
55	13:31:29	60.54	450	646.4	656.5
56	13:32:30	60.03	450	0	0
57	13:33:30	60.08	450	0	0
58	13:34:30	60.17	450	0	0
59	13:35:30	16.79	450	0	0
60	13:35:47	60.14	450	0	0
61	13:36:47	15.40	450	0	0
62	13:37:02	60.20	450	0	0
63	13:38:03	60.11	450	0	0
64	13:39:03	60.14	450	0	0
65	13:40:03	60.16	450	0	0
66	13:41:03	60.16	450	0	0
67	13:42:03	60.13	450	0.06101	0
68	13:43:03	60.16	450	0.09642	0.08954
69	13:44:03	60.18	450	0.09638	0.09148
70	13:45:04	60.08	450	0.09631	0.09145
71	13:46:04	60.12	450	0.09627	0.09143
72	13:47:04	60.17	450	0.09623	0.0914
73	13:48:04	60.16	450	0.09619	0.09138
74	13:49:04	60.12	450	0.09615	0.1123
75	13:50:04	60.08	450	3.953	12.61
76	13:51:04	60.12	450	20.23	12.6
77	13:52:04	60.13	449	24.87	25.03
78	13:53:05	60.11	450	24.87	25.26
79	13:54:05	60.11	450	24.86	25.26
80	13:55:05	60.13	450	24.86	25.25
81	13:56:05	60.19	450	24.86	97.04
82	13:57:05	60.17	450	24.86	105.5
83	13:58:05	60.18	450	38.18	105.5
84	13:59:05	60.11	450	105.1	105.4
85	14:00:06	60.13	450	105	105.4
86	14:01:06	60.12	450	105	105.4
87	14:02:06	60.07	450	105	105.3
88	14:03:06	60.09	450	104.9	139.4
89	14:04:06	60.13	450	104.9	192.6
90	14:05:06	60.11	450	104.9	268.6
91	14:06:06	60.13	450	104.8	268.5
92	14:07:06	60.11	450	104.8	296.6
93	14:08:06	60.16	450	104.8	349.3
94	14:09:07	60.15	450	130.7	429.3
95	14:10:07	60.12	450	185.7	430.4
96	14:11:07	60.08	450	185.6	452.9
97	14:12:07	60.12	450	234.1	512.8
98	14:13:07	60.08	450	267.1	512.8
99	14:14:07	60.13	450	267	559.5
100	14:15:07	60.16	450	338.6	611.5
101	14:16:07	60.09	450	389.7	676.6
102	14:17:08	60.16	450	443	745.4
103	14:18:08	60.12	450	509	799.1
104	14:19:08	60.09	450	575.8	851.8
105	14:20:08	60.15	450	628.1	921.9
106	14:21:08	60.08	450	680.6	985.5
107	14:22:08	60.13	450	752.6	1036
108	14:23:08	60.16	450	813.2	1086
109	14:24:08	60.14	450	865.1	1162
110	14:25:09	60.12	450	918.5	1219
111	14:26:09	60.19	450	999.7	1272
112	14:27:09	60.12	450	1052	1325
113	14:28:09	60.10	450	1100	1404
114	14:29:09	60.16	450	1153	1456
115	14:30:09	60.17	450	1234	1507
116	14:31:09	60.12	450	1285	1564
117	14:32:10	60.16	450	1338	1640
118	14:33:10	60.10	450	1400	1685
119	14:34:10	60.15	450	1473	1735
120	14:35:10	60.15	450	1524	1796
121	14:36:10	60.10	450	1572	1862
122	14:37:10	60.11	450	1637	1911
123	14:38:10	60.12	450	1708	1951
124	14:39:10	60.13	450	1826	1950
125	14:40:11	60.13	450	1928	1949
126	14:41:11	60.17	450	1944	1948
127	14:42:11	60.16	450	1942	1947
128	14:43:11	60.17	450	1941	1946
129	14:44:11	60.08	450	1939	1945
130	14:45:11	60.08	450	1938	1944
131	14:46:11	60.17	450	1936	1942
132	14:47:11	60.17	450	1935	1941
133	14:48:12	60.12	450	1933	1940
134	14:49:12	60.15	450	1931	1938
135	14:50:12	60.54	450	1929	1937
136	14:51:12	60.41	450	1927	1936
137	14:52:13	60.50	450	1926	1934
138	14:53:13	60.62	450	1924	1933
139	14:54:14	60.60	450	1921	1931
140	14:55:15	60.42	450	1919	1929
141	14:56:15	60.13	450	1917	1927
142	14:57:15	61.07	450	1915	1926
143	14:58:16	60.47	450	1913	1924
144	14:59:17	60.64	450	1910	1921
145	15:00:17	34.63	472	1908	1920
146	15:00:52	60.05	517	1906	1918
147	15:01:52	60.15	652	1905	1918
148	15:02:52	22.94	852	1904	1917
149	15:03:15	36.44	944	1892	1904
150	15:03:52	10.48	1113	1892	1904
151	15:04:02	60.11	1164	1891	1904
152	15:05:02	60.16	1504	1891	1904
153	15:06:02	60.18	1851	1891	1903
154	15:07:02	60.11	2199	1891	1903
155	15:08:03	60.13	2552	1891	1902
156	15:09:03	60.12	2899	1891	1901
157	15:10:03	60.11	3247	1890	1901
158	15:11:03	60.12	3594	1890	1900
159	15:12:03	60.14	3942	1889	1899
160	15:13:03	60.11	4289	1888	1899
161	15:14:03	60.13	4636	1887	1898
162	15:15:03	60.13	4984	1886	1897
163	15:16:04	60.15	5337	1885	1897
164	15:17:04	60.11	5685	1885	1896
165	15:18:04	60.12	6032	1885	1896
166	15:19:04	48.34	6379	1885	1895
167	15:19:52	10.51	6499	1884	1895
168	15:20:03	60.15	6499	1884	1895
169	15:21:03	60.11	6499	1884	1895
170	15:22:03	60.16	6499	1884	1894
171	15:23:03	60.10	6499	1883	1894
172	15:24:03	60.14	6499	1883	1894
173	15:25:03	60.13	6499	1883	1894
174	15:26:04	60.08	6499	1882	1894
175	15:27:04	60.07	6499	1881	1894
176	15:28:04	60.16	6499	1881	1893
177	15:29:04	60.11	6499	1880	1893
178	15:30:04	60.14	6499	1879	1893
179	15:31:04	60.14	6499	1879	1893
180	15:32:04	60.10	6499	1879	1893
181	15:33:04	60.12	6499	1879	1893
182	15:34:04	60.13	6499	1879	1892
183	15:35:05	60.17	6499	1879	1892
184	15:36:05	60.14	6499	1879	1892
185	15:37:05	60.12	6499	1878	1892
186	15:38:05	60.18	6499	1878	1891
187	15:39:05	60.13	6499	1878	1891
188	15:40:05	60.13	6499	1878	1890
189	15:41:05	60.13	6499	1878	1889
190	15:42:06	60.14	6499	1878	1889
191	15:43:06	48.10	6499	1877	1888
192	15:43:54	60.45	6499	1876	1888
193	15:44:54	60.12	6499	1876	1887
194	15:45:54	60.17	6499	1875	1887
195	15:46:55	60.13	6499	1873	1886
196	15:47:55	60.12	6499	1872	1885
197	15:48:55	60.11	6499	1871	1885
198	15:49:55	60.11	6499	1871	1885
199	15:50:55	60.12	6499	1871	1884
200	15:51:55	60.13	6499	1870	1883
201	15:52:55	60.15	6499	1868	1881
202	15:53:55	60.11	6499	1867	1880
203	15:54:56	60.10	6499	1865	1879
204	15:55:56	60.14	6499	1864	1877
205	15:56:56	60.13	6499	1863	1876
206	15:57:56	60.08	6499	1861	1875
207	15:58:56	60.13	6499	1860	1874
208	15:59:56	60.15	6499	1859	1873
209	16:00:56	55.60	6499	1857	1872
210	16:01:52	60.46	6499	1856	1870
211	16:02:52	60.12	6499	1855	1869
212	16:03:52	60.11	6499	1853	1868
213	16:04:53	60.09	6499	1852	1867
214	16:05:53	21.53	6499	1850	1866
215	16:06:14	60.11	6499	1850	1865
216	16:07:14	60.12	6499	1848	1864
217	16:08:14	60.16	6499	1847	1863
218	16:09:15	60.15	6499	1846	1862
219	16:10:15	60.12	6499	1845	1861
220	16:11:15	60.17	6499	1843	1860
221	16:12:15	60.11	6499	1842	1859
222	16:13:15	60.18	6499	1841	1858
223	16:14:15	60.14	6499	1840	1857
224	16:15:15	60.15	6499	1839	1856
225	16:16:16	60.10	6499	1838	1854
226	16:17:16	60.12	6499	1837	1853
227	16:18:16	60.18	6499	1836	1852
228	16:19:16	60.13	6499	1835	1851
229	16:20:16	60.08	6499	1834	1850
230	16:21:16	60.17	6499	1832	1849
231	16:22:16	60.14	6499	1831	1848
232	16:23:17	60.12	6499	1830	1847
233	16:24:17	60.16	6499	1829	1846
234	16:25:17	60.14	6499	1828	1845
235	16:26:17	60.11	6499	1827	1844
236	16:27:17	18.50	6499	1827	1844
237	16:27:36	60.15	6499	1826	1843
238	16:28:36	60.11	6499	1825	1842
239	16:29:36	60.13	6499	1824	1841
240	16:30:36	60.12	6499	1823	1840
241	16:31:36	60.14	6499	1822	1839
242	16:32:36	60.09	6499	1821	1839
243	16:33:36	60.12	6499	1820	1838
244	16:34:36	60.13	6499	1819	1837
245	16:35:37	60.09	6499	1819	1836
246	16:36:37	60.15	6499	1818	1835
247	16:37:37	60.13	6499	1816	1834
248	16:38:37	60.12	6499	1815	1833
249	16:39:37	60.11	6499	1814	1832
250	16:40:37	60.21	6499	1813	1831
251	16:41:37	60.12	6499	1812	1830
252	16:42:38	60.17	6499	1811	1830
253	16:43:38	60.14	6499	1810	1829
254	16:44:38	60.13	6499	1809	1828
255	16:45:38	60.10	6499	1808	1827
256	16:46:38	60.10	6499	1807	1826
257	16:47:38	60.14	6499	1806	1825
258	16:48:38	60.18	6499	1805	1824
259	16:49:38	60.12	6499	1804	1823
260	16:50:39	10.17	6499	1803	1823
261	16:50:49	60.45	6499	1803	1823
262	16:51:49	60.12	6499	1802	1822
263	16:52:49	60.11	6499	1801	1821
264	16:53:49	41.44	6499	1800	1820
265	16:54:31	60.34	6499	1799	1819
266	16:55:31	60.09	6499	1798	1818
267	16:56:31	60.12	6499	1797	1818
268	16:57:31	60.13	6499	1796	1817
269	16:58:32	60.13	6499	1795	1816
270	16:59:32	60.17	6499	1795	1815
271	17:00:32	60.13	6499	1794	1814
272	17:01:32	60.11	6499	1792	1814
273	17:02:32	60.09	6499	1791	1813
274	17:03:32	41.33	6499	1790	1812
275	17:04:14	60.40	6499	1790	1811
276	17:05:14	60.10	6499	1789	1811
277	17:06:14	10.26	6499	1788	1810
278	17:06:24	60.43	6499	1787	1810
279	17:07:25	60.10	6499	1786	1809
280	17:08:25	60.14	6499	1785	1808
281	17:09:25	60.10	6499	1784	1807
282	17:10:25	60.18	6499	1783	1806
283	17:11:25	60.12	6499	1783	1806
284	17:12:25	28.90	6499	1782	1805
285	17:12:54	60.06	6499	1781	1804
286	17:13:54	35.81	6499	1780	1804
287	17:14:30	60.64	6499	1780	1803
288	17:15:31	60.17	6499	1779	1802
289	17:16:31	60.11	6499	1778	1802
290	17:17:31	38.56	6499	1777	1801
291	17:18:10	60.15	6499	1776	1800
292	17:19:10	60.14	6499	1775	1800
293	17:20:10	38.25	6499	1775	1799
294	17:20:48	60.48	6499	1774	1798
295	17:21:49	60.09	6499	1773	1798
296	17:22:49	37.78	6499	1772	1797
297	17:23:26	33.74	6499	1772	1797
298	17:24:00	60.23	6499	1771	1796
299	17:25:00	60.14	6499	1770	1795
300	17:26:01	22.16	6499	1769	1795
301	17:26:23	60.51	6499	1769	1794
302	17:27:23	14.62	6499	1768	1794
303	17:27:38	60.33	6499	1768	1793
304	17:28:38	60.14	6499	1767	1793
305	17:29:38	42.02	6499	1766	1792
306	17:30:20	60.47	6499	1765	1791
307	17:31:21	60.15	6499	1765	1791
308	17:32:21	60.13	6499	1764	1790
309	17:33:21	60.16	6499	1763	1789
310	17:34:21	34.92	6499	1762	1789
311	17:34:56	60.49	6499	1762	1788
312	17:35:57	60.11	6499	1761	1784
313	17:36:57	32.97	6499	1760	1787
314	17:37:30	60.52	6499	1760	1786
315	17:38:30	60.12	6499	1759	1785
316	17:39:30	60.14	6499	1758	1785
317	17:40:31	60.12	6499	1757	1784
318	17:41:31	60.11	6499	1756	1783
319	17:42:31	60.08	6499	1756	1782
320	17:43:31	60.14	6499	1755	1782
321	17:44:31	60.13	6499	1754	1781
322	17:45:31	60.13	6499	1753	1780
323	17:46:31	60.12	6499	1752	1779
324	17:47:31	38.96	6499	1752	1779
325	17:48:10	60.47	6499	1751	1778
326	17:49:11	60.08	6499	1750	1778
327	17:50:11	60.16	6499	1750	1777
328	17:51:11	60.13	6499	1749	1776
329	17:52:11	60.13	6499	1748	1775
330	17:53:11	60.16	6499	1747	1775
331	17:54:11	60.15	6499	1747	1774
332	17:55:12	60.15	6499	1746	1773
333	17:56:12	60.15	6499	1745	1773
334	17:57:12	16.78	6499	1745	1772
335	17:57:29	60.12	6499	1744	1772
336	17:58:29	60.15	6499	1743	1771
337	17:59:29	60.11	6499	1743	1770
338	18:00:29	60.15	6499	1742	1770
339	18:01:29	60.16	6499	1741	1769
340	18:02:29	60.17	6499	1741	1768
341	18:03:30	60.17	6499	1740	1768
342	18:04:30	24.49	6499	1739	1767
343	18:04:54	10.11	6499	1739	1767
344	18:05:04	10.01	6499	1739	1767
345	18:05:14	10.01	6499	1739	1766
346	18:05:24	45.66	6499	1738	1766
347	18:06:10	60.06	6499	1737	1765
348	18:07:10	60.12	6499	1737	1765
349	18:08:10	20.53	6499	1736	1765
350	18:08:31	11.58	6499	1736	1764
351	18:08:42	60.10	6499	1735	1763
352	18:09:42	60.16	6499	1735	1763
353	18:10:43	60.13	6499	1734	1762
354	18:11:43	60.12	6499	1733	1761
355	18:12:43	60.16	6499	1733	1761
356	18:13:43	60.16	6499	1732	1760
357	18:14:43	60.15	6499	1731	1759
358	18:15:43	60.10	6499	1731	1759
359	18:16:43	60.08	6499	1730	1758
360	18:17:43	60.11	6499	1729	1757
361	18:18:44	60.11	6499	1728	1757
362	18:19:44	60.11	6499	1728	1756
363	18:20:44	60.07	6499	1727	1756
364	18:21:44	60.15	6499	1726	1755
365	18:22:44	60.14	6499	1725	1754
366	18:23:44	60.09	6499	1725	1753
367	18:24:44	60.14	6499	1724	1753
368	18:25:44	10.01	6499	1724	1753
369	18:25:54	60.11	6499	1723	1752
370	18:26:55	60.08	6499	1722	1751
371	18:27:55	60.17	6499	1722	1751
372	18:28:55	60.13	6499	1721	1750
373	18:29:55	60.12	6499	1720	1749
374	18:30:55	60.14	6499	1719	1749
375	18:31:55	60.12	6499	1719	1748
376	18:32:55	60.08	6499	1718	1748
377	18:33:55	18.71	6499	1718	1747
378	18:34:14	60.20	6499	1717	1747
379	18:35:14	60.09	6499	1716	1746
380	18:36:14	60.27	6499	1716	1745
381	18:37:15	60.54	6499	1715	1745
382	18:38:15	60.55	6499	1714	1744
383	18:39:16	60.67	6499	1714	1743
384	18:40:16	60.43	6499	1713	1743
385	18:41:17	60.64	6499	1712	1742
386	18:42:17	60.42	6499	1712	1741
387	18:43:18	60.69	6499	1711	1741
388	18:44:19	60.42	6499	1710	1740
389	18:45:19	60.75	6499	1710	1740
390	18:46:20	10.03	6499	1710	1740
391	18:46:30	10.01	6499	1709	1739
392	18:46:40	60.11	6499	1709	1738
393	18:47:40	60.08	6499	1708	1738
394	18:48:40	60.10	6499	1707	1737
395	18:49:40	60.12	6499	1707	1737
396	18:50:40	60.16	6499	1706	1736
397	18:51:40	60.08	6499	1706	1735
398	18:52:40	60.15	6499	1705	1735
399	18:53:41	47.94	6499	1704	1734
400	18:54:29	60.02	6499	1704	1734
401	18:55:29	60.12	6499	1703	1733
402	18:56:29	60.17	6499	1702	1732
403	18:57:29	60.08	6499	1702	1732
404	18:58:29	60.11	6499	1701	1731
405	18:59:29	60.10	6499	1701	1730
406	19:00:29	60.11	6499	1700	1730
407	19:01:29	60.14	6499	1699	1729
408	19:02:29	60.13	6499	1698	1728
409	19:03:30	60.11	6499	1696	1728
410	19:04:30	60.47	6499	1697	1727
411	19:05:30	60.54	6499	1697	1727
412	19:06:31	60.57	6499	1696	1726
413	19:07:31	60.38	6499	1695	1725
414	19:08:32	60.56	6499	1695	1725
415	19:09:32	60.62	6499	1694	1724
416	19:10:33	60.49	6499	1693	1723
417	19:11:33	60.09	6499	1693	1723
418	19:12:33	60.14	6499	1692	1722
419	19:13:33	60.81	6499	1691	1722
420	19:14:34	60.33	6499	1691	1721
421	19:15:35	60.84	6499	1690	1720
422	19:16:35	60.54	6499	1689	1720
423	19:17:36	60.37	6499	1689	1719
424	19:18:36	60.71	6499	1688	1719
425	19:19:37	60.34	6499	1687	1718
426	19:20:37	60.17	6499	1687	1717
427	19:21:38	60.14	6499	1686	1717
428	19:22:38	60.14	6499	1685	1716
429	19:23:38	60.13	6499	1685	1716
430	19:24:38	60.08	6499	1684	1715
431	19:25:38	60.13	6499	1684	1714
432	19:26:38	60.14	6499	1683	1714
433	19:27:38	60.13	6499	1682	1713
434	19:28:38	60.18	6499	1682	1712
435	19:29:39	60.13	6499	1681	1712
436	19:30:39	60.31	6499	1680	1711
437	19:31:39	60.11	6499	1680	1711
438	19:32:39	10.02	6499	1680	1711
439	19:32:49	10.01	6499	1680	1710
440	19:32:59	60.11	6499	1679	1710
441	19:33:59	60.15	6499	1678	1709
442	19:34:59	60.11	6499	1678	1709
443	19:36:00	60.17	6499	1677	1708
444	19:37:00	60.08	6499	1676	1707
445	19:38:00	60.08	6499	1676	1707
446	19:39:00	60.12	6499	1675	1706
447	19:40:00	60.16	6499	1675	1705
448	19:41:00	60.17	6499	1674	1705
449	19:42:00	60.17	6499	1673	1704
450	19:43:01	60.21	6499	1673	1704
451	19:44:01	26.74	6499	1672	1703
452	19:44:28	60.44	6499	1672	1703
453	19:45:28	60.14	6499	1671	1702
454	19:46:28	60.13	6499	1671	1701
455	19:47:28	60.18	6499	1670	1701
456	19:48:28	60.14	6499	1669	1700
457	19:49:29	60.10	6499	1669	1700
458	19:50:29	60.13	6499	1668	1699
459	19:51:29	60.11	6499	1667	1698
460	19:52:29	60.13	6499	1667	1698
461	19:53:29	60.09	6499	1666	1697
462	19:54:29	43.92	6499	1666	1697
463	19:55:13	60.09	6499	1665	1696
464	19:56:13	60.11	6499	1665	1696
465	19:57:13	36.46	6499	1664	1695
466	19:57:50	50.50	6499	1664	1695
467	19:58:40	60.04	6499	1663	1694
468	19:59:40	60.14	6499	1662	1694
469	20:00:40	60.09	6499	1662	1693
470	20:01:40	60.09	6499	1661	1692
471	20:02:41	60.15	6499	1661	1692
472	20:03:41	60.26	6499	1660	1691
473	20:04:41	13.01	6499	1660	1691
474	20:04:54	60.08	6499	1659	1690
475	20:05:54	60.12	6499	1659	1690
476	20:06:54	60.11	6499	1658	1689
477	20:07:54	60.18	6499	1657	1689
478	20:08:54	60.14	6499	1657	1688
479	20:09:55	60.15	6499	1656	1687
480	20:10:55	60.16	6499	1656	1687
481	20:11:55	60.17	6499	1655	1686
482	20:12:55	60.12	6499	1654	1686
483	20:13:55	60.14	6499	1654	1685
484	20:14:55	60.11	6499	1653	1685
485	20:15:55	60.13	6499	1653	1684
486	20:16:56	60.13	6499	1652	1683
487	20:17:56	60.14	6499	1651	1682
488	20:18:56	60.15	6499	1651	1682
489	20:19:56	60.12	6499	1650	1681
490	20:20:56	60.07	6499	1650	1680
491	20:21:56	60.08	6499	1649	1680
492	20:22:56	60.19	6499	1649	1679
493	20:23:56	60.13	6499	1648	1678
494	20:24:57	60.08	6499	1647	1678
495	20:25:57	60.11	6499	1647	1677
496	20:26:57	60.14	6499	1646	1676
497	20:27:57	60.12	6499	1646	1676
498	20:28:57	60.14	6499	1645	1675
499	20:29:57	60.12	6499	1645	1674
500	20:30:57	60.09	6499	1644	1674
501	20:31:57	60.13	6499	1643	1673
502	20:32:58	60.10	6499	1643	1672
503	20:33:58	60.11	6499	1643	1672
504	20:34:58	60.08	6499	1644	1671
505	20:35:58	60.18	6499	1644	1671
506	20:36:58	60.08	6499	1643	1670
507	20:37:58	60.14	6499	1643	1669
508	20:38:58	60.14	6499	1642	1669
509	20:39:58	60.12	6499	1642	1668
510	20:40:58	60.08	6499	1641	1668
511	20:41:59	60.08	6499	1640	1667
512	20:42:59	60.14	6499	1640	1667
513	20:43:59	60.16	6499	1639	1666
514	20:44:59	60.11	6499	1639	1666
515	20:45:59	60.09	6499	1638	1665
516	20:46:59	60.99	6499	1637	1664
517	20:48:00	60.10	6499	1637	1664
518	20:49:00	60.13	6499	1636	1663
519	20:50:00	60.19	6499	1636	1663
520	20:51:01	60.15	6499	1635	1662
521	20:52:01	60.17	6499	1635	1662
522	20:53:01	60.10	6499	1634	1661
523	20:54:01	60.15	6499	1633	1660
524	20:55:01	60.12	6499	1633	1660
525	20:56:01	60.09	6499	1632	1659
526	20:57:01	60.14	6499	1632	1659
527	20:58:01	60.18	6499	1631	1658
528	20:59:02	60.15	6499	1630	1658
529	21:00:02	60.17	6499	1630	1657
530	21:01:02	60.13	6499	1629	1657
531	21:02:02	22.94	6499	1629	1656
532	21:02:25	13.74	6499	1629	1656
533	21:02:39	60.03	6499	1628	1656
534	21:03:39	60.11	6499	1628	1655
535	21:04:39	60.09	6499	1627	1655
536	21:05:39	60.15	6499	1626	1654
537	21:06:39	60.14	6499	1626	1653
538	21:07:39	60.15	6499	1625	1653
539	21:08:39	60.24	6499	1625	1652
540	21:09:40	60.13	6499	1624	1652
541	21:10:40	60.12	6499	1623	1651
542	21:11:40	60.08	6499	1623	1651
543	21:12:40	60.13	6499	1622	1650
544	21:13:40	60.13	6499	1622	1650
545	21:14:40	60.42	6499	1621	1649
546	21:15:41	60.15	6499	1620	1649
547	21:16:41	60.09	6499	1620	1648
548	21:17:41	60.15	6499	1619	1648
549	21:18:41	60.13	6499	1619	1647
550	21:19:41	60.16	6499	1618	1646
551	21:20:41	60.11	6499	1617	1646
552	21:21:41	60.09	6499	1617	1645
553	21:22:42	60.13	6499	1616	1645
554	21:23:42	60.09	6499	1616	1644
555	21:24:42	60.16	6499	1615	1644
556	21:25:42	60.11	6499	1615	1643
557	21:26:42	60.12	6499	1614	1643
558	21:27:42	60.10	6499	1613	1642
559	21:28:42	60.10	6499	1613	1642
560	21:29:42	60.12	6499	1612	1641
561	21:30:43	60.13	6499	1612	1640
562	21:31:43	60.11	6499	1611	1640
563	21:32:43	60.14	6499	1611	1639
564	21:33:43	60.09	6499	1610	1639
565	21:34:43	60.16	6499	1609	1638
566	21:35:43	60.11	6499	1609	1638
567	21:36:43	60.11	6499	1608	1637
568	21:37:43	60.18	6499	1608	1637
569	21:38:44	60.13	6499	1607	1636
570	21:39:44	60.10	6499	1607	1635
571	21:40:44	60.18	6499	1606	1635
572	21:41:44	60.18	6499	1606	1634
573	21:42:44	60.12	6499	1605	1634
574	21:43:44	60.18	6499	1604	1633
575	21:44:44	60.14	6499	1604	1633
576	21:45:45	60.11	6499	1603	1632
577	21:46:45	60.14	6499	1603	1632
578	21:47:45	60.12	6499	1602	1631
579	21:48:45	60.12	6499	1602	1631
580	21:49:45	60.10	6499	1601	1630
581	21:50:45	60.11	6499	1601	1630
582	21:51:45	60.12	6499	1600	1629
583	21:52:45	60.10	6499	1600	1629
584	21:53:45	60.15	6499	1599	1628
585	21:54:46	60.16	6499	1598	1628
586	21:55:46	60.18	6499	1598	1627
587	21:56:46	60.14	6499	1597	1626
588	21:57:46	60.12	6499	1597	1626
589	21:58:46	60.18	6499	1596	1625
590	21:59:46	60.12	6499	1596	1625
591	22:00:47	60.11	6499	1595	1624
592	22:01:47	60.12	6499	1594	1624
593	22:02:47	60.14	6499	1594	1623
594	22:03:47	60.12	6499	1593	1623
595	22:04:47	60.10	6499	1593	1622
596	22:05:47	60.11	6499	1592	1622
597	22:06:47	60.12	6499	1592	1621
598	22:07:47	60.12	6499	1591	1621
599	22:08:47	60.16	6499	1591	1620
600	22:09:48	60.09	6499	1590	1620
601	22:10:48	60.15	6499	1590	1619
602	22:11:48	60.11	6499	1589	1619
603	22:12:48	60.12	6499	1589	1618
604	22:13:48	60.15	6499	1588	1618
605	22:14:48	60.15	6499	1588	1617
606	22:15:48	60.12	6499	1587	1616
607	22:16:49	60.15	6499	1587	1616
608	22:17:49	60.13	6499	1586	1615
609	22:18:49	60.10	6499	1585	1615
610	22:19:49	60.12	6499	1585	1614
611	22:20:49	60.17	6499	1584	1614
612	22:21:49	60.01	6499	1584	1613
613	22:22:49	60.15	6499	1583	1613
614	22:23:49	60.16	6499	1583	1612
615	22:24:50	60.16	6499	1582	1612
616	22:25:50	60.09	6499	1582	1611
617	22:26:50	60.11	6499	1581	1611
618	22:27:50	60.13	6499	1580	1610
619	22:28:50	60.16	6499	1580	1610
620	22:29:50	60.11	6499	1579	1609
621	22:30:50	60.12	6499	1579	1608
622	22:31:50	60.13	6499	1578	1608
623	22:32:51	60.12	6499	1578	1607
624	22:33:51	60.12	6499	1577	1607
625	22:34:51	60.12	6499	1577	1606
626	22:35:51	60.12	6499	1576	1606
627	22:36:51	60.12	6499	1576	1605
628	22:37:51	60.12	6499	1575	1605
629	22:38:51	60.16	6499	1574	1604
630	22:39:51	60.15	6499	1574	1604
631	22:40:52	60.14	6499	1573	1603
632	22:41:52	60.08	6499	1573	1603
633	22:42:52	60.14	6499	1572	1602
634	22:43:52	60.08	6499	1572	1602
635	22:44:52	60.09	6499	1571	1601
636	22:45:52	60.16	6499	1571	1601
637	22:46:52	60.14	6499	1570	1600
638	22:47:52	60.11	6499	1570	1600
639	22:48:53	60.12	6499	1569	1599
640	22:49:53	60.16	6499	1569	1599
641	22:50:53	60.10	6499	1568	1598
642	22:51:53	60.23	6499	1568	1598
643	22:52:53	60.14	6499	1567	1597
644	22:53:53	60.08	6499	1567	1597
645	22:54:53	60.16	6499	1566	1596
646	22:55:53	60.16	6499	1566	1596
647	22:56:54	60.17	6499	1565	1595
648	22:57:54	60.12	6499	1565	1595
649	22:58:54	60.10	6499	1564	1594
650	22:59:54	60.18	6499	1563	1594
651	23:00:54	60.13	6499	1563	1593
652	23:01:54	60.12	6499	1562	1593
653	23:02:54	60.14	6499	1562	1592
654	23:03:55	60.14	6499	1561	1592
655	23:04:55	60.15	6499	1561	1591
656	23:05:55	60.17	6499	1560	1591
657	23:06:55	60.13	6499	1560	1590
658	23:07:55	60.17	6499	1559	1590
659	23:08:55	60.12	6499	1559	1589
660	23:09:56	60.13	6499	1558	1589
661	23:10:56	60.14	6499	1558	1588
662	23:11:56	60.09	6499	1557	1588
663	23:12:56	60.16	6499	1557	1587
664	23:13:56	60.16	6499	1556	1587
665	23:14:56	60.08	6499	1556	1586
666	23:15:56	60.11	6499	1555	1586
667	23:16:56	60.17	6499	1555	1585
668	23:17:57	60.15	6499	1554	1585
669	23:18:57	60.12	6499	1554	1584
670	23:19:57	60.12	6499	1553	1584
671	23:20:57	60.12	6499	1553	1583
672	23:21:57	60.12	6499	1552	1583
673	23:22:57	60.15	6499	1552	1582
674	23:23:57	60.14	6499	1551	1582
675	23:24:57	60.12	6499	1551	1581
676	23:25:58	60.13	6499	1550	1580
677	23:26:58	60.08	6499	1550	1580
678	23:27:58	60.16	6499	1549	1580
679	23:28:58	60.14	6499	1549	1579
680	23:29:58	60.16	6499	1548	1579
681	23:30:58	60.13	6499	1548	1578
682	23:31:58	60.13	6499	1547	1578
683	23:32:59	60.08	6499	1547	1577
684	23:33:59	60.15	6499	1546	1577
685	23:34:59	60.11	6499	1546	1576
686	23:35:59	60.11	6499	1545	1576
687	23:36:59	60.09	6499	1545	1575
688	23:37:59	60.11	6499	1544	1575
689	23:38:59	60.10	6499	1544	1574
690	23:39:59	60.09	6499	1543	1574
691	23:40:59	60.12	6499	1543	1573
692	23:42:00	60.15	6499	1542	1573
693	23:43:00	60.78	6499	1542	1572
694	23:44:00	60.30	6499	1541	1572
695	23:45:01	60.53	6499	1541	1571
696	23:46:01	64.71	6499	1540	1571
697	23:47:06	60.13	6499	1540	1570
698	23:48:06	60.13	6499	1539	1570
699	23:49:06	60.15	6499	1539	1569
700	23:50:06	60.08	6499	1538	1569
701	23:51:06	60.13	6499	1538	1568
702	23:52:07	60.17	6499	1537	1568
703	23:53:07	60.07	6499	1534	1565
704	23:54:07	60.12	6499	1536	1567
705	23:55:07	60.08	6499	1536	1566
706	23:56:07	60.10	6499	1535	1566
707	23:57:07	60.11	6499	1535	1565
708	23:58:07	60.12	6499	1534	1565
709	23:59:07	60.18	6499	1534	1564
710	00:00:08	60.18	6499	1533	1564
711	00:01:08	60.12	6499	1533	1563
712	00:02:08	60.12	6499	1532	1562
713	00:03:08	60.12	6499	1532	1562
714	00:04:08	10.01	6499	1531	1562
715	00:04:18	60.37	6499	1531	1561
716	00:05:18	60.09	6499	1530	1561
717	00:06:19	60.15	6499	1530	1560
718	00:07:19	60.11	6499	1529	1560
719	00:08:19	60.14	6499	1529	1559
720	00:09:19	60.10	6499	1528	1559
721	00:10:19	60.10	6499	1528	1558
722	00:11:19	60.15	6499	1527	1558
723	00:12:19	60.13	6499	1527	1557
724	00:13:19	60.11	6499	1526	1557
725	00:14:20	60.17	6499	1526	1556
726	00:15:20	60.13	6499	1525	1556
727	00:16:20	60.14	6499	1525	1555
728	00:17:20	60.10	6499	1524	1555
729	00:18:20	60.15	6499	1524	1554
730	00:19:20	60.16	6499	1523	1554
731	00:20:20	60.11	6499	1523	1553
732	00:21:21	60.54	6499	1522	1553
733	00:22:21	60.54	6499	1522	1552
734	00:23:22	60.56	6499	1521	1552
735	00:24:22	60.49	6499	1521	1551
736	00:25:23	60.69	6499	1521	1551
737	00:26:23	60.08	6499	1520	1550
738	00:27:23	60.13	6499	1520	1550
739	00:28:24	60.12	6499	1519	1549
740	00:29:24	60.23	6499	1519	1549
741	00:30:24	60.11	6499	1518	1548
742	00:31:24	60.14	6499	1518	1548
743	00:32:24	60.10	6499	1517	1547
744	00:33:24	60.08	6499	1517	1547
745	00:34:24	60.14	6499	1516	1547
746	00:35:24	60.15	6499	1516	1546
747	00:36:25	60.11	6499	1515	1546
748	00:37:25	60.09	6499	1515	1545
749	00:38:25	60.16	6499	1514	1545
750	00:39:25	60.14	6499	1514	1544
751	00:40:25	60.11	6499	1513	1544
752	00:41:25	60.16	6499	1513	1543
753	00:42:25	60.14	6499	1512	1543
754	00:43:26	60.14	6499	1512	1542
755	00:44:26	60.09	6499	1511	1542
756	00:45:26	60.16	6499	1511	1541
757	00:46:26	60.12	6499	1510	1541
758	00:47:26	60.10	6499	1510	1540
759	00:48:26	60.13	6499	1509	1540
760	00:49:26	60.13	6499	1509	1539
761	00:50:26	60.17	6499	1508	1539
762	00:51:27	60.10	6499	1508	1538
763	00:52:27	60.11	6499	1507	1538
764	00:53:27	60.13	6499	1507	1538
765	00:54:27	60.12	6499	1506	1537
766	00:55:27	60.08	6499	1506	1537
767	00:56:27	60.12	6499	1505	1536
768	00:57:27	60.13	6499	1505	1536
769	00:58:27	60.14	6499	1504	1535
770	00:59:28	60.12	6499	1504	1535
771	01:00:28	60.13	6499	1503	1534
772	01:01:28	60.13	6499	1503	1534
773	01:02:28	60.11	6499	1502	1533
774	01:03:28	60.10	6499	1502	1533
775	01:04:28	60.17	6499	1501	1532
776	01:05:28	60.07	6499	1501	1532
777	01:06:28	60.12	6499	1500	1531
778	01:07:28	60.14	6499	1500	1531
779	01:08:29	60.22	6499	1499	1531
780	01:09:29	60.21	6499	1499	1530
781	01:10:29	60.04	6499	1498	1530
782	01:11:29	60.13	6499	1498	1529
783	01:12:29	60.09	6499	1497	1527
784	01:13:29	60.14	6499	1497	1528
785	01:14:29	60.14	6499	1497	1528
786	01:15:30	60.16	6499	1496	1527
787	01:16:30	60.12	6499	1496	1527
788	01:17:30	60.16	6499	1495	1526
789	01:18:30	60.10	6499	1495	1526
790	01:19:30	41.76	6499	1495	1526
791	01:20:12	13.40	6499	1494	1526
792	01:20:25	60.03	6499	1491	1525
793	01:21:25	60.13	6499	1493	1525
794	01:22:25	60.09	6499	1493	1524
795	01:23:26	60.12	6499	1492	1524
796	01:24:26	60.15	6499	1492	1523
797	01:25:26	60.12	6499	1491	1523
798	01:26:26	60.16	6499	1491	1522
799	01:27:26	60.11	6499	1491	1522
800	01:28:26	60.14	6499	1490	1521
801	01:29:26	60.13	6499	1489	1521
802	01:30:26	60.14	6499	1489	1521
803	01:31:27	60.15	6499	1489	1520
804	01:32:27	60.13	6499	1488	1520
805	01:33:27	60.08	6499	1488	1519
806	01:34:27	60.14	6499	1487	1519
807	01:35:27	60.16	6499	1487	1518
808	01:36:27	60.14	6499	1486	1518
809	01:37:27	60.16	6499	1486	1517
810	01:38:28	60.09	6499	1485	1517
811	01:39:28	60.11	6499	1485	1516
812	01:40:28	60.13	6499	1484	1516
813	01:41:28	60.18	6499	1484	1516
814	01:42:28	60.16	6499	1484	1516
815	01:43:28	22.66	6499	1484	1515
816	01:43:51	14.56	6499	1483	1515
817	01:44:05	60.25	6499	1483	1514
818	01:45:06	60.14	6499	1482	1514
819	01:46:06	60.11	6499	1482	1513
820	01:47:06	60.15	6499	1481	1513
821	01:48:06	60.13	6499	1481	1512
822	01:49:06	60.17	6499	1480	1512
823	01:50:06	60.18	6499	1480	1511
824	01:51:07	60.15	6499	1479	1511
825	01:52:07	60.11	6499	1479	1510
826	01:53:07	60.11	6499	1479	1510
827	01:54:07	60.18	6499	1478	1510
828	01:55:07	60.14	6499	1478	1509
829	01:56:07	60.09	6499	1477	1509
830	01:57:07	60.13	6499	1477	1508
831	01:58:07	60.08	6499	1476	1508
832	01:59:08	60.11	6499	1476	1507
833	02:00:08	60.15	6499	1476	1507
834	02:01:08	60.17	6499	1475	1506
835	02:02:08	60.14	6499	1474	1506
836	02:03:08	60.16	6499	1474	1505
837	02:04:08	60.17	6499	1474	1505
838	02:05:08	60.12	6499	1473	1505
839	02:06:09	60.12	6499	1473	1504
840	02:07:09	60.10	6499	1472	1504
841	02:08:09	60.08	6499	1472	1503
842	02:09:09	60.17	6499	1471	1503
843	02:10:09	60.09	6499	1471	1502
844	02:11:09	60.13	6499	1470	1502
845	02:12:09	60.16	6499	1470	1501
846	02:13:09	60.12	6499	1469	1501
847	02:14:10	60.08	6499	1469	1500
848	02:15:10	60.17	6499	1468	1500
849	02:16:10	60.17	6499	1468	1498
850	02:17:10	60.19	6499	1467	1499
851	02:18:10	60.17	6499	1467	1499
852	02:19:10	60.13	6499	1466	1498
853	02:20:10	60.05	6499	1466	1498
854	02:21:10	60.16	6499	1465	1497
855	02:22:11	60.10	6499	1465	1497
856	02:23:11	60.08	6499	1464	1496
857	02:24:11	60.09	6499	1464	1496
858	02:25:11	60.11	6499	1463	1495
859	02:26:11	60.10	6499	1463	1495
860	02:27:11	60.07	6499	1462	1494
861	02:28:11	60.10	6499	1462	1494
862	02:29:11	60.11	6499	1462	1494
863	02:30:11	60.10	6499	1461	1493
864	02:31:12	60.10	6499	1461	1493
865	02:32:12	60.13	6499	1460	1492
866	02:33:12	60.10	6499	1460	1492
867	02:34:12	60.11	6499	1459	1491
868	02:35:12	60.13	6499	1459	1491
869	02:36:12	60.10	6499	1458	1490
870	02:37:12	60.15	6499	1458	1490
871	02:38:12	60.15	6499	1457	1490
872	02:39:12	60.15	6499	1457	1489
873	02:40:13	60.13	6499	1456	1489
874	02:41:13	60.13	6499	1456	1488
875	02:42:13	60.10	6499	1455	1488
876	02:43:13	60.16	6499	1455	1487
877	02:44:13	60.17	6499	1455	1487
878	02:45:13	60.10	6499	1454	1486
879	02:46:13	60.12	6499	1454	1486
880	02:47:14	60.12	6499	1453	1485
881	02:48:14	60.09	6499	1451	1485
882	02:49:14	60.15	6499	1450	1485
883	02:50:14	60.13	6499	1449	1484
884	02:51:14	60.13	6499	1449	1484
885	02:52:14	60.11	6499	1448	1483
886	02:53:14	60.10	6499	1448	1483
887	02:54:14	60.14	6499	1447	1482
888	02:55:14	60.13	6499	1447	1482
889	02:56:15	60.10	6499	1447	1481
890	02:57:15	60.15	6499	1446	1481
891	02:58:15	60.15	6499	1446	1480
892	02:59:15	60.08	6499	1445	1480
893	03:00:15	60.14	6499	1445	1480
894	03:01:15	60.12	6499	1444	1479
895	03:02:15	60.15	6499	1444	1479
896	03:03:15	60.11	6499	1443	1478
897	03:04:16	60.15	6499	1443	1478
898	03:05:16	60.09	6499	1443	1477
899	03:06:16	60.08	6499	1442	1477
900	03:07:16	57.04	6499	1442	1477
901	03:08:13	13.63	6499	1442	1477
902	03:08:27	60.18	6499	1441	1476
903	03:09:27	60.14	6499	1441	1476
904	03:10:27	60.12	6499	1440	1475
905	03:11:27	60.09	6499	1440	1475
906	03:12:27	60.13	6499	1439	1474
907	03:13:27	60.10	6499	1439	1474
908	03:14:27	60.11	6499	1439	1473
909	03:15:27	60.08	6499	1438	1473
910	03:16:28	60.09	6499	1438	1473
911	03:17:28	60.13	6499	1437	1472
912	03:18:28	60.17	6499	1437	1472
913	03:19:28	60.08	6499	1436	1471
914	03:20:28	60.12	6499	1436	1471
915	03:21:28	60.14	6499	1436	1470
916	03:22:28	39.91	6499	1435	1470
917	03:23:08	60.51	6499	1435	1470
918	03:24:09	60.16	6499	1434	1469
919	03:25:09	60.13	6499	1434	1469
920	03:26:09	60.17	6499	1434	1468
921	03:27:09	60.08	6499	1433	1468
922	03:28:09	60.13	6499	1433	1467
923	03:29:09	60.14	6499	1432	1467
924	03:30:10	60.13	6499	1432	1467
925	03:31:10	60.12	6499	1431	1466
926	03:32:10	60.11	6499	1431	1466
927	03:33:10	60.15	6499	1431	1465
928	03:34:10	60.14	6499	1430	1465
929	03:35:10	60.15	6499	1430	1464
930	03:36:10	60.17	6499	1429	1464
931	03:37:10	60.17	6499	1429	1464
932	03:38:11	60.13	6499	1428	1463
933	03:39:11	60.15	6499	1428	1463
934	03:40:11	60.13	6499	1427	1462
935	03:41:11	60.17	6499	1427	1462
936	03:42:11	60.11	6499	1427	1462
937	03:43:11	60.15	6499	1426	1461
938	03:44:11	60.16	6499	1426	1461
939	03:45:12	60.42	6499	1425	1460
940	03:46:12	60.16	6499	1425	1460
941	03:47:12	60.09	6499	1424	1459
942	03:48:12	60.12	6499	1424	1459
943	03:49:12	60.11	6499	1423	1459
944	03:50:13	60.16	6499	1423	1458
945	03:51:13	60.16	6499	1423	1458
946	03:52:13	60.19	6499	1422	1457
947	03:53:13	60.14	6499	1422	1457
948	03:54:13	60.14	6499	1421	1456
949	03:55:13	60.13	6499	1421	1456
950	03:56:13	60.14	6499	1420	1456
951	03:57:14	60.15	6499	1420	1455
952	03:58:14	60.16	6499	1420	1455
953	03:59:14	60.11	6499	1419	1454
954	04:00:14	60.10	6499	1419	1454
955	04:01:14	60.12	6499	1418	1453
956	04:02:14	60.17	6499	1418	1453
957	04:03:14	60.09	6499	1417	1453
958	04:04:14	60.13	6499	1417	1452
959	04:05:15	60.10	6499	1416	1452
960	04:06:15	60.09	6499	1416	1451
961	04:07:15	60.13	6499	1416	1451
962	04:08:15	60.15	6499	1415	1450
963	04:09:15	60.12	6499	1415	1449
964	04:10:15	60.12	6499	1414	1450
965	04:11:15	60.11	6499	1414	1449
966	04:12:15	60.18	6499	1413	1449
967	04:13:16	60.13	6499	1413	1448
968	04:14:16	60.13	6499	1413	1448
969	04:15:16	60.13	6499	1412	1447
970	04:16:16	60.08	6499	1412	1447
971	04:17:16	60.10	6499	1411	1447
972	04:18:16	60.14	6499	1411	1446
973	04:19:16	60.13	6499	1410	1446
974	04:20:16	60.06	6499	1410	1445
975	04:21:17	60.11	6499	1410	1445
976	04:22:17	60.11	6499	1409	1444
977	04:23:17	60.12	6499	1409	1444
978	04:24:17	60.18	6499	1408	1444
979	04:25:17	60.13	6499	1408	1443
980	04:26:17	60.18	6499	138.4	141.8
981	04:27:17	60.08	6499	0	0
982	04:28:17	10.01	6499	0	0
983	04:28:27	60.50	6499	0	0
984	04:29:28	60.14	6499	0	0
985	04:30:28	60.14	6499	0	0
986	04:31:28	60.12	6499	0	0
987	04:32:28	60.13	6501	0	0
988	04:33:28	60.13	6501	0	0
989	04:34:29	60.10	6501	0	0
990	04:35:29	60.11	6501	0	0
991	04:36:29	60.15	6501	0	0
992	04:37:29	60.15	6450	0	0
993	04:38:29	60.08	6273	0	0
994	04:39:29	60.17	5971	0	0
995	04:40:29	60.12	5619	0	0
996	04:41:29	60.12	5266	0	0
997	04:42:30	60.15	4906	0	0
998	04:43:30	60.12	4550	0	0
999	04:44:30	60.14	4195	0	0
1000	04:45:30	60.12	3839	0	0
1001	04:46:30	60.09	3482	-1	-1
1002	04:47:30	60.12	3126	25.47	21.72
1003	04:48:30	60.09	2769	0	0
1004	04:49:30	209.06	2413	0	0
Created by AtlRunQuery on: 2016-07-20 15:56:27.120876
