LHC beam energy and intensities during run 301912:
(Begin/end of run: Sat Jun 11 2016 09:55:10 − 12:41:52)

LB	   Start time
(CEST)	   Duration
(sec)	   Beam energy
(GeV)	   Intensity Beam-1
(1e11 protons)	   Intensity Beam-2
(1e11 protons)
1	09:55:10	60.08	450	0.533	0.07099
2	09:56:10	60.12	450	1.048	0.07096
3	09:57:10	29.79	450	1.047	0.07094
4	09:57:40	21.81	450	1.046	0.07094
5	09:58:01	10.04	450	1.046	0.07092
6	09:58:11	60.16	450	1.045	0.07088
7	09:59:12	60.16	450	1.044	0.4937
8	10:00:12	60.09	450	1.043	1.127
9	10:01:12	60.14	450	1.042	1.126
10	10:02:12	60.15	450	1.041	1.124
11	10:03:12	60.12	450	1.04	1.123
12	10:04:12	60.17	450	1.039	1.122
13	10:05:12	60.11	450	0.9776	1.121
14	10:06:13	60.08	450	0.9417	1.046
15	10:07:13	60.14	450	13.51	1.044
16	10:08:13	60.16	450	20.92	1.044
17	10:09:13	60.11	450	26.27	1.044
18	10:10:13	60.15	450	26.27	1.043
19	10:11:13	60.14	450	26.26	11.96
20	10:12:13	60.13	450	26.25	13.67
21	10:13:13	60.17	450	26.25	15.6
22	10:14:14	60.13	450	26.25	26.22
23	10:15:14	60.15	450	95.63	35.17
24	10:16:14	60.16	450	150.1	112.6
25	10:17:14	60.11	450	199.2	179.7
26	10:18:14	60.12	450	233.8	200.3
27	10:19:14	60.15	450	288.5	261.9
28	10:20:14	60.11	450	369.8	286.7
29	10:21:15	60.09	450	369.6	345.3
30	10:22:15	60.14	450	369.4	373.3
31	10:23:15	60.13	450	369.2	373.2
32	10:24:15	60.12	450	368.9	373.1
33	10:25:15	60.12	450	369.3	373.1
34	10:26:15	60.15	450	369.5	374
35	10:27:15	60.17	450	369.2	373.9
36	10:28:15	60.13	450	369	373.8
37	10:29:16	60.15	450	414	373.8
38	10:30:16	60.12	450	470.2	448.3
39	10:31:16	60.13	450	539.5	503.8
40	10:32:16	60.13	450	610.3	559
41	10:33:16	60.10	450	666.3	631.3
42	10:34:16	60.10	450	710.9	700.7
43	10:35:16	60.11	450	710.4	716.6
44	10:36:16	60.17	450	709.9	716.4
45	10:37:17	60.08	450	709.3	716.2
46	10:38:17	60.10	450	708.7	716
47	10:39:17	60.16	450	708.1	715.7
48	10:40:17	60.16	450	707.5	715.4
49	10:41:17	31.16	459	706.8	715
50	10:41:48	60.05	488	706.5	714.8
51	10:42:48	42.31	599	706.4	714.6
52	10:43:31	16.17	722	693.6	702
53	10:43:47	10.41	775	693.6	702
54	10:43:57	60.12	810	693.5	701.9
55	10:44:57	41.49	1059	693.5	701.9
56	10:45:39	60.19	1278	693.5	701.8
57	10:46:39	60.13	1625	693.5	701.8
58	10:47:39	60.12	1972	693.6	701.7
59	10:48:39	60.13	2320	693.6	701.5
60	10:49:39	60.15	2667	693.5	701.2
61	10:50:40	60.14	3021	693.3	701.1
62	10:51:40	60.17	3368	693.2	701
63	10:52:40	60.16	3715	693.1	700.9
64	10:53:40	60.16	4063	692.9	700.8
65	10:54:40	60.13	4410	692.6	700.7
66	10:55:40	48.15	4758	692.3	700.7
67	10:56:28	60.03	5036	692	700.7
68	10:57:28	60.11	5383	691.9	700.6
69	10:58:29	60.15	5736	691.8	700.6
70	10:59:29	60.15	6084	691.7	700.6
71	11:00:29	50.83	6431	691.6	700.6
72	11:01:20	10.31	6499	691.5	700.6
73	11:01:30	60.13	6499	691.5	700.5
74	11:02:30	60.17	6499	691.4	700.4
75	11:03:30	60.16	6499	691.3	700.4
76	11:04:30	60.13	6499	691.2	700.4
77	11:05:31	60.17	6499	691	700.3
78	11:06:31	60.10	6499	690.8	700.3
79	11:07:31	60.14	6499	690.7	700.3
80	11:08:31	60.08	6499	690.6	700.3
81	11:09:31	60.13	6499	689.7	700.2
82	11:10:31	60.18	6499	689.7	700.2
83	11:11:31	60.12	6499	689.6	700.1
84	11:12:32	60.12	6499	689.6	700.1
85	11:13:32	60.13	6499	689.6	700.1
86	11:14:32	60.16	6499	689.6	700.1
87	11:15:32	60.16	6499	689.5	700
88	11:16:32	60.17	6499	689.4	700
89	11:17:32	60.15	6499	689.3	699.9
90	11:18:32	60.13	6499	689.3	699.8
91	11:19:33	60.08	6499	689.2	699.7
92	11:20:33	60.11	6499	689.2	699.5
93	11:21:33	60.08	6499	689.1	699.4
94	11:22:33	60.13	6499	689	699.4
95	11:23:33	18.04	6499	688.9	699.3
96	11:23:51	60.35	6499	688.8	699.3
97	11:24:51	60.17	6499	688.7	699.2
98	11:25:52	60.12	6499	688.4	699.1
99	11:26:52	60.13	6499	688.2	699
100	11:27:52	60.11	6499	688	699
101	11:28:52	60.15	6499	687.9	699
102	11:29:52	60.14	6499	687.4	698.7
103	11:30:52	60.10	6499	686.8	698.3
104	11:31:52	60.10	6499	686.1	697.9
105	11:32:52	60.15	6499	685.6	697.6
106	11:33:53	60.09	6499	685	697.2
107	11:34:53	60.07	6499	684.4	696.8
108	11:35:53	60.08	6499	683.7	696.3
109	11:36:53	60.16	6499	682.9	696
110	11:37:53	60.14	6499	682.1	695.6
111	11:38:53	60.11	6499	681.3	695.3
112	11:39:53	60.13	6499	680.5	694.9
113	11:40:53	60.16	6499	679.8	694.5
114	11:41:53	60.13	6499	679.1	694.1
115	11:42:54	60.09	6499	678.4	693.7
116	11:43:54	27.67	6499	677.9	693.3
117	11:44:21	32.71	6499	677.5	693.1
118	11:44:54	60.40	6499	677	692.7
119	11:45:54	60.18	6499	676.3	692.2
120	11:46:55	60.18	6499	675.7	691.7
121	11:47:55	60.15	6499	675	691.3
122	11:48:55	60.12	6499	674.4	690.9
123	11:49:55	60.18	6499	673.9	690.5
124	11:50:55	60.18	6499	673.4	690.1
125	11:51:55	60.08	6499	672.9	689.8
126	11:52:56	60.12	6499	672.3	689.4
127	11:53:56	60.16	6499	671.9	689.1
128	11:54:56	60.14	6499	671.3	688.7
129	11:55:56	60.12	6499	670.7	688.3
130	11:56:56	60.13	6499	670.2	687.9
131	11:57:56	60.13	6499	669.7	687.5
132	11:58:56	60.08	6499	669.1	687.1
133	11:59:56	60.18	6499	668.5	686.7
134	12:00:57	60.12	6499	668	686.4
135	12:01:57	60.12	6499	667.4	686
136	12:02:57	60.08	6499	666.9	685.6
137	12:03:57	60.12	6499	666.3	685.2
138	12:04:57	60.11	6499	665.7	684.8
139	12:05:57	60.07	6499	665.1	684.4
140	12:06:57	60.13	6499	664.5	684
141	12:07:57	60.14	6499	663.9	683.6
142	12:08:57	60.11	6499	663.3	683.2
143	12:09:58	60.16	6499	662.7	682.8
144	12:10:58	60.11	6499	662.2	682.4
145	12:11:58	45.96	6499	661.7	682.1
146	12:12:44	41.98	6499	661.3	681.8
147	12:13:26	60.40	6499	660.8	681.5
148	12:14:26	60.11	6499	660.2	681.1
149	12:15:26	60.12	6499	659.7	680.8
150	12:16:26	60.14	6499	659	680.4
151	12:17:27	60.09	6499	658.5	680
152	12:18:27	60.11	6499	658	679.7
153	12:19:27	60.13	6499	657.5	679.3
154	12:20:27	60.07	6499	657	679
155	12:21:27	60.08	6499	656.5	678.6
156	12:22:27	60.13	6499	656	678.3
157	12:23:27	60.09	6499	655.6	677.9
158	12:24:27	60.16	6499	655.1	677.6
159	12:25:27	60.07	6499	654.7	677.3
160	12:26:27	60.18	6499	654.2	676.9
161	12:27:28	42.24	6499	653.9	676.7
162	12:28:10	60.19	6499	653.5	676.4
163	12:29:10	60.15	6499	653.1	676.1
164	12:30:10	60.13	6499	652.7	675.7
165	12:31:10	60.13	6499	652.3	675.4
166	12:32:10	46.01	6499	651.9	675.1
167	12:32:57	60.19	6499	651.5	674.8
168	12:33:57	60.14	6499	651.1	674.5
169	12:34:57	60.14	6499	650.7	674.2
170	12:35:57	60.14	6499	650.3	673.9
171	12:36:57	60.14	6499	650	673.6
172	12:37:57	60.12	6499	649.5	673.3
173	12:38:57	60.12	6499	649.1	673
174	12:39:57	60.13	6499	648.7	672.7
175	12:40:58	54.85	6499	647	671.4
Created by AtlRunQuery on: 2018-08-25 17:30:42.542847
