LHC beam energy and intensities during run 302137:
(Begin/end of run: Wed Jun 15 2016 16:47:15 − Thu Jun 16, 04:36:40)

LB	   Start time
(CEST)	   Duration
(sec)	   Beam energy
(GeV)	   Intensity Beam-1
(1e11 protons)	   Intensity Beam-2
(1e11 protons)
1	16:47:15	60.13	450	0.1063	0.08085
2	16:48:15	60.13	450	0.1063	0.08082
3	16:49:15	20.20	450	0.1063	0.08079
4	16:49:35	34.89	450	0.1062	0.08076
5	16:50:10	60.16	450	0.1062	0.08073
6	16:51:11	60.07	450	0.1062	0.08069
7	16:52:11	60.14	450	0.1061	0.08066
8	16:53:11	60.14	450	0.1061	0.08063
9	16:54:11	60.13	450	0.1061	0.08058
10	16:55:11	60.10	450	0.106	0.08055
11	16:56:11	60.13	450	0.106	0.08051
12	16:57:11	60.12	450	0.106	0.08049
13	16:58:11	60.11	450	0.1059	0.08045
14	16:59:11	60.11	450	0.1059	0.08042
15	17:00:12	60.17	449	0.1059	0.08038
16	17:01:12	60.10	450	0.1058	0.08035
17	17:02:12	60.11	450	0.1058	0.08032
18	17:03:12	60.16	450	0.1058	0.08029
19	17:04:12	60.11	450	0.1055	0.08025
20	17:05:12	60.13	450	0.1057	0.08022
21	17:06:12	60.19	450	0.1057	0.08018
22	17:07:13	60.08	450	0.1056	0.08015
23	17:08:13	60.12	450	0.1056	0.08012
24	17:09:13	60.13	450	0.1055	0.08008
25	17:10:13	60.13	450	0.1055	0.08004
26	17:11:13	60.13	450	0.1055	0.08002
27	17:12:13	60.10	450	0.1054	0.07997
28	17:13:13	60.12	450	0.1054	0.07994
29	17:14:13	60.16	450	0.1054	0.0799
30	17:15:14	60.15	450	0.1053	0.07972
31	17:16:14	60.11	450	0.1053	0.07982
32	17:17:14	60.10	450	0.1052	0.07978
33	17:18:14	60.14	450	0.1052	0.07973
34	17:19:14	60.11	450	0.1051	0.0797
35	17:20:14	60.08	450	0.1051	0.07967
36	17:21:14	60.12	450	0.1051	0.07963
37	17:22:14	60.09	450	0.105	0.07958
38	17:23:14	60.14	450	0.105	0.07955
39	17:24:15	60.15	450	0.105	0.07952
40	17:25:15	60.12	450	0.1049	0.07948
41	17:26:15	60.16	450	0.1049	0.07943
42	17:27:15	60.13	450	4.306	0.07938
43	17:28:15	60.13	450	12.52	6.716
44	17:29:15	60.11	450	12.52	12.61
45	17:30:15	60.14	450	12.52	12.6
46	17:31:16	60.11	450	12.51	12.6
47	17:32:16	60.13	450	18.05	12.6
48	17:33:16	60.15	450	24.87	12.6
49	17:34:16	60.11	450	24.87	12.6
50	17:35:16	60.09	450	24.86	12.6
51	17:36:16	60.17	450	24.86	12.6
52	17:37:16	60.13	450	24.86	12.6
53	17:38:16	60.08	450	24.85	12.6
54	17:39:16	60.15	450	24.85	12.6
55	17:40:17	60.16	450	24.85	15.8
56	17:41:17	60.12	450	24.85	25.05
57	17:42:17	60.15	450	79.79	25.05
58	17:43:17	60.11	450	111.6	94.83
59	17:44:17	60.11	450	195.9	125.9
60	17:45:17	60.14	450	227.7	197.9
61	17:46:17	60.13	450	330.7	197.8
62	17:47:18	60.10	450	371.3	197.8
63	17:48:18	60.13	450	371.1	197.8
64	17:49:18	60.08	450	392.5	197.7
65	17:50:18	60.10	450	456.8	236
66	17:51:18	60.13	450	510.2	284.2
67	17:52:18	60.16	450	542.1	353.1
68	17:53:18	60.17	450	628.5	384.6
69	17:54:18	60.11	450	657.4	454.9
70	17:55:19	60.15	450	713.7	501
71	17:56:19	60.14	449	775.5	541.3
72	17:57:19	60.13	450	805.3	618.5
73	17:58:19	60.12	450	884.4	648.6
74	17:59:19	60.15	450	922.1	711.1
75	18:00:19	60.12	450	970.2	765
76	18:01:19	60.11	450	1038	797.4
77	18:02:19	60.13	450	1070	882.1
78	18:03:20	60.09	450	1140	912.3
79	18:04:20	60.12	450	1185	967.7
80	18:05:20	60.16	450	1225	1029
81	18:06:20	60.16	450	1302	1058
82	18:07:20	60.16	450	1657	1396
83	18:08:20	60.13	450	1718	1482
84	18:09:20	60.18	450	1747	1559
85	18:10:21	60.08	450	1827	1589
86	18:11:21	60.16	450	1864	1652
87	18:12:21	60.15	450	1912	1704
88	18:13:21	60.16	450	1980	1736
89	18:14:21	60.18	450	2010	1821
90	18:15:21	60.11	450	2081	1851
91	18:16:21	60.12	450	2126	1906
92	18:17:22	60.08	450	2166	1966
93	18:18:22	60.13	450	2242	1997
94	18:19:22	60.10	450	2273	2077
95	18:20:22	60.06	450	2336	2076
96	18:21:22	60.12	450	2334	2075
97	18:22:22	60.10	450	2332	2074
98	18:23:22	60.13	450	2416	2073
99	18:24:22	60.16	450	2416	2102
100	18:25:22	60.08	450	2414	2203
101	18:26:22	60.11	450	2412	2303
102	18:27:23	60.13	450	2410	2404
103	18:28:23	60.13	450	2408	2412
104	18:29:23	60.14	450	2405	2410
105	18:30:23	60.13	450	2402	2409
106	18:31:23	60.12	450	2399	2407
107	18:32:23	60.14	450	2397	2406
108	18:33:23	60.12	450	2394	2404
109	18:34:23	60.13	450	2391	2402
110	18:35:24	60.12	450	2388	2400
111	18:36:24	60.15	450	2383	2398
112	18:37:24	60.14	450	2380	2396
113	18:38:24	60.17	450	2378	2392
114	18:39:24	60.12	450	2366	2382
115	18:40:24	60.13	450	2366	2382
116	18:41:24	60.09	450	2366	2382
117	18:42:25	60.10	450	2365	2381
118	18:43:25	31.50	477	2365	2381
119	18:43:56	55.60	520	2364	2380
120	18:44:52	20.78	645	2364	2380
121	18:45:13	60.52	708	2364	2380
122	18:46:13	43.68	925	2364	2379
123	18:46:57	60.02	1126	2363	2379
124	18:47:57	60.14	1461	2363	2378
125	18:48:57	47.40	1809	2363	2377
126	18:49:44	60.08	2081	2362	2377
127	18:50:44	60.16	2428	2361	2376
128	18:51:45	60.12	2781	2360	2376
129	18:52:45	60.15	3129	2359	2375
130	18:53:45	60.16	3476	2358	2375
131	18:54:45	60.14	3824	2358	2374
132	18:55:45	60.12	4171	2357	2374
133	18:56:45	60.12	4519	2357	2373
134	18:57:45	60.16	4866	2357	2373
135	18:58:45	60.12	5214	2357	2373
136	18:59:46	60.11	5567	2356	2373
137	19:00:46	60.18	5914	2356	2373
138	19:01:46	60.15	6261	2356	2372
139	19:02:46	15.34	6499	2355	2372
140	19:03:01	14.91	6499	2354	2372
141	19:03:16	60.45	6499	2354	2372
142	19:04:17	60.15	6499	2354	2372
143	19:05:17	60.10	6499	2352	2371
144	19:06:17	60.12	6499	2351	2371
145	19:07:17	60.07	6499	2351	2371
146	19:08:17	60.16	6499	2351	2371
147	19:09:17	60.17	6499	2351	2371
148	19:10:18	60.12	6499	2351	2370
149	19:11:18	60.13	6499	2351	2370
150	19:12:18	60.12	6499	2350	2370
151	19:13:18	60.13	6499	2350	2370
152	19:14:18	60.17	6499	2350	2369
153	19:15:18	60.11	6499	2350	2369
154	19:16:18	60.11	6499	2350	2368
155	19:17:18	60.16	6499	2349	2367
156	19:18:19	60.16	6499	2349	2367
157	19:19:19	60.11	6499	2347	2366
158	19:20:19	60.07	6499	2346	2366
159	19:21:19	60.12	6499	2345	2366
160	19:22:19	60.17	6499	2343	2365
161	19:23:19	60.13	6499	2342	2365
162	19:24:19	60.14	6499	2341	2364
163	19:25:19	58.33	6499	2340	2364
164	19:26:18	60.46	6499	2340	2363
165	19:27:18	60.14	6499	2339	2363
166	19:28:18	60.14	6499	2338	2362
167	19:29:19	60.11	6499	2336	2361
168	19:30:19	60.12	6499	2334	2359
169	19:31:19	60.14	6499	2333	2358
170	19:32:19	60.11	6499	2332	2357
171	19:33:19	60.15	6499	2330	2356
172	19:34:19	29.68	6499	2328	2354
173	19:34:49	60.34	6499	2326	2353
174	19:35:49	60.13	6499	2325	2352
175	19:36:49	30.90	6499	2323	2350
176	19:37:20	60.49	6499	2321	2349
177	19:38:21	60.12	6499	2320	2348
178	19:39:21	60.12	6499	2318	2345
179	19:40:21	60.14	6499	2316	2344
180	19:41:21	60.13	6499	2314	2343
181	19:42:21	60.13	6499	2312	2342
182	19:43:21	60.16	6499	2310	2340
183	19:44:21	60.10	6499	2308	2339
184	19:45:22	60.13	6499	2306	2338
185	19:46:22	60.14	6499	2304	2337
186	19:47:22	60.15	6499	2304	2336
187	19:48:22	60.13	6499	2303	2336
188	19:49:22	60.11	6499	2302	2334
189	19:50:22	60.07	6499	2300	2333
190	19:51:22	60.13	6499	2300	2332
191	19:52:22	60.17	6499	2299	2332
192	19:53:23	10.02	6499	2298	2331
193	19:53:33	18.87	6499	2296	2329
194	19:53:52	60.41	6499	2295	2328
195	19:54:52	60.11	6499	2293	2326
196	19:55:52	10.01	6499	2291	2325
197	19:56:02	20.49	6499	2289	2323
198	19:56:23	60.48	6499	2287	2320
199	19:57:23	60.12	6499	2285	2319
200	19:58:23	60.14	6499	2282	2317
201	19:59:23	60.15	6499	2281	2315
202	20:00:23	60.11	6499	2279	2313
203	20:01:24	60.22	6499	2277	2311
204	20:02:24	60.34	6499	2275	2310
205	20:03:24	60.18	6499	2273	2308
206	20:04:24	60.11	6499	2271	2306
207	20:05:24	60.12	6499	2269	2304
208	20:06:25	60.09	6499	2268	2303
209	20:07:25	60.15	6499	2266	2301
210	20:08:25	60.13	6499	2264	2300
211	20:09:25	60.16	6499	2262	2298
212	20:10:25	60.14	6499	2260	2297
213	20:11:25	60.13	6499	2258	2295
214	20:12:25	60.13	6499	2256	2293
215	20:13:25	60.07	6499	2254	2292
216	20:14:26	60.14	6499	2253	2291
217	20:15:26	60.10	6499	2252	2289
218	20:16:26	60.16	6499	2250	2288
219	20:17:26	60.14	6499	2248	2286
220	20:18:26	60.07	6499	2247	2285
221	20:19:26	60.13	6499	2245	2283
222	20:20:26	60.08	6499	2244	2282
223	20:21:26	60.14	6499	2242	2281
224	20:22:26	60.16	6499	2241	2279
225	20:23:27	60.13	6499	2239	2278
226	20:24:27	60.13	6499	2238	2277
227	20:25:27	60.18	6499	2237	2275
228	20:26:27	60.12	6499	2235	2274
229	20:27:27	60.15	6499	2234	2273
230	20:28:27	60.16	6499	2233	2272
231	20:29:28	60.13	6499	2231	2270
232	20:30:28	53.97	6499	2230	2269
233	20:31:22	60.25	6499	2228	2268
234	20:32:22	60.16	6499	2227	2266
235	20:33:22	60.08	6499	2226	2265
236	20:34:22	60.16	6499	2224	2264
237	20:35:22	60.11	6499	2223	2263
238	20:36:22	60.12	6499	2222	2262
239	20:37:22	60.09	6499	2221	2260
240	20:38:23	60.17	6499	2219	2259
241	20:39:23	60.15	6499	2218	2258
242	20:40:23	60.13	6499	2217	2257
243	20:41:23	60.18	6499	2216	2256
244	20:42:23	60.15	6499	2215	2255
245	20:43:23	60.08	6499	2215	2255
246	20:44:23	60.16	6499	2215	2254
247	20:45:24	60.08	6499	2214	2254
248	20:46:24	60.13	6499	2213	2253
249	20:47:24	36.68	6499	2212	2252
250	20:48:00	26.62	6499	2211	2250
251	20:48:27	10.11	6499	2210	2249
252	20:48:37	10.06	6499	2208	2248
253	20:48:47	60.08	6499	2207	2247
254	20:49:47	60.11	6499	2206	2246
255	20:50:47	60.11	6499	2205	2245
256	20:51:48	60.12	6499	2205	2245
257	20:52:48	60.13	6499	2205	2244
258	20:53:48	60.14	6499	2203	2243
259	20:54:48	60.16	6499	2202	2242
260	20:55:48	55.72	6499	2201	2241
261	20:56:44	10.18	6499	2200	2240
262	20:56:54	10.02	6499	2199	2239
263	20:57:04	60.09	6499	2197	2238
264	20:58:04	60.08	6499	2196	2236
265	20:59:04	60.13	6499	2195	2235
266	21:00:04	60.16	6499	2194	2234
267	21:01:04	60.14	6499	2193	2233
268	21:02:05	60.12	6499	2192	2232
269	21:03:05	60.16	6499	2191	2231
270	21:04:05	60.13	6499	2190	2230
271	21:05:05	60.15	6499	2189	2230
272	21:06:05	60.15	6499	2188	2229
273	21:07:05	60.12	6499	2187	2228
274	21:08:05	60.11	6499	2186	2227
275	21:09:06	60.13	6499	2185	2226
276	21:10:06	31.45	6499	2184	2225
277	21:10:37	18.05	6499	2183	2224
278	21:10:55	60.46	6499	2182	2223
279	21:11:56	60.12	6499	2181	2222
280	21:12:56	60.13	6499	2180	2221
281	21:13:56	60.11	6499	2179	2220
282	21:14:56	60.09	6499	2178	2219
283	21:15:56	60.12	6499	2177	2218
284	21:16:56	23.73	6499	2176	2217
285	21:17:20	36.69	6499	2175	2216
286	21:17:57	60.60	6499	2174	2215
287	21:18:57	60.15	6499	2173	2214
288	21:19:57	60.10	6499	2172	2213
289	21:20:57	60.12	6499	2171	2212
290	21:21:58	60.12	6499	2170	2211
291	21:22:58	60.14	6499	2169	2210
292	21:23:58	60.16	6499	2168	2209
293	21:24:58	60.12	6499	2166	2208
294	21:25:58	60.21	6499	2165	2207
295	21:26:58	60.09	6499	2164	2206
296	21:27:58	60.10	6499	2163	2205
297	21:28:59	60.10	6499	2162	2204
298	21:29:59	60.15	6499	2161	2203
299	21:30:59	60.12	6499	2160	2202
300	21:31:59	60.09	6499	2159	2201
301	21:32:59	60.13	6499	2158	2200
302	21:33:59	60.12	6499	2157	2199
303	21:34:59	60.15	6499	2156	2198
304	21:35:59	60.13	6499	2151	2197
305	21:37:00	60.13	6499	2154	2196
306	21:38:00	60.11	6499	2153	2195
307	21:39:00	60.14	6499	2152	2194
308	21:40:00	60.11	6499	2151	2193
309	21:41:00	60.08	6499	2150	2192
310	21:42:00	60.11	6499	2149	2191
311	21:43:00	60.08	6499	2148	2190
312	21:44:00	60.12	6499	2147	2188
313	21:45:00	60.14	6499	2146	2188
314	21:46:01	60.12	6499	2145	2186
315	21:47:01	60.13	6499	2144	2186
316	21:48:01	60.15	6499	2143	2185
317	21:49:01	60.10	6499	2142	2184
318	21:50:01	60.12	6499	2141	2183
319	21:51:01	60.14	6499	2140	2182
320	21:52:01	60.17	6499	2139	2181
321	21:53:01	60.13	6499	2139	2180
322	21:54:02	60.15	6499	2138	2179
323	21:55:02	60.17	6499	2137	2178
324	21:56:02	60.14	6499	2136	2178
325	21:57:02	16.15	6499	2135	2177
326	21:57:18	60.07	6499	2134	2176
327	21:58:18	60.12	6499	2133	2175
328	21:59:18	60.10	6499	2132	2174
329	22:00:19	60.15	6499	2131	2173
330	22:01:19	60.11	6499	2130	2172
331	22:02:19	60.17	6499	2129	2171
332	22:03:19	60.08	6499	2128	2170
333	22:04:19	60.13	6499	2127	2169
334	22:05:19	60.17	6499	2126	2168
335	22:06:19	60.16	6499	2125	2167
336	22:07:19	60.13	6499	2124	2166
337	22:08:20	60.09	6499	2123	2165
338	22:09:20	60.12	6499	2122	2164
339	22:10:20	60.16	6499	2122	2163
340	22:11:20	60.13	6499	2121	2162
341	22:12:20	60.14	6499	2120	2161
342	22:13:20	60.07	6499	2119	2161
343	22:14:20	60.18	6499	2118	2160
344	22:15:21	60.14	6499	2117	2159
345	22:16:21	60.13	6499	2116	2158
346	22:17:21	60.09	6499	2115	2157
347	22:18:21	60.13	6499	2114	2156
348	22:19:21	60.08	6499	2113	2155
349	22:20:21	60.11	6499	2112	2154
350	22:21:21	60.09	6499	2111	2153
351	22:22:21	60.13	6499	2111	2152
352	22:23:21	60.13	6499	2110	2151
353	22:24:22	60.16	6499	2109	2151
354	22:25:22	60.08	6499	2108	2150
355	22:26:22	60.25	6499	2107	2144
356	22:27:22	60.12	6499	2106	2148
357	22:28:22	60.11	6499	2105	2147
358	22:29:22	60.16	6499	2104	2146
359	22:30:22	60.10	6499	2103	2145
360	22:31:22	60.10	6499	2102	2144
361	22:32:23	60.17	6499	2101	2143
362	22:33:23	60.15	6499	2100	2142
363	22:34:23	60.12	6499	2099	2142
364	22:35:23	60.13	6499	2098	2141
365	22:36:23	60.12	6499	2098	2140
366	22:37:23	60.14	6499	2097	2139
367	22:38:23	60.12	6499	2096	2138
368	22:39:24	58.26	6499	2096	2138
369	22:40:22	60.23	6499	2095	2137
370	22:41:22	60.14	6499	2094	2137
371	22:42:22	60.08	6499	2094	2136
372	22:43:22	60.15	6499	2093	2135
373	22:44:22	10.26	6499	2092	2134
374	22:44:33	26.15	6499	2091	2133
375	22:44:59	60.30	6499	2090	2133
376	22:45:59	30.73	6499	2089	2132
377	22:46:30	60.47	6499	2088	2131
378	22:47:30	60.14	6499	2087	2130
379	22:48:30	60.11	6499	2086	2129
380	22:49:31	60.12	6499	2085	2128
381	22:50:31	60.12	6499	2084	2127
382	22:51:31	60.10	6499	2083	2127
383	22:52:31	60.15	6499	2083	2126
384	22:53:31	60.15	6499	2082	2126
385	22:54:31	60.11	6499	2082	2125
386	22:55:31	60.12	6499	2081	2124
387	22:56:31	53.05	6499	2080	2124
388	22:57:24	36.44	6499	2080	2123
389	22:58:01	60.53	6499	2079	2122
390	22:59:01	10.54	6499	2078	2121
391	22:59:12	60.38	6499	2077	2121
392	23:00:12	51.40	6499	2076	2120
393	23:01:04	10.22	6499	2075	2119
394	23:01:14	60.11	6499	2074	2118
395	23:02:14	60.12	6499	2073	2117
396	23:03:14	60.12	6499	2073	2117
397	23:04:14	60.14	6499	2072	2116
398	23:05:14	60.16	6499	2071	2115
399	23:06:15	60.09	6499	2070	2114
400	23:07:15	60.14	6499	2069	2113
401	23:08:15	48.24	6499	2068	2112
402	23:09:03	31.03	6499	2067	2112
403	23:09:34	60.29	6499	2067	2111
404	23:10:34	60.09	6499	2066	2110
405	23:11:34	60.13	6499	2065	2109
406	23:12:35	60.09	6499	2064	2108
407	23:13:35	60.11	6499	2063	2107
408	23:14:35	60.09	6499	2062	2106
409	23:15:35	60.19	6499	2061	2106
410	23:16:35	60.13	6499	2061	2105
411	23:17:35	60.18	6499	2060	2104
412	23:18:35	60.13	6499	2059	2103
413	23:19:36	60.13	6499	2058	2102
414	23:20:36	60.14	6499	2057	2101
415	23:21:36	60.18	6499	2056	2100
416	23:22:36	60.16	6499	2055	2100
417	23:23:36	60.13	6499	2055	2099
418	23:24:36	60.09	6499	2054	2098
419	23:25:36	60.14	6499	2053	2097
420	23:26:37	60.11	6499	2052	2096
421	23:27:37	60.16	6499	2051	2095
422	23:28:37	60.13	6499	2050	2094
423	23:29:37	60.13	6499	2050	2094
424	23:30:37	60.24	6499	2049	2093
425	23:31:37	60.13	6499	2048	2092
426	23:32:37	60.14	6499	2048	2092
427	23:33:38	60.11	6499	2048	2092
428	23:34:38	60.11	6499	2047	2091
429	23:35:38	60.13	6499	2046	2090
430	23:36:38	54.45	6499	2045	2089
431	23:37:32	10.16	6499	2044	2088
432	23:37:43	10.01	6499	2044	2087
433	23:37:53	60.16	6499	2043	2086
434	23:38:53	60.17	6499	2042	2086
435	23:39:53	60.14	6499	2041	2085
436	23:40:53	60.09	6499	2040	2084
437	23:41:53	60.15	6499	2040	2083
438	23:42:53	60.10	6499	2039	2082
439	23:43:53	60.12	6499	2038	2081
440	23:44:53	60.08	6499	2037	2081
441	23:45:54	60.14	6499	2036	2080
442	23:46:54	60.11	6499	2035	2079
443	23:47:54	60.12	6499	2035	2078
444	23:48:54	60.10	6499	2034	2077
445	23:49:54	60.16	6499	2033	2076
446	23:50:54	60.13	6499	2032	2076
447	23:51:54	60.23	6499	2031	2075
448	23:52:55	60.17	6499	2031	2074
449	23:53:55	60.26	6499	2030	2073
450	23:54:55	60.14	6499	2029	2072
451	23:55:55	60.12	6499	2028	2071
452	23:56:55	60.09	6499	2027	2070
453	23:57:55	60.13	6499	2027	2070
454	23:58:55	60.13	6499	2026	2069
455	23:59:56	60.13	6499	2025	2068
456	00:00:56	60.11	6499	2024	2067
457	00:01:56	60.14	6499	2023	2066
458	00:02:56	60.14	6499	2022	2066
459	00:03:56	60.08	6499	2021	2065
460	00:04:56	60.13	6499	2021	2064
461	00:05:56	60.16	6499	2020	2063
462	00:06:56	60.12	6499	2019	2063
463	00:07:57	60.15	6499	2018	2062
464	00:08:57	60.13	6499	2017	2061
465	00:09:57	60.12	6499	2017	2060
466	00:10:57	39.27	6499	2016	2059
467	00:11:36	60.51	6499	2015	2058
468	00:12:37	60.16	6499	2014	2058
469	00:13:37	60.09	6499	2013	2057
470	00:14:37	60.17	6499	2012	2056
471	00:15:37	60.12	6499	2012	2055
472	00:16:37	60.18	6499	2011	2054
473	00:17:37	60.13	6499	2010	2054
474	00:18:38	60.12	6499	2009	2053
475	00:19:38	60.12	6499	2008	2052
476	00:20:38	60.10	6499	2007	2051
477	00:21:38	60.14	6499	2007	2050
478	00:22:38	60.16	6499	2006	2050
479	00:23:38	60.12	6499	2005	2049
480	00:24:38	60.10	6499	2004	2048
481	00:25:38	60.15	6499	2004	2048
482	00:26:39	60.13	6499	2003	2047
483	00:27:39	60.14	6499	2002	2046
484	00:28:39	60.14	6499	2002	2045
485	00:29:39	59.58	6499	2001	2044
486	00:30:39	10.05	6499	2000	2044
487	00:30:49	60.12	6499	1999	2043
488	00:31:49	60.09	6499	1998	2042
489	00:32:49	60.17	6499	1998	2041
490	00:33:49	60.13	6499	1998	2041
491	00:34:49	60.12	6499	1997	2041
492	00:35:49	60.08	6499	1996	2040
493	00:36:49	60.14	6499	1996	2039
494	00:37:50	60.12	6499	1995	2039
495	00:38:50	10.03	6499	1995	2039
496	00:39:00	37.82	6499	1994	2038
497	00:39:37	60.48	6499	1994	2037
498	00:40:38	60.14	6499	1993	2037
499	00:41:38	12.66	6499	1993	2036
500	00:41:51	10.12	6499	1992	2036
501	00:42:01	60.09	6499	1991	2035
502	00:43:01	60.10	6499	1990	2034
503	00:44:01	45.46	6499	1990	2033
504	00:44:47	14.57	6499	1989	2032
505	00:45:01	60.21	6499	1988	2032
506	00:46:01	60.12	6499	1987	2031
507	00:47:01	60.13	6499	1986	2030
508	00:48:02	60.12	6499	1986	2029
509	00:49:02	60.09	6499	1985	2029
510	00:50:02	60.14	6499	1984	2028
511	00:51:02	60.10	6499	1983	2027
512	00:52:02	60.18	6499	1983	2026
513	00:53:02	60.14	6499	1982	2025
514	00:54:02	60.12	6499	1981	2025
515	00:55:02	60.09	6499	1980	2024
516	00:56:03	60.14	6499	1980	2023
517	00:57:03	60.12	6499	1979	2022
518	00:58:03	60.13	6499	1978	2021
519	00:59:03	60.18	6499	1977	2021
520	01:00:03	60.13	6499	1976	2020
521	01:01:03	60.08	6499	1976	2019
522	01:02:03	60.13	6499	1975	2018
523	01:03:03	60.14	6499	1974	2017
524	01:04:04	60.10	6499	1973	2017
525	01:05:04	60.17	6499	1973	2016
526	01:06:04	60.12	6499	1972	2015
527	01:07:04	60.08	6499	1971	2014
528	01:08:04	60.18	6499	1970	2014
529	01:09:04	60.12	6499	1970	2013
530	01:10:04	60.11	6499	1969	2012
531	01:11:04	60.11	6499	1968	2011
532	01:12:05	60.13	6499	1967	2010
533	01:13:05	60.08	6499	1967	2010
534	01:14:05	60.11	6499	1966	2009
535	01:15:05	60.18	6499	1965	2008
536	01:16:05	60.13	6499	1964	2007
537	01:17:05	60.12	6499	1964	2007
538	01:18:05	60.14	6499	1963	2006
539	01:19:05	60.10	6499	1962	2005
540	01:20:06	60.07	6499	1961	2004
541	01:21:06	60.15	6499	1961	2004
542	01:22:06	60.11	6499	1960	2003
543	01:23:06	60.11	6499	1959	2002
544	01:24:06	60.15	6499	1958	2001
545	01:25:06	60.17	6499	1957	2001
546	01:26:06	60.14	6499	1956	2000
547	01:27:06	60.14	6499	1956	1999
548	01:28:07	60.14	6499	1955	1998
549	01:29:07	60.10	6499	1954	1997
550	01:30:07	60.10	6499	1953	1997
551	01:31:07	60.13	6499	1953	1996
552	01:32:07	60.17	6499	1952	1995
553	01:33:07	60.14	6499	1951	1994
554	01:34:07	60.18	6499	1950	1994
555	01:35:08	60.17	6499	1949	1991
556	01:36:08	60.13	6499	1948	1992
557	01:37:08	60.16	6499	1948	1991
558	01:38:08	60.13	6499	1947	1991
559	01:39:08	60.10	6499	1946	1990
560	01:40:08	60.13	6499	1945	1989
561	01:41:08	60.14	6499	1945	1988
562	01:42:08	60.10	6499	1944	1988
563	01:43:09	60.10	6499	1943	1987
564	01:44:09	60.15	6499	1942	1986
565	01:45:09	60.13	6499	1941	1985
566	01:46:09	60.17	6499	1941	1985
567	01:47:09	60.17	6499	1940	1984
568	01:48:09	60.15	6499	1939	1983
569	01:49:09	60.09	6499	1938	1982
570	01:50:10	60.10	6499	1938	1982
571	01:51:10	60.11	6499	1937	1981
572	01:52:10	60.17	6499	1936	1980
573	01:53:10	60.12	6499	1936	1979
574	01:54:10	60.13	6499	1935	1979
575	01:55:10	60.11	6499	1934	1978
576	01:56:10	60.12	6499	1933	1977
577	01:57:10	60.14	6499	1933	1976
578	01:58:11	60.10	6499	1932	1976
579	01:59:11	60.18	6499	1931	1975
580	02:00:11	60.13	6499	1930	1974
581	02:01:11	60.16	6499	1930	1973
582	02:02:11	60.13	6499	1929	1973
583	02:03:11	60.09	6499	1928	1972
584	02:04:11	60.15	6499	1927	1971
585	02:05:12	60.17	6499	1927	1970
586	02:06:12	60.14	6499	1926	1970
587	02:07:12	60.15	6499	1925	1969
588	02:08:12	60.16	6499	1925	1968
589	02:09:12	60.12	6499	1924	1967
590	02:10:12	60.13	6499	1923	1967
591	02:11:12	60.12	6499	1922	1966
592	02:12:12	60.08	6499	1922	1965
593	02:13:13	60.12	6499	1921	1965
594	02:14:13	60.15	6499	1920	1964
595	02:15:13	60.11	6499	1920	1963
596	02:16:13	60.15	6499	1919	1962
597	02:17:13	60.13	6499	1918	1962
598	02:18:13	60.12	6499	1917	1961
599	02:19:13	60.12	6499	1917	1960
600	02:20:13	60.06	6499	1916	1960
601	02:21:14	60.12	6499	1915	1959
602	02:22:14	60.14	6499	1915	1958
603	02:23:14	60.15	6499	1914	1957
604	02:24:14	60.13	6499	1913	1957
605	02:25:14	60.12	6499	1913	1956
606	02:26:14	60.13	6499	1912	1955
607	02:27:14	60.16	6499	1911	1954
608	02:28:14	60.15	6499	1910	1954
609	02:29:15	60.20	6499	1910	1953
610	02:30:15	60.08	6499	1909	1952
611	02:31:15	60.10	6499	1908	1951
612	02:32:15	60.12	6499	1908	1951
613	02:33:15	60.15	6499	1907	1950
614	02:34:15	60.09	6499	1907	1950
615	02:35:15	60.11	6499	1906	1949
616	02:36:15	60.16	6499	1905	1948
617	02:37:16	60.13	6499	1904	1948
618	02:38:16	60.18	6499	1904	1947
619	02:39:16	10.01	6499	1903	1947
620	02:39:26	60.11	6499	1903	1946
621	02:40:26	60.13	6499	1902	1945
622	02:41:26	60.11	6499	1901	1945
623	02:42:26	60.11	6499	1901	1944
624	02:43:26	60.17	6499	1900	1943
625	02:44:27	10.05	6499	1899	1943
626	02:44:37	60.11	6499	1898	1942
627	02:45:37	60.10	6499	1898	1941
628	02:46:37	60.11	6499	1897	1941
629	02:47:37	60.14	6499	1896	1940
630	02:48:37	60.13	6499	1896	1939
631	02:49:37	60.16	6499	1895	1938
632	02:50:37	60.10	6499	1894	1938
633	02:51:38	59.09	6499	1894	1938
634	02:52:37	60.12	6499	1893	1937
635	02:53:37	60.08	6499	1893	1936
636	02:54:37	60.10	6499	1892	1936
637	02:55:37	60.15	6499	1891	1935
638	02:56:37	15.81	6499	1891	1934
639	02:56:53	47.08	6499	1890	1933
640	02:57:40	60.39	6499	1889	1933
641	02:58:40	60.12	6499	1888	1932
642	02:59:40	60.08	6499	1888	1931
643	03:00:41	60.17	6499	1887	1931
644	03:01:41	60.11	6499	1886	1930
645	03:02:41	60.12	6499	1886	1929
646	03:03:41	60.05	6499	1885	1929
647	03:04:41	60.13	6499	1884	1928
648	03:05:41	60.20	6499	1884	1927
649	03:06:41	60.14	6499	1883	1926
650	03:07:41	60.12	6499	1882	1926
651	03:08:42	60.14	6499	1881	1925
652	03:09:42	60.13	6499	1881	1925
653	03:10:42	60.15	6499	1881	1924
654	03:11:42	60.15	6499	1880	1924
655	03:12:42	60.11	6499	1880	1923
656	03:13:42	60.09	6499	1879	1922
657	03:14:42	60.19	6499	1878	1922
658	03:15:43	26.75	6499	1878	1921
659	03:16:09	15.47	6499	1877	1920
660	03:16:25	60.24	6499	1876	1920
661	03:17:25	60.17	6499	1876	1919
662	03:18:25	60.08	6499	1875	1918
663	03:19:25	60.17	6499	1874	1918
664	03:20:25	60.13	6499	1873	1917
665	03:21:26	60.08	6499	1873	1916
666	03:22:26	60.07	6499	1872	1915
667	03:23:26	60.13	6499	1871	1915
668	03:24:26	60.14	6499	1871	1914
669	03:25:26	60.13	6499	1870	1913
670	03:26:26	60.16	6499	1869	1913
671	03:27:26	60.14	6499	1869	1912
672	03:28:26	60.13	6499	1868	1911
673	03:29:27	60.14	6499	1867	1911
674	03:30:27	60.13	6499	1867	1910
675	03:31:27	60.18	6499	1866	1909
676	03:32:27	60.16	6499	1865	1909
677	03:33:27	60.14	6499	1865	1908
678	03:34:27	60.08	6499	1864	1907
679	03:35:27	60.08	6499	1863	1906
680	03:36:27	60.15	6499	1863	1906
681	03:37:28	60.12	6499	1862	1905
682	03:38:28	60.13	6499	1861	1904
683	03:39:28	60.12	6499	1861	1904
684	03:40:28	60.12	6499	1860	1903
685	03:41:28	60.14	6499	1859	1902
686	03:42:28	60.08	6499	1858	1902
687	03:43:28	60.13	6499	1858	1901
688	03:44:28	60.12	6499	1857	1900
689	03:45:29	60.14	6499	1856	1900
690	03:46:29	60.10	6499	1856	1899
691	03:47:29	60.11	6499	1855	1898
692	03:48:29	60.19	6499	1854	1898
693	03:49:29	60.17	6499	1854	1897
694	03:50:29	60.13	6499	1853	1896
695	03:51:29	60.13	6499	1852	1895
696	03:52:30	60.12	6499	1852	1895
697	03:53:30	60.12	6499	1851	1894
698	03:54:30	60.12	6499	1850	1893
699	03:55:30	60.10	6499	1849	1893
700	03:56:30	60.14	6499	1849	1892
701	03:57:30	60.19	6499	1848	1891
702	03:58:30	60.17	6499	1847	1891
703	03:59:30	60.10	6499	1847	1890
704	04:00:31	60.09	6499	1846	1889
705	04:01:31	60.11	6499	1845	1889
706	04:02:31	60.15	6499	1845	1888
707	04:03:31	60.08	6499	1844	1887
708	04:04:31	60.08	6499	1843	1887
709	04:05:31	60.13	6499	1843	1886
710	04:06:31	60.11	6499	1842	1886
711	04:07:31	60.15	6499	1842	1885
712	04:08:31	60.13	6499	1842	1885
713	04:09:32	60.09	6499	1841	1884
714	04:10:32	60.18	6499	1840	1884
715	04:11:32	60.14	6499	1840	1883
716	04:12:32	35.98	6499	1839	1882
717	04:13:08	10.15	6499	1838	1882
718	04:13:18	60.11	6499	1838	1881
719	04:14:18	60.12	6499	1837	1880
720	04:15:18	60.11	6499	1836	1880
721	04:16:18	60.12	6499	1835	1879
722	04:17:19	60.11	6499	1835	1878
723	04:18:19	60.12	6499	1834	1878
724	04:19:19	60.14	6499	36.39	37.26
725	04:20:19	60.05	6499	0	0
726	04:21:19	60.13	6499	0	0
727	04:22:19	60.17	6499	0	0
728	04:23:19	60.08	6499	0	0
729	04:24:19	20.26	6499	0	0
730	04:24:40	60.41	6499	0	0
731	04:25:40	60.11	6499	0	0
732	04:26:40	60.20	6499	0	0
733	04:27:40	60.34	6501	0	0
734	04:28:41	60.13	6501	-1	-1
735	04:29:41	60.15	6501	0.05424	0.04535
736	04:30:41	60.07	6501	0	0
737	04:31:41	60.11	6501	0	0
738	04:32:41	60.09	6486	0	0
739	04:33:41	60.14	6363	0	0
740	04:34:41	60.13	6113	0	0
741	04:35:42	58.73	5762	0	0
Created by AtlRunQuery on: 2018-08-25 17:34:54.115216
