LHC beam energy and intensities during run 302269:
(Begin/end of run: Fri Jun 17 2016 08:03:52 − 10:58:54)

LB	   Start time
(CEST)	   Duration
(sec)	   Beam energy
(GeV)	   Intensity Beam-1
(1e11 protons)	   Intensity Beam-2
(1e11 protons)
1	08:03:52	60.13	6499	1922	1942
2	08:04:52	60.17	6499	1921	1942
3	08:05:52	24.04	6499	1921	1941
4	08:06:16	10.06	6499	1921	1941
5	08:06:27	24.67	6499	1920	1941
6	08:06:51	28.90	6499	1920	1940
7	08:07:20	32.26	6499	1908	1928
8	08:07:52	31.13	6499	1907	1928
9	08:08:23	60.47	6499	1907	1927
10	08:09:24	60.11	6499	1906	1926
11	08:10:24	60.12	6499	1905	1926
12	08:11:24	60.09	6499	1905	1925
13	08:12:24	60.18	6499	1904	1924
14	08:13:24	60.14	6499	1903	1923
15	08:14:25	60.12	6499	1903	1923
16	08:15:25	60.13	6499	1902	1922
17	08:16:25	60.13	6499	1901	1921
18	08:17:25	45.23	6499	1901	1921
19	08:18:10	60.48	6499	1900	1920
20	08:19:11	60.09	6499	1899	1919
21	08:20:11	60.16	6499	1899	1919
22	08:21:11	60.13	6499	1898	1918
23	08:22:11	60.15	6499	1897	1917
24	08:23:11	60.13	6499	1897	1917
25	08:24:11	39.05	6499	1896	1916
26	08:24:50	60.44	6499	1896	1915
27	08:25:51	60.11	6499	1895	1915
28	08:26:51	60.14	6499	1894	1914
29	08:27:51	60.13	6499	1893	1913
30	08:28:51	60.19	6499	1893	1912
31	08:29:51	60.11	6499	1892	1912
32	08:30:52	60.11	6499	1891	1911
33	08:31:52	60.14	6499	1890	1910
34	08:32:52	60.13	6499	1890	1910
35	08:33:52	60.14	6499	1889	1909
36	08:34:52	60.15	6499	1888	1908
37	08:35:52	60.13	6499	1888	1908
38	08:36:52	60.25	6499	1887	1907
39	08:37:53	60.06	6499	1886	1906
40	08:38:53	60.11	6499	1886	1906
41	08:39:53	60.10	6499	1885	1905
42	08:40:53	40.86	6499	1884	1904
43	08:41:34	22.75	6499	1884	1904
44	08:41:56	10.03	6499	1884	1904
45	08:42:06	60.17	6499	1883	1903
46	08:43:07	60.11	6499	1883	1903
47	08:44:07	60.16	6499	1882	1902
48	08:45:07	60.10	6499	1881	1901
49	08:46:07	60.16	6499	1881	1900
50	08:47:07	60.14	6499	1880	1900
51	08:48:07	60.14	6499	1879	1899
52	08:49:07	60.17	6499	1879	1899
53	08:50:08	60.16	6499	1878	1898
54	08:51:08	60.10	6499	1878	1897
55	08:52:08	60.15	6499	1877	1897
56	08:53:08	60.17	6499	1876	1896
57	08:54:08	60.07	6499	1876	1896
58	08:55:08	60.12	6499	1875	1895
59	08:56:08	60.12	6499	1875	1894
60	08:57:09	60.12	6499	1874	1894
61	08:58:09	60.15	6499	1873	1893
62	08:59:09	60.15	6499	1873	1892
63	09:00:09	60.11	6499	1872	1892
64	09:01:09	37.65	6499	1871	1891
65	09:01:47	14.43	6499	1871	1891
66	09:02:01	60.24	6499	1871	1890
67	09:03:01	60.11	6499	1870	1890
68	09:04:01	60.12	6499	1869	1889
69	09:05:02	60.13	6499	1869	1888
70	09:06:02	60.13	6499	1868	1888
71	09:07:02	60.16	6499	1867	1887
72	09:08:02	60.12	6499	1867	1886
73	09:09:02	60.12	6499	1866	1886
74	09:10:02	60.13	6499	1865	1885
75	09:11:02	60.14	6499	1865	1884
76	09:12:03	60.16	6499	1864	1884
77	09:13:03	60.12	6499	1863	1883
78	09:14:03	60.10	6499	1863	1882
79	09:15:03	60.12	6499	1862	1882
80	09:16:03	60.09	6499	1861	1881
81	09:17:03	60.11	6499	1860	1880
82	09:18:03	60.09	6499	1860	1879
83	09:19:03	60.16	6499	1859	1879
84	09:20:03	60.07	6499	1858	1878
85	09:21:04	60.12	6499	1858	1877
86	09:22:04	60.17	6499	1857	1877
87	09:23:04	60.14	6499	1856	1876
88	09:24:04	60.12	6499	1856	1876
89	09:25:04	60.12	6499	1855	1875
90	09:26:04	60.15	6499	1854	1874
91	09:27:04	60.12	6499	1854	1874
92	09:28:04	60.08	6499	1853	1873
93	09:29:05	60.17	6499	1852	1872
94	09:30:05	60.10	6499	1851	1872
95	09:31:05	60.10	6499	1850	1871
96	09:32:05	60.13	6499	1850	1870
97	09:33:05	10.26	6499	1849	1870
98	09:33:15	10.18	6499	1849	1870
99	09:33:25	10.09	6499	1849	1870
100	09:33:36	60.17	6499	1849	1869
101	09:34:36	60.14	6499	1848	1869
102	09:35:36	60.12	6499	1847	1868
103	09:36:36	60.12	6499	1847	1867
104	09:37:36	60.13	6499	1846	1867
105	09:38:36	60.23	6499	1845	1866
106	09:39:36	60.15	6499	1845	1866
107	09:40:37	60.11	6499	1844	1865
108	09:41:37	60.16	6499	1843	1864
109	09:42:37	60.13	6499	1843	1864
110	09:43:37	60.10	6499	1842	1863
111	09:44:37	60.10	6499	1841	1862
112	09:45:37	60.11	6499	1841	1862
113	09:46:37	60.14	6499	1840	1861
114	09:47:38	60.09	6499	1839	1860
115	09:48:38	36.72	6499	1839	1859
116	09:49:14	60.46	6499	1838	1859
117	09:50:15	60.14	6499	1838	1858
118	09:51:15	60.13	6499	1837	1857
119	09:52:15	60.12	6499	1836	1857
120	09:53:15	60.14	6499	1836	1856
121	09:54:15	60.12	6499	1835	1855
122	09:55:15	60.19	6499	1835	1855
123	09:56:16	60.17	6499	1834	1854
124	09:57:16	35.22	6499	1833	1854
125	09:57:51	19.72	6499	1833	1853
126	09:58:11	60.03	6499	1833	1853
127	09:59:11	60.09	6499	1832	1852
128	10:00:11	60.14	6499	1831	1852
129	10:01:11	60.07	6499	1831	1851
130	10:02:11	60.13	6499	1830	1850
131	10:03:11	60.16	6499	1829	1850
132	10:04:11	60.11	6499	1829	1849
133	10:05:11	60.17	6499	1828	1848
134	10:06:12	60.17	6499	1827	1848
135	10:07:12	60.16	6499	1827	1847
136	10:08:12	60.17	6499	1826	1846
137	10:09:12	60.13	6499	1825	1846
138	10:10:12	60.13	6499	1825	1845
139	10:11:12	60.09	6499	1824	1845
140	10:12:12	60.13	6499	1824	1844
141	10:13:13	60.10	6499	1823	1844
142	10:14:13	60.13	6499	1823	1843
143	10:15:13	60.12	6499	1822	1842
144	10:16:13	60.16	6499	1821	1842
145	10:17:13	60.16	6499	1821	1841
146	10:18:13	60.11	6499	1820	1841
147	10:19:13	60.14	6499	1820	1840
148	10:20:14	60.06	6499	1819	1839
149	10:21:14	60.11	6499	1818	1839
150	10:22:14	60.15	6499	1818	1838
151	10:23:14	60.10	6499	1817	1838
152	10:24:14	60.17	6499	1816	1837
153	10:25:14	60.19	6499	1816	1836
154	10:26:14	60.10	6499	1815	1836
155	10:27:14	60.17	6499	1814	1835
156	10:28:15	60.12	6499	1814	1834
157	10:29:15	60.12	6499	1813	1834
158	10:30:15	60.08	6499	1813	1833
159	10:31:15	60.16	6499	1812	1832
160	10:32:15	60.14	6499	1811	1832
161	10:33:15	60.11	6499	1811	1831
162	10:34:15	60.09	6499	1810	1831
163	10:35:15	60.13	6499	1810	1830
164	10:36:16	60.11	6499	1809	1829
165	10:37:16	39.19	6499	1808	1829
166	10:37:55	30.99	6499	1808	1828
167	10:38:26	60.36	6499	1808	1828
168	10:39:26	60.13	6499	1807	1827
169	10:40:26	60.18	6499	1806	1827
170	10:41:27	60.11	6499	1806	1826
171	10:42:27	60.12	6499	1805	1825
172	10:43:27	60.12	6499	1805	1825
173	10:44:27	60.13	6499	1804	1824
174	10:45:27	60.12	6499	1803	1823
175	10:46:27	60.10	6499	1803	1823
176	10:47:27	60.12	6499	1802	1822
177	10:48:27	60.16	6499	1802	1822
178	10:49:27	60.16	6499	1801	1821
179	10:50:28	60.08	6499	1800	1820
180	10:51:28	60.08	6499	1800	1820
181	10:52:28	60.12	6499	1799	1819
182	10:53:28	60.15	6499	1799	1818
183	10:54:28	60.15	6499	1798	1817
184	10:55:28	10.04	6499	0	0
185	10:55:38	60.48	6499	0	0
186	10:56:39	60.13	6499	-1	-1
187	10:57:39	60.15	6499	0	0
188	10:58:39	14.53	6499	0	0
Created by AtlRunQuery on: 2018-08-25 17:36:03.795561
