LHC beam energy and intensities during run 302393:
(Begin/end of run: Mon Jun 20 2016 02:42:51 − Tue Jun 21, 09:15:11)

LB	   Start time
(CEST)	   Duration
(sec)	   Beam energy
(GeV)	   Intensity Beam-1
(1e11 protons)	   Intensity Beam-2
(1e11 protons)
1	02:42:51	60.12	450	1204	1835
2	02:43:51	60.16	450	1204	1961
3	02:44:51	10.03	450	1203	2037
4	02:45:01	17.99	450	1203	2037
5	02:45:19	60.13	450	1202	2143
6	02:46:19	60.14	450	1202	2254
7	02:47:19	60.09	450	1223	2366
8	02:48:19	60.13	450	1332	2367
9	02:49:20	60.19	450	1461	2367
10	02:50:20	60.08	450	1581	2366
11	02:51:20	60.13	450	1710	2365
12	02:52:20	60.13	450	1828	2364
13	02:53:20	60.14	450	1950	2363
14	02:54:20	60.10	450	2076	2362
15	02:55:20	60.14	450	2199	2361
16	02:56:20	60.09	450	2326	2360
17	02:57:21	60.08	450	2372	2359
18	02:58:21	60.13	450	2370	2358
19	02:59:21	60.13	450	2369	2357
20	03:00:21	60.12	450	2366	2356
21	03:01:21	60.09	450	2364	2355
22	03:02:21	60.12	450	2362	2353
23	03:03:21	27.06	468	2359	2352
24	03:03:48	46.47	498	2358	2351
25	03:04:35	16.47	585	2333	2339
26	03:04:51	60.37	625	2347	2339
27	03:05:52	60.12	819	2346	2339
28	03:06:52	10.06	1070	2346	2338
29	03:07:02	60.12	1119	2346	2338
30	03:08:02	60.13	1453	2345	2338
31	03:09:02	60.17	1800	2346	2338
32	03:10:02	60.13	2148	2345	2337
33	03:11:02	32.05	2495	2346	2337
34	03:11:34	60.12	2680	2346	2337
35	03:12:34	60.12	3028	2345	2336
36	03:13:35	60.13	3381	2345	2336
37	03:14:35	60.13	3728	2345	2335
38	03:15:35	60.15	4076	2344	2335
39	03:16:35	60.10	4423	2343	2334
40	03:17:35	60.15	4771	2342	2334
41	03:18:35	60.09	5118	2341	2333
42	03:19:35	60.16	5465	2340	2333
43	03:20:36	60.08	5819	2340	2333
44	03:21:36	60.12	6166	2340	2333
45	03:22:36	32.77	6489	2340	2332
46	03:23:09	18.67	6499	2339	2332
47	03:23:27	60.52	6499	2339	2332
48	03:24:28	60.08	6499	2339	2332
49	03:25:28	60.13	6499	2339	2332
50	03:26:28	60.13	6499	2339	2331
51	03:27:28	60.12	6499	2338	2331
52	03:28:28	60.12	6499	2338	2331
53	03:29:28	60.12	6499	2338	2331
54	03:30:28	60.11	6499	2337	2331
55	03:31:28	60.13	6499	2336	2331
56	03:32:29	60.10	6499	2336	2331
57	03:33:29	60.12	6499	2336	2331
58	03:34:29	60.17	6499	2336	2330
59	03:35:29	60.19	6499	2335	2330
60	03:36:29	60.13	6499	2335	2330
61	03:37:29	60.14	6499	2335	2330
62	03:38:29	60.13	6499	2335	2330
63	03:39:30	60.13	6499	2335	2329
64	03:40:30	60.13	6499	2334	2329
65	03:41:30	60.12	6499	2334	2329
66	03:42:30	60.14	6499	2334	2328
67	03:43:30	60.12	6499	2334	2328
68	03:44:30	60.05	6499	2333	2327
69	03:45:30	28.08	6499	2332	2327
70	03:45:58	60.33	6499	2331	2327
71	03:46:59	60.10	6499	2330	2327
72	03:47:59	60.17	6499	2329	2326
73	03:48:59	60.18	6499	2328	2326
74	03:49:59	60.14	6499	2328	2326
75	03:50:59	60.15	6499	2327	2325
76	03:51:59	60.09	6499	2325	2323
77	03:53:00	60.08	6499	2309	2311
78	03:54:00	60.16	6499	2301	2306
79	03:55:00	53.00	6499	2299	2305
80	03:55:53	15.07	6499	2299	2305
81	03:56:08	60.24	6499	2298	2304
82	03:57:08	60.13	6499	2296	2304
83	03:58:08	60.14	6499	2295	2303
84	03:59:08	60.14	6499	2294	2302
85	04:00:08	60.19	6499	2292	2301
86	04:01:09	60.12	6499	2291	2300
87	04:02:09	22.49	6499	2290	2300
88	04:02:31	60.46	6499	2289	2299
89	04:03:32	60.13	6499	2288	2298
90	04:04:32	60.12	6499	2287	2297
91	04:05:32	60.12	6499	2285	2296
92	04:06:32	60.18	6499	2284	2295
93	04:07:32	56.62	6499	2282	2294
94	04:08:29	60.61	6499	2281	2293
95	04:09:30	15.92	6499	2279	2293
96	04:09:45	60.53	6499	2278	2292
97	04:10:46	55.14	6499	2277	2291
98	04:11:41	60.58	6499	2276	2290
99	04:12:42	60.15	6499	2274	2288
100	04:13:42	60.10	6499	2272	2287
101	04:14:42	60.13	6499	2271	2286
102	04:15:42	60.11	6499	2269	2284
103	04:16:42	60.07	6499	2268	2283
104	04:17:42	60.11	6499	2267	2282
105	04:18:42	60.15	6499	2265	2280
106	04:19:43	60.15	6499	2264	2279
107	04:20:43	60.09	6499	2262	2277
108	04:21:43	60.13	6499	2261	2276
109	04:22:43	60.09	6499	2260	2275
110	04:23:43	60.13	6499	2258	2274
111	04:24:43	60.13	6499	2257	2273
112	04:25:43	60.12	6499	2256	2271
113	04:26:43	60.14	6499	2255	2270
114	04:27:43	60.08	6499	2253	2269
115	04:28:44	60.10	6499	2252	2268
116	04:29:44	60.15	6499	2251	2266
117	04:30:44	60.08	6499	2250	2265
118	04:31:44	20.55	6499	2249	2264
119	04:32:04	60.13	6499	2248	2263
120	04:33:05	60.16	6499	2247	2258
121	04:34:05	47.53	6499	2246	2261
122	04:34:52	60.20	6499	2245	2260
123	04:35:52	60.17	6499	2243	2259
124	04:36:53	60.16	6499	2242	2258
125	04:37:53	60.15	6499	2241	2256
126	04:38:53	60.16	6499	2240	2255
127	04:39:53	60.16	6499	2238	2254
128	04:40:53	60.15	6499	2237	2253
129	04:41:53	60.16	6499	2236	2252
130	04:42:54	60.18	6499	2235	2251
131	04:43:54	60.15	6499	2233	2250
132	04:44:54	60.08	6499	2232	2248
133	04:45:54	60.11	6499	2231	2247
134	04:46:54	60.12	6499	2230	2246
135	04:47:54	60.14	6499	2229	2245
136	04:48:54	60.13	6499	2227	2244
137	04:49:54	60.14	6499	2226	2243
138	04:50:55	60.12	6499	2225	2242
139	04:51:55	60.17	6499	2224	2241
140	04:52:55	60.11	6499	2223	2239
141	04:53:55	60.12	6499	2221	2238
142	04:54:55	60.13	6499	2220	2237
143	04:55:55	60.09	6499	2219	2236
144	04:56:55	60.16	6499	2218	2235
145	04:57:56	60.10	6499	2217	2234
146	04:58:56	60.07	6499	2216	2233
147	04:59:56	60.15	6499	2214	2232
148	05:00:56	60.11	6499	2213	2231
149	05:01:56	60.10	6499	2212	2230
150	05:02:56	60.08	6499	2211	2229
151	05:03:56	32.01	6499	2210	2228
152	05:04:28	15.71	6499	2210	2227
153	05:04:44	60.02	6499	2209	2227
154	05:05:44	60.16	6499	2208	2226
155	05:06:44	60.17	6499	2207	2225
156	05:07:44	60.09	6499	2206	2224
157	05:08:44	60.12	6499	2205	2223
158	05:09:44	60.13	6499	2204	2221
159	05:10:45	60.12	6499	2203	2220
160	05:11:45	60.15	6499	2202	2219
161	05:12:45	43.05	6499	2201	2218
162	05:13:28	23.54	6499	2200	2218
163	05:13:51	10.06	6499	2199	2217
164	05:14:01	60.16	6499	2198	2216
165	05:15:02	60.11	6499	2197	2215
166	05:16:02	60.14	6499	2196	2214
167	05:17:02	60.13	6499	2195	2213
168	05:18:02	60.15	6499	2194	2212
169	05:19:02	60.08	6499	2193	2211
170	05:20:02	60.05	6499	2192	2210
171	05:21:02	10.02	6499	2192	2210
172	05:21:12	60.41	6499	2190	2209
173	05:22:13	60.13	6499	2189	2208
174	05:23:13	60.11	6499	2188	2207
175	05:24:13	60.13	6499	2187	2206
176	05:25:13	60.18	6499	2186	2205
177	05:26:13	60.12	6499	2186	2204
178	05:27:13	16.67	6499	2185	2204
179	05:27:30	60.43	6499	2184	2203
180	05:28:31	60.08	6499	2183	2202
181	05:29:31	60.08	6499	2182	2201
182	05:30:31	60.08	6499	2181	2200
183	05:31:31	60.08	6499	2180	2199
184	05:32:31	60.12	6499	2179	2198
185	05:33:31	60.13	6499	2178	2197
186	05:34:31	60.14	6499	2177	2196
187	05:35:31	60.12	6499	2176	2195
188	05:36:31	60.17	6499	2175	2194
189	05:37:32	60.14	6499	2175	2193
190	05:38:32	60.16	6499	2174	2192
191	05:39:32	60.15	6499	2173	2191
192	05:40:32	60.13	6499	2172	2190
193	05:41:32	60.15	6499	2171	2189
194	05:42:32	60.11	6499	2170	2188
195	05:43:32	60.09	6499	2169	2187
196	05:44:32	60.16	6499	2168	2186
197	05:45:33	60.08	6499	2167	2185
198	05:46:33	60.11	6499	2166	2184
199	05:47:33	60.10	6499	2166	2184
200	05:48:33	60.14	6499	2165	2183
201	05:49:33	60.12	6499	2164	2182
202	05:50:33	60.17	6499	2163	2181
203	05:51:33	60.16	6499	2162	2180
204	05:52:33	60.17	6499	2161	2179
205	05:53:34	60.19	6499	2160	2178
206	05:54:34	60.12	6499	2159	2177
207	05:55:34	60.13	6499	2158	2176
208	05:56:34	60.11	6499	2157	2175
209	05:57:34	60.11	6499	2157	2174
210	05:58:34	60.11	6499	2156	2173
211	05:59:34	60.15	6499	2155	2173
212	06:00:35	60.08	6499	2154	2172
213	06:01:35	60.15	6499	2153	2171
214	06:02:35	60.15	6499	2152	2170
215	06:03:35	60.11	6499	2151	2169
216	06:04:35	60.08	6499	2150	2168
217	06:05:35	60.16	6499	2149	2167
218	06:06:35	60.17	6499	2148	2166
219	06:07:35	60.10	6499	2147	2165
220	06:08:36	60.12	6499	2146	2164
221	06:09:36	60.15	6499	2145	2163
222	06:10:36	60.11	6499	2144	2163
223	06:11:36	60.17	6499	2144	2162
224	06:12:36	60.07	6499	2143	2161
225	06:13:36	60.14	6499	2142	2160
226	06:14:36	60.10	6499	2141	2159
227	06:15:36	60.15	6499	2140	2158
228	06:16:37	60.12	6499	2139	2157
229	06:17:37	60.12	6499	2138	2156
230	06:18:37	60.15	6499	2137	2155
231	06:19:37	60.13	6499	2136	2155
232	06:20:37	60.07	6499	2135	2154
233	06:21:37	60.13	6499	2134	2153
234	06:22:37	60.11	6499	2133	2152
235	06:23:37	60.08	6499	2132	2151
236	06:24:37	60.16	6499	2132	2150
237	06:25:38	60.13	6499	2131	2149
238	06:26:38	31.65	6499	2130	2149
239	06:27:09	10.19	6499	2130	2148
240	06:27:20	10.01	6499	2129	2148
241	06:27:30	60.08	6499	2128	2147
242	06:28:30	60.15	6499	2127	2146
243	06:29:30	60.14	6499	2126	2145
244	06:30:30	60.12	6499	2125	2144
245	06:31:30	60.13	6499	2124	2143
246	06:32:30	60.05	6499	2123	2142
247	06:33:30	60.13	6499	2123	2142
248	06:34:30	60.15	6499	2122	2141
249	06:35:31	60.12	6499	2121	2140
250	06:36:31	60.15	6499	2120	2139
251	06:37:31	57.11	6499	2119	2138
252	06:38:28	60.38	6499	2118	2137
253	06:39:28	60.16	6499	2117	2136
254	06:40:28	60.12	6499	2116	2136
255	06:41:29	60.13	6499	2115	2135
256	06:42:29	60.14	6499	2114	2134
257	06:43:29	60.12	6499	2114	2133
258	06:44:29	60.17	6499	2113	2132
259	06:45:29	60.13	6499	2112	2132
260	06:46:29	60.16	6499	2111	2131
261	06:47:29	60.13	6499	2111	2130
262	06:48:30	56.76	6499	2110	2130
263	06:49:26	10.14	6499	2110	2130
264	06:49:36	10.06	6499	2109	2129
265	06:49:47	60.16	6499	2108	2128
266	06:50:47	60.13	6499	2107	2127
267	06:51:47	60.07	6499	2106	2126
268	06:52:47	60.12	6499	2106	2126
269	06:53:47	60.13	6499	2105	2125
270	06:54:47	60.12	6499	2104	2124
271	06:55:47	60.11	6499	2103	2123
272	06:56:47	60.11	6499	2102	2122
273	06:57:47	60.15	6499	2101	2121
274	06:58:48	60.14	6499	2100	2121
275	06:59:48	60.08	6499	2100	2120
276	07:00:48	60.09	6499	2099	2119
277	07:01:48	60.10	6499	2098	2118
278	07:02:48	60.11	6499	2097	2117
279	07:03:48	60.16	6499	2096	2116
280	07:04:48	51.71	6499	2095	2116
281	07:05:40	60.50	6499	2094	2115
282	07:06:41	60.09	6499	2094	2114
283	07:07:41	60.12	6499	2093	2113
284	07:08:41	60.08	6499	2092	2112
285	07:09:41	60.18	6499	2091	2112
286	07:10:41	60.12	6499	2090	2111
287	07:11:41	60.10	6499	2089	2110
288	07:12:41	60.12	6499	2089	2109
289	07:13:41	60.11	6499	2088	2108
290	07:14:41	60.13	6499	2087	2107
291	07:15:42	60.13	6499	2086	2107
292	07:16:42	60.11	6499	2085	2106
293	07:17:42	60.08	6499	2084	2105
294	07:18:42	60.18	6499	2084	2104
295	07:19:42	60.13	6499	2083	2103
296	07:20:42	60.09	6499	2082	2102
297	07:21:42	60.16	6499	2081	2102
298	07:22:42	60.13	6499	2080	2101
299	07:23:43	60.09	6499	2079	2100
300	07:24:43	60.13	6499	2079	2099
301	07:25:43	60.17	6499	2078	2098
302	07:26:43	60.14	6499	2077	2098
303	07:27:43	60.12	6499	2076	2097
304	07:28:43	60.17	6499	2075	2096
305	07:29:43	60.09	6499	2075	2095
306	07:30:43	60.15	6499	2074	2094
307	07:31:44	60.12	6499	2073	2093
308	07:32:44	60.12	6499	2072	2093
309	07:33:44	60.17	6499	2072	2092
310	07:34:44	60.15	6499	2071	2091
311	07:35:44	60.11	6499	2070	2090
312	07:36:44	60.18	6499	2069	2089
313	07:37:44	60.09	6499	2068	2089
314	07:38:45	60.07	6499	2068	2088
315	07:39:45	60.11	6499	2067	2087
316	07:40:45	60.16	6499	2066	2086
317	07:41:45	60.08	6499	2065	2085
318	07:42:45	60.12	6499	2065	2085
319	07:43:45	60.15	6499	2064	2084
320	07:44:45	60.09	6499	2063	2083
321	07:45:45	60.08	6499	2062	2082
322	07:46:45	60.14	6499	2061	2081
323	07:47:46	60.11	6499	2061	2081
324	07:48:46	60.13	6499	2060	2080
325	07:49:46	60.15	6499	2059	2079
326	07:50:46	60.11	6499	2058	2078
327	07:51:46	60.12	6499	2058	2077
328	07:52:46	60.13	6499	2057	2077
329	07:53:46	60.13	6499	2056	2076
330	07:54:46	56.97	6499	2056	2076
331	07:55:43	14.72	6499	2055	2075
332	07:55:58	60.07	6499	2054	2074
333	07:56:58	60.09	6499	2054	2073
334	07:57:58	60.13	6499	2053	2073
335	07:58:58	60.08	6499	2052	2072
336	07:59:59	60.11	6499	2051	2071
337	08:00:59	60.13	6499	2050	2070
338	08:01:59	60.11	6499	2050	2069
339	08:02:59	60.12	6499	2049	2068
340	08:03:59	60.11	6499	2048	2068
341	08:04:59	60.13	6499	2047	2067
342	08:05:59	60.13	6499	2046	2066
343	08:06:59	60.18	6499	2046	2065
344	08:08:00	60.10	6499	2045	2065
345	08:09:00	60.17	6499	2044	2064
346	08:10:00	60.11	6499	2043	2063
347	08:11:00	60.11	6499	2042	2062
348	08:12:00	60.11	6499	2042	2061
349	08:13:00	60.11	6499	2041	2061
350	08:14:00	60.08	6499	2040	2060
351	08:15:00	60.10	6499	2039	2059
352	08:16:00	60.13	6499	2038	2058
353	08:17:01	60.18	6499	2037	2057
354	08:18:01	60.11	6499	2037	2057
355	08:19:01	60.16	6499	2036	2056
356	08:20:01	60.11	6499	2035	2055
357	08:21:01	60.09	6499	2034	2054
358	08:22:01	60.16	6499	2033	2053
359	08:23:01	60.13	6499	2032	2053
360	08:24:01	60.12	6499	2032	2052
361	08:25:02	60.11	6499	2031	2051
362	08:26:02	60.16	6499	2030	2050
363	08:27:02	60.08	6499	2029	2050
364	08:28:02	60.18	6499	2028	2049
365	08:29:02	60.10	6499	2028	2048
366	08:30:02	60.20	6499	2027	2047
367	08:31:02	60.07	6499	2026	2046
368	08:32:03	60.16	6499	2025	2046
369	08:33:03	60.14	6499	2025	2045
370	08:34:03	60.08	6499	2024	2044
371	08:35:03	60.12	6499	2023	2044
372	08:36:03	60.12	6499	2023	2043
373	08:37:03	17.27	6499	2023	2043
374	08:37:20	23.15	6499	2022	2043
375	08:37:44	10.19	6499	2021	2042
376	08:37:54	60.10	6499	2021	2041
377	08:38:54	60.17	6499	2020	2040
378	08:39:54	60.11	6499	2019	2040
379	08:40:54	60.16	6499	2018	2039
380	08:41:54	60.16	6499	2017	2038
381	08:42:54	60.11	6499	2017	2037
382	08:43:55	60.18	6499	2016	2036
383	08:44:55	60.16	6499	2015	2036
384	08:45:55	60.13	6499	2014	2035
385	08:46:55	60.14	6499	2013	2034
386	08:47:55	60.12	6499	2013	2033
387	08:48:55	60.13	6499	2012	2033
388	08:49:55	60.14	6499	2011	2032
389	08:50:56	60.13	6499	2010	2031
390	08:51:56	60.10	6499	2010	2030
391	08:52:56	60.13	6499	2009	2029
392	08:53:56	60.11	6499	2008	2029
393	08:54:56	60.13	6499	2007	2028
394	08:55:56	60.12	6499	2006	2027
395	08:56:56	60.08	6499	2006	2026
396	08:57:56	60.09	6499	2005	2025
397	08:58:56	60.16	6499	2004	2025
398	08:59:57	60.15	6499	2004	2024
399	09:00:57	60.09	6499	2003	2024
400	09:01:57	10.01	6499	2002	2023
401	09:02:07	10.39	6499	2002	2022
402	09:02:17	60.01	6499	2001	2022
403	09:03:17	60.07	6499	2000	2021
404	09:04:17	60.09	6499	2000	2020
405	09:05:17	60.18	6499	1999	2020
406	09:06:18	60.14	6499	1999	2020
407	09:07:18	21.43	6499	1998	2019
408	09:07:39	14.72	6499	1997	2018
409	09:07:54	60.12	6499	1993	2017
410	09:08:54	60.11	6499	1996	2017
411	09:09:54	60.17	6499	1995	2016
412	09:10:54	59.33	6499	1994	2015
413	09:11:54	51.44	6499	1994	2015
414	09:12:45	60.01	6499	1993	2014
415	09:13:45	60.09	6499	1992	2013
416	09:14:45	60.12	6499	1992	2012
417	09:15:45	60.12	6499	1991	2012
418	09:16:45	60.11	6499	1990	2011
419	09:17:46	51.40	6499	1989	2010
420	09:18:37	60.11	6499	1989	2009
421	09:19:37	54.65	6499	1988	2009
422	09:20:32	60.57	6499	1987	2008
423	09:21:32	60.12	6499	1986	2007
424	09:22:32	60.09	6499	1985	2006
425	09:23:32	60.22	6499	1985	2006
426	09:24:33	60.14	6499	1984	2005
427	09:25:33	60.18	6499	1983	2004
428	09:26:33	60.13	6499	1982	2003
429	09:27:33	60.14	6499	1982	2003
430	09:28:33	60.17	6499	1981	2002
431	09:29:33	60.12	6499	1980	2001
432	09:30:34	60.10	6499	1979	2000
433	09:31:34	60.08	6499	1978	2000
434	09:32:34	60.18	6499	1978	1999
435	09:33:34	60.14	6499	1977	1998
436	09:34:34	60.10	6499	1976	1997
437	09:35:34	60.11	6499	1975	1997
438	09:36:34	60.11	6499	1975	1996
439	09:37:34	60.17	6499	1974	1995
440	09:38:35	60.12	6499	1973	1994
441	09:39:35	60.12	6499	1973	1994
442	09:40:35	60.13	6499	1972	1993
443	09:41:35	60.12	6499	1971	1992
444	09:42:35	60.14	6499	1970	1991
445	09:43:35	60.17	6499	1970	1991
446	09:44:35	60.08	6499	1969	1990
447	09:45:35	60.08	6499	1968	1989
448	09:46:36	60.12	6499	1967	1988
449	09:47:36	60.13	6499	1967	1988
450	09:48:36	60.13	6499	1966	1987
451	09:49:36	60.11	6499	1965	1986
452	09:50:36	60.07	6499	1964	1986
453	09:51:36	60.09	6499	1964	1985
454	09:52:36	60.16	6499	1963	1984
455	09:53:36	60.14	6499	1962	1983
456	09:54:36	60.12	6499	1962	1983
457	09:55:37	60.12	6499	1961	1982
458	09:56:37	60.10	6499	1960	1981
459	09:57:37	60.10	6499	1959	1980
460	09:58:37	60.11	6499	1959	1980
461	09:59:37	60.13	6499	1958	1979
462	10:00:37	60.16	6499	1958	1978
463	10:01:37	60.16	6499	1957	1978
464	10:02:37	60.12	6499	1957	1978
465	10:03:38	23.49	6499	1957	1978
466	10:04:01	27.57	6499	1957	1977
467	10:04:29	10.03	6499	1956	1977
468	10:04:39	10.02	6499	1955	1976
469	10:04:49	60.11	6499	1954	1975
470	10:05:49	60.13	6499	1954	1975
471	10:06:49	60.17	6499	1953	1974
472	10:07:49	60.13	6499	1952	1973
473	10:08:49	60.11	6499	1952	1972
474	10:09:49	60.12	6499	1951	1972
475	10:10:49	60.10	6499	1950	1971
476	10:11:50	60.14	6499	1950	1970
477	10:12:50	60.15	6499	1949	1970
478	10:13:50	60.13	6499	1948	1969
479	10:14:50	60.09	6499	1947	1968
480	10:15:50	60.13	6499	1947	1967
481	10:16:50	60.12	6499	1946	1967
482	10:17:50	60.16	6499	1945	1966
483	10:18:51	60.17	6499	1945	1965
484	10:19:51	60.12	6499	1944	1965
485	10:20:51	60.14	6499	1943	1964
486	10:21:51	60.11	6499	1942	1963
487	10:22:51	60.13	6499	1942	1963
488	10:23:51	60.15	6499	1941	1962
489	10:24:51	60.12	6499	1941	1962
490	10:25:51	53.79	6499	1941	1962
491	10:26:45	23.50	6499	1941	1961
492	10:27:09	10.14	6499	1941	1961
493	10:27:19	16.53	6499	1940	1961
494	10:27:35	22.31	6499	1939	1960
495	10:27:58	10.22	6499	1939	1960
496	10:28:08	60.11	6499	1938	1959
497	10:29:08	60.08	6499	1937	1958
498	10:30:08	60.13	6499	1937	1957
499	10:31:08	60.11	6499	1936	1957
500	10:32:08	60.10	6499	1935	1956
501	10:33:08	60.11	6499	1934	1955
502	10:34:09	60.13	6499	1934	1955
503	10:35:09	60.10	6499	1933	1954
504	10:36:09	60.16	6499	1932	1953
505	10:37:09	60.07	6499	1932	1952
506	10:38:09	60.14	6499	1931	1952
507	10:39:09	60.11	6499	1930	1951
508	10:40:09	60.10	6499	1930	1950
509	10:41:09	60.12	6499	1929	1950
510	10:42:10	60.16	6499	1928	1949
511	10:43:10	60.11	6499	1927	1948
512	10:44:10	60.13	6499	1927	1948
513	10:45:10	60.09	6499	1926	1947
514	10:46:10	60.16	6499	1925	1946
515	10:47:10	60.15	6499	1925	1945
516	10:48:10	60.11	6499	1924	1945
517	10:49:10	60.09	6499	1923	1944
518	10:50:11	60.15	6499	1923	1943
519	10:51:11	60.12	6499	1922	1943
520	10:52:11	60.12	6499	1921	1942
521	10:53:11	60.16	6499	1920	1941
522	10:54:11	60.13	6499	1920	1941
523	10:55:11	60.18	6499	1919	1940
524	10:56:11	60.09	6499	1918	1939
525	10:57:11	60.12	6499	1918	1939
526	10:58:12	60.11	6499	1917	1938
527	10:59:12	60.14	6499	1916	1937
528	11:00:12	60.12	6499	1916	1936
529	11:01:12	60.14	6499	1915	1936
530	11:02:12	60.14	6499	1914	1935
531	11:03:12	60.07	6499	1913	1934
532	11:04:12	60.09	6499	1913	1934
533	11:05:12	60.11	6499	1912	1933
534	11:06:13	60.10	6499	1911	1932
535	11:07:13	60.13	6499	1911	1932
536	11:08:13	53.97	6499	1910	1931
537	11:09:07	60.54	6499	1909	1930
538	11:10:07	60.08	6499	1909	1930
539	11:11:07	60.16	6499	1908	1929
540	11:12:07	60.13	6499	1907	1928
541	11:13:08	60.14	6499	1907	1928
542	11:14:08	60.13	6499	1906	1927
543	11:15:08	60.10	6499	1905	1926
544	11:16:08	60.14	6499	1905	1926
545	11:17:08	60.12	6499	1904	1925
546	11:18:08	60.15	6499	1903	1924
547	11:19:08	60.10	6499	1903	1924
548	11:20:09	60.11	6499	1902	1923
549	11:21:09	60.12	6499	1901	1922
550	11:22:09	60.12	6499	1900	1921
551	11:23:09	60.06	6499	1900	1921
552	11:24:09	60.08	6499	1899	1920
553	11:25:09	60.17	6499	1898	1919
554	11:26:09	60.13	6499	1898	1919
555	11:27:09	60.11	6499	1897	1918
556	11:28:09	60.12	6499	1897	1917
557	11:29:10	60.15	6499	1896	1917
558	11:30:10	60.08	6499	1895	1916
559	11:31:10	60.13	6499	1895	1915
560	11:32:10	60.09	6499	1894	1915
561	11:33:10	60.08	6499	1893	1914
562	11:34:10	60.13	6499	1893	1913
563	11:35:10	60.11	6499	1892	1913
564	11:36:10	60.08	6499	1891	1912
565	11:37:10	60.14	6499	1891	1911
566	11:38:10	60.12	6499	1890	1910
567	11:39:11	60.13	6499	1889	1910
568	11:40:11	60.15	6499	1889	1909
569	11:41:11	60.14	6499	1888	1909
570	11:42:11	60.09	6499	1887	1908
571	11:43:11	60.13	6499	1887	1907
572	11:44:11	60.12	6499	1886	1907
573	11:45:11	60.14	6499	1885	1906
574	11:46:12	60.08	6499	1885	1905
575	11:47:12	60.18	6499	1884	1905
576	11:48:12	60.13	6499	1883	1904
577	11:49:12	60.15	6499	1883	1903
578	11:50:12	60.12	6499	1882	1903
579	11:51:12	60.15	6499	1881	1902
580	11:52:12	60.17	6499	1881	1901
581	11:53:13	60.14	6499	1880	1901
582	11:54:13	60.15	6499	1880	1900
583	11:55:13	60.12	6499	1879	1899
584	11:56:13	60.13	6499	1878	1899
585	11:57:13	60.17	6499	1878	1898
586	11:58:13	60.13	6499	1877	1897
587	11:59:13	60.16	6499	1876	1897
588	12:00:14	60.10	6499	1876	1896
589	12:01:14	60.13	6499	1875	1895
590	12:02:14	50.04	6499	1874	1895
591	12:03:04	60.19	6499	1873	1894
592	12:04:04	60.10	6499	1873	1893
593	12:05:04	60.12	6499	1872	1893
594	12:06:04	60.18	6499	1871	1892
595	12:07:04	10.01	6499	1871	1891
596	12:07:14	60.19	6499	1870	1891
597	12:08:15	60.12	6499	1869	1890
598	12:09:15	60.08	6499	1869	1890
599	12:10:15	60.17	6499	1868	1889
600	12:11:15	60.14	6499	1867	1888
601	12:12:15	60.11	6499	1867	1888
602	12:13:15	60.13	6499	1866	1887
603	12:14:15	60.13	6499	1865	1886
604	12:15:15	51.80	6499	1865	1885
605	12:16:07	60.23	6499	1864	1885
606	12:17:07	60.13	6499	1863	1884
607	12:18:08	60.12	6499	1863	1884
608	12:19:08	60.15	6499	1862	1883
609	12:20:08	10.01	6499	1861	1882
610	12:20:18	60.09	6499	1861	1882
611	12:21:18	60.07	6499	1860	1881
612	12:22:18	60.12	6499	1859	1880
613	12:23:18	60.16	6499	1859	1880
614	12:24:18	60.08	6499	1858	1879
615	12:25:18	60.11	6499	1858	1878
616	12:26:19	60.18	6499	1857	1878
617	12:27:19	60.12	6499	1856	1877
618	12:28:19	60.12	6499	1856	1876
619	12:29:19	60.16	6499	1855	1876
620	12:30:19	60.11	6499	1854	1875
621	12:31:19	60.14	6499	1854	1874
622	12:32:19	60.12	6499	1853	1874
623	12:33:19	60.14	6499	1853	1873
624	12:34:20	60.12	6499	1852	1873
625	12:35:20	60.11	6499	1851	1872
626	12:36:20	60.15	6499	1851	1871
627	12:37:20	60.11	6499	1850	1871
628	12:38:20	60.16	6499	1849	1870
629	12:39:20	60.14	6499	1849	1869
630	12:40:20	60.16	6499	1848	1869
631	12:41:21	60.13	6499	1847	1868
632	12:42:21	60.15	6499	1847	1867
633	12:43:21	60.15	6499	1846	1867
634	12:44:21	60.11	6499	1846	1866
635	12:45:21	60.17	6499	1845	1866
636	12:46:21	60.14	6499	1844	1865
637	12:47:21	60.12	6499	1844	1864
638	12:48:22	60.17	6499	1843	1864
639	12:49:22	60.14	6499	1842	1863
640	12:50:22	60.14	6499	1842	1862
641	12:51:22	60.13	6499	1841	1862
642	12:52:22	60.09	6499	1840	1861
643	12:53:22	60.11	6499	1840	1860
644	12:54:22	60.13	6499	1839	1860
645	12:55:22	60.13	6499	1838	1859
646	12:56:23	60.15	6499	1838	1858
647	12:57:23	60.07	6499	1837	1858
648	12:58:23	60.08	6499	1837	1857
649	12:59:23	60.17	6499	1836	1857
650	13:00:23	60.13	6499	1835	1856
651	13:01:23	60.16	6499	1835	1856
652	13:02:23	10.02	6499	1835	1856
653	13:02:33	60.08	6499	1835	1855
654	13:03:33	10.01	6499	1834	1855
655	13:03:43	60.16	6499	1833	1854
656	13:04:44	60.17	6499	1833	1853
657	13:05:44	10.02	6499	1832	1853
658	13:05:54	15.40	6499	1832	1852
659	13:06:09	10.17	6499	1831	1852
660	13:06:19	60.14	6499	1830	1851
661	13:07:20	60.13	6499	1830	1850
662	13:08:20	60.15	6499	1829	1850
663	13:09:20	60.08	6499	1828	1849
664	13:10:20	60.14	6499	1828	1848
665	13:11:20	60.13	6499	1827	1848
666	13:12:20	60.10	6499	1826	1847
667	13:13:20	60.12	6499	1826	1847
668	13:14:20	60.15	6499	1825	1846
669	13:15:21	60.12	6499	1825	1845
670	13:16:21	60.10	6499	1824	1845
671	13:17:21	60.11	6499	1823	1844
672	13:18:21	60.11	6499	1823	1843
673	13:19:21	60.14	6499	1822	1843
674	13:20:21	60.06	6499	1821	1842
675	13:21:21	60.13	6499	1821	1841
676	13:22:21	60.08	6499	1820	1841
677	13:23:21	60.08	6499	1819	1840
678	13:24:21	60.10	6499	1819	1840
679	13:25:22	60.12	6499	1818	1839
680	13:26:22	60.09	6499	1817	1838
681	13:27:22	60.13	6499	1817	1838
682	13:28:22	60.15	6499	1816	1837
683	13:29:22	60.18	6499	1816	1837
684	13:30:22	60.15	6499	1815	1836
685	13:31:22	60.12	6499	1815	1835
686	13:32:22	60.13	6499	1814	1835
687	13:33:23	60.18	6499	1813	1834
688	13:34:23	60.12	6499	1813	1834
689	13:35:23	60.12	6499	1812	1833
690	13:36:23	33.94	6499	1811	1832
691	13:36:57	60.47	6499	1811	1832
692	13:37:57	60.15	6499	1810	1831
693	13:38:58	60.03	6499	1810	1831
694	13:39:58	60.12	6499	1809	1830
695	13:40:58	60.12	6499	1808	1829
696	13:41:58	60.14	6499	1808	1829
697	13:42:58	60.17	6499	1807	1828
698	13:43:58	60.11	6499	1806	1827
699	13:44:58	60.09	6499	1806	1827
700	13:45:58	60.13	6499	1805	1826
701	13:46:58	60.13	6499	1805	1826
702	13:47:59	60.15	6499	1804	1825
703	13:48:59	60.14	6499	1803	1824
704	13:49:59	60.14	6499	1803	1824
705	13:50:59	60.23	6499	1802	1823
706	13:51:59	60.17	6499	1801	1822
707	13:52:59	60.15	6499	1801	1822
708	13:54:00	60.11	6499	1800	1821
709	13:55:00	60.16	6499	1800	1821
710	13:56:00	60.13	6499	1799	1820
711	13:57:00	60.13	6499	1798	1819
712	13:58:00	60.14	6499	1798	1819
713	13:59:00	60.13	6499	1797	1818
714	14:00:00	60.13	6499	1797	1817
715	14:01:01	60.13	6499	1796	1817
716	14:02:01	60.12	6499	1795	1816
717	14:03:01	60.14	6499	1795	1816
718	14:04:01	60.16	6499	1794	1815
719	14:05:01	60.08	6499	1794	1815
720	14:06:01	60.12	6499	1793	1814
721	14:07:01	60.12	6499	1793	1814
722	14:08:01	60.13	6499	1793	1813
723	14:09:02	60.24	6499	1792	1813
724	14:10:02	60.15	6499	1791	1812
725	14:11:02	36.89	6499	1791	1812
726	14:11:39	15.00	6499	1790	1811
727	14:11:54	10.21	6499	1790	1811
728	14:12:04	60.14	6499	1790	1811
729	14:13:04	34.01	6499	1789	1810
730	14:13:38	60.24	6499	1789	1809
731	14:14:38	60.17	6499	1788	1809
732	14:15:39	60.12	6499	1787	1808
733	14:16:39	60.17	6499	1787	1808
734	14:17:39	56.84	6499	1786	1807
735	14:18:36	22.90	6499	1786	1807
736	14:18:59	10.03	6499	1785	1806
737	14:19:09	60.09	6499	1785	1806
738	14:20:09	60.08	6499	1785	1806
739	14:21:09	60.14	6499	1784	1805
740	14:22:09	60.12	6499	1784	1804
741	14:23:09	60.12	6499	1783	1804
742	14:24:09	17.45	6499	1783	1804
743	14:24:27	60.19	6499	1783	1804
744	14:25:27	60.17	6499	1783	1804
745	14:26:27	10.12	6499	1783	1804
746	14:26:37	60.08	6499	1782	1803
747	14:27:37	60.12	6499	1782	1803
748	14:28:37	60.16	6499	1781	1802
749	14:29:37	14.69	6499	1781	1802
750	14:29:52	12.22	6499	1780	1801
751	14:30:04	13.12	6499	1780	1800
752	14:30:18	12.47	6499	1779	1800
753	14:30:30	12.56	6499	1778	1799
754	14:30:43	60.20	6499	1778	1799
755	14:31:43	52.01	6499	1777	1798
756	14:32:35	31.05	6499	1777	1798
757	14:33:06	60.47	6499	1776	1797
758	14:34:06	60.13	6499	1775	1796
759	14:35:06	60.13	6499	1775	1796
760	14:36:07	60.09	6499	1774	1795
761	14:37:07	60.11	6499	1774	1795
762	14:38:07	60.14	6499	1773	1794
763	14:39:07	60.14	6499	1772	1793
764	14:40:07	60.09	6499	1772	1793
765	14:41:07	60.12	6499	1771	1792
766	14:42:07	60.14	6499	1771	1792
767	14:43:07	60.08	6499	1770	1791
768	14:44:07	60.15	6499	1769	1790
769	14:45:08	60.11	6499	1769	1790
770	14:46:08	60.13	6499	1768	1789
771	14:47:08	60.10	6499	1768	1789
772	14:48:08	60.32	6499	1767	1788
773	14:49:08	60.23	6499	1766	1787
774	14:50:08	60.17	6499	1766	1787
775	14:51:09	60.13	6499	1765	1786
776	14:52:09	60.12	6499	1765	1786
777	14:53:09	60.12	6499	1764	1785
778	14:54:09	60.10	6499	1764	1785
779	14:55:09	60.17	6499	1763	1784
780	14:56:09	60.15	6499	1762	1783
781	14:57:09	60.13	6499	1762	1783
782	14:58:10	60.08	6499	1761	1782
783	14:59:10	60.12	6499	1761	1782
784	15:00:10	60.13	6499	1760	1781
785	15:01:10	60.12	6499	1759	1780
786	15:02:10	60.11	6499	1759	1780
787	15:03:10	60.13	6499	1758	1779
788	15:04:10	60.14	6499	1758	1779
789	15:05:10	60.14	6499	1757	1778
790	15:06:11	60.12	6499	1757	1777
791	15:07:11	60.16	6499	1756	1777
792	15:08:11	60.13	6499	1755	1776
793	15:09:11	60.09	6499	1755	1776
794	15:10:11	60.13	6499	1754	1775
795	15:11:11	60.09	6499	1754	1775
796	15:12:11	60.13	6499	1753	1774
797	15:13:11	60.16	6499	1753	1773
798	15:14:12	60.18	6499	1752	1773
799	15:15:12	60.14	6499	1751	1772
800	15:16:12	60.18	6499	1751	1772
801	15:17:12	60.13	6499	1750	1771
802	15:18:12	60.12	6499	1750	1770
803	15:19:12	60.17	6499	1749	1770
804	15:20:12	60.10	6499	1748	1769
805	15:21:13	60.15	6499	1748	1769
806	15:22:13	60.13	6499	1747	1768
807	15:23:13	60.13	6499	1747	1768
808	15:24:13	60.17	6499	1746	1767
809	15:25:13	60.18	6499	1746	1766
810	15:26:13	60.15	6499	1745	1766
811	15:27:13	60.17	6499	1744	1765
812	15:28:14	60.14	6499	1744	1765
813	15:29:14	60.12	6499	1743	1764
814	15:30:14	60.15	6499	1743	1764
815	15:31:14	60.23	6499	1742	1763
816	15:32:14	60.16	6499	1742	1762
817	15:33:14	60.08	6499	1741	1762
818	15:34:14	60.13	6499	1740	1761
819	15:35:15	60.19	6499	1740	1761
820	15:36:15	60.10	6499	1739	1760
821	15:37:15	60.15	6499	1739	1760
822	15:38:15	60.09	6499	1738	1759
823	15:39:15	60.11	6499	1738	1758
824	15:40:15	60.08	6499	1737	1758
825	15:41:15	60.11	6499	1736	1757
826	15:42:15	60.12	6499	1736	1757
827	15:43:16	60.14	6499	1735	1756
828	15:44:16	60.09	6499	1735	1756
829	15:45:16	60.09	6499	1734	1755
830	15:46:16	60.07	6499	1734	1754
831	15:47:16	60.15	6499	1733	1754
832	15:48:16	60.09	6499	1733	1753
833	15:49:16	60.09	6499	1732	1753
834	15:50:16	60.13	6499	1731	1752
835	15:51:16	60.12	6499	1731	1752
836	15:52:17	60.11	6499	1730	1751
837	15:53:17	60.13	6499	1730	1750
838	15:54:17	60.11	6499	1729	1750
839	15:55:17	60.12	6499	1729	1750
840	15:56:17	60.09	6499	1729	1749
841	15:57:17	60.11	6499	1728	1749
842	15:58:17	60.09	6499	1727	1748
843	15:59:17	60.13	6499	1727	1748
844	16:00:17	60.13	6499	1726	1747
845	16:01:18	60.16	6499	1726	1746
846	16:02:18	60.41	6499	1725	1746
847	16:03:18	17.43	6499	1725	1745
848	16:03:36	60.51	6499	1724	1745
849	16:04:36	60.13	6499	1723	1744
850	16:05:36	60.11	6499	1723	1744
851	16:06:36	60.11	6499	1723	1743
852	16:07:36	60.18	6499	1722	1743
853	16:08:37	60.13	6499	1722	1742
854	16:09:37	60.17	6499	1721	1742
855	16:10:37	60.08	6499	1721	1741
856	16:11:37	60.14	6499	1720	1741
857	16:12:37	60.40	6499	1719	1740
858	16:13:38	60.30	6499	1719	1740
859	16:14:38	10.04	6499	1718	1739
860	16:14:48	60.36	6499	1718	1739
861	16:15:48	60.16	6499	1717	1738
862	16:16:48	60.14	6499	1717	1737
863	16:17:49	60.14	6499	1716	1737
864	16:18:49	60.10	6499	1716	1736
865	16:19:49	60.12	6499	1715	1736
866	16:20:49	60.11	6499	1715	1735
867	16:21:49	60.11	6499	1714	1735
868	16:22:49	60.10	6499	1713	1734
869	16:23:49	60.11	6499	1713	1734
870	16:24:49	60.08	6499	1712	1733
871	16:25:49	60.15	6499	1712	1732
872	16:26:50	60.13	6499	1711	1732
873	16:27:50	60.09	6499	1711	1731
874	16:28:50	60.10	6499	1710	1731
875	16:29:50	60.09	6499	1710	1730
876	16:30:50	60.12	6499	1709	1730
877	16:31:50	60.11	6499	1709	1729
878	16:32:50	60.12	6499	1708	1729
879	16:33:50	60.08	6499	1708	1728
880	16:34:50	60.14	6499	1707	1728
881	16:35:51	60.16	6499	1706	1727
882	16:36:51	60.13	6499	1706	1726
883	16:37:51	60.12	6499	1705	1726
884	16:38:51	60.12	6499	1705	1725
885	16:39:51	60.13	6499	1704	1725
886	16:40:51	60.12	6499	1704	1724
887	16:41:51	60.15	6499	1703	1724
888	16:42:51	60.13	6499	1703	1723
889	16:43:52	60.13	6499	1702	1723
890	16:44:52	60.14	6499	1702	1722
891	16:45:52	60.09	6499	1701	1721
892	16:46:52	60.10	6499	1701	1721
893	16:47:52	60.12	6499	1701	1721
894	16:48:52	60.13	6499	1701	1721
895	16:49:52	60.15	6499	1700	1721
896	16:50:52	60.12	6499	1700	1720
897	16:51:53	60.11	6499	1700	1720
898	16:52:53	60.08	6499	1699	1719
899	16:53:53	60.16	6499	1699	1719
900	16:54:53	13.07	6499	1698	1718
901	16:55:06	10.25	6499	1697	1718
902	16:55:16	10.02	6499	1697	1717
903	16:55:26	21.59	6499	1696	1717
904	16:55:48	60.11	6499	1696	1716
905	16:56:48	60.14	6499	1695	1716
906	16:57:48	60.13	6499	1695	1715
907	16:58:48	60.18	6499	1694	1715
908	16:59:48	60.17	6499	1694	1714
909	17:00:49	60.11	6499	1693	1713
910	17:01:49	60.14	6499	1693	1713
911	17:02:49	60.08	6499	1692	1712
912	17:03:49	60.13	6499	1692	1712
913	17:04:49	60.08	6499	1691	1711
914	17:05:49	60.14	6499	1690	1711
915	17:06:49	60.10	6499	1690	1710
916	17:07:49	60.07	6499	1689	1710
917	17:08:49	60.14	6499	1689	1709
918	17:09:50	60.15	6499	1688	1709
919	17:10:50	60.16	6499	1688	1708
920	17:11:50	60.17	6499	1687	1707
921	17:12:50	60.15	6499	1687	1707
922	17:13:50	60.13	6499	1686	1706
923	17:14:50	60.08	6499	1686	1706
924	17:15:50	60.11	6499	1685	1705
925	17:16:51	60.16	6499	1685	1705
926	17:17:51	60.13	6499	1684	1704
927	17:18:51	60.17	6499	1684	1704
928	17:19:51	60.09	6499	1683	1703
929	17:20:51	60.12	6499	1682	1703
930	17:21:51	60.17	6499	1682	1702
931	17:22:51	60.13	6499	1681	1701
932	17:23:51	60.12	6499	1681	1701
933	17:24:52	60.15	6499	1680	1700
934	17:25:52	60.13	6499	1680	1700
935	17:26:52	60.13	6499	1679	1699
936	17:27:52	60.11	6499	1679	1699
937	17:28:52	60.14	6499	1678	1698
938	17:29:52	60.08	6499	1678	1698
939	17:30:52	60.12	6499	1677	1697
940	17:31:52	60.19	6499	1677	1697
941	17:32:53	60.11	6499	1676	1696
942	17:33:53	60.11	6499	1676	1696
943	17:34:53	60.12	6499	1675	1695
944	17:35:53	60.13	6499	1675	1695
945	17:36:53	60.13	6499	1674	1694
946	17:37:53	60.14	6499	1673	1693
947	17:38:53	60.11	6499	1673	1693
948	17:39:54	60.16	6499	1672	1692
949	17:40:54	60.08	6499	1672	1692
950	17:41:54	60.17	6499	1672	1692
951	17:42:54	60.11	6499	1671	1691
952	17:43:54	60.17	6499	1671	1691
953	17:44:54	60.11	6499	1670	1690
954	17:45:54	60.13	6499	1670	1690
955	17:46:54	60.15	6499	1669	1689
956	17:47:55	52.66	6499	1669	1688
957	17:48:47	22.73	6499	1668	1688
958	17:49:10	10.08	6499	1668	1687
959	17:49:20	60.08	6499	1667	1687
960	17:50:20	60.15	6499	1666	1686
961	17:51:20	60.09	6499	1666	1686
962	17:52:20	60.16	6499	1665	1685
963	17:53:21	60.07	6499	1665	1685
964	17:54:21	60.12	6499	1664	1684
965	17:55:21	60.13	6499	1664	1684
966	17:56:21	60.11	6499	1663	1683
967	17:57:21	60.10	6499	1663	1683
968	17:58:21	60.17	6499	1663	1683
969	17:59:21	60.09	6499	1663	1683
970	18:00:21	60.13	6499	1662	1682
971	18:01:21	60.13	6499	1662	1682
972	18:02:22	60.11	6499	1661	1681
973	18:03:22	60.12	6499	1661	1681
974	18:04:22	60.13	6499	1660	1680
975	18:05:22	41.71	6499	1660	1680
976	18:06:04	10.15	6499	1659	1679
977	18:06:14	10.06	6499	1659	1679
978	18:06:24	60.15	6499	1658	1678
979	18:07:24	60.10	6499	1658	1678
980	18:08:24	60.12	6499	1657	1677
981	18:09:24	60.07	6499	1657	1677
982	18:10:24	60.09	6499	1656	1676
983	18:11:24	60.12	6499	1656	1676
984	18:12:25	60.13	6499	1655	1675
985	18:13:25	41.30	6499	1655	1675
986	18:14:06	60.15	6499	1654	1674
987	18:15:06	60.13	6499	1654	1674
988	18:16:06	60.13	6499	1653	1673
989	18:17:06	60.11	6499	1653	1673
990	18:18:06	60.16	6499	1652	1672
991	18:19:07	60.15	6499	1652	1672
992	18:20:07	60.14	6499	1651	1671
993	18:21:07	60.16	6499	1651	1670
994	18:22:07	60.08	6499	1650	1670
995	18:23:07	60.12	6499	1650	1669
996	18:24:07	60.16	6499	1649	1669
997	18:25:07	60.13	6499	1649	1668
998	18:26:08	60.13	6499	1648	1668
999	18:27:08	60.14	6499	1648	1667
1000	18:28:08	60.15	6499	1647	1667
1001	18:29:08	60.11	6499	1646	1666
1002	18:30:08	60.12	6499	1646	1666
1003	18:31:08	60.13	6499	1645	1665
1004	18:32:08	60.17	6499	1645	1665
1005	18:33:09	60.15	6499	1644	1664
1006	18:34:09	60.09	6499	1644	1664
1007	18:35:09	60.11	6499	1643	1663
1008	18:36:09	60.17	6499	1643	1663
1009	18:37:09	60.16	6499	1642	1662
1010	18:38:09	60.14	6499	1642	1662
1011	18:39:09	60.16	6499	1641	1661
1012	18:40:10	60.14	6499	1641	1661
1013	18:41:10	60.11	6499	1640	1660
1014	18:42:10	60.14	6499	1640	1660
1015	18:43:10	60.12	6499	1639	1659
1016	18:44:10	60.07	6499	1639	1659
1017	18:45:10	60.12	6499	1638	1658
1018	18:46:10	60.14	6499	1638	1658
1019	18:47:10	60.14	6499	1637	1657
1020	18:48:11	60.12	6499	1637	1657
1021	18:49:11	60.17	6499	1636	1656
1022	18:50:11	60.14	6499	1636	1656
1023	18:51:11	60.09	6499	1635	1655
1024	18:52:11	60.17	6499	1635	1655
1025	18:53:11	60.16	6499	1634	1654
1026	18:54:11	60.13	6499	1634	1654
1027	18:55:12	60.17	6499	1633	1653
1028	18:56:12	60.14	6499	1633	1653
1029	18:57:12	60.11	6499	1632	1652
1030	18:58:12	60.14	6499	1632	1652
1031	18:59:12	60.08	6499	1631	1651
1032	19:00:12	60.12	6499	1631	1651
1033	19:01:12	60.13	6499	1630	1650
1034	19:02:12	60.10	6499	1630	1650
1035	19:03:12	60.12	6499	1629	1649
1036	19:04:13	60.12	6499	1629	1649
1037	19:05:13	60.18	6499	1628	1648
1038	19:06:13	60.15	6499	1628	1648
1039	19:07:13	60.16	6499	1627	1647
1040	19:08:13	60.09	6499	1627	1647
1041	19:09:13	60.11	6499	1626	1646
1042	19:10:13	60.17	6499	1626	1646
1043	19:11:14	60.10	6499	1625	1645
1044	19:12:14	49.22	6499	1625	1645
1045	19:13:03	60.42	6499	1624	1644
1046	19:14:03	60.16	6499	1624	1644
1047	19:15:03	60.08	6499	1623	1643
1048	19:16:04	60.16	6499	1623	1643
1049	19:17:04	60.09	6499	1622	1642
1050	19:18:04	60.15	6499	1622	1642
1051	19:19:04	60.15	6499	1621	1641
1052	19:20:04	60.15	6499	1621	1641
1053	19:21:04	60.07	6499	1621	1640
1054	19:22:04	60.16	6499	1620	1640
1055	19:23:05	60.13	6499	1620	1639
1056	19:24:05	60.13	6499	1619	1639
1057	19:25:05	60.17	6499	1619	1638
1058	19:26:05	60.17	6499	1618	1638
1059	19:27:05	60.12	6499	1618	1637
1060	19:28:05	60.12	6499	1617	1637
1061	19:29:05	60.12	6499	1617	1636
1062	19:30:05	36.40	6499	1616	1636
1063	19:30:42	60.05	6499	1616	1635
1064	19:31:42	60.12	6499	1615	1635
1065	19:32:42	60.13	6499	1615	1634
1066	19:33:42	60.15	6499	1614	1634
1067	19:34:42	60.16	6499	1614	1633
1068	19:35:42	60.15	6499	1613	1633
1069	19:36:43	60.16	6499	1613	1632
1070	19:37:43	60.15	6499	1612	1632
1071	19:38:43	60.14	6499	1612	1631
1072	19:39:43	60.13	6499	1611	1631
1073	19:40:43	60.12	6499	1611	1630
1074	19:41:43	60.16	6499	1610	1630
1075	19:42:43	60.13	6499	1610	1629
1076	19:43:44	60.09	6499	1609	1629
1077	19:44:44	60.12	6499	1609	1628
1078	19:45:44	60.13	6499	1608	1628
1079	19:46:44	60.13	6499	1608	1627
1080	19:47:44	60.17	6499	1607	1627
1081	19:48:44	60.08	6499	1607	1626
1082	19:49:44	60.17	6499	1606	1626
1083	19:50:44	60.12	6499	1606	1625
1084	19:51:45	60.13	6499	1605	1625
1085	19:52:45	60.11	6499	1605	1624
1086	19:53:45	60.12	6499	1604	1624
1087	19:54:45	60.09	6499	1604	1623
1088	19:55:45	60.15	6499	1603	1623
1089	19:56:45	60.16	6499	1603	1622
1090	19:57:45	60.07	6499	1603	1622
1091	19:58:45	60.17	6499	1602	1621
1092	19:59:46	60.13	6499	1602	1621
1093	20:00:46	60.12	6499	1601	1621
1094	20:01:46	60.16	6499	1601	1620
1095	20:02:46	60.08	6499	1600	1620
1096	20:03:46	60.12	6499	1600	1620
1097	20:04:46	60.17	6499	1600	1619
1098	20:05:46	60.12	6499	1599	1619
1099	20:06:47	60.12	6499	1599	1618
1100	20:07:47	60.14	6499	1598	1618
1101	20:08:47	60.13	6499	1598	1617
1102	20:09:47	60.08	6499	1597	1617
1103	20:10:47	56.90	6499	1597	1616
1104	20:11:44	10.18	6499	1596	1616
1105	20:11:54	60.16	6499	1596	1615
1106	20:12:54	60.13	6499	1595	1615
1107	20:13:54	60.13	6499	1595	1614
1108	20:14:54	60.15	6499	1594	1614
1109	20:15:55	60.09	6499	1594	1613
1110	20:16:55	60.12	6499	1593	1613
1111	20:17:55	60.14	6499	1593	1612
1112	20:18:55	60.13	6499	1592	1612
1113	20:19:55	60.10	6499	1592	1611
1114	20:20:55	60.09	6499	1591	1611
1115	20:21:55	60.13	6499	1591	1610
1116	20:22:55	60.14	6499	1590	1610
1117	20:23:56	60.11	6499	1590	1609
1118	20:24:56	60.13	6499	1589	1609
1119	20:25:56	60.10	6499	1589	1608
1120	20:26:56	60.13	6499	1588	1608
1121	20:27:56	60.16	6499	1588	1607
1122	20:28:56	60.12	6499	1588	1607
1123	20:29:56	60.14	6499	1587	1607
1124	20:30:56	60.15	6499	1587	1606
1125	20:31:57	60.14	6499	1586	1606
1126	20:32:57	60.09	6499	1586	1605
1127	20:33:57	60.11	6499	1585	1605
1128	20:34:57	60.09	6499	1585	1604
1129	20:35:57	60.16	6499	1584	1604
1130	20:36:57	60.14	6499	1584	1603
1131	20:37:57	60.10	6499	1583	1603
1132	20:38:57	60.14	6499	1583	1602
1133	20:39:58	60.19	6499	1582	1602
1134	20:40:58	60.17	6499	1582	1601
1135	20:41:58	60.07	6499	1581	1601
1136	20:42:58	60.13	6499	1581	1600
1137	20:43:58	60.17	6499	1580	1600
1138	20:44:58	60.13	6499	1580	1599
1139	20:45:58	60.11	6499	1579	1599
1140	20:46:59	60.11	6499	1579	1598
1141	20:47:59	60.12	6499	1578	1598
1142	20:48:59	60.10	6499	1578	1598
1143	20:49:59	60.15	6499	1578	1597
1144	20:50:59	60.10	6499	1577	1597
1145	20:51:59	60.13	6499	1577	1596
1146	20:52:59	60.14	6499	1576	1596
1147	20:53:59	60.11	6499	1576	1595
1148	20:54:59	60.07	6499	1575	1595
1149	20:56:00	60.12	6499	1575	1594
1150	20:57:00	60.09	6499	1574	1594
1151	20:58:00	60.17	6499	1574	1593
1152	20:59:00	60.11	6499	1573	1593
1153	21:00:00	60.13	6499	1573	1592
1154	21:01:00	60.12	6499	1572	1592
1155	21:02:00	60.16	6499	1572	1591
1156	21:03:00	60.13	6499	1571	1591
1157	21:04:01	60.10	6499	1571	1590
1158	21:05:01	60.14	6499	1570	1590
1159	21:06:01	60.14	6499	1570	1590
1160	21:07:01	60.16	6499	1569	1589
1161	21:08:01	60.12	6499	1569	1589
1162	21:09:01	60.13	6499	1568	1588
1163	21:10:01	60.12	6499	1568	1588
1164	21:11:02	60.17	6499	1568	1587
1165	21:12:02	60.12	6499	1567	1587
1166	21:13:02	60.11	6499	1567	1586
1167	21:14:02	60.12	6499	1566	1586
1168	21:15:02	60.14	6499	1566	1585
1169	21:16:02	60.14	6499	1565	1585
1170	21:17:02	60.08	6499	1565	1584
1171	21:18:02	60.18	6499	1564	1584
1172	21:19:03	60.12	6499	1564	1583
1173	21:20:03	60.11	6499	1563	1583
1174	21:21:03	60.17	6499	1563	1582
1175	21:22:03	60.13	6499	1562	1582
1176	21:23:03	60.12	6499	1562	1582
1177	21:24:03	60.12	6499	1561	1581
1178	21:25:03	60.10	6499	1561	1581
1179	21:26:03	60.11	6499	1561	1580
1180	21:27:04	60.09	6499	1560	1580
1181	21:28:04	60.13	6499	1560	1579
1182	21:29:04	60.13	6499	1559	1579
1183	21:30:04	60.07	6499	1559	1578
1184	21:31:04	60.18	6499	1558	1578
1185	21:32:04	60.14	6499	1558	1577
1186	21:33:04	60.12	6499	1557	1577
1187	21:34:04	60.09	6499	1557	1576
1188	21:35:05	60.11	6499	1556	1576
1189	21:36:05	60.14	6499	1556	1575
1190	21:37:05	60.14	6499	1555	1575
1191	21:38:05	60.07	6499	1555	1575
1192	21:39:05	60.13	6499	1554	1574
1193	21:40:05	60.14	6499	1554	1574
1194	21:41:05	60.12	6499	1554	1573
1195	21:42:05	60.09	6499	1553	1573
1196	21:43:05	60.13	6499	1553	1572
1197	21:44:06	60.21	6499	1552	1572
1198	21:45:06	60.09	6499	1552	1571
1199	21:46:06	60.16	6499	1551	1571
1200	21:47:06	60.17	6499	1551	1570
1201	21:48:06	60.13	6499	1550	1570
1202	21:49:06	60.14	6499	1550	1569
1203	21:50:06	60.09	6499	1549	1569
1204	21:51:07	60.11	6499	1549	1569
1205	21:52:07	60.13	6499	1548	1568
1206	21:53:07	60.11	6499	1548	1568
1207	21:54:07	60.15	6499	1548	1567
1208	21:55:07	60.11	6499	1547	1567
1209	21:56:07	60.10	6499	1547	1566
1210	21:57:07	60.08	6499	1546	1566
1211	21:58:07	60.15	6499	1546	1565
1212	21:59:08	60.14	6499	1545	1565
1213	22:00:08	60.13	6499	1545	1565
1214	22:01:08	60.13	6499	1544	1564
1215	22:02:08	60.15	6499	1544	1564
1216	22:03:08	60.16	6499	1543	1563
1217	22:04:08	60.13	6499	1543	1563
1218	22:05:08	60.13	6499	1543	1562
1219	22:06:08	60.16	6499	1542	1562
1220	22:07:09	60.14	6499	1542	1561
1221	22:08:09	60.11	6499	1541	1561
1222	22:09:09	60.18	6499	1541	1560
1223	22:10:09	60.13	6499	1540	1560
1224	22:11:09	60.14	6499	1540	1560
1225	22:12:09	60.18	6499	1540	1559
1226	22:13:10	60.12	6499	1539	1559
1227	22:14:10	60.12	6499	1539	1559
1228	22:15:10	60.08	6499	1538	1558
1229	22:16:10	60.14	6499	1538	1558
1230	22:17:10	60.15	6499	1537	1557
1231	22:18:10	57.34	6499	1537	1557
1232	22:19:07	14.17	6499	1537	1556
1233	22:19:22	60.08	6499	1536	1556
1234	22:20:22	60.10	6499	1536	1555
1235	22:21:22	60.12	6499	1535	1555
1236	22:22:22	60.11	6499	1535	1554
1237	22:23:22	60.12	6499	1534	1554
1238	22:24:22	60.16	6499	1534	1554
1239	22:25:22	60.13	6499	1533	1553
1240	22:26:22	60.18	6499	1533	1553
1241	22:27:23	60.17	6499	1532	1552
1242	22:28:23	60.11	6499	1532	1552
1243	22:29:23	60.12	6499	1532	1551
1244	22:30:23	60.11	6499	1531	1551
1245	22:31:23	60.07	6499	1531	1550
1246	22:32:23	60.11	6499	1530	1550
1247	22:33:23	60.14	6499	1530	1550
1248	22:34:23	60.16	6499	1529	1549
1249	22:35:24	60.10	6499	1529	1549
1250	22:36:24	60.07	6499	1528	1548
1251	22:37:24	60.17	6499	1528	1548
1252	22:38:24	60.11	6499	1528	1547
1253	22:39:24	60.17	6499	1527	1547
1254	22:40:24	60.13	6499	1527	1547
1255	22:41:24	60.13	6499	1526	1546
1256	22:42:24	60.16	6499	1526	1546
1257	22:43:25	60.08	6499	1526	1545
1258	22:44:25	60.12	6499	1525	1545
1259	22:45:25	60.14	6499	1525	1545
1260	22:46:25	60.11	6499	1525	1544
1261	22:47:25	60.16	6499	1524	1544
1262	22:48:25	60.09	6499	1524	1543
1263	22:49:25	60.14	6499	1523	1543
1264	22:50:25	60.08	6499	1523	1543
1265	22:51:26	60.14	6499	1522	1542
1266	22:52:26	60.12	6499	1522	1542
1267	22:53:26	38.85	6499	1521	1541
1268	22:54:05	60.69	6499	1521	1541
1269	22:55:05	60.08	6499	1521	1540
1270	22:56:05	60.08	6499	1520	1540
1271	22:57:06	60.09	6499	1520	1539
1272	22:58:06	60.17	6499	1519	1539
1273	22:59:06	60.13	6499	1519	1539
1274	23:00:06	60.12	6499	1518	1538
1275	23:01:06	60.10	6499	1518	1538
1276	23:02:06	60.13	6499	1517	1537
1277	23:03:06	60.13	6499	1517	1537
1278	23:04:06	60.16	6499	1517	1536
1279	23:05:07	60.09	6499	1516	1536
1280	23:06:07	60.13	6499	1516	1535
1281	23:07:07	60.08	6499	1515	1535
1282	23:08:07	60.16	6499	1515	1535
1283	23:09:07	60.16	6499	1514	1534
1284	23:10:07	60.12	6499	1514	1534
1285	23:11:07	60.11	6499	1513	1533
1286	23:12:07	60.12	6499	1513	1533
1287	23:13:08	60.14	6499	1512	1532
1288	23:14:08	60.13	6499	1512	1532
1289	23:15:08	60.12	6499	1512	1532
1290	23:16:08	60.13	6499	1511	1531
1291	23:17:08	60.16	6499	1511	1531
1292	23:18:08	60.12	6499	1510	1530
1293	23:19:08	60.14	6499	1510	1530
1294	23:20:08	60.11	6499	1509	1529
1295	23:21:09	60.09	6499	1509	1529
1296	23:22:09	60.14	6499	1508	1528
1297	23:23:09	60.15	6499	1508	1528
1298	23:24:09	60.15	6499	1508	1528
1299	23:25:09	60.15	6499	1507	1527
1300	23:26:09	60.12	6499	1507	1527
1301	23:27:09	60.13	6499	1506	1526
1302	23:28:10	60.16	6499	1506	1526
1303	23:29:10	60.12	6499	1505	1525
1304	23:30:10	60.08	6499	1505	1525
1305	23:31:10	60.08	6499	1504	1524
1306	23:32:10	60.11	6499	1504	1524
1307	23:33:10	60.07	6499	1504	1524
1308	23:34:10	60.15	6499	1503	1523
1309	23:35:10	60.14	6499	1503	1520
1310	23:36:10	60.12	6499	1502	1522
1311	23:37:11	60.12	6499	1502	1522
1312	23:38:11	60.12	6499	1501	1521
1313	23:39:11	60.14	6499	1501	1521
1314	23:40:11	60.12	6499	1500	1521
1315	23:41:11	60.16	6499	1500	1520
1316	23:42:11	60.15	6499	1500	1520
1317	23:43:11	60.16	6499	1499	1519
1318	23:44:12	60.11	6499	1499	1519
1319	23:45:12	60.16	6499	1498	1518
1320	23:46:12	60.12	6499	1498	1518
1321	23:47:12	60.16	6499	1497	1517
1322	23:48:12	60.14	6499	1497	1517
1323	23:49:12	60.15	6499	1496	1517
1324	23:50:12	60.12	6499	1496	1516
1325	23:51:13	60.11	6499	1496	1516
1326	23:52:13	60.11	6499	1495	1515
1327	23:53:13	60.10	6499	1495	1515
1328	23:54:13	60.15	6499	1494	1514
1329	23:55:13	60.13	6499	1494	1514
1330	23:56:13	60.14	6499	1493	1514
1331	23:57:13	60.09	6499	1493	1513
1332	23:58:13	60.12	6499	1493	1513
1333	23:59:13	60.11	6499	1492	1512
1334	00:00:14	60.15	6499	1492	1512
1335	00:01:14	60.08	6499	1492	1512
1336	00:02:14	60.11	6499	1491	1512
1337	00:03:14	60.11	6499	1491	1511
1338	00:04:14	60.10	6499	1491	1511
1339	00:05:14	60.17	6499	1490	1510
1340	00:06:14	60.13	6499	1490	1510
1341	00:07:14	60.14	6499	1489	1509
1342	00:08:15	60.15	6499	1489	1509
1343	00:09:15	25.79	6499	1488	1509
1344	00:09:40	13.95	6499	1488	1508
1345	00:09:54	60.22	6499	1488	1508
1346	00:10:55	60.16	6499	1487	1507
1347	00:11:55	60.14	6499	1487	1507
1348	00:12:55	60.12	6499	1486	1506
1349	00:13:55	60.17	6499	1486	1506
1350	00:14:55	60.11	6499	1485	1505
1351	00:15:55	60.14	6499	1485	1505
1352	00:16:56	60.15	6499	1484	1505
1353	00:17:56	60.08	6499	1484	1504
1354	00:18:56	60.12	6499	1484	1504
1355	00:19:56	60.12	6499	1483	1503
1356	00:20:56	60.09	6499	1483	1503
1357	00:21:56	60.10	6499	1482	1502
1358	00:22:56	60.13	6499	1482	1502
1359	00:23:56	60.09	6499	1481	1502
1360	00:24:56	60.14	6499	1481	1501
1361	00:25:57	60.17	6499	1481	1501
1362	00:26:57	60.09	6499	1480	1500
1363	00:27:57	60.17	6499	1480	1500
1364	00:28:57	60.11	6499	1479	1499
1365	00:29:57	60.15	6499	1479	1499
1366	00:30:57	60.23	6499	1478	1499
1367	00:31:57	60.15	6499	1478	1498
1368	00:32:58	60.09	6499	1477	1498
1369	00:33:58	60.12	6499	1477	1497
1370	00:34:58	60.14	6499	1477	1497
1371	00:35:58	60.17	6499	1476	1496
1372	00:36:58	60.16	6499	1476	1496
1373	00:37:58	60.16	6499	1475	1496
1374	00:38:58	60.12	6499	1475	1495
1375	00:39:59	60.14	6499	1475	1495
1376	00:40:59	60.12	6499	1474	1494
1377	00:41:59	60.18	6499	1474	1494
1378	00:42:59	60.11	6499	1473	1493
1379	00:43:59	60.39	6499	1473	1493
1380	00:45:00	60.57	6499	1472	1493
1381	00:46:00	60.65	6499	1472	1492
1382	00:47:01	60.48	6499	1472	1492
1383	00:48:01	60.52	6499	1471	1491
1384	00:49:02	60.56	6499	1471	1491
1385	00:50:02	60.62	6499	1470	1491
1386	00:51:03	60.48	6499	1470	1490
1387	00:52:03	60.51	6499	1469	1490
1388	00:53:04	63.79	6499	1469	1489
1389	00:54:08	60.15	6499	1469	1489
1390	00:55:08	60.12	6499	1468	1488
1391	00:56:08	60.09	6499	1468	1488
1392	00:57:08	60.10	6499	1467	1488
1393	00:58:08	60.14	6499	1467	1487
1394	00:59:08	60.10	6499	1466	1487
1395	01:00:08	60.09	6499	1466	1486
1396	01:01:09	60.32	6499	1466	1486
1397	01:02:09	60.49	6499	1465	1485
1398	01:03:09	60.55	6499	1465	1485
1399	01:04:10	60.73	6499	1464	1485
1400	01:05:11	60.43	6499	1464	1484
1401	01:06:11	60.48	6499	1464	1484
1402	01:07:12	60.59	6499	1463	1483
1403	01:08:12	60.14	6499	1463	1483
1404	01:09:12	61.29	6499	1462	1482
1405	01:10:14	60.15	6499	1462	1482
1406	01:11:14	60.54	6499	1461	1482
1407	01:12:14	60.70	6499	1461	1481
1408	01:13:15	60.40	6499	1461	1481
1409	01:14:15	60.17	6499	1460	1480
1410	01:15:15	60.41	6499	1457	1478
1411	01:16:16	60.39	6499	1459	1480
1412	01:17:16	60.53	6499	1459	1479
1413	01:18:17	60.47	6499	1459	1479
1414	01:19:17	60.83	6499	1458	1478
1415	01:20:18	60.28	6499	1458	1478
1416	01:21:18	60.51	6499	1457	1477
1417	01:22:19	60.56	6499	1457	1477
1418	01:23:19	64.26	6499	1456	1477
1419	01:24:24	60.14	6499	1456	1476
1420	01:25:24	60.12	6499	1456	1476
1421	01:26:24	60.10	6499	1455	1475
1422	01:27:24	60.08	6499	1455	1475
1423	01:28:24	60.09	6499	1454	1474
1424	01:29:24	60.16	6499	1454	1474
1425	01:30:24	60.28	6499	1453	1474
1426	01:31:25	60.68	6499	1453	1473
1427	01:32:25	60.32	6499	1453	1473
1428	01:33:26	60.54	6499	1452	1472
1429	01:34:26	60.67	6499	1452	1472
1430	01:35:27	60.43	6499	1451	1472
1431	01:36:27	60.53	6499	1451	1471
1432	01:37:28	60.56	6499	1451	1471
1433	01:38:28	60.61	6499	1450	1470
1434	01:39:29	60.46	6499	1450	1470
1435	01:40:29	60.55	6499	1449	1470
1436	01:41:30	60.70	6499	1449	1469
1437	01:42:31	60.45	6499	1449	1469
1438	01:43:31	60.46	6499	1448	1469
1439	01:44:32	60.59	6499	1448	1468
1440	01:45:32	60.67	6499	1448	1468
1441	01:46:33	60.61	6499	1447	1467
1442	01:47:34	60.39	6499	1447	1467
1443	01:48:34	60.68	6499	1446	1467
1444	01:49:35	50.43	6499	1446	1466
1445	01:50:25	10.26	6499	1446	1466
1446	01:50:35	60.28	6499	1445	1466
1447	01:51:36	60.66	6499	1445	1465
1448	01:52:36	60.64	6499	1445	1465
1449	01:53:37	60.38	6499	1444	1464
1450	01:54:37	60.66	6499	1444	1464
1451	01:55:38	60.37	6499	1443	1464
1452	01:56:38	60.67	6499	1443	1463
1453	01:57:39	40.70	6499	1443	1463
1454	01:58:20	39.29	6499	1442	1462
1455	01:58:59	10.23	6499	1442	1462
1456	01:59:09	60.08	6499	1441	1462
1457	02:00:09	60.11	6499	1441	1461
1458	02:01:09	60.15	6499	1440	1461
1459	02:02:09	60.13	6499	1440	1460
1460	02:03:10	60.11	6499	1440	1460
1461	02:04:10	60.12	6499	1439	1460
1462	02:05:10	60.19	6499	1439	1460
1463	02:06:10	60.12	6499	1439	1459
1464	02:07:10	60.18	6499	1438	1459
1465	02:08:10	60.15	6499	1438	1458
1466	02:09:10	60.12	6499	1438	1458
1467	02:10:11	60.07	6499	1437	1458
1468	02:11:11	60.13	6499	1437	1457
1469	02:12:11	60.14	6499	1436	1457
1470	02:13:11	60.15	6499	1436	1456
1471	02:14:11	10.01	6499	1436	1456
1472	02:14:21	60.83	6499	1435	1456
1473	02:15:22	60.15	6499	1435	1455
1474	02:16:22	60.14	6499	1434	1455
1475	02:17:22	60.13	6499	1434	1454
1476	02:18:22	60.17	6499	1434	1454
1477	02:19:23	60.08	6499	1433	1454
1478	02:20:23	60.07	6499	1433	1453
1479	02:21:23	60.19	6499	1432	1453
1480	02:22:23	60.17	6499	1432	1452
1481	02:23:23	60.16	6499	1432	1452
1482	02:24:23	60.12	6499	1431	1452
1483	02:25:23	60.08	6499	1431	1451
1484	02:26:23	60.16	6499	1430	1451
1485	02:27:24	60.15	6499	1430	1450
1486	02:28:24	60.11	6499	1430	1450
1487	02:29:24	60.16	6499	1428	1450
1488	02:30:24	60.10	6499	1429	1449
1489	02:31:24	60.10	6499	1428	1449
1490	02:32:24	60.11	6499	1428	1448
1491	02:33:24	60.07	6499	1428	1448
1492	02:34:24	60.08	6499	1427	1448
1493	02:35:24	60.08	6499	1427	1447
1494	02:36:25	60.12	6499	1426	1447
1495	02:37:25	60.15	6499	1426	1446
1496	02:38:25	60.17	6499	1426	1446
1497	02:39:25	60.16	6499	1425	1446
1498	02:40:25	60.13	6499	1425	1445
1499	02:41:25	60.07	6499	1424	1445
1500	02:42:25	60.12	6499	1424	1444
1501	02:43:25	60.10	6499	1424	1444
1502	02:44:26	60.17	6499	1423	1444
1503	02:45:26	60.08	6499	1423	1443
1504	02:46:26	60.08	6499	1422	1443
1505	02:47:26	60.07	6499	1422	1442
1506	02:48:26	60.15	6499	1422	1442
1507	02:49:26	60.16	6499	1421	1442
1508	02:50:26	60.12	6499	1421	1441
1509	02:51:26	60.17	6499	1420	1441
1510	02:52:27	60.15	6499	1420	1440
1511	02:53:27	60.18	6499	1420	1440
1512	02:54:27	60.16	6499	1419	1440
1513	02:55:27	60.17	6499	1419	1439
1514	02:56:27	60.13	6499	1418	1439
1515	02:57:27	60.12	6499	1418	1438
1516	02:58:27	60.11	6499	1418	1438
1517	02:59:28	60.17	6499	1417	1438
1518	03:00:28	60.15	6499	1417	1437
1519	03:01:28	60.19	6499	1417	1437
1520	03:02:28	60.13	6499	1416	1436
1521	03:03:28	60.18	6499	1416	1436
1522	03:04:28	60.13	6499	1416	1436
1523	03:05:29	60.17	6499	1415	1435
1524	03:06:29	60.15	6499	1415	1435
1525	03:07:29	60.11	6499	1414	1435
1526	03:08:29	60.12	6499	1414	1434
1527	03:09:29	60.12	6499	1414	1434
1528	03:10:29	60.17	6499	1413	1433
1529	03:11:29	60.14	6499	1413	1433
1530	03:12:30	60.11	6499	1412	1433
1531	03:13:30	60.18	6499	1412	1432
1532	03:14:30	60.14	6499	1412	1432
1533	03:15:30	60.08	6499	1411	1431
1534	03:16:30	60.11	6499	1411	1431
1535	03:17:30	60.09	6499	1410	1431
1536	03:18:30	60.17	6499	1410	1430
1537	03:19:30	60.13	6499	1410	1430
1538	03:20:31	60.14	6499	1409	1429
1539	03:21:31	60.17	6499	1409	1429
1540	03:22:31	60.16	6499	1408	1429
1541	03:23:31	60.17	6499	1408	1428
1542	03:24:31	60.15	6499	1408	1428
1543	03:25:31	60.14	6499	1407	1427
1544	03:26:31	60.13	6499	1407	1427
1545	03:27:32	60.12	6499	1406	1427
1546	03:28:32	60.16	6499	1406	1426
1547	03:29:32	60.14	6499	1406	1426
1548	03:30:32	60.10	6499	1405	1426
1549	03:31:32	60.17	6499	1405	1425
1550	03:32:32	60.10	6499	1404	1425
1551	03:33:32	60.15	6499	1404	1424
1552	03:34:33	60.13	6499	1403	1424
1553	03:35:33	60.09	6499	1403	1424
1554	03:36:33	60.13	6499	1403	1423
1555	03:37:33	60.09	6499	1402	1423
1556	03:38:33	60.17	6499	1402	1422
1557	03:39:33	60.17	6499	1402	1422
1558	03:40:33	60.13	6499	1401	1422
1559	03:41:33	60.12	6499	1401	1421
1560	03:42:34	60.15	6499	1401	1421
1561	03:43:34	60.10	6499	1400	1421
1562	03:44:34	60.17	6499	1400	1421
1563	03:45:34	60.15	6499	1397	1420
1564	03:46:34	60.16	6499	1399	1420
1565	03:47:34	60.12	6499	1399	1420
1566	03:48:34	60.13	6499	1399	1419
1567	03:49:35	60.12	6499	1398	1419
1568	03:50:35	60.14	6499	1398	1418
1569	03:51:35	60.13	6499	1398	1418
1570	03:52:35	13.90	6499	1397	1418
1571	03:52:49	14.32	6499	1397	1417
1572	03:53:03	60.19	6499	1396	1417
1573	03:54:03	60.12	6499	1396	1417
1574	03:55:03	60.17	6499	1396	1416
1575	03:56:04	60.10	6499	1395	1416
1576	03:57:04	60.14	6499	1395	1415
1577	03:58:04	60.16	6499	1394	1415
1578	03:59:04	60.11	6499	1394	1415
1579	04:00:04	60.16	6499	1394	1414
1580	04:01:04	60.11	6499	1393	1414
1581	04:02:04	60.15	6499	1393	1414
1582	04:03:05	60.12	6499	1393	1413
1583	04:04:05	60.08	6499	1393	1413
1584	04:05:05	60.12	6499	1392	1412
1585	04:06:05	60.11	6499	1392	1412
1586	04:07:05	60.15	6499	1391	1412
1587	04:08:05	60.08	6499	1391	1411
1588	04:09:05	60.14	6499	1390	1411
1589	04:10:05	60.10	6499	1390	1411
1590	04:11:05	60.13	6499	1390	1410
1591	04:12:06	60.17	6499	1389	1410
1592	04:13:06	60.14	6499	1389	1409
1593	04:14:06	60.16	6499	1389	1409
1594	04:15:06	60.14	6499	1388	1409
1595	04:16:06	60.13	6499	1388	1408
1596	04:17:06	60.13	6499	1387	1408
1597	04:18:06	60.14	6499	1387	1408
1598	04:19:07	60.09	6499	1387	1407
1599	04:20:07	60.07	6499	1386	1407
1600	04:21:07	60.10	6499	1386	1406
1601	04:22:07	60.16	6499	1385	1406
1602	04:23:07	60.10	6499	1385	1406
1603	04:24:07	60.16	6499	1384	1405
1604	04:25:07	60.12	6499	1384	1405
1605	04:26:07	60.15	6499	1384	1405
1606	04:27:08	60.08	6499	1383	1404
1607	04:28:08	60.12	6499	1383	1404
1608	04:29:08	60.13	6499	1383	1403
1609	04:30:08	60.08	6499	1382	1403
1610	04:31:08	60.17	6499	1382	1403
1611	04:32:08	60.15	6499	1381	1402
1612	04:33:08	60.14	6499	1381	1402
1613	04:34:08	60.13	6499	1381	1402
1614	04:35:09	60.09	6499	1380	1401
1615	04:36:09	60.16	6499	1380	1401
1616	04:37:09	60.07	6499	1379	1400
1617	04:38:09	60.22	6499	1379	1400
1618	04:39:09	60.16	6499	1379	1400
1619	04:40:09	60.13	6499	1378	1399
1620	04:41:09	60.14	6499	1378	1399
1621	04:42:10	60.11	6499	1378	1399
1622	04:43:10	60.07	6499	1377	1398
1623	04:44:10	60.14	6499	1377	1398
1624	04:45:10	60.12	6499	1377	1398
1625	04:46:10	60.13	6499	1376	1397
1626	04:47:10	60.16	6499	1376	1397
1627	04:48:10	60.11	6499	1375	1396
1628	04:49:10	60.16	6499	1375	1396
1629	04:50:11	60.11	6499	1375	1396
1630	04:51:11	60.17	6499	1374	1395
1631	04:52:11	60.10	6499	1374	1395
1632	04:53:11	60.10	6499	1373	1395
1633	04:54:11	60.13	6499	1373	1394
1634	04:55:11	60.10	6499	1373	1394
1635	04:56:11	60.14	6499	1372	1394
1636	04:57:11	60.13	6499	1372	1393
1637	04:58:12	60.12	6499	1372	1393
1638	04:59:12	60.13	6499	1371	1392
1639	05:00:12	60.12	6499	1371	1392
1640	05:01:12	60.09	6499	1370	1392
1641	05:02:12	60.11	6499	1370	1391
1642	05:03:12	60.15	6499	1370	1391
1643	05:04:12	60.13	6499	1369	1391
1644	05:05:12	60.13	6499	1369	1390
1645	05:06:12	60.08	6499	1369	1390
1646	05:07:13	60.18	6499	1368	1390
1647	05:08:13	60.14	6499	1368	1389
1648	05:09:13	60.14	6499	1367	1389
1649	05:10:13	60.12	6499	1367	1389
1650	05:11:13	60.16	6499	1367	1388
1651	05:12:13	60.11	6499	1366	1388
1652	05:13:13	60.12	6499	1366	1387
1653	05:14:14	60.14	6499	1366	1387
1654	05:15:14	60.12	6499	1365	1387
1655	05:16:14	60.16	6499	1365	1386
1656	05:17:14	60.09	6499	1364	1386
1657	05:18:14	60.17	6499	1364	1386
1658	05:19:14	60.15	6499	1364	1385
1659	05:20:14	60.11	6499	1363	1385
1660	05:21:14	60.13	6499	1363	1385
1661	05:22:15	60.08	6499	1363	1384
1662	05:23:15	60.13	6499	1362	1384
1663	05:24:15	60.09	6499	1362	1383
1664	05:25:15	60.12	6499	1362	1383
1665	05:26:15	60.09	6499	1361	1383
1666	05:27:15	60.08	6499	1361	1382
1667	05:28:15	60.18	6499	1360	1382
1668	05:29:15	60.17	6499	1360	1382
1669	05:30:16	60.17	6499	1360	1381
1670	05:31:16	60.11	6499	1359	1381
1671	05:32:16	60.15	6499	1359	1381
1672	05:33:16	60.11	6499	1359	1380
1673	05:34:16	60.08	6499	1358	1380
1674	05:35:16	60.14	6499	1358	1380
1675	05:36:16	60.13	6499	1357	1379
1676	05:37:16	60.12	6499	1357	1379
1677	05:38:17	60.14	6499	1357	1378
1678	05:39:17	60.07	6499	1356	1378
1679	05:40:17	60.03	6499	1356	1378
1680	05:41:17	60.12	6499	1356	1377
1681	05:42:17	60.08	6499	1355	1377
1682	05:43:17	60.14	6499	1355	1377
1683	05:44:17	60.15	6499	1355	1376
1684	05:45:17	60.17	6499	1354	1376
1685	05:46:17	60.12	6499	1354	1376
1686	05:47:18	60.09	6499	1353	1375
1687	05:48:18	60.11	6499	1353	1375
1688	05:49:18	60.18	6499	1353	1374
1689	05:50:18	60.10	6499	1352	1374
1690	05:51:18	60.11	6499	1352	1374
1691	05:52:18	60.11	6499	1352	1373
1692	05:53:18	60.14	6499	1351	1373
1693	05:54:18	60.10	6499	1351	1373
1694	05:55:19	60.12	6499	1351	1372
1695	05:56:19	60.12	6499	1350	1372
1696	05:57:19	60.15	6499	1350	1372
1697	05:58:19	60.16	6499	1349	1371
1698	05:59:19	60.14	6499	1349	1371
1699	06:00:19	60.10	6499	1349	1371
1700	06:01:19	60.12	6499	1348	1370
1701	06:02:19	60.10	6499	1348	1370
1702	06:03:20	60.14	6499	1346	1370
1703	06:04:20	60.09	6499	1347	1369
1704	06:05:20	60.10	6499	1347	1369
1705	06:06:20	60.11	6499	1347	1368
1706	06:07:20	60.11	6499	1346	1368
1707	06:08:20	60.13	6499	1346	1368
1708	06:09:20	60.12	6499	1346	1367
1709	06:10:20	60.14	6499	1345	1367
1710	06:11:20	60.08	6499	1345	1367
1711	06:12:21	60.16	6499	1344	1366
1712	06:13:21	60.08	6499	1344	1366
1713	06:14:21	60.16	6499	1344	1366
1714	06:15:21	60.13	6499	1343	1365
1715	06:16:21	60.13	6499	1343	1365
1716	06:17:21	60.08	6499	1343	1365
1717	06:18:21	60.13	6499	1342	1364
1718	06:19:21	60.15	6499	1342	1364
1719	06:20:22	60.10	6499	1342	1364
1720	06:21:22	60.14	6499	1342	1363
1721	06:22:22	60.09	6499	1342	1363
1722	06:23:22	60.13	6499	1341	1363
1723	06:24:22	60.12	6499	1341	1363
1724	06:25:22	60.08	6499	1341	1362
1725	06:26:22	60.14	6499	1340	1362
1726	06:27:22	60.09	6499	1340	1361
1727	06:28:22	60.11	6499	1339	1361
1728	06:29:23	60.16	6499	1339	1361
1729	06:30:23	60.15	6499	1339	1360
1730	06:31:23	31.28	6499	1338	1360
1731	06:31:54	60.41	6499	1338	1360
1732	06:32:55	60.13	6499	1338	1359
1733	06:33:55	60.17	6499	1337	1359
1734	06:34:55	60.09	6499	1337	1359
1735	06:35:55	60.13	6499	1336	1358
1736	06:36:55	60.16	6499	1336	1358
1737	06:37:55	60.14	6499	1336	1358
1738	06:38:55	60.17	6499	1335	1357
1739	06:39:56	60.14	6499	1335	1357
1740	06:40:56	60.12	6499	1335	1357
1741	06:41:56	60.10	6499	1334	1354
1742	06:42:56	60.13	6499	1334	1356
1743	06:43:56	60.10	6499	1334	1355
1744	06:44:56	60.11	6499	1333	1355
1745	06:45:56	60.11	6499	1333	1355
1746	06:46:56	60.17	6499	1333	1354
1747	06:47:57	60.12	6499	1332	1354
1748	06:48:57	60.15	6499	1332	1354
1749	06:49:57	60.14	6499	1331	1353
1750	06:50:57	60.18	6499	1331	1353
1751	06:51:57	60.13	6499	1331	1353
1752	06:52:57	60.15	6499	1330	1352
1753	06:53:57	60.14	6499	1330	1352
1754	06:54:58	60.15	6499	1330	1352
1755	06:55:58	60.13	6499	1329	1351
1756	06:56:58	60.13	6499	1329	1351
1757	06:57:58	60.14	6499	1328	1351
1758	06:58:58	60.16	6499	1328	1350
1759	06:59:58	60.23	6499	1328	1350
1760	07:00:58	60.17	6499	1327	1350
1761	07:01:59	60.09	6499	1327	1349
1762	07:02:59	60.14	6499	1327	1349
1763	07:03:59	60.12	6499	1326	1349
1764	07:04:59	60.17	6499	1326	1348
1765	07:05:59	60.13	6499	1326	1348
1766	07:06:59	60.11	6499	1325	1348
1767	07:07:59	60.12	6499	1325	1347
1768	07:09:00	60.08	6499	1325	1347
1769	07:10:00	60.12	6499	1324	1347
1770	07:11:00	60.15	6499	1324	1346
1771	07:12:00	60.08	6499	1323	1346
1772	07:13:00	60.13	6499	1323	1346
1773	07:14:00	60.12	6499	1323	1345
1774	07:15:00	60.16	6499	1322	1345
1775	07:16:00	60.11	6499	1322	1345
1776	07:17:00	60.12	6499	1322	1344
1777	07:18:01	60.12	6499	1321	1344
1778	07:19:01	60.14	6499	1321	1344
1779	07:20:01	60.11	6499	1321	1343
1780	07:21:01	60.09	6499	1320	1343
1781	07:22:01	60.14	6499	1320	1342
1782	07:23:01	60.16	6499	1319	1342
1783	07:24:01	60.13	6499	1319	1342
1784	07:25:01	60.27	6499	1319	1341
1785	07:26:02	60.34	6499	1318	1341
1786	07:27:02	60.17	6499	1318	1341
1787	07:28:02	60.08	6499	1318	1341
1788	07:29:02	60.14	6499	1317	1340
1789	07:30:02	60.09	6499	1317	1340
1790	07:31:03	60.13	6499	1317	1339
1791	07:32:03	60.13	6499	1316	1336
1792	07:33:03	60.17	6499	1316	1339
1793	07:34:03	60.10	6499	1316	1338
1794	07:35:03	60.18	6499	1315	1338
1795	07:36:03	60.14	6499	1315	1338
1796	07:37:03	60.12	6499	1315	1337
1797	07:38:04	60.14	6499	1314	1337
1798	07:39:04	60.15	6499	1314	1337
1799	07:40:04	60.14	6499	1313	1336
1800	07:41:04	60.13	6499	1313	1336
1801	07:42:04	60.17	6499	1313	1336
1802	07:43:04	60.17	6499	1312	1335
1803	07:44:04	60.13	6499	1312	1335
1804	07:45:05	60.11	6499	1312	1335
1805	07:46:05	60.11	6499	1311	1334
1806	07:47:05	60.12	6499	1311	1334
1807	07:48:05	60.08	6499	1311	1334
1808	07:49:05	60.12	6499	1310	1333
1809	07:50:05	60.12	6499	1310	1333
1810	07:51:05	60.17	6499	1310	1333
1811	07:52:05	60.11	6499	1309	1332
1812	07:53:05	60.13	6499	1309	1332
1813	07:54:06	60.11	6499	1309	1332
1814	07:55:06	60.11	6499	1308	1331
1815	07:56:06	60.08	6499	1308	1331
1816	07:57:06	60.12	6499	1308	1331
1817	07:58:06	60.18	6499	1307	1330
1818	07:59:06	60.13	6499	1307	1330
1819	08:00:06	60.14	6499	1307	1330
1820	08:01:06	60.14	6499	1306	1329
1821	08:02:07	60.16	6499	1306	1329
1822	08:03:07	60.15	6499	1305	1329
1823	08:04:07	60.09	6499	1305	1328
1824	08:05:07	60.11	6499	1305	1328
1825	08:06:07	60.13	6499	1304	1328
1826	08:07:07	60.14	6499	1304	1328
1827	08:08:07	60.12	6499	1304	1327
1828	08:09:07	60.13	6499	1303	1327
1829	08:10:08	60.12	6499	1303	1327
1830	08:11:08	60.16	6499	1303	1326
1831	08:12:08	60.08	6499	1302	1326
1832	08:13:08	60.11	6499	1302	1325
1833	08:14:08	60.12	6499	1302	1325
1834	08:15:08	60.18	6499	1301	1325
1835	08:16:08	60.12	6499	1301	1325
1836	08:17:09	60.15	6499	1301	1324
1837	08:18:09	60.12	6499	1300	1324
1838	08:19:09	60.12	6499	1300	1324
1839	08:20:09	60.06	6499	1300	1323
1840	08:21:09	60.12	6499	1299	1323
1841	08:22:09	60.11	6499	1299	1323
1842	08:23:09	60.07	6499	1299	1322
1843	08:24:09	60.13	6499	1298	1322
1844	08:25:09	60.14	6499	1298	1322
1845	08:26:10	60.10	6499	1298	1321
1846	08:27:10	52.89	6499	1298	1321
1847	08:28:03	60.09	6499	1297	1321
1848	08:29:03	60.11	6499	1297	1320
1849	08:30:03	60.09	6499	1296	1320
1850	08:31:03	60.12	6499	1296	1320
1851	08:32:03	60.17	6499	1296	1319
1852	08:33:03	60.16	6499	1296	1319
1853	08:34:03	60.14	6499	1295	1319
1854	08:35:03	60.13	6499	1295	1318
1855	08:36:04	60.13	6499	1294	1318
1856	08:37:04	60.12	6499	1294	1318
1857	08:38:04	60.13	6499	1294	1317
1858	08:39:04	60.14	6499	1294	1317
1859	08:40:04	60.16	6499	1293	1317
1860	08:41:04	60.14	6499	1293	1316
1861	08:42:04	60.08	6499	1293	1316
1862	08:43:04	60.10	6499	1292	1316
1863	08:44:05	60.16	6499	1292	1315
1864	08:45:05	60.11	6499	1291	1315
1865	08:46:05	60.14	6499	1291	1315
1866	08:47:05	60.14	6499	1291	1314
1867	08:48:05	60.12	6499	1291	1314
1868	08:49:05	60.10	6499	0	0
1869	08:50:05	60.14	6499	0	0
1870	08:51:05	60.16	6499	0	0
1871	08:52:06	60.11	6499	0	0
1872	08:53:06	60.10	6499	0	0
1873	08:54:06	60.15	6499	0	0
1874	08:55:06	60.12	6499	0	0
1875	08:56:06	60.18	6499	0	0
1876	08:57:06	60.10	6499	0	0
1877	08:58:06	10.06	6499	0	0
1878	08:58:16	60.38	6499	0	0
1879	08:59:17	60.14	6499	0	0
1880	09:00:17	60.16	6499	0	0
1881	09:01:17	60.10	6499	0	0
1882	09:02:17	60.08	6500	0	0
1883	09:03:17	60.10	6501	-1	-1
1884	09:04:17	60.08	6501	0	0
1885	09:05:17	60.14	6501	0	0
1886	09:06:18	60.16	6501	0	0
1887	09:07:18	60.16	6501	0	0
1888	09:08:18	60.11	6501	0	0
1889	09:09:18	60.13	6500	0	0
1890	09:10:18	60.09	6420	0	0
1891	09:11:18	60.10	6215	0	0
1892	09:12:18	60.16	5890	0	0
1893	09:13:19	60.13	5532	0	0
1894	09:14:19	51.86	5179	0	0
Created by AtlRunQuery on: 2018-08-25 17:39:16.734917
