LHC beam energy and intensities during run 302831:
(Begin/end of run: Sun Jun 26 2016 06:30:12 − 08:30:34)

LB	   Start time
(CEST)	   Duration
(sec)	   Beam energy
(GeV)	   Intensity Beam-1
(1e11 protons)	   Intensity Beam-2
(1e11 protons)
1	06:30:12	60.07	6499	1469	1457
2	06:31:12	26.23	6499	1469	1457
3	06:31:38	10.12	6499	1469	1456
4	06:31:48	60.13	6499	1468	1456
5	06:32:48	60.07	6499	1468	1456
6	06:33:48	60.11	6499	1468	1455
7	06:34:49	60.16	6499	1467	1455
8	06:35:49	60.10	6499	1467	1455
9	06:36:49	60.08	6499	1466	1454
10	06:37:49	53.65	6499	1466	1454
11	06:38:43	60.50	6499	1466	1454
12	06:39:43	60.18	6499	1465	1453
13	06:40:43	60.13	6499	1465	1453
14	06:41:43	60.16	6499	1464	1452
15	06:42:44	60.16	6499	1464	1452
16	06:43:44	60.16	6499	1464	1452
17	06:44:44	60.18	6499	1463	1451
18	06:45:44	60.12	6499	1463	1451
19	06:46:44	60.12	6499	1462	1450
20	06:47:44	60.17	6499	1462	1450
21	06:48:44	60.12	6499	1462	1450
22	06:49:45	60.13	6499	1461	1449
23	06:50:45	60.09	6499	1461	1449
24	06:51:45	60.13	6499	1460	1448
25	06:52:45	60.08	6499	1460	1448
26	06:53:45	60.11	6499	1460	1448
27	06:54:45	60.14	6499	1459	1447
28	06:55:45	60.15	6499	1459	1447
29	06:56:45	60.12	6499	1458	1446
30	06:57:46	60.11	6499	1458	1446
31	06:58:46	60.13	6499	1458	1446
32	06:59:46	60.11	6499	1457	1445
33	07:00:46	60.16	6499	1457	1445
34	07:01:46	60.09	6499	1456	1445
35	07:02:46	60.13	6499	1456	1444
36	07:03:46	60.09	6499	1456	1444
37	07:04:46	60.13	6499	1455	1443
38	07:05:46	60.18	6499	1455	1443
39	07:06:47	60.10	6499	1454	1443
40	07:07:47	60.13	6499	1454	1442
41	07:08:47	60.16	6499	1454	1442
42	07:09:47	60.14	6499	1453	1441
43	07:10:47	60.14	6499	1453	1441
44	07:11:47	60.15	6499	1453	1441
45	07:12:47	60.12	6499	1452	1440
46	07:13:48	60.11	6499	1452	1440
47	07:14:48	60.13	6499	1451	1439
48	07:15:48	60.14	6499	1451	1439
49	07:16:48	31.72	6499	1451	1439
50	07:17:20	60.23	6499	1450	1438
51	07:18:20	60.15	6499	1450	1438
52	07:19:20	60.08	6499	1450	1438
53	07:20:20	60.12	6499	1449	1437
54	07:21:20	60.13	6499	1449	1437
55	07:22:20	60.13	6499	1448	1436
56	07:23:21	60.11	6499	1448	1436
57	07:24:21	60.13	6499	1448	1436
58	07:25:21	60.14	6499	1447	1435
59	07:26:21	60.16	6499	1447	1435
60	07:27:21	60.18	6499	1447	1435
61	07:28:21	60.17	6499	1446	1434
62	07:29:21	60.13	6499	1446	1434
63	07:30:22	60.16	6499	1445	1433
64	07:31:22	16.83	6499	1445	1433
65	07:31:39	15.75	6499	1445	1433
66	07:31:54	60.18	6499	1445	1433
67	07:32:54	60.11	6499	1444	1432
68	07:33:55	60.16	6499	1444	1432
69	07:34:55	60.14	6499	1444	1432
70	07:35:55	60.12	6499	1443	1431
71	07:36:55	60.08	6499	1443	1431
72	07:37:55	60.16	6499	1442	1430
73	07:38:55	60.11	6499	1442	1430
74	07:39:55	60.26	6499	1442	1430
75	07:40:56	60.12	6499	1441	1429
76	07:41:56	60.25	6499	1441	1429
77	07:42:56	60.23	6499	1440	1429
78	07:43:56	60.14	6499	1440	1428
79	07:44:56	60.13	6499	1440	1428
80	07:45:56	17.01	6499	1439	1428
81	07:46:13	60.14	6499	1439	1427
82	07:47:14	60.11	6499	1439	1427
83	07:48:14	60.11	6499	1438	1427
84	07:49:14	60.11	6499	1438	1426
85	07:50:14	60.09	6499	1438	1426
86	07:51:14	60.16	6499	1437	1425
87	07:52:14	60.09	6499	1437	1425
88	07:53:14	60.11	6499	1437	1425
89	07:54:14	60.08	6499	1436	1424
90	07:55:14	60.08	6499	1436	1424
91	07:56:15	60.14	6499	1435	1424
92	07:57:15	60.13	6499	1435	1423
93	07:58:15	60.08	6499	1435	1423
94	07:59:15	60.15	6499	1434	1422
95	08:00:15	60.12	6499	1434	1422
96	08:01:15	60.16	6499	1434	1422
97	08:02:15	60.14	6499	1433	1421
98	08:03:15	60.10	6499	1433	1421
99	08:04:16	60.11	6499	1433	1421
100	08:05:16	60.08	6499	1432	1420
101	08:06:16	60.13	6499	1432	1420
102	08:07:16	60.12	6499	1432	1420
103	08:08:16	60.11	6499	1431	1419
104	08:09:16	60.24	6499	1431	1419
105	08:10:16	60.16	6499	1431	1419
106	08:11:17	60.13	6499	1430	1418
107	08:12:17	60.13	6499	1430	1418
108	08:13:17	60.12	6499	1429	1417
109	08:14:17	60.16	6499	1429	1417
110	08:15:17	60.17	6499	1429	1417
111	08:16:17	60.12	6499	1428	1416
112	08:17:17	60.16	6499	1426	1414
113	08:18:18	60.12	6499	1427	1416
114	08:19:18	60.16	6499	1427	1415
115	08:20:18	60.09	6499	1427	1415
116	08:21:18	60.15	6499	1426	1414
117	08:22:18	60.16	6499	1426	1414
118	08:23:18	23.86	6499	1426	1414
119	08:23:42	60.55	6499	13.76	13.65
120	08:24:43	60.14	6499	0	0
121	08:25:43	10.01	6499	0	0
122	08:25:53	17.80	6499	0	0
123	08:26:11	14.23	6499	0	0
124	08:26:25	60.24	6501	0	0
125	08:27:25	60.12	6501	0	0
126	08:28:25	60.14	6501	0	0
127	08:29:25	60.11	6501	-1	-1
128	08:30:25	8.53	6501	0	0
Created by AtlRunQuery on: 2018-08-25 18:10:20.960560
