LHC beam energy and intensities during run 302872:
(Begin/end of run: Sun Jun 26 2016 14:43:40 − Tue Jun 28, 06:49:33)

LB	   Start time
(CEST)	   Duration
(sec)	   Beam energy
(GeV)	   Intensity Beam-1
(1e11 protons)	   Intensity Beam-2
(1e11 protons)
1	14:43:40	60.07	1987	0	0
2	14:44:40	60.12	2343	0	0
3	14:45:40	35.83	2700	0	0
4	14:46:16	60.07	2914	0	0
5	14:47:16	60.14	3270	0	0
6	14:48:16	60.12	3566	0	0
7	14:49:16	60.13	3566	0	0
8	14:50:16	60.09	3566	0	0
9	14:51:16	60.10	3566	0	0
10	14:52:16	60.15	3566	0	0
11	14:53:17	60.13	3566	0	0
12	14:54:17	60.11	3566	0	0
13	14:55:17	60.12	3566	0	0
14	14:56:17	60.14	3566	0	0
15	14:57:17	60.15	3566	0	0
16	14:58:17	60.13	3554	0	0
17	14:59:17	60.09	3201	0	0
18	15:00:17	60.16	2845	0	0
19	15:01:18	60.14	2482	0	0
20	15:02:18	60.14	2126	0	0
21	15:03:18	60.09	1769	0	0
22	15:04:18	60.14	1412	0	0
23	15:05:18	60.07	1056	0	0
24	15:06:18	60.12	699	0	0
25	15:07:18	60.14	342	0	0
26	15:08:18	60.12	59	0	0
27	15:09:19	60.12	59	0	0
28	15:10:19	60.13	59	0	0
29	15:11:19	60.15	59	0	0
30	15:12:19	60.13	59	0	0
31	15:13:19	60.15	59	0	0
32	15:14:19	60.10	59	0	0
33	15:15:19	60.14	59	0	0
34	15:16:20	60.13	342	0	0
35	15:17:20	60.09	450	0	0
36	15:18:20	60.15	450	0	0
37	15:19:20	60.17	450	0	0
38	15:20:20	60.09	450	0	0
39	15:21:20	25.93	450	0	0
40	15:21:46	60.25	450	0	0
41	15:22:46	60.09	450	0	0
42	15:23:46	60.15	450	0	0
43	15:24:47	60.13	450	0	0
44	15:25:47	60.15	450	0	0
45	15:26:47	60.16	450	0	0
46	15:27:47	60.13	450	0	0
47	15:28:47	60.17	450	0.02688	0
48	15:29:47	60.15	450	0.1167	0.06308
49	15:30:47	60.16	450	0.1167	0.0966
50	15:31:48	60.16	450	0.05776	0.0478
51	15:32:48	60.13	450	0.02556	0
52	15:33:48	60.09	450	0.08391	0.07143
53	15:34:48	60.08	450	0.08388	0.0945
54	15:35:48	60.13	450	0.08385	0.09448
55	15:36:48	60.13	450	0.08382	0.09445
56	15:37:48	60.12	450	0.08378	0.09442
57	15:38:48	60.07	450	0.08375	0.09439
58	15:39:49	60.17	450	0.08367	0.09434
59	15:40:49	60.11	450	5.982	0.09429
60	15:41:49	60.12	450	14.26	12.36
61	15:42:49	60.08	450	14.26	14.44
62	15:43:49	60.10	450	14.25	14.44
63	15:44:49	60.07	450	14.25	14.42
64	15:45:49	60.16	450	14.25	28.36
65	15:46:49	60.12	450	25.8	28.64
66	15:47:49	60.13	450	19.02	24.57
67	15:48:50	60.16	450	0	0
68	15:49:50	60.15	450	0	0
69	15:50:50	60.10	450	0.1052	0.03579
70	15:51:50	60.15	450	0.1072	0.08775
71	15:52:50	60.16	450	0.1072	0.08773
72	15:53:50	60.08	450	0.1072	0.08771
73	15:54:50	60.12	450	0.1071	0.08769
74	15:55:51	60.09	450	4.931	0.08767
75	15:56:51	60.10	450	14.78	10.76
76	15:57:51	60.13	450	14.78	14.15
77	15:58:51	60.16	450	14.78	14.15
78	15:59:51	60.18	450	14.77	14.15
79	16:00:51	60.08	450	14.77	14.15
80	16:01:51	60.12	450	14.77	14.15
81	16:02:51	60.17	450	14.76	14.14
82	16:03:52	60.10	450	14.76	14.14
83	16:04:52	60.13	450	14.76	14.14
84	16:05:52	60.10	450	14.76	14.14
85	16:06:52	60.11	450	14.75	14.14
86	16:07:52	60.15	450	14.75	14.14
87	16:08:52	60.12	450	14.75	14.14
88	16:09:52	60.11	450	69.5	38.6
89	16:10:52	60.14	450	74.83	102.8
90	16:11:53	60.12	450	153	206.6
91	16:12:53	60.11	450	257.8	313.7
92	16:13:53	60.12	450	361.1	433.6
93	16:14:53	60.10	450	533.1	433.6
94	16:15:53	60.11	450	638	457.4
95	16:16:53	60.10	450	742	564.9
96	16:17:53	60.17	450	783.3	675.6
97	16:18:53	60.14	450	783	675.5
98	16:19:53	60.11	450	782.6	675.5
99	16:20:54	60.07	450	782.2	763.2
100	16:21:54	60.15	450	790.1	868.2
101	16:22:54	60.17	450	905.2	974.4
102	16:23:54	60.15	450	1022	1080
103	16:24:54	60.13	450	1124	1187
104	16:25:54	60.09	450	1145	1274
105	16:26:54	60.11	450	1214	1276
106	16:27:54	60.14	450	1321	1393
107	16:28:55	60.16	450	1427	1510
108	16:29:55	60.15	450	1535	1608
109	16:30:55	60.15	450	1642	1711
110	16:31:55	60.15	450	1750	1816
111	16:32:55	60.14	450	1869	1923
112	16:33:55	60.14	450	1979	2029
113	16:34:55	60.16	450	2085	2135
114	16:35:56	60.10	450	2193	2238
115	16:36:56	60.13	450	2299	2347
116	16:37:56	60.16	450	2408	2466
117	16:38:56	60.12	450	2513	2568
118	16:39:56	60.12	450	2596	2585
119	16:40:56	60.12	450	2594	2584
120	16:41:56	60.12	450	2593	2583
121	16:42:57	60.13	450	2590	2582
122	16:43:57	60.11	450	2589	2581
123	16:44:57	36.13	450	2586	2580
124	16:45:33	10.50	461	2570	2565
125	16:45:43	29.11	468	2570	2565
126	16:46:13	60.03	503	2570	2564
127	16:47:13	60.16	627	2569	2564
128	16:48:13	60.13	818	2569	2564
129	16:49:13	10.01	1070	2569	2564
130	16:49:23	60.10	1119	2569	2564
131	16:50:23	60.11	1452	2568	2563
132	16:51:23	29.03	1800	2568	2562
133	16:51:52	60.17	1968	2567	2562
134	16:52:52	60.13	2315	2567	2561
135	16:53:52	60.12	2662	2567	2560
136	16:54:52	60.14	3010	2566	2560
137	16:55:53	60.12	3363	2566	2559
138	16:56:53	60.10	3710	2566	2559
139	16:57:53	60.16	4058	2565	2558
140	16:58:53	60.15	4405	2565	2558
141	16:59:53	60.09	4753	2564	2558
142	17:00:53	60.15	5100	2563	2558
143	17:01:53	60.13	5448	2563	2558
144	17:02:54	60.13	5801	2562	2557
145	17:03:54	60.10	6148	2562	2557
146	17:04:54	41.49	6481	2561	2557
147	17:05:35	19.88	6499	2561	2557
148	17:05:55	60.39	6499	2561	2557
149	17:06:56	60.16	6499	2561	2556
150	17:07:56	60.18	6499	2560	2556
151	17:08:56	60.12	6499	2560	2556
152	17:09:56	60.16	6499	2560	2556
153	17:10:56	60.11	6499	2559	2556
154	17:11:56	60.15	6499	2559	2556
155	17:12:56	60.17	6499	2559	2555
156	17:13:57	60.16	6499	2557	2555
157	17:14:57	60.12	6499	2557	2555
158	17:15:57	60.10	6499	2557	2555
159	17:16:57	60.16	6499	2557	2555
160	17:17:57	60.15	6499	2557	2555
161	17:18:57	60.18	6499	2556	2555
162	17:19:57	60.06	6499	2556	2554
163	17:20:57	60.07	6499	2556	2554
164	17:21:58	60.15	6499	2556	2554
165	17:22:58	60.08	6499	2556	2554
166	17:23:58	60.11	6499	2556	2553
167	17:24:58	60.08	6499	2556	2553
168	17:25:58	60.13	6499	2555	2553
169	17:26:58	60.24	6499	2554	2553
170	17:27:58	27.85	6499	2554	2553
171	17:28:26	60.31	6499	2554	2552
172	17:29:27	60.16	6499	2553	2552
173	17:30:27	60.11	6499	2552	2552
174	17:31:27	60.13	6499	2551	2551
175	17:32:27	60.17	6499	2551	2551
176	17:33:27	60.13	6499	2550	2551
177	17:34:27	16.60	6499	2550	2550
178	17:34:44	60.09	6499	2548	2550
179	17:35:44	60.11	6499	2546	2548
180	17:36:44	60.09	6499	2544	2546
181	17:37:44	60.18	6499	2542	2545
182	17:38:44	60.12	6499	2539	2543
183	17:39:44	60.16	6499	2537	2542
184	17:40:45	60.17	6499	2535	2540
185	17:41:45	60.18	6499	2533	2539
186	17:42:45	60.13	6499	2531	2537
187	17:43:45	27.24	6499	2529	2536
188	17:44:12	45.23	6499	2528	2536
189	17:44:58	23.59	6499	2527	2535
190	17:45:21	60.50	6499	2526	2534
191	17:46:22	10.81	6499	2525	2533
192	17:46:32	14.38	6499	2524	2533
193	17:46:47	41.88	6499	2524	2532
194	17:47:29	60.54	6499	2522	2531
195	17:48:29	36.47	6499	2521	2529
196	17:49:06	15.66	6499	2520	2529
197	17:49:21	60.07	6499	2519	2528
198	17:50:21	60.16	6499	2517	2526
199	17:51:22	60.12	6499	2516	2525
200	17:52:22	49.13	6499	2514	2524
201	17:53:11	34.00	6499	2513	2523
202	17:53:45	60.20	6499	2512	2522
203	17:54:45	60.08	6499	2511	2520
204	17:55:45	60.08	6499	2509	2519
205	17:56:45	60.08	6499	2508	2518
206	17:57:45	60.15	6499	2506	2516
207	17:58:45	60.13	6499	2505	2515
208	17:59:46	24.31	6499	2504	2514
209	18:00:10	16.34	6499	2503	2514
210	18:00:26	14.27	6499	2503	2513
211	18:00:40	14.54	6499	2502	2513
212	18:00:55	60.05	6499	2501	2512
213	18:01:55	60.10	6499	2500	2511
214	18:02:55	60.13	6499	2498	2509
215	18:03:55	60.16	6499	2497	2508
216	18:04:55	32.92	6499	2496	2507
217	18:05:28	60.24	6499	2494	2506
218	18:06:29	60.16	6499	2493	2505
219	18:07:29	60.13	6499	2492	2503
220	18:08:29	60.09	6499	2490	2502
221	18:09:29	60.09	6499	2489	2501
222	18:10:29	10.02	6499	2488	2500
223	18:10:39	51.03	6499	2487	2499
224	18:11:30	60.50	6499	2486	2498
225	18:12:31	60.54	6499	2484	2497
226	18:13:31	31.05	6499	2483	2496
227	18:14:02	31.10	6499	2482	2495
228	18:14:33	34.79	6499	2481	2494
229	18:15:08	26.30	6499	2480	2494
230	18:15:34	60.31	6499	2475	2488
231	18:16:35	14.55	6499	2478	2492
232	18:16:49	46.21	6499	2477	2491
233	18:17:35	60.54	6499	2476	2490
234	18:18:36	60.13	6499	2474	2489
235	18:19:36	60.10	6499	2473	2487
236	18:20:36	60.06	6499	2471	2486
237	18:21:36	60.16	6499	2470	2484
238	18:22:36	60.11	6499	2468	2483
239	18:23:37	17.45	6499	2467	2482
240	18:23:54	12.73	6499	2467	2482
241	18:24:07	10.57	6499	2467	2482
242	18:24:17	10.01	6499	2466	2482
243	18:24:27	13.34	6499	2466	2481
244	18:24:41	14.02	6499	2466	2481
245	18:24:55	43.43	6499	2465	2480
246	18:25:38	31.07	6499	2464	2480
247	18:26:09	60.47	6499	2463	2476
248	18:27:10	10.02	6499	2462	2478
249	18:27:20	21.42	6499	2462	2477
250	18:27:41	36.25	6499	2461	2477
251	18:28:17	25.01	6499	2460	2476
252	18:28:42	60.49	6499	2459	2475
253	18:29:43	10.01	6499	2458	2475
254	18:29:53	10.01	6499	2457	2474
255	18:30:03	60.12	6499	2456	2472
256	18:31:03	60.17	6499	2455	2471
257	18:32:03	22.61	6499	2453	2471
258	18:32:26	60.54	6499	2452	2469
259	18:33:26	60.14	6499	2451	2468
260	18:34:26	55.97	6499	2449	2467
261	18:35:22	60.25	6499	2448	2466
262	18:36:23	60.18	6499	2447	2465
263	18:37:23	16.94	6499	2446	2464
264	18:37:40	60.22	6499	2445	2463
265	18:38:40	60.13	6499	2445	2462
266	18:39:40	10.01	6499	2444	2462
267	18:39:50	60.46	6499	2442	2460
268	18:40:51	60.15	6499	2441	2459
269	18:41:51	60.09	6499	2439	2458
270	18:42:51	60.12	6499	2438	2457
271	18:43:51	60.12	6499	2437	2456
272	18:44:51	60.17	6499	2436	2454
273	18:45:51	60.12	6499	2434	2453
274	18:46:51	60.11	6499	2433	2452
275	18:47:52	60.13	6499	2432	2451
276	18:48:52	60.13	6499	2431	2450
277	18:49:52	60.13	6499	2430	2448
278	18:50:52	60.14	6499	2428	2447
279	18:51:52	60.13	6499	2427	2446
280	18:52:52	60.08	6499	2426	2445
281	18:53:52	60.16	6499	2424	2444
282	18:54:52	60.11	6499	2424	2443
283	18:55:53	60.12	6499	2422	2442
284	18:56:53	60.12	6499	2421	2441
285	18:57:53	60.09	6499	2420	2439
286	18:58:53	60.12	6499	2418	2438
287	18:59:53	60.10	6499	2417	2437
288	19:00:53	60.13	6499	2416	2436
289	19:01:53	60.13	6499	2415	2435
290	19:02:53	50.97	6499	2414	2434
291	19:03:44	60.56	6499	2413	2433
292	19:04:45	60.13	6499	2412	2432
293	19:05:45	30.42	6499	2411	2432
294	19:06:15	31.02	6499	2411	2431
295	19:06:46	60.56	6499	2409	2430
296	19:07:47	60.60	6499	2409	2429
297	19:08:48	31.22	6499	2408	2428
298	19:09:19	60.33	6499	2407	2427
299	19:10:19	30.70	6499	2406	2427
300	19:10:50	31.06	6499	2405	2426
301	19:11:21	60.47	6499	2404	2425
302	19:12:21	30.65	6499	2404	2425
303	19:12:52	31.09	6499	2403	2424
304	19:13:23	60.53	6499	2403	2423
305	19:14:24	11.13	6499	2402	2423
306	19:14:35	14.70	6499	2402	2422
307	19:14:50	11.74	6499	2401	2422
308	19:15:01	11.99	6499	2401	2422
309	19:15:13	14.10	6499	2401	2421
310	19:15:27	60.12	6499	2401	2421
311	19:16:27	10.01	6499	2400	2420
312	19:16:37	46.94	6499	2399	2419
313	19:17:24	60.55	6499	2397	2418
314	19:18:25	60.08	6499	2396	2417
315	19:19:25	60.16	6499	2395	2416
316	19:20:25	60.09	6499	2394	2415
317	19:21:25	43.87	6499	2394	2415
318	19:22:09	16.36	6499	2394	2415
319	19:22:26	10.43	6499	2394	2414
320	19:22:36	10.05	6499	2393	2414
321	19:22:46	10.01	6499	2393	2414
322	19:22:56	14.58	6499	2392	2414
323	19:23:11	26.00	6499	2392	2413
324	19:23:37	60.14	6499	2391	2412
325	19:24:37	60.14	6499	2390	2411
326	19:25:37	60.12	6499	2389	2410
327	19:26:37	60.12	6499	2387	2409
328	19:27:37	60.09	6499	2387	2408
329	19:28:37	19.52	6499	2386	2407
330	19:28:57	60.40	6499	2385	2406
331	19:29:57	60.09	6499	2384	2406
332	19:30:57	10.02	6499	2384	2405
333	19:31:07	21.39	6499	2384	2405
334	19:31:29	31.07	6499	2383	2404
335	19:32:00	20.23	6499	2383	2404
336	19:32:20	60.14	6499	2381	2403
337	19:33:20	60.16	6499	2380	2402
338	19:34:20	60.12	6499	2380	2401
339	19:35:20	60.17	6499	2378	2399
340	19:36:20	60.09	6499	2377	2399
341	19:37:21	25.71	6499	2376	2398
342	19:37:46	60.23	6499	2375	2397
343	19:38:47	60.15	6499	2374	2396
344	19:39:47	60.14	6499	2373	2395
345	19:40:47	60.11	6499	2372	2394
346	19:41:47	43.80	6499	2372	2393
347	19:42:31	31.01	6499	2371	2393
348	19:43:02	60.49	6499	2370	2392
349	19:44:02	60.53	6499	2369	2391
350	19:45:03	31.02	6499	2368	2390
351	19:45:34	18.20	6499	2368	2390
352	19:45:52	60.06	6499	2367	2389
353	19:46:52	60.13	6499	2366	2388
354	19:47:52	60.12	6499	2365	2387
355	19:48:52	13.35	6499	2364	2386
356	19:49:06	60.50	6499	2363	2386
357	19:50:06	60.19	6499	2362	2384
358	19:51:06	58.52	6499	2361	2384
359	19:52:05	31.13	6499	2361	2383
360	19:52:36	31.09	6499	2360	2383
361	19:53:07	31.05	6499	2359	2382
362	19:53:38	60.46	6499	2359	2381
363	19:54:39	10.26	6499	2358	2381
364	19:54:49	21.07	6499	2358	2380
365	19:55:10	60.40	6499	2357	2380
366	19:56:10	10.01	6499	2357	2379
367	19:56:20	60.39	6499	2356	2378
368	19:57:21	60.16	6499	2354	2377
369	19:58:21	60.12	6499	2353	2376
370	19:59:21	60.16	6499	2352	2375
371	20:00:21	60.15	6499	2351	2374
372	20:01:21	60.12	6499	2350	2373
373	20:02:21	60.12	6499	2349	2372
374	20:03:22	60.15	6499	2349	2372
375	20:04:22	10.28	6499	2348	2371
376	20:04:32	60.48	6499	2347	2370
377	20:05:32	60.15	6499	2346	2369
378	20:06:33	60.12	6499	2345	2368
379	20:07:33	60.17	6499	2344	2367
380	20:08:33	38.87	6499	2344	2366
381	20:09:12	60.31	6499	2342	2365
382	20:10:12	60.08	6499	2341	2365
383	20:11:12	60.17	6499	2340	2364
384	20:12:12	60.12	6499	2339	2363
385	20:13:12	60.12	6499	2338	2362
386	20:14:13	60.16	6499	2337	2361
387	20:15:13	60.14	6499	2336	2360
388	20:16:13	60.11	6499	2335	2359
389	20:17:13	60.10	6499	2334	2358
390	20:18:13	60.17	6499	2333	2357
391	20:19:13	60.14	6499	2333	2356
392	20:20:13	60.18	6499	2332	2355
393	20:21:14	60.27	6499	2330	2354
394	20:22:14	60.15	6499	2329	2353
395	20:23:14	60.13	6499	2328	2352
396	20:24:14	60.13	6499	2327	2351
397	20:25:14	60.18	6499	2326	2350
398	20:26:14	60.15	6499	2326	2349
399	20:27:15	60.13	6499	2324	2348
400	20:28:15	60.13	6499	2323	2347
401	20:29:15	60.17	6499	2322	2346
402	20:30:15	60.16	6499	2321	2345
403	20:31:15	60.11	6499	2320	2344
404	20:32:15	60.18	6499	2319	2343
405	20:33:15	60.16	6499	2318	2342
406	20:34:16	60.09	6499	2317	2341
407	20:35:16	60.08	6499	2317	2340
408	20:36:16	18.09	6499	2316	2340
409	20:36:34	60.05	6499	2315	2339
410	20:37:34	60.13	6499	2314	2338
411	20:38:34	60.11	6499	2309	2333
412	20:39:34	60.16	6499	2312	2336
413	20:40:34	60.12	6499	2311	2335
414	20:41:34	60.13	6499	2310	2334
415	20:42:35	60.12	6499	2309	2333
416	20:43:35	60.17	6499	2308	2332
417	20:44:35	38.17	6499	2308	2332
418	20:45:13	18.95	6499	2308	2332
419	20:45:32	10.04	6499	2307	2331
420	20:45:42	60.13	6499	2306	2330
421	20:46:42	60.14	6499	2305	2329
422	20:47:42	60.13	6499	2304	2328
423	20:48:42	60.12	6499	2303	2327
424	20:49:43	60.14	6499	2302	2326
425	20:50:43	60.09	6499	2301	2325
426	20:51:43	60.07	6499	2300	2325
427	20:52:43	60.17	6499	2299	2324
428	20:53:43	60.13	6499	2298	2323
429	20:54:43	60.17	6499	2297	2322
430	20:55:43	60.14	6499	2296	2321
431	20:56:43	60.13	6499	2295	2320
432	20:57:44	60.17	6499	2294	2319
433	20:58:44	60.13	6499	2293	2318
434	20:59:44	60.15	6499	2293	2317
435	21:00:44	60.11	6499	2292	2316
436	21:01:44	60.14	6499	2291	2315
437	21:02:44	60.18	6499	2290	2314
438	21:03:44	60.13	6499	2289	2313
439	21:04:45	60.17	6499	2288	2312
440	21:05:45	60.11	6499	2287	2311
441	21:06:45	60.14	6499	2286	2310
442	21:07:45	60.10	6499	2285	2309
443	21:08:45	60.11	6499	2284	2309
444	21:09:45	60.18	6499	2283	2308
445	21:10:45	60.12	6499	2282	2307
446	21:11:45	60.10	6499	2281	2306
447	21:12:46	60.08	6499	2280	2305
448	21:13:46	60.13	6499	2279	2304
449	21:14:46	60.11	6499	2278	2303
450	21:15:46	25.29	6499	2278	2303
451	21:16:11	60.38	6499	2277	2302
452	21:17:12	60.13	6499	2276	2301
453	21:18:12	60.13	6499	2275	2300
454	21:19:12	60.15	6499	2274	2299
455	21:20:12	60.08	6499	2273	2298
456	21:21:12	60.13	6499	2272	2297
457	21:22:12	60.13	6499	2271	2296
458	21:23:12	60.09	6499	2270	2295
459	21:24:12	60.08	6499	2269	2294
460	21:25:12	60.12	6499	2268	2293
461	21:26:13	60.13	6499	2267	2292
462	21:27:13	60.13	6499	2266	2291
463	21:28:13	60.13	6499	2265	2291
464	21:29:13	60.07	6499	2264	2290
465	21:30:13	60.13	6499	2263	2289
466	21:31:13	60.17	6499	2262	2288
467	21:32:13	60.14	6499	2261	2287
468	21:33:14	60.13	6499	2260	2286
469	21:34:14	60.09	6499	2260	2285
470	21:35:14	60.15	6499	2259	2284
471	21:36:14	60.14	6499	2258	2283
472	21:37:14	60.17	6499	2257	2282
473	21:38:14	60.09	6499	2256	2281
474	21:39:14	60.16	6499	2255	2281
475	21:40:14	60.13	6499	2254	2280
476	21:41:15	60.11	6499	2253	2279
477	21:42:15	60.15	6499	2252	2278
478	21:43:15	60.11	6499	2252	2277
479	21:44:15	16.29	6499	2251	2277
480	21:44:31	60.13	6499	2250	2276
481	21:45:31	60.14	6499	2249	2275
482	21:46:31	60.08	6499	2248	2274
483	21:47:32	60.14	6499	2247	2273
484	21:48:32	60.15	6499	2247	2272
485	21:49:32	60.14	6499	2246	2271
486	21:50:32	60.11	6499	2245	2270
487	21:51:32	60.09	6499	2244	2270
488	21:52:32	60.10	6499	2243	2269
489	21:53:32	60.08	6499	2242	2268
490	21:54:32	16.17	6499	2242	2268
491	21:54:49	14.66	6499	2242	2267
492	21:55:03	60.12	6499	2241	2267
493	21:56:03	40.89	6499	2240	2266
494	21:56:44	31.18	6499	2240	2265
495	21:57:15	60.47	6499	2239	2265
496	21:58:16	60.13	6499	2238	2264
497	21:59:16	60.07	6499	2237	2263
498	22:00:16	60.14	6499	2236	2262
499	22:01:16	60.10	6499	2236	2261
500	22:02:16	33.34	6499	2235	2261
501	22:02:50	60.20	6499	2234	2260
502	22:03:50	60.13	6499	2233	2259
503	22:04:50	60.22	6499	2232	2258
504	22:05:50	26.59	6499	2232	2257
505	22:06:17	60.33	6499	2231	2257
506	22:07:17	60.12	6499	2230	2256
507	22:08:17	60.13	6499	2229	2255
508	22:09:17	60.14	6499	2228	2254
509	22:10:17	60.13	6499	2227	2253
510	22:11:18	60.12	6499	2227	2252
511	22:12:18	60.08	6499	2226	2251
512	22:13:18	59.29	6499	2225	2251
513	22:14:17	21.12	6499	2225	2251
514	22:14:38	10.02	6499	2224	2250
515	22:14:48	60.44	6499	2223	2249
516	22:15:49	60.18	6499	2222	2248
517	22:16:49	60.08	6499	2222	2247
518	22:17:49	60.09	6499	2221	2247
519	22:18:49	29.82	6499	2220	2246
520	22:19:19	60.35	6499	2219	2245
521	22:20:19	60.07	6499	2218	2244
522	22:21:19	60.16	6499	2218	2244
523	22:22:19	22.23	6499	2217	2243
524	22:22:42	14.43	6499	2217	2243
525	22:22:56	23.87	6499	2216	2243
526	22:23:20	45.70	6499	2216	2242
527	22:24:06	60.19	6499	2215	2241
528	22:25:06	60.13	6499	2214	2240
529	22:26:06	46.43	6499	2213	2239
530	22:26:52	60.26	6499	2213	2238
531	22:27:53	60.07	6499	2212	2238
532	22:28:53	60.10	6499	2211	2237
533	22:29:53	60.15	6499	2210	2236
534	22:30:53	60.12	6499	2209	2235
535	22:31:53	60.17	6499	2208	2234
536	22:32:53	60.13	6499	2207	2233
537	22:33:53	60.13	6499	2206	2233
538	22:34:54	38.83	6499	2206	2232
539	22:35:32	60.35	6499	2205	2231
540	22:36:33	60.08	6499	2204	2230
541	22:37:33	60.08	6499	2203	2229
542	22:38:33	60.16	6499	2202	2228
543	22:39:33	60.16	6499	2201	2228
544	22:40:33	60.13	6499	2200	2227
545	22:41:33	60.06	6499	2199	2226
546	22:42:33	60.08	6499	2199	2225
547	22:43:33	60.17	6499	2198	2224
548	22:44:34	12.46	6499	2198	2224
549	22:44:46	14.32	6499	2198	2224
550	22:45:00	10.56	6499	2198	2224
551	22:45:11	33.45	6499	2197	2223
552	22:45:44	10.19	6499	2197	2223
553	22:45:55	60.16	6499	2196	2222
554	22:46:55	60.12	6499	2195	2221
555	22:47:55	46.42	6499	2194	2220
556	22:48:41	60.01	6499	2193	2220
557	22:49:41	60.12	6499	2192	2219
558	22:50:41	60.11	6499	2192	2218
559	22:51:42	60.10	6499	2191	2217
560	22:52:42	60.13	6499	2190	2216
561	22:53:42	60.16	6499	2189	2215
562	22:54:42	60.09	6499	2188	2214
563	22:55:42	60.08	6499	2187	2214
564	22:56:42	60.12	6499	2187	2213
565	22:57:42	60.14	6499	2186	2212
566	22:58:42	60.14	6499	2185	2211
567	22:59:43	60.12	6499	2184	2210
568	23:00:43	15.81	6499	2184	2210
569	23:00:58	15.86	6499	2184	2210
570	23:01:14	60.02	6499	2183	2209
571	23:02:14	60.14	6499	2182	2208
572	23:03:14	60.08	6499	2181	2207
573	23:04:15	60.07	6499	2180	2206
574	23:05:15	60.12	6499	2179	2205
575	23:06:15	60.16	6499	2178	2205
576	23:07:15	60.10	6499	2178	2204
577	23:08:15	29.93	6499	2177	2203
578	23:08:45	60.03	6499	2176	2202
579	23:09:45	60.13	6499	2176	2202
580	23:10:45	60.13	6499	2174	2201
581	23:11:45	60.10	6499	2174	2200
582	23:12:45	60.14	6499	2173	2199
583	23:13:45	60.17	6499	2172	2198
584	23:14:46	60.11	6499	2171	2197
585	23:15:46	54.88	6499	2170	2197
586	23:16:41	10.20	6499	2169	2196
587	23:16:51	60.12	6499	2169	2195
588	23:17:51	60.07	6499	2168	2194
589	23:18:51	30.91	6499	2167	2194
590	23:19:22	60.09	6499	2166	2193
591	23:20:22	60.07	6499	2166	2192
592	23:21:22	60.09	6499	2165	2191
593	23:22:22	50.35	6499	2164	2190
594	23:23:13	60.10	6499	2163	2189
595	23:24:13	60.16	6499	2162	2188
596	23:25:13	60.13	6499	2161	2188
597	23:26:13	60.11	6499	2161	2187
598	23:27:13	60.10	6499	2160	2186
599	23:28:13	60.10	6499	2159	2185
600	23:29:13	60.12	6499	2158	2185
601	23:30:13	60.07	6499	2157	2184
602	23:31:13	37.33	6499	2157	2183
603	23:31:51	60.09	6499	2156	2182
604	23:32:51	60.09	6499	2155	2181
605	23:33:51	60.15	6499	2154	2180
606	23:34:51	60.13	6499	2153	2180
607	23:35:51	60.09	6499	2152	2179
608	23:36:51	60.12	6499	2152	2178
609	23:37:51	60.14	6499	2151	2177
610	23:38:52	60.13	6499	2150	2176
611	23:39:52	60.08	6499	2149	2175
612	23:40:52	60.13	6499	2148	2175
613	23:41:52	60.08	6499	2148	2174
614	23:42:52	60.13	6499	2147	2173
615	23:43:52	60.13	6499	2146	2172
616	23:44:52	60.12	6499	2145	2171
617	23:45:52	60.13	6499	2144	2170
618	23:46:53	60.12	6499	2143	2170
619	23:47:53	60.12	6499	2143	2169
620	23:48:53	60.14	6499	2142	2168
621	23:49:53	60.10	6499	2141	2167
622	23:50:53	60.14	6499	2140	2166
623	23:51:53	60.15	6499	2139	2165
624	23:52:53	60.14	6499	2139	2165
625	23:53:53	60.15	6499	2138	2164
626	23:54:54	24.27	6499	2137	2164
627	23:55:18	60.15	6499	2136	2163
628	23:56:18	60.13	6499	2136	2162
629	23:57:18	60.14	6499	2135	2161
630	23:58:18	60.11	6499	2134	2160
631	23:59:18	60.18	6499	2133	2159
632	00:00:19	60.13	6499	2133	2159
633	00:01:19	60.14	6499	2131	2158
634	00:02:19	60.11	6499	2131	2157
635	00:03:19	60.13	6499	2130	2156
636	00:04:19	60.15	6499	2129	2155
637	00:05:19	60.10	6499	2129	2154
638	00:06:19	60.16	6499	2127	2154
639	00:07:19	60.23	6499	2127	2153
640	00:08:20	60.16	6499	2126	2152
641	00:09:20	60.11	6499	2125	2151
642	00:10:20	60.16	6499	2125	2150
643	00:11:20	60.08	6499	2124	2150
644	00:12:20	60.13	6499	2123	2149
645	00:13:20	60.10	6499	2122	2148
646	00:14:20	60.15	6499	2121	2147
647	00:15:21	60.14	6499	2120	2146
648	00:16:21	60.08	6499	2119	2146
649	00:17:21	60.12	6499	2119	2145
650	00:18:21	60.15	6499	2118	2144
651	00:19:21	60.16	6499	2117	2143
652	00:20:21	60.08	6499	2116	2142
653	00:21:21	60.12	6499	2115	2142
654	00:22:21	60.10	6499	2114	2141
655	00:23:22	60.15	6499	2114	2140
656	00:24:22	59.25	6499	2114	2140
657	00:25:21	15.15	6499	2114	2140
658	00:25:36	10.26	6499	2113	2139
659	00:25:46	32.11	6499	2113	2139
660	00:26:18	48.61	6499	2112	2138
661	00:27:07	10.25	6499	2112	2138
662	00:27:17	60.17	6499	2111	2137
663	00:28:18	26.06	6499	2110	2136
664	00:28:44	60.39	6499	2109	2136
665	00:29:44	60.17	6499	2108	2134
666	00:30:44	60.16	6499	2108	2134
667	00:31:44	60.17	6499	2107	2133
668	00:32:44	10.26	6499	2106	2132
669	00:32:55	60.45	6499	2105	2132
670	00:33:55	60.10	6499	2104	2131
671	00:34:55	60.11	6499	2104	2130
672	00:35:55	60.15	6499	2102	2129
673	00:36:56	60.16	6499	2102	2128
674	00:37:56	60.15	6499	2101	2128
675	00:38:56	60.13	6499	2100	2127
676	00:39:56	60.15	6499	2100	2126
677	00:40:56	60.16	6499	2099	2125
678	00:41:56	60.08	6499	2098	2124
679	00:42:56	60.13	6499	2097	2124
680	00:43:57	60.10	6499	2096	2123
681	00:44:57	60.16	6499	2096	2122
682	00:45:57	60.15	6499	2095	2122
683	00:46:57	60.17	6499	2095	2121
684	00:47:57	60.14	6499	2094	2121
685	00:48:57	24.53	6499	2094	2120
686	00:49:22	31.06	6499	2093	2120
687	00:49:53	31.09	6499	2092	2119
688	00:50:24	31.06	6499	2092	2118
689	00:50:55	60.47	6499	2091	2117
690	00:51:55	60.12	6499	2090	2117
691	00:52:56	60.14	6499	2089	2116
692	00:53:56	60.08	6499	2089	2115
693	00:54:56	60.13	6499	2088	2114
694	00:55:56	60.13	6499	2087	2114
695	00:56:56	60.14	6499	2086	2113
696	00:57:56	60.12	6499	2086	2112
697	00:58:56	60.13	6499	2085	2111
698	00:59:56	60.14	6499	2084	2110
699	01:00:57	60.13	6499	2083	2110
700	01:01:57	60.11	6499	2082	2109
701	01:02:57	60.10	6499	2081	2108
702	01:03:57	60.09	6499	2080	2107
703	01:04:57	60.17	6499	2080	2106
704	01:05:57	60.14	6499	2079	2106
705	01:06:57	60.09	6499	2078	2105
706	01:07:57	60.13	6499	2078	2104
707	01:08:58	60.16	6499	2077	2103
708	01:09:58	60.11	6499	2076	2103
709	01:10:58	60.07	6499	2075	2102
710	01:11:58	60.17	6499	2074	2101
711	01:12:58	60.15	6499	2074	2100
712	01:13:58	60.12	6499	2073	2100
713	01:14:58	60.11	6499	2072	2099
714	01:15:58	60.12	6499	2071	2098
715	01:16:59	60.13	6499	2070	2097
716	01:17:59	60.08	6499	2070	2096
717	01:18:59	60.10	6499	2069	2096
718	01:19:59	60.16	6499	2068	2095
719	01:20:59	60.12	6499	2067	2094
720	01:21:59	60.13	6499	2067	2093
721	01:22:59	60.13	6499	2066	2093
722	01:23:59	60.13	6499	2065	2092
723	01:25:00	60.13	6499	2064	2091
724	01:26:00	60.12	6499	2064	2090
725	01:27:00	60.08	6499	2063	2090
726	01:28:00	56.27	6499	2063	2089
727	01:28:56	31.03	6499	2062	2089
728	01:29:27	60.44	6499	2061	2088
729	01:30:28	10.06	6499	2061	2087
730	01:30:38	21.35	6499	2060	2086
731	01:30:59	60.56	6499	2059	2086
732	01:32:00	60.17	6499	2059	2085
733	01:33:00	60.09	6499	2058	2085
734	01:34:00	60.09	6499	2058	2084
735	01:35:00	60.14	6499	2057	2084
736	01:36:00	20.09	6499	2057	2083
737	01:36:20	21.11	6499	2056	2083
738	01:36:41	60.23	6499	2056	2082
739	01:37:41	60.15	6499	2055	2082
740	01:38:42	18.56	6499	2055	2082
741	01:39:00	31.09	6499	2055	2081
742	01:39:31	60.72	6499	2054	2080
743	01:40:32	10.26	6499	2053	2080
744	01:40:42	13.18	6499	2052	2079
745	01:40:55	60.18	6499	2051	2078
746	01:41:56	60.12	6499	2051	2078
747	01:42:56	60.19	6499	2050	2077
748	01:43:56	60.09	6499	2050	2077
749	01:44:56	60.17	6499	2049	2076
750	01:45:56	16.10	6499	2049	2075
751	01:46:12	60.09	6499	2048	2074
752	01:47:12	30.93	6499	2047	2074
753	01:47:43	60.49	6499	2046	2073
754	01:48:44	60.13	6499	2046	2072
755	01:49:44	60.12	6499	2045	2072
756	01:50:44	60.14	6499	2044	2071
757	01:51:44	60.16	6499	2043	2070
758	01:52:44	60.11	6499	2043	2070
759	01:53:44	60.13	6499	2042	2069
760	01:54:45	60.12	6499	2041	2068
761	01:55:45	60.16	6499	2041	2068
762	01:56:45	15.39	6499	2041	2067
763	01:57:00	60.50	6499	2040	2067
764	01:58:01	60.13	6499	2040	2067
765	01:59:01	10.01	6499	2039	2066
766	01:59:11	22.87	6499	2039	2065
767	01:59:34	20.24	6499	2038	2064
768	01:59:54	21.26	6499	2037	2064
769	02:00:15	60.19	6499	2036	2063
770	02:01:15	60.12	6499	2036	2062
771	02:02:16	60.08	6499	2035	2061
772	02:03:16	60.16	6499	2034	2061
773	02:04:16	60.13	6499	2033	2060
774	02:05:16	60.13	6499	2033	2059
775	02:06:16	60.12	6499	2032	2059
776	02:07:16	60.11	6499	2032	2058
777	02:08:16	60.17	6499	2031	2058
778	02:09:17	60.12	6499	2031	2057
779	02:10:17	60.14	6499	2030	2056
780	02:11:17	18.14	6499	2029	2056
781	02:11:35	31.07	6499	2028	2055
782	02:12:06	60.48	6499	2028	2055
783	02:13:06	60.59	6499	2028	2054
784	02:14:07	31.07	6499	2027	2053
785	02:14:38	51.09	6499	2026	2053
786	02:15:29	60.18	6499	2025	2052
787	02:16:29	10.26	6499	2025	2051
788	02:16:40	30.30	6499	2024	2050
789	02:17:10	60.46	6499	2024	2050
790	02:18:10	60.10	6499	2023	2049
791	02:19:10	60.08	6499	2022	2048
792	02:20:11	60.12	6499	2021	2048
793	02:21:11	60.26	6499	2021	2047
794	02:22:11	31.12	6499	2020	2046
795	02:22:42	60.41	6499	2019	2046
796	02:23:42	60.15	6499	2019	2045
797	02:24:43	60.07	6499	2018	2044
798	02:25:43	60.14	6499	2018	2044
799	02:26:43	60.11	6499	2017	2043
800	02:27:43	60.12	6499	2017	2043
801	02:28:43	58.21	6499	2016	2043
802	02:29:41	39.69	6499	2016	2042
803	02:30:21	15.87	6499	2015	2041
804	02:30:37	60.10	6499	2014	2040
805	02:31:37	60.15	6499	2013	2040
806	02:32:37	10.01	6499	2013	2039
807	02:32:47	60.17	6499	2012	2038
808	02:33:47	60.09	6499	2011	2037
809	02:34:47	60.15	6499	2010	2037
810	02:35:48	60.14	6499	2010	2036
811	02:36:48	60.12	6499	2009	2035
812	02:37:48	60.09	6499	2008	2034
813	02:38:48	60.15	6499	2008	2034
814	02:39:48	60.14	6499	2007	2033
815	02:40:48	60.14	6499	2006	2032
816	02:41:48	60.11	6499	2005	2032
817	02:42:48	60.09	6499	2005	2031
818	02:43:48	60.09	6499	2004	2030
819	02:44:49	60.13	6499	2003	2029
820	02:45:49	60.13	6499	2003	2029
821	02:46:49	60.08	6499	2001	2028
822	02:47:49	60.10	6499	2001	2027
823	02:48:49	60.17	6499	2000	2026
824	02:49:49	60.09	6499	2000	2026
825	02:50:49	60.15	6499	1999	2025
826	02:51:49	60.08	6499	1998	2024
827	02:52:50	60.07	6499	1997	2024
828	02:53:50	10.02	6499	1997	2023
829	02:54:00	60.09	6499	1996	2022
830	02:55:00	60.16	6499	1995	2021
831	02:56:00	60.11	6499	1995	2021
832	02:57:00	60.12	6499	1994	2020
833	02:58:00	60.15	6499	1993	2019
834	02:59:00	60.08	6499	1992	2018
835	03:00:00	60.10	6499	1992	2018
836	03:01:00	60.18	6499	1991	2017
837	03:02:01	60.10	6499	1990	2016
838	03:03:01	58.92	6499	1990	2016
839	03:04:00	60.04	6499	1989	2015
840	03:05:00	60.14	6499	1988	2014
841	03:06:00	60.13	6499	1987	2014
842	03:07:00	60.13	6499	1987	2013
843	03:08:00	60.15	6499	1986	2012
844	03:09:00	60.11	6499	1985	2011
845	03:10:00	60.13	6499	1985	2011
846	03:11:00	60.12	6499	1984	2010
847	03:12:01	60.12	6499	1983	2009
848	03:13:01	60.14	6499	1982	2009
849	03:14:01	60.15	6499	1982	2008
850	03:15:01	60.12	6499	1981	2007
851	03:16:01	60.14	6499	1980	2006
852	03:17:01	60.13	6499	1980	2006
853	03:18:01	60.13	6499	1979	2005
854	03:19:02	60.12	6499	1978	2004
855	03:20:02	60.12	6499	1978	2004
856	03:21:02	60.09	6499	1977	2003
857	03:22:02	60.15	6499	1976	2002
858	03:23:02	60.14	6499	1975	2001
859	03:24:02	60.13	6499	1975	2001
860	03:25:02	60.14	6499	1974	2000
861	03:26:02	60.13	6499	1973	1999
862	03:27:03	60.13	6499	1973	1998
863	03:28:03	60.09	6499	1972	1998
864	03:29:03	60.08	6499	1971	1997
865	03:30:03	60.17	6499	1971	1996
866	03:31:03	60.17	6499	1970	1996
867	03:32:03	60.13	6499	1969	1995
868	03:33:03	60.13	6499	1968	1994
869	03:34:03	60.18	6499	1968	1994
870	03:35:04	60.14	6499	1967	1993
871	03:36:04	60.15	6499	1967	1992
872	03:37:04	60.16	6499	1966	1992
873	03:38:04	60.13	6499	1965	1991
874	03:39:04	60.13	6499	1964	1990
875	03:40:04	60.12	6499	1964	1989
876	03:41:04	60.13	6499	1963	1989
877	03:42:05	47.73	6499	1962	1988
878	03:42:52	60.47	6499	1962	1987
879	03:43:53	60.14	6499	1961	1987
880	03:44:53	60.10	6499	1960	1986
881	03:45:53	60.12	6499	1960	1985
882	03:46:53	60.16	6499	1959	1985
883	03:47:53	60.11	6499	1958	1984
884	03:48:53	60.12	6499	1958	1983
885	03:49:54	60.18	6499	1957	1982
886	03:50:54	60.14	6499	1956	1982
887	03:51:54	60.12	6499	1956	1981
888	03:52:54	60.17	6499	1955	1980
889	03:53:54	60.15	6499	1954	1980
890	03:54:54	60.14	6499	1953	1979
891	03:55:54	60.12	6499	1953	1978
892	03:56:55	60.08	6499	1952	1978
893	03:57:55	60.14	6499	1951	1977
894	03:58:55	60.13	6499	1951	1976
895	03:59:55	60.11	6499	1950	1976
896	04:00:55	60.11	6499	1949	1975
897	04:01:55	60.13	6499	1949	1974
898	04:02:55	60.12	6499	1948	1973
899	04:03:55	60.12	6499	1948	1973
900	04:04:55	60.13	6499	1947	1973
901	04:05:56	60.12	6499	1947	1972
902	04:06:56	60.13	6499	1946	1971
903	04:07:56	60.13	6499	1945	1971
904	04:08:56	60.11	6499	1945	1970
905	04:09:56	60.12	6499	1944	1970
906	04:10:56	15.73	6499	1944	1969
907	04:11:12	60.20	6499	1943	1969
908	04:12:12	60.13	6499	1943	1968
909	04:13:12	60.10	6499	1943	1968
910	04:14:12	36.12	6499	1943	1968
911	04:14:48	60.06	6499	1942	1968
912	04:15:49	20.63	6499	1942	1967
913	04:16:09	60.25	6499	1941	1967
914	04:17:09	33.87	6499	1940	1966
915	04:17:43	17.06	6499	1940	1965
916	04:18:00	14.04	6499	1939	1964
917	04:18:14	31.07	6499	1939	1964
918	04:18:45	31.01	6499	1938	1963
919	04:19:16	60.48	6499	1937	1962
920	04:20:17	60.07	6499	1937	1962
921	04:21:17	60.07	6499	1936	1961
922	04:22:17	60.17	6499	1935	1961
923	04:23:17	60.18	6499	1935	1960
924	04:24:17	60.13	6499	1935	1960
925	04:25:18	60.14	6499	1934	1960
926	04:26:18	60.11	6499	1934	1959
927	04:27:18	60.12	6499	1933	1958
928	04:28:18	59.62	6499	1933	1958
929	04:29:18	31.03	6499	1932	1957
930	04:29:49	60.51	6499	1932	1957
931	04:30:49	10.02	6499	1932	1957
932	04:30:59	21.36	6499	1931	1956
933	04:31:20	60.33	6499	1931	1956
934	04:32:21	60.20	6499	1930	1955
935	04:33:21	30.53	6499	1930	1955
936	04:33:52	31.09	6499	1929	1954
937	04:34:23	60.44	6499	1928	1954
938	04:35:23	10.27	6499	1928	1953
939	04:35:33	21.19	6499	1928	1953
940	04:35:55	60.53	6499	1927	1952
941	04:36:55	60.15	6499	1926	1951
942	04:37:55	50.10	6499	1926	1950
943	04:38:45	40.36	6499	1925	1950
944	04:39:26	31.05	6499	1925	1949
945	04:39:57	60.43	6499	1924	1949
946	04:40:57	60.11	6499	1923	1948
947	04:41:57	60.10	6499	1923	1948
948	04:42:57	60.08	6499	1923	1947
949	04:43:57	60.17	6499	1922	1947
950	04:44:58	60.22	6499	1922	1946
951	04:45:58	31.03	6499	1921	1946
952	04:46:29	61.10	6499	1921	1946
953	04:47:30	31.02	6499	1920	1945
954	04:48:01	60.37	6499	1920	1944
955	04:49:01	10.02	6499	1919	1944
956	04:49:11	21.60	6499	1919	1943
957	04:49:33	60.39	6499	1918	1943
958	04:50:33	10.05	6499	1917	1942
959	04:50:43	21.46	6499	1917	1941
960	04:51:05	60.46	6499	1916	1941
961	04:52:05	60.09	6499	1915	1940
962	04:53:05	60.10	6499	1915	1940
963	04:54:06	60.13	6499	1914	1939
964	04:55:06	20.41	6499	1913	1938
965	04:55:26	60.04	6499	1913	1937
966	04:56:26	60.17	6499	1912	1937
967	04:57:26	60.16	6499	1912	1936
968	04:58:26	60.14	6499	1911	1935
969	04:59:27	60.17	6499	1910	1935
970	05:00:27	60.18	6499	1910	1934
971	05:01:27	60.14	6499	1909	1933
972	05:02:27	60.08	6499	1908	1933
973	05:03:27	60.14	6499	1908	1932
974	05:04:27	60.14	6499	1907	1932
975	05:05:27	60.09	6499	1906	1931
976	05:06:28	60.12	6499	1906	1930
977	05:07:28	60.18	6499	1905	1930
978	05:08:28	60.10	6499	1904	1929
979	05:09:28	60.16	6499	1904	1928
980	05:10:28	60.13	6499	1903	1928
981	05:11:28	60.17	6499	1902	1927
982	05:12:28	60.14	6499	1902	1926
983	05:13:29	60.12	6499	1901	1926
984	05:14:29	60.12	6499	1900	1925
985	05:15:29	60.08	6499	1900	1924
986	05:16:29	60.09	6499	1899	1924
987	05:17:29	60.19	6499	1898	1923
988	05:18:29	60.14	6499	1898	1922
989	05:19:29	60.12	6499	1897	1922
990	05:20:29	60.07	6499	1896	1921
991	05:21:29	60.07	6499	1896	1920
992	05:22:30	60.15	6499	1895	1920
993	05:23:30	60.11	6499	1894	1919
994	05:24:30	60.14	6499	1894	1919
995	05:25:30	60.14	6499	1893	1918
996	05:26:30	60.14	6499	1892	1917
997	05:27:30	60.11	6499	1892	1916
998	05:28:30	60.15	6499	1891	1916
999	05:29:30	60.11	6499	1890	1915
1000	05:30:31	60.07	6499	1890	1915
1001	05:31:31	60.12	6499	1889	1914
1002	05:32:31	60.17	6499	1888	1913
1003	05:33:31	60.09	6499	1888	1913
1004	05:34:31	60.12	6499	1887	1912
1005	05:35:31	60.08	6499	1887	1911
1006	05:36:31	60.08	6499	1886	1911
1007	05:37:31	60.15	6499	1885	1910
1008	05:38:31	54.92	6499	1885	1909
1009	05:39:26	60.54	6499	1884	1909
1010	05:40:27	60.08	6499	1883	1908
1011	05:41:27	60.11	6499	1883	1907
1012	05:42:27	60.17	6499	1882	1907
1013	05:43:27	60.12	6499	1881	1906
1014	05:44:27	60.11	6499	1881	1905
1015	05:45:28	60.13	6499	1880	1905
1016	05:46:28	60.12	6499	1880	1904
1017	05:47:28	60.12	6499	1879	1904
1018	05:48:28	60.16	6499	1878	1903
1019	05:49:28	60.15	6499	1878	1901
1020	05:50:28	60.12	6499	1877	1902
1021	05:51:28	60.09	6499	1876	1901
1022	05:52:28	60.14	6499	1876	1900
1023	05:53:29	60.18	6499	1875	1900
1024	05:54:29	60.12	6499	1874	1899
1025	05:55:29	60.12	6499	1874	1898
1026	05:56:29	60.17	6499	1873	1898
1027	05:57:29	60.13	6499	1873	1897
1028	05:58:29	60.08	6499	1872	1897
1029	05:59:29	60.09	6499	1871	1896
1030	06:00:29	60.12	6499	1871	1895
1031	06:01:30	60.18	6499	1870	1895
1032	06:02:30	60.12	6499	1869	1894
1033	06:03:30	60.13	6499	1869	1893
1034	06:04:30	60.10	6499	1868	1893
1035	06:05:30	60.15	6499	1868	1892
1036	06:06:30	60.09	6499	1867	1891
1037	06:07:30	60.10	6499	1866	1891
1038	06:08:30	60.13	6499	1866	1890
1039	06:09:31	60.14	6499	1865	1890
1040	06:10:31	60.13	6499	1865	1889
1041	06:11:31	60.15	6499	1864	1889
1042	06:12:31	60.13	6499	1864	1888
1043	06:13:31	60.18	6499	1863	1888
1044	06:14:31	60.12	6499	1862	1887
1045	06:15:31	60.12	6499	1862	1886
1046	06:16:32	60.12	6499	1861	1886
1047	06:17:32	60.10	6499	1860	1885
1048	06:18:32	60.16	6499	1860	1884
1049	06:19:32	60.11	6499	1859	1884
1050	06:20:32	60.12	6499	1859	1883
1051	06:21:32	60.17	6499	1858	1882
1052	06:22:32	60.12	6499	1857	1882
1053	06:23:32	60.07	6499	1857	1881
1054	06:24:33	60.14	6499	1856	1881
1055	06:25:33	60.11	6499	1855	1880
1056	06:26:33	60.13	6499	1855	1879
1057	06:27:33	60.14	6499	1854	1879
1058	06:28:33	60.09	6499	1853	1878
1059	06:29:33	60.10	6499	1853	1878
1060	06:30:33	60.08	6499	1853	1877
1061	06:31:33	60.17	6499	1852	1876
1062	06:32:33	60.12	6499	1851	1876
1063	06:33:34	60.08	6499	1851	1875
1064	06:34:34	60.11	6499	1850	1875
1065	06:35:34	60.07	6499	1850	1874
1066	06:36:34	60.08	6499	1849	1873
1067	06:37:34	33.63	6499	1848	1873
1068	06:38:08	60.12	6499	1847	1872
1069	06:39:08	60.12	6499	1847	1871
1070	06:40:08	60.17	6499	1846	1871
1071	06:41:08	60.12	6499	1846	1870
1072	06:42:08	60.15	6499	1845	1870
1073	06:43:08	60.14	6499	1844	1869
1074	06:44:08	60.18	6499	1844	1868
1075	06:45:09	60.15	6499	1843	1868
1076	06:46:09	60.11	6499	1842	1867
1077	06:47:09	60.16	6499	1842	1867
1078	06:48:09	60.11	6499	1841	1866
1079	06:49:09	60.09	6499	1840	1865
1080	06:50:09	60.13	6499	1840	1865
1081	06:51:09	60.07	6499	1839	1864
1082	06:52:09	60.09	6499	1839	1863
1083	06:53:09	60.14	6499	1838	1863
1084	06:54:10	60.08	6499	1838	1862
1085	06:55:10	60.13	6499	1837	1861
1086	06:56:10	60.08	6499	1836	1861
1087	06:57:10	60.09	6499	1835	1860
1088	06:58:10	60.09	6499	1835	1860
1089	06:59:10	60.17	6499	1834	1859
1090	07:00:10	60.13	6499	1834	1858
1091	07:01:10	60.11	6499	1833	1858
1092	07:02:10	60.07	6499	1832	1857
1093	07:03:11	60.14	6499	1832	1857
1094	07:04:11	60.12	6499	1831	1856
1095	07:05:11	60.08	6499	1831	1855
1096	07:06:11	60.09	6499	1830	1855
1097	07:07:11	60.12	6499	1830	1854
1098	07:08:11	60.13	6499	1829	1853
1099	07:09:11	60.14	6499	1828	1853
1100	07:10:11	60.15	6499	1828	1852
1101	07:11:12	60.12	6499	1827	1852
1102	07:12:12	60.09	6499	1825	1851
1103	07:13:12	60.17	6499	1826	1850
1104	07:14:12	60.12	6499	1825	1850
1105	07:15:12	60.14	6499	1825	1849
1106	07:16:12	60.16	6499	1824	1849
1107	07:17:12	60.14	6499	1823	1848
1108	07:18:12	60.16	6499	1823	1847
1109	07:19:13	60.10	6499	1822	1847
1110	07:20:13	60.09	6499	1821	1846
1111	07:21:13	60.13	6499	1821	1846
1112	07:22:13	60.08	6499	1820	1845
1113	07:23:13	60.14	6499	1820	1844
1114	07:24:13	60.17	6499	1819	1844
1115	07:25:13	60.11	6499	1818	1843
1116	07:26:13	60.13	6499	1818	1843
1117	07:27:14	60.16	6499	1817	1842
1118	07:28:14	60.13	6499	1817	1842
1119	07:29:14	60.16	6499	1817	1841
1120	07:30:14	60.12	6499	1816	1841
1121	07:31:14	60.14	6499	1815	1840
1122	07:32:14	60.13	6499	1815	1840
1123	07:33:14	60.14	6499	1814	1839
1124	07:34:15	43.25	6499	1814	1838
1125	07:34:58	14.49	6499	1813	1838
1126	07:35:12	60.01	6499	1813	1837
1127	07:36:12	60.13	6499	1812	1837
1128	07:37:12	60.14	6499	1811	1836
1129	07:38:13	60.12	6499	1811	1836
1130	07:39:13	60.10	6499	1810	1835
1131	07:40:13	60.11	6499	1810	1834
1132	07:41:13	39.25	6499	1809	1834
1133	07:41:52	60.01	6499	1808	1833
1134	07:42:52	60.14	6499	1808	1833
1135	07:43:52	60.12	6499	1807	1832
1136	07:44:52	60.18	6499	1807	1831
1137	07:45:53	60.30	6499	1806	1831
1138	07:46:53	60.08	6499	1805	1830
1139	07:47:53	60.16	6499	1805	1830
1140	07:48:53	60.13	6499	1804	1829
1141	07:49:53	60.09	6499	1804	1828
1142	07:50:53	60.15	6499	1803	1828
1143	07:51:54	60.13	6499	1802	1827
1144	07:52:54	60.16	6499	1802	1827
1145	07:53:54	60.14	6499	1801	1826
1146	07:54:54	60.13	6499	1801	1826
1147	07:55:54	60.16	6499	1800	1825
1148	07:56:54	60.16	6499	1800	1824
1149	07:57:54	10.01	6499	1799	1824
1150	07:58:04	60.41	6499	1799	1823
1151	07:59:05	60.09	6499	1798	1823
1152	08:00:05	60.13	6499	1797	1822
1153	08:01:05	60.13	6499	1797	1822
1154	08:02:05	36.74	6499	1797	1821
1155	08:02:42	60.22	6499	1796	1821
1156	08:03:42	60.21	6499	1796	1820
1157	08:04:42	60.15	6499	1795	1820
1158	08:05:42	60.14	6499	1794	1819
1159	08:06:43	60.14	6499	1794	1819
1160	08:07:43	60.14	6499	1794	1818
1161	08:08:43	60.15	6499	1793	1818
1162	08:09:43	23.55	6499	1793	1817
1163	08:10:07	31.14	6499	1792	1817
1164	08:10:38	60.40	6499	1791	1816
1165	08:11:38	60.16	6499	1791	1815
1166	08:12:38	60.10	6499	1790	1815
1167	08:13:38	30.44	6499	1789	1814
1168	08:14:09	31.01	6499	1789	1814
1169	08:14:40	60.36	6499	1788	1813
1170	08:15:40	60.15	6499	1788	1813
1171	08:16:40	60.10	6499	1787	1812
1172	08:17:40	60.15	6499	1787	1812
1173	08:18:41	60.13	6499	1786	1811
1174	08:19:41	60.09	6499	1786	1811
1175	08:20:41	60.11	6499	1785	1810
1176	08:21:41	60.16	6499	1785	1810
1177	08:22:41	60.16	6499	1784	1809
1178	08:23:41	60.12	6499	1784	1809
1179	08:24:41	60.16	6499	1783	1808
1180	08:25:42	29.50	6499	1783	1808
1181	08:26:11	31.06	6499	1783	1808
1182	08:26:42	60.45	6499	1782	1807
1183	08:27:43	60.17	6499	1782	1807
1184	08:28:43	60.17	6499	1781	1806
1185	08:29:43	60.13	6499	1781	1805
1186	08:30:43	60.14	6499	1780	1805
1187	08:31:43	29.97	6499	1779	1804
1188	08:32:13	31.02	6499	1779	1804
1189	08:32:44	31.17	6499	1778	1803
1190	08:33:15	31.12	6499	1778	1803
1191	08:33:46	60.37	6499	1777	1802
1192	08:34:47	60.09	6499	1776	1801
1193	08:35:47	60.13	6499	1776	1801
1194	08:36:47	60.11	6499	1775	1800
1195	08:37:47	60.10	6499	1774	1800
1196	08:38:47	60.13	6499	1774	1799
1197	08:39:47	60.10	6499	1773	1798
1198	08:40:47	60.08	6499	1773	1798
1199	08:41:48	60.16	6499	1772	1797
1200	08:42:48	60.12	6499	1772	1797
1201	08:43:48	60.09	6499	1771	1796
1202	08:44:48	60.08	6499	1771	1796
1203	08:45:48	60.14	6499	1770	1795
1204	08:46:48	60.09	6499	1769	1794
1205	08:47:48	60.15	6499	1769	1794
1206	08:48:48	60.12	6499	1768	1793
1207	08:49:49	60.13	6499	1768	1793
1208	08:50:49	60.10	6499	1767	1792
1209	08:51:49	60.14	6499	1767	1792
1210	08:52:49	60.07	6499	1766	1791
1211	08:53:49	60.13	6499	1766	1791
1212	08:54:49	60.12	6499	1765	1790
1213	08:55:49	60.15	6499	1764	1790
1214	08:56:49	60.13	6499	1764	1789
1215	08:57:49	49.70	6499	1763	1789
1216	08:58:39	24.32	6499	1763	1788
1217	08:59:03	10.15	6499	1763	1788
1218	08:59:14	60.09	6499	1762	1787
1219	09:00:14	60.10	6499	1762	1787
1220	09:01:14	60.13	6499	1761	1787
1221	09:02:14	60.16	6499	1761	1786
1222	09:03:14	60.13	6499	1760	1786
1223	09:04:14	60.16	6499	1760	1785
1224	09:05:14	60.08	6499	1759	1785
1225	09:06:14	33.11	6499	1759	1784
1226	09:06:48	31.15	6499	1758	1784
1227	09:07:19	60.52	6499	1758	1783
1228	09:08:19	30.53	6499	1757	1782
1229	09:08:50	31.01	6499	1756	1782
1230	09:09:21	60.48	6499	1756	1781
1231	09:10:21	60.12	6499	1755	1781
1232	09:11:21	34.26	6499	1755	1780
1233	09:11:56	10.11	6499	1754	1779
1234	09:12:06	60.12	6499	1754	1779
1235	09:13:06	60.09	6499	1753	1778
1236	09:14:06	60.18	6499	1752	1778
1237	09:15:06	60.17	6499	1752	1777
1238	09:16:06	60.14	6499	1751	1777
1239	09:17:06	60.10	6499	1751	1776
1240	09:18:07	60.13	6499	1750	1776
1241	09:19:07	60.15	6499	1750	1775
1242	09:20:07	60.12	6499	1749	1774
1243	09:21:07	60.08	6499	1748	1774
1244	09:22:07	60.16	6499	1748	1773
1245	09:23:07	60.17	6499	1747	1773
1246	09:24:07	60.16	6499	1747	1772
1247	09:25:08	60.09	6499	1746	1771
1248	09:26:08	60.11	6499	1746	1771
1249	09:27:08	60.12	6499	1745	1770
1250	09:28:08	60.09	6499	1745	1770
1251	09:29:08	60.15	6499	1744	1769
1252	09:30:08	60.10	6499	1743	1769
1253	09:31:08	60.15	6499	1743	1768
1254	09:32:08	60.08	6499	1742	1767
1255	09:33:08	60.10	6499	1742	1767
1256	09:34:09	60.11	6499	1741	1766
1257	09:35:09	60.13	6499	1741	1766
1258	09:36:09	60.12	6499	1740	1765
1259	09:37:09	60.16	6499	1739	1765
1260	09:38:09	60.11	6499	1739	1764
1261	09:39:09	60.18	6499	1738	1764
1262	09:40:09	60.10	6499	1738	1763
1263	09:41:09	60.14	6499	1737	1762
1264	09:42:10	60.15	6499	1737	1762
1265	09:43:10	60.14	6499	1736	1761
1266	09:44:10	60.14	6499	1736	1761
1267	09:45:10	60.09	6499	1735	1760
1268	09:46:10	60.13	6499	1734	1760
1269	09:47:10	60.10	6499	1734	1759
1270	09:48:10	60.17	6499	1733	1758
1271	09:49:11	60.09	6499	1733	1758
1272	09:50:11	60.17	6499	1732	1757
1273	09:51:11	60.13	6499	1732	1757
1274	09:52:11	60.14	6499	1731	1756
1275	09:53:11	60.11	6499	1731	1756
1276	09:54:11	60.15	6499	1730	1755
1277	09:55:11	60.16	6499	1730	1755
1278	09:56:11	60.11	6499	1729	1754
1279	09:57:12	60.13	6499	1729	1753
1280	09:58:12	60.14	6499	1728	1753
1281	09:59:12	60.13	6499	1727	1752
1282	10:00:12	60.12	6499	1727	1752
1283	10:01:12	60.08	6499	1726	1751
1284	10:02:12	60.12	6499	1726	1751
1285	10:03:12	60.12	6499	1725	1750
1286	10:04:12	60.13	6499	1725	1750
1287	10:05:13	60.10	6499	1724	1749
1288	10:06:13	60.13	6499	1724	1748
1289	10:07:13	60.10	6499	1723	1748
1290	10:08:13	60.09	6499	1723	1747
1291	10:09:13	60.16	6499	1722	1747
1292	10:10:13	60.14	6499	1722	1747
1293	10:11:13	60.13	6499	1721	1746
1294	10:12:13	60.13	6499	1721	1746
1295	10:13:14	60.13	6499	1720	1745
1296	10:14:14	60.13	6499	1720	1744
1297	10:15:14	60.16	6499	1719	1744
1298	10:16:14	60.13	6499	1719	1743
1299	10:17:14	60.16	6499	1718	1743
1300	10:18:14	60.07	6499	1717	1742
1301	10:19:14	60.12	6499	1717	1742
1302	10:20:14	24.75	6499	1716	1741
1303	10:20:39	60.38	6499	1716	1741
1304	10:21:40	60.09	6499	1716	1740
1305	10:22:40	60.16	6499	1715	1739
1306	10:23:40	60.12	6499	1714	1739
1307	10:24:40	60.14	6499	1714	1738
1308	10:25:40	60.16	6499	1713	1738
1309	10:26:40	60.13	6499	1713	1737
1310	10:27:40	60.19	6499	1712	1737
1311	10:28:41	60.12	6499	1712	1736
1312	10:29:41	60.12	6499	1711	1736
1313	10:30:41	60.17	6499	1711	1735
1314	10:31:41	60.15	6499	1710	1735
1315	10:32:41	60.11	6499	1710	1734
1316	10:33:41	60.11	6499	1709	1733
1317	10:34:41	60.13	6499	1709	1733
1318	10:35:41	60.15	6499	1708	1732
1319	10:36:42	60.10	6499	1707	1732
1320	10:37:42	60.09	6499	1707	1731
1321	10:38:42	60.14	6499	1706	1731
1322	10:39:42	60.16	6499	1706	1730
1323	10:40:42	60.12	6499	1705	1730
1324	10:41:42	60.11	6499	1705	1729
1325	10:42:42	60.14	6499	1704	1729
1326	10:43:42	60.11	6499	1703	1728
1327	10:44:43	60.14	6499	1703	1728
1328	10:45:43	60.07	6499	1702	1727
1329	10:46:43	60.14	6499	1702	1726
1330	10:47:43	60.13	6499	1701	1726
1331	10:48:43	60.17	6499	1701	1726
1332	10:49:43	60.08	6499	1701	1725
1333	10:50:43	60.12	6499	1700	1725
1334	10:51:43	60.09	6499	1699	1724
1335	10:52:44	60.08	6499	1699	1724
1336	10:53:44	60.12	6499	1698	1723
1337	10:54:44	60.14	6499	1698	1722
1338	10:55:44	60.11	6499	1697	1722
1339	10:56:44	60.13	6499	1697	1721
1340	10:57:44	60.09	6499	1696	1721
1341	10:58:44	60.13	6499	1696	1720
1342	10:59:44	31.68	6499	1695	1720
1343	11:00:16	60.02	6499	1695	1719
1344	11:01:16	60.15	6499	1694	1719
1345	11:02:16	60.09	6499	1694	1718
1346	11:03:16	60.10	6499	1693	1718
1347	11:04:16	60.13	6499	1693	1717
1348	11:05:16	55.96	6499	1692	1717
1349	11:06:12	10.18	6499	1692	1716
1350	11:06:23	60.12	6499	1691	1715
1351	11:07:23	60.14	6499	1691	1715
1352	11:08:23	60.17	6499	1690	1714
1353	11:09:23	60.11	6499	1690	1714
1354	11:10:23	60.10	6499	1689	1713
1355	11:11:23	60.14	6499	1689	1713
1356	11:12:23	60.12	6499	1688	1712
1357	11:13:24	60.10	6499	1688	1712
1358	11:14:24	60.08	6499	1687	1711
1359	11:15:24	60.08	6499	1687	1711
1360	11:16:24	60.12	6499	1687	1711
1361	11:17:24	60.09	6499	1686	1710
1362	11:18:24	60.12	6499	1685	1710
1363	11:19:24	60.11	6499	1685	1709
1364	11:20:24	60.11	6499	1685	1709
1365	11:21:24	60.12	6499	1684	1708
1366	11:22:24	60.12	6499	1683	1708
1367	11:23:25	60.08	6499	1683	1707
1368	11:24:25	60.15	6499	1682	1707
1369	11:25:25	60.17	6499	1682	1706
1370	11:26:25	27.29	6499	1682	1705
1371	11:26:52	31.02	6499	1681	1705
1372	11:27:23	60.43	6499	1680	1704
1373	11:28:24	60.12	6499	1680	1704
1374	11:29:24	60.07	6499	1679	1703
1375	11:30:24	60.11	6499	1679	1703
1376	11:31:24	60.10	6499	1678	1702
1377	11:32:24	60.11	6499	1678	1702
1378	11:33:24	60.11	6499	1677	1701
1379	11:34:24	60.16	6499	1677	1701
1380	11:35:25	60.11	6499	1676	1700
1381	11:36:25	60.16	6499	1676	1700
1382	11:37:25	60.09	6499	1675	1699
1383	11:38:25	60.12	6499	1675	1699
1384	11:39:25	60.18	6499	1674	1698
1385	11:40:25	60.12	6499	1674	1698
1386	11:41:25	60.12	6499	1673	1697
1387	11:42:25	60.12	6499	1672	1697
1388	11:43:26	60.12	6499	1672	1696
1389	11:44:26	60.12	6499	1671	1696
1390	11:45:26	60.12	6499	1671	1695
1391	11:46:26	60.13	6499	1667	1692
1392	11:47:26	60.14	6499	1670	1694
1393	11:48:26	60.18	6499	1669	1694
1394	11:49:26	60.16	6499	1669	1693
1395	11:50:27	60.07	6499	1668	1693
1396	11:51:27	60.10	6499	1668	1692
1397	11:52:27	60.11	6499	1667	1691
1398	11:53:27	60.12	6499	1667	1691
1399	11:54:27	60.13	6499	1666	1690
1400	11:55:27	60.08	6499	1666	1690
1401	11:56:27	60.24	6499	1666	1690
1402	11:57:27	60.17	6499	1665	1689
1403	11:58:28	60.14	6499	1665	1689
1404	11:59:28	60.11	6499	1664	1689
1405	12:00:28	60.13	6499	1664	1688
1406	12:01:28	60.14	6499	1664	1688
1407	12:02:28	60.17	6499	1663	1687
1408	12:03:28	60.14	6499	1663	1687
1409	12:04:28	60.16	6499	1662	1686
1410	12:05:29	60.10	6499	1662	1686
1411	12:06:29	60.14	6499	1661	1685
1412	12:07:29	38.04	6499	1661	1685
1413	12:08:07	60.14	6499	1661	1684
1414	12:09:07	60.17	6499	1660	1684
1415	12:10:07	17.49	6499	1659	1683
1416	12:10:25	31.06	6499	1659	1683
1417	12:10:56	60.50	6499	1658	1682
1418	12:11:56	60.10	6499	1658	1682
1419	12:12:56	60.10	6499	1658	1681
1420	12:13:56	60.10	6499	1657	1681
1421	12:14:56	60.10	6499	1657	1680
1422	12:15:57	60.16	6499	1656	1680
1423	12:16:57	60.15	6499	1655	1679
1424	12:17:57	60.18	6499	1655	1679
1425	12:18:57	60.10	6499	1654	1678
1426	12:19:57	60.12	6499	1654	1678
1427	12:20:57	60.12	6499	1653	1678
1428	12:21:57	60.08	6499	1653	1677
1429	12:22:57	60.14	6499	1653	1677
1430	12:23:58	60.07	6499	1652	1676
1431	12:24:58	60.10	6499	1652	1676
1432	12:25:58	60.16	6499	1651	1675
1433	12:26:58	60.14	6499	1651	1675
1434	12:27:58	60.14	6499	1650	1674
1435	12:28:58	47.41	6499	1650	1674
1436	12:29:46	60.51	6499	1649	1673
1437	12:30:46	60.15	6499	1649	1673
1438	12:31:46	60.16	6499	1648	1672
1439	12:32:46	60.11	6499	1648	1672
1440	12:33:47	60.12	6499	1648	1671
1441	12:34:47	60.13	6499	1647	1671
1442	12:35:47	60.10	6499	1647	1670
1443	12:36:47	60.07	6499	1646	1670
1444	12:37:47	60.08	6499	1646	1669
1445	12:38:47	60.14	6499	1645	1669
1446	12:39:47	60.09	6499	1645	1668
1447	12:40:47	60.07	6499	1645	1668
1448	12:41:47	60.14	6499	1644	1668
1449	12:42:47	60.11	6499	1644	1667
1450	12:43:48	60.15	6499	1643	1667
1451	12:44:48	60.15	6499	1642	1666
1452	12:45:48	60.13	6499	1642	1666
1453	12:46:48	60.17	6499	1641	1665
1454	12:47:48	60.14	6499	1641	1665
1455	12:48:48	60.12	6499	1641	1664
1456	12:49:48	60.15	6499	1640	1664
1457	12:50:49	60.16	6499	1640	1663
1458	12:51:49	21.68	6499	1639	1663
1459	12:52:10	15.11	6499	1639	1662
1460	12:52:26	60.16	6499	1638	1662
1461	12:53:26	60.13	6499	1638	1661
1462	12:54:26	60.16	6499	1637	1661
1463	12:55:26	60.10	6499	1637	1661
1464	12:56:26	60.17	6499	1636	1660
1465	12:57:26	60.19	6499	1636	1660
1466	12:58:26	60.08	6499	1635	1659
1467	12:59:27	60.08	6499	1635	1659
1468	13:00:27	60.17	6499	1634	1658
1469	13:01:27	60.08	6499	1634	1657
1470	13:02:27	60.12	6499	1633	1657
1471	13:03:27	60.14	6499	1633	1656
1472	13:04:27	60.15	6499	1632	1656
1473	13:05:27	60.08	6499	1632	1656
1474	13:06:27	60.13	6499	1631	1655
1475	13:07:28	60.12	6499	1631	1655
1476	13:08:28	60.16	6499	1630	1654
1477	13:09:28	60.08	6499	1626	1654
1478	13:10:28	60.07	6499	1629	1653
1479	13:11:28	60.16	6499	1629	1653
1480	13:12:28	60.13	6499	1628	1652
1481	13:13:28	60.12	6499	1628	1652
1482	13:14:28	60.13	6499	1627	1651
1483	13:15:28	60.12	6499	1627	1651
1484	13:16:29	60.08	6499	1626	1650
1485	13:17:29	60.14	6499	1626	1650
1486	13:18:29	60.12	6499	1625	1649
1487	13:19:29	60.18	6499	1625	1649
1488	13:20:29	60.11	6499	1624	1648
1489	13:21:29	60.12	6499	1624	1648
1490	13:22:29	60.13	6499	1623	1647
1491	13:23:29	60.14	6499	1623	1647
1492	13:24:30	52.01	6499	1623	1646
1493	13:25:22	60.22	6499	1622	1646
1494	13:26:22	60.16	6499	1622	1645
1495	13:27:22	60.11	6499	1621	1645
1496	13:28:22	60.11	6499	1621	1644
1497	13:29:22	60.15	6499	1620	1644
1498	13:30:22	60.13	6499	1620	1643
1499	13:31:23	60.09	6499	1619	1643
1500	13:32:23	60.11	6499	1619	1642
1501	13:33:23	60.15	6499	1618	1642
1502	13:34:23	60.13	6499	1618	1641
1503	13:35:23	60.09	6499	1617	1641
1504	13:36:23	60.14	6499	1617	1640
1505	13:37:23	60.13	6499	1616	1640
1506	13:38:23	60.12	6499	1616	1639
1507	13:39:23	60.15	6499	1615	1639
1508	13:40:24	60.12	6499	1615	1639
1509	13:41:24	60.13	6499	1614	1638
1510	13:42:24	60.17	6499	1614	1638
1511	13:43:24	60.12	6499	1613	1637
1512	13:44:24	60.12	6499	1613	1637
1513	13:45:24	60.13	6499	1612	1636
1514	13:46:24	60.13	6499	1612	1636
1515	13:47:25	60.10	6499	1611	1635
1516	13:48:25	60.16	6499	1611	1635
1517	13:49:25	60.16	6499	1610	1634
1518	13:50:25	60.11	6499	1610	1634
1519	13:51:25	60.14	6499	1609	1633
1520	13:52:25	60.14	6499	1609	1633
1521	13:53:25	60.17	6499	1608	1632
1522	13:54:26	60.17	6499	1608	1632
1523	13:55:26	60.14	6499	1607	1631
1524	13:56:26	60.12	6499	1607	1631
1525	13:57:26	60.12	6499	1607	1630
1526	13:58:26	60.19	6499	1606	1630
1527	13:59:26	60.11	6499	1606	1629
1528	14:00:26	60.11	6499	1605	1629
1529	14:01:26	60.18	6499	1605	1628
1530	14:02:27	60.10	6499	1604	1628
1531	14:03:27	60.12	6499	1604	1628
1532	14:04:27	60.10	6499	1604	1627
1533	14:05:27	60.12	6499	1603	1627
1534	14:06:27	60.17	6499	1603	1626
1535	14:07:27	60.10	6499	1602	1626
1536	14:08:27	60.18	6499	1602	1626
1537	14:09:28	60.13	6499	1601	1625
1538	14:10:28	60.15	6499	1601	1625
1539	14:11:28	60.15	6499	1600	1624
1540	14:12:28	60.13	6499	1600	1624
1541	14:13:28	60.14	6499	1599	1623
1542	14:14:28	60.11	6499	1599	1623
1543	14:15:28	29.29	6499	1598	1622
1544	14:15:58	31.09	6499	1598	1622
1545	14:16:29	60.44	6499	1598	1621
1546	14:17:29	60.08	6499	1597	1621
1547	14:18:29	60.12	6499	1597	1620
1548	14:19:29	60.14	6499	1596	1620
1549	14:20:29	60.07	6499	1596	1620
1550	14:21:30	60.13	6499	1595	1619
1551	14:22:30	60.15	6499	1595	1619
1552	14:23:30	60.17	6499	1595	1618
1553	14:24:30	60.14	6499	1594	1618
1554	14:25:30	60.12	6499	1594	1617
1555	14:26:30	60.12	6499	1593	1617
1556	14:27:30	60.12	6499	1593	1616
1557	14:28:31	60.09	6499	1592	1616
1558	14:29:31	60.14	6499	1592	1615
1559	14:30:31	59.09	6499	1591	1615
1560	14:31:30	31.19	6499	1591	1614
1561	14:32:01	60.30	6499	1590	1614
1562	14:33:01	60.12	6499	1590	1614
1563	14:34:01	60.08	6499	1590	1613
1564	14:35:02	60.12	6499	1589	1613
1565	14:36:02	60.12	6499	1589	1612
1566	14:37:02	60.16	6499	1588	1612
1567	14:38:02	60.13	6499	1588	1612
1568	14:39:02	60.12	6499	1587	1611
1569	14:40:02	60.13	6499	1587	1611
1570	14:41:02	60.14	6499	1587	1610
1571	14:42:02	60.13	6499	1586	1610
1572	14:43:03	60.11	6499	1586	1609
1573	14:44:03	60.15	6499	1582	1609
1574	14:45:03	10.48	6499	1585	1608
1575	14:45:13	14.65	6499	1584	1608
1576	14:45:28	60.02	6499	1584	1607
1577	14:46:28	60.15	6499	1583	1607
1578	14:47:28	60.13	6499	1583	1607
1579	14:48:28	60.11	6499	1582	1606
1580	14:49:28	60.12	6499	1582	1606
1581	14:50:28	60.15	6499	1581	1605
1582	14:51:29	60.11	6499	1581	1605
1583	14:52:29	60.14	6499	1580	1604
1584	14:53:29	60.09	6499	1580	1604
1585	14:54:29	60.12	6499	1580	1603
1586	14:55:29	60.12	6499	1579	1603
1587	14:56:29	60.13	6499	1579	1602
1588	14:57:29	60.12	6499	1578	1602
1589	14:58:29	60.09	6499	1578	1601
1590	14:59:30	60.07	6499	1577	1601
1591	15:00:30	60.11	6499	1577	1601
1592	15:01:30	60.14	6499	1576	1600
1593	15:02:30	60.16	6499	1576	1600
1594	15:03:30	60.17	6499	1576	1599
1595	15:04:30	60.12	6499	1575	1599
1596	15:05:30	60.14	6499	1575	1599
1597	15:06:30	60.13	6499	1574	1598
1598	15:07:31	60.07	6499	1574	1598
1599	15:08:31	60.15	6499	1573	1597
1600	15:09:31	60.17	6499	1573	1597
1601	15:10:31	60.13	6499	1572	1596
1602	15:11:31	60.12	6499	1572	1596
1603	15:12:31	60.13	6499	1572	1595
1604	15:13:31	60.13	6499	1571	1595
1605	15:14:32	60.15	6499	1571	1594
1606	15:15:32	60.67	6499	1570	1594
1607	15:16:32	31.06	6499	1570	1594
1608	15:17:03	60.33	6499	1569	1593
1609	15:18:04	60.14	6499	1569	1593
1610	15:19:04	60.12	6499	1568	1592
1611	15:20:04	60.08	6499	1568	1592
1612	15:21:04	60.14	6499	1567	1591
1613	15:22:04	60.14	6499	1567	1591
1614	15:23:04	60.16	6499	1566	1590
1615	15:24:05	60.08	6499	1566	1590
1616	15:25:05	60.14	6499	1566	1590
1617	15:26:05	60.09	6499	1565	1589
1618	15:27:05	60.18	6499	1565	1589
1619	15:28:05	60.13	6499	1564	1588
1620	15:29:05	60.14	6499	1564	1588
1621	15:30:05	60.11	6499	1563	1588
1622	15:31:05	60.12	6499	1563	1587
1623	15:32:05	60.10	6499	1563	1587
1624	15:33:06	60.10	6499	1562	1586
1625	15:34:06	60.12	6499	1562	1586
1626	15:35:06	60.17	6499	1561	1585
1627	15:36:06	60.14	6499	1561	1585
1628	15:37:06	60.12	6499	1560	1584
1629	15:38:06	16.61	6499	1560	1584
1630	15:38:23	10.18	6499	1559	1584
1631	15:38:33	60.11	6499	1559	1583
1632	15:39:33	60.11	6499	1558	1583
1633	15:40:33	60.11	6499	1558	1582
1634	15:41:33	60.12	6499	1558	1582
1635	15:42:34	60.12	6499	1557	1582
1636	15:43:34	60.14	6499	1557	1581
1637	15:44:34	60.14	6499	1556	1581
1638	15:45:34	60.12	6499	1556	1580
1639	15:46:34	60.12	6499	1556	1580
1640	15:47:34	60.17	6499	1555	1579
1641	15:48:34	60.12	6499	1555	1579
1642	15:49:34	60.17	6499	1554	1578
1643	15:50:35	60.14	6499	1554	1578
1644	15:51:35	60.06	6499	1553	1578
1645	15:52:35	59.99	6499	1553	1577
1646	15:53:35	60.50	6499	1553	1577
1647	15:54:35	30.58	6499	1553	1577
1648	15:55:06	60.38	6499	1552	1576
1649	15:56:06	60.11	6499	1552	1576
1650	15:57:06	60.10	6499	1551	1576
1651	15:58:06	60.17	6499	1551	1575
1652	15:59:07	60.07	6499	1551	1575
1653	16:00:07	60.11	6499	1550	1574
1654	16:01:07	60.13	6499	1550	1574
1655	16:02:07	60.18	6499	1549	1573
1656	16:03:07	60.12	6499	1549	1573
1657	16:04:07	59.79	6499	1548	1573
1658	16:05:07	31.02	6499	1548	1572
1659	16:05:38	60.49	6499	1547	1572
1660	16:06:39	30.60	6499	1547	1572
1661	16:07:09	31.04	6499	1547	1571
1662	16:07:40	60.38	6499	1547	1571
1663	16:08:41	60.66	6499	1547	1571
1664	16:09:41	60.31	6499	1546	1571
1665	16:10:42	60.07	6499	1546	1570
1666	16:11:42	31.05	6499	1546	1570
1667	16:12:13	60.44	6499	1545	1569
1668	16:13:13	60.58	6499	1545	1569
1669	16:14:14	60.40	6499	1544	1569
1670	16:15:14	10.05	6499	1544	1568
1671	16:15:24	60.61	6499	1543	1568
1672	16:16:25	60.17	6499	1543	1567
1673	16:17:25	60.13	6499	1542	1567
1674	16:18:25	20.52	6499	1542	1566
1675	16:18:46	31.04	6499	1542	1566
1676	16:19:17	60.42	6499	1541	1566
1677	16:20:17	10.04	6499	1541	1565
1678	16:20:27	21.67	6499	1540	1565
1679	16:20:49	41.65	6499	1540	1564
1680	16:21:30	60.47	6499	1539	1564
1681	16:22:31	60.09	6499	1539	1563
1682	16:23:31	60.14	6499	1538	1563
1683	16:24:31	60.12	6499	1538	1562
1684	16:25:31	60.12	6499	1538	1562
1685	16:26:31	60.17	6499	1537	1562
1686	16:27:31	60.11	6499	1537	1561
1687	16:28:32	60.13	6499	1536	1561
1688	16:29:32	60.14	6499	1536	1560
1689	16:30:32	60.12	6499	1535	1560
1690	16:31:32	60.08	6499	1535	1559
1691	16:32:32	60.12	6499	1535	1559
1692	16:33:32	60.12	6499	1534	1559
1693	16:34:32	60.16	6499	1534	1558
1694	16:35:32	60.14	6499	1533	1558
1695	16:36:33	60.16	6499	1533	1557
1696	16:37:33	60.11	6499	1532	1557
1697	16:38:33	60.10	6499	1532	1556
1698	16:39:33	60.08	6499	1532	1556
1699	16:40:33	60.16	6499	1531	1556
1700	16:41:33	60.11	6499	1531	1555
1701	16:42:33	60.11	6499	1530	1555
1702	16:43:33	60.13	6499	1530	1554
1703	16:44:34	60.12	6499	1529	1554
1704	16:45:34	60.17	6499	1529	1553
1705	16:46:34	60.12	6499	1529	1553
1706	16:47:34	60.13	6499	1528	1552
1707	16:48:34	60.17	6499	1528	1552
1708	16:49:34	60.12	6499	1527	1552
1709	16:50:34	60.11	6499	1527	1551
1710	16:51:34	60.14	6499	1526	1551
1711	16:52:35	60.13	6499	1526	1550
1712	16:53:35	60.12	6499	1526	1550
1713	16:54:35	60.08	6499	1525	1550
1714	16:55:35	60.14	6499	1525	1549
1715	16:56:35	60.12	6499	1524	1549
1716	16:57:35	60.11	6499	1524	1548
1717	16:58:35	60.09	6499	1523	1548
1718	16:59:35	60.12	6499	1523	1547
1719	17:00:36	60.14	6499	1522	1547
1720	17:01:36	60.13	6499	1522	1546
1721	17:02:36	60.14	6499	1522	1546
1722	17:03:36	60.12	6499	1521	1546
1723	17:04:36	60.15	6499	1521	1545
1724	17:05:36	60.16	6499	1520	1545
1725	17:06:36	60.13	6499	1520	1544
1726	17:07:36	60.12	6499	1519	1544
1727	17:08:37	60.17	6499	1519	1544
1728	17:09:37	60.13	6499	1519	1543
1729	17:10:37	60.09	6499	1518	1543
1730	17:11:37	60.13	6499	1518	1542
1731	17:12:37	60.10	6499	1517	1542
1732	17:13:37	60.14	6499	1517	1541
1733	17:14:37	60.18	6499	1516	1541
1734	17:15:38	60.14	6499	1516	1541
1735	17:16:38	60.13	6499	1516	1540
1736	17:17:38	60.16	6499	1516	1540
1737	17:18:38	60.18	6499	1515	1540
1738	17:19:38	60.12	6499	1515	1539
1739	17:20:38	60.09	6499	1514	1539
1740	17:21:38	60.09	6499	1514	1539
1741	17:22:38	60.15	6499	1514	1538
1742	17:23:39	60.17	6499	1513	1538
1743	17:24:39	60.12	6499	1513	1537
1744	17:25:39	60.13	6499	1512	1537
1745	17:26:39	60.09	6499	1512	1536
1746	17:27:39	60.11	6499	1511	1536
1747	17:28:39	60.09	6499	1511	1536
1748	17:29:39	14.42	6499	1511	1535
1749	17:29:54	10.22	6499	1510	1535
1750	17:30:04	60.16	6499	1510	1534
1751	17:31:04	26.40	6499	1509	1534
1752	17:31:31	10.20	6499	1509	1533
1753	17:31:41	60.16	6499	1508	1533
1754	17:32:41	41.73	6499	1508	1533
1755	17:33:23	60.19	6499	1508	1532
1756	17:34:23	60.10	6499	1507	1532
1757	17:35:23	60.11	6499	1507	1531
1758	17:36:23	60.12	6499	1506	1531
1759	17:37:23	60.11	6499	1506	1531
1760	17:38:23	60.18	6499	1505	1530
1761	17:39:23	60.11	6499	1505	1530
1762	17:40:24	60.16	6499	1505	1529
1763	17:41:24	60.17	6499	1504	1529
1764	17:42:24	60.16	6499	1504	1528
1765	17:43:24	60.14	6499	1503	1528
1766	17:44:24	60.16	6499	1503	1528
1767	17:45:24	60.11	6499	1503	1527
1768	17:46:24	60.11	6499	1502	1527
1769	17:47:25	60.16	6499	1502	1526
1770	17:48:25	60.13	6499	1501	1526
1771	17:49:25	60.08	6499	1501	1526
1772	17:50:25	60.16	6499	1500	1525
1773	17:51:25	60.13	6499	1500	1525
1774	17:52:25	60.14	6499	1500	1524
1775	17:53:25	60.14	6499	1499	1524
1776	17:54:25	60.14	6499	1499	1523
1777	17:55:26	60.11	6499	1498	1523
1778	17:56:26	60.14	6499	1498	1523
1779	17:57:26	60.17	6499	1497	1522
1780	17:58:26	60.12	6499	1497	1522
1781	17:59:26	60.12	6499	1497	1521
1782	18:00:26	60.15	6499	1496	1521
1783	18:01:26	60.13	6499	1496	1521
1784	18:02:27	60.16	6499	1495	1520
1785	18:03:27	60.17	6499	1495	1520
1786	18:04:27	60.12	6499	1495	1519
1787	18:05:27	60.17	6499	1494	1519
1788	18:06:27	60.10	6499	1494	1518
1789	18:07:27	60.16	6499	1493	1518
1790	18:08:27	60.13	6499	1493	1518
1791	18:09:28	60.14	6499	1492	1517
1792	18:10:28	60.08	6499	1492	1517
1793	18:11:28	60.16	6499	1492	1516
1794	18:12:28	60.12	6499	1491	1516
1795	18:13:28	60.16	6499	1491	1516
1796	18:14:28	60.09	6499	1490	1515
1797	18:15:28	60.10	6499	1490	1515
1798	18:16:28	60.18	6499	1489	1514
1799	18:17:29	60.18	6499	1489	1514
1800	18:18:29	60.12	6499	1489	1513
1801	18:19:29	60.11	6499	1488	1513
1802	18:20:29	60.09	6499	1488	1513
1803	18:21:29	60.09	6499	1487	1512
1804	18:22:29	60.08	6499	1487	1512
1805	18:23:29	60.12	6499	1486	1511
1806	18:24:29	60.18	6499	1486	1511
1807	18:25:30	60.12	6499	1486	1511
1808	18:26:30	60.15	6499	1485	1510
1809	18:27:30	60.16	6499	1485	1510
1810	18:28:30	60.11	6499	1484	1509
1811	18:29:30	60.12	6499	1484	1509
1812	18:30:30	60.08	6499	1484	1509
1813	18:31:30	60.09	6499	1483	1508
1814	18:32:30	60.17	6499	1483	1508
1815	18:33:31	60.18	6499	1482	1507
1816	18:34:31	60.11	6499	1482	1507
1817	18:35:31	60.14	6499	1482	1506
1818	18:36:31	60.14	6499	1481	1506
1819	18:37:31	60.12	6499	1481	1506
1820	18:38:31	60.12	6499	1480	1505
1821	18:39:31	60.12	6499	1480	1505
1822	18:40:31	60.14	6499	1479	1504
1823	18:41:32	60.12	6499	1479	1504
1824	18:42:32	60.19	6499	1479	1504
1825	18:43:32	60.09	6499	1478	1503
1826	18:44:32	60.17	6499	1478	1503
1827	18:45:32	60.11	6499	1478	1502
1828	18:46:32	60.14	6499	1477	1502
1829	18:47:32	60.11	6499	1477	1502
1830	18:48:33	60.08	6499	1476	1501
1831	18:49:33	60.16	6499	1476	1501
1832	18:50:33	60.17	6499	1475	1500
1833	18:51:33	60.12	6499	1475	1500
1834	18:52:33	60.13	6499	1475	1500
1835	18:53:33	60.11	6499	1474	1499
1836	18:54:33	60.08	6499	1474	1499
1837	18:55:33	60.17	6499	1473	1498
1838	18:56:34	60.11	6499	1473	1498
1839	18:57:34	60.11	6499	1473	1498
1840	18:58:34	60.12	6499	1472	1497
1841	18:59:34	60.14	6499	1472	1497
1842	19:00:34	60.12	6499	1472	1497
1843	19:01:34	60.10	6499	1471	1496
1844	19:02:34	60.15	6499	1471	1496
1845	19:03:34	60.12	6499	1470	1495
1846	19:04:35	60.08	6499	1470	1495
1847	19:05:35	60.14	6499	1470	1495
1848	19:06:35	60.18	6499	1470	1495
1849	19:07:35	60.07	6499	1469	1494
1850	19:08:35	60.11	6499	1469	1494
1851	19:09:35	60.16	6499	1468	1493
1852	19:10:35	60.14	6499	1468	1493
1853	19:11:35	60.13	6499	1468	1493
1854	19:12:36	60.16	6499	1467	1492
1855	19:13:36	60.10	6499	1467	1492
1856	19:14:36	60.09	6499	1466	1491
1857	19:15:36	45.94	6499	1466	1491
1858	19:16:22	31.00	6499	1466	1491
1859	19:16:53	60.40	6499	1465	1490
1860	19:17:53	60.15	6499	1465	1490
1861	19:18:53	60.11	6499	1464	1489
1862	19:19:54	60.14	6499	1464	1489
1863	19:20:54	30.35	6499	1464	1489
1864	19:21:24	31.03	6499	1463	1488
1865	19:21:55	60.38	6499	1463	1488
1866	19:22:55	60.14	6499	1463	1488
1867	19:23:56	60.11	6499	1462	1487
1868	19:24:56	60.10	6499	1462	1487
1869	19:25:56	60.15	6499	1462	1487
1870	19:26:56	60.13	6499	1461	1486
1871	19:27:56	60.18	6499	1461	1486
1872	19:28:56	60.16	6499	1461	1486
1873	19:29:56	60.12	6499	1461	1486
1874	19:30:57	60.09	6499	1460	1485
1875	19:31:57	60.08	6499	1460	1485
1876	19:32:57	60.11	6499	1460	1485
1877	19:33:57	60.12	6499	1459	1484
1878	19:34:57	60.15	6499	1459	1484
1879	19:35:57	11.95	6499	1458	1483
1880	19:36:09	10.11	6499	1458	1483
1881	19:36:19	60.15	6499	1458	1483
1882	19:37:19	60.09	6499	1458	1483
1883	19:38:19	60.13	6499	1457	1482
1884	19:39:19	60.12	6499	1457	1482
1885	19:40:20	60.14	6499	1457	1481
1886	19:41:20	60.12	6499	1456	1481
1887	19:42:20	10.26	6499	1456	1481
1888	19:42:30	27.26	6499	1455	1480
1889	19:42:57	31.01	6499	1455	1480
1890	19:43:28	31.18	6499	1455	1480
1891	19:44:00	60.39	6499	1454	1479
1892	19:45:00	60.13	6499	1454	1479
1893	19:46:00	60.13	6499	1453	1478
1894	19:47:00	60.09	6499	1453	1478
1895	19:48:00	60.17	6499	1453	1478
1896	19:49:00	60.20	6499	1452	1477
1897	19:50:01	31.07	6499	1452	1477
1898	19:50:32	60.30	6499	1451	1476
1899	19:51:32	30.81	6499	1451	1476
1900	19:52:03	31.06	6499	1451	1476
1901	19:52:34	60.40	6499	1450	1475
1902	19:53:34	60.17	6499	1450	1475
1903	19:54:34	60.13	6499	1450	1475
1904	19:55:35	60.12	6499	1450	1475
1905	19:56:35	60.16	6499	1449	1474
1906	19:57:35	60.17	6499	1449	1474
1907	19:58:35	60.13	6499	1449	1474
1908	19:59:35	60.13	6499	1448	1473
1909	20:00:35	60.12	6499	1448	1473
1910	20:01:35	60.12	6499	1448	1473
1911	20:02:36	60.08	6499	1447	1472
1912	20:03:36	60.12	6499	1447	1472
1913	20:04:36	60.30	6499	1446	1471
1914	20:05:36	60.06	6499	1446	1471
1915	20:06:36	60.09	6499	1446	1471
1916	20:07:36	58.73	6499	1445	1470
1917	20:08:35	31.06	6499	1445	1470
1918	20:09:06	60.73	6499	1444	1469
1919	20:10:07	60.58	6499	1444	1469
1920	20:11:07	31.04	6499	1444	1469
1921	20:11:38	31.15	6499	1443	1468
1922	20:12:10	31.09	6499	1443	1468
1923	20:12:41	60.41	6499	1442	1467
1924	20:13:41	60.63	6499	1442	1467
1925	20:14:42	60.42	6499	1442	1467
1926	20:15:42	60.15	6499	1442	1467
1927	20:16:42	30.46	6499	1441	1466
1928	20:17:13	60.50	6499	1441	1466
1929	20:18:13	60.14	6499	1441	1466
1930	20:19:13	60.11	6499	1441	1466
1931	20:20:13	60.10	6499	1440	1465
1932	20:21:14	60.12	6499	1440	1465
1933	20:22:14	60.11	6499	1440	1465
1934	20:23:14	60.19	6499	1440	1465
1935	20:24:14	60.09	6499	1439	1464
1936	20:25:14	60.12	6499	1439	1464
1937	20:26:14	60.12	6499	1439	1464
1938	20:27:14	60.17	6499	1438	1463
1939	20:28:14	60.17	6499	1438	1463
1940	20:29:15	60.12	6499	1437	1463
1941	20:30:15	60.08	6499	1437	1462
1942	20:31:15	58.92	6499	1437	1462
1943	20:32:14	31.00	6499	1436	1462
1944	20:32:45	31.05	6499	1436	1461
1945	20:33:16	31.07	6499	1436	1461
1946	20:33:47	60.54	6499	1436	1461
1947	20:34:47	30.85	6499	1436	1461
1948	20:35:18	26.16	6499	1435	1461
1949	20:35:44	60.47	6499	1435	1460
1950	20:36:45	60.12	6499	1435	1460
1951	20:37:45	10.27	6499	1434	1459
1952	20:37:55	25.05	6499	1434	1459
1953	20:38:20	60.48	6499	1434	1459
1954	20:39:21	60.13	6499	1433	1458
1955	20:40:21	60.08	6499	1433	1458
1956	20:41:21	60.11	6499	1432	1458
1957	20:42:21	60.35	6499	1432	1457
1958	20:43:21	31.02	6499	1432	1457
1959	20:43:52	60.44	6499	1431	1456
1960	20:44:53	60.18	6499	1431	1456
1961	20:45:53	30.41	6499	1431	1456
1962	20:46:24	31.15	6499	1430	1455
1963	20:46:55	31.03	6499	1430	1455
1964	20:47:26	60.40	6499	1429	1454
1965	20:48:26	14.51	6499	1429	1454
1966	20:48:41	16.17	6499	1429	1454
1967	20:48:57	60.30	6499	1428	1453
1968	20:49:57	60.10	6499	1428	1453
1969	20:50:57	60.09	6499	1427	1453
1970	20:51:57	60.12	6499	1427	1452
1971	20:52:57	60.11	6499	1427	1452
1972	20:53:57	60.13	6499	1426	1451
1973	20:54:58	60.12	6499	1426	1451
1974	20:55:58	60.14	6499	1426	1451
1975	20:56:58	60.12	6499	1425	1450
1976	20:57:58	60.13	6499	1425	1450
1977	20:58:58	60.08	6499	1425	1450
1978	20:59:58	60.08	6499	1424	1449
1979	21:00:58	60.13	6499	1424	1449
1980	21:01:58	60.12	6499	1423	1449
1981	21:02:59	60.09	6499	1423	1448
1982	21:03:59	60.17	6499	1423	1448
1983	21:04:59	60.14	6499	1422	1448
1984	21:05:59	60.09	6499	1422	1447
1985	21:06:59	60.16	6499	1422	1447
1986	21:07:59	60.10	6499	1422	1447
1987	21:08:59	60.19	6499	1421	1446
1988	21:09:59	60.12	6499	1421	1446
1989	21:11:00	60.12	6499	1420	1446
1990	21:12:00	60.09	6499	1420	1445
1991	21:13:00	60.11	6499	1420	1445
1992	21:14:00	28.17	6499	1419	1445
1993	21:14:28	60.49	6499	1419	1444
1994	21:15:29	60.14	6499	1419	1444
1995	21:16:29	60.12	6499	1418	1443
1996	21:17:29	60.10	6499	1418	1443
1997	21:18:29	60.09	6499	1418	1443
1998	21:19:29	60.12	6499	1417	1442
1999	21:20:29	60.06	6499	1417	1442
2000	21:21:29	60.12	6499	1416	1442
2001	21:22:29	29.90	6499	1416	1441
2002	21:22:59	60.35	6499	1416	1441
2003	21:24:00	30.70	6499	1415	1441
2004	21:24:30	31.04	6499	1415	1440
2005	21:25:01	60.51	6499	1415	1440
2006	21:26:02	60.14	6499	1414	1440
2007	21:27:02	60.17	6499	1414	1439
2008	21:28:02	60.14	6499	1414	1439
2009	21:29:02	60.09	6499	1413	1439
2010	21:30:02	60.19	6499	1413	1438
2011	21:31:03	60.09	6499	1413	1438
2012	21:32:03	60.13	6499	1412	1438
2013	21:33:03	60.16	6499	1412	1437
2014	21:34:03	31.18	6499	1412	1437
2015	21:34:34	60.53	6499	1411	1436
2016	21:35:35	60.16	6499	1411	1436
2017	21:36:35	60.16	6499	1411	1436
2018	21:37:35	60.14	6499	1410	1436
2019	21:38:35	60.07	6499	1410	1436
2020	21:39:35	60.17	6499	1410	1435
2021	21:40:35	29.85	6499	1410	1435
2022	21:41:05	60.37	6499	1410	1435
2023	21:42:06	60.17	6499	1410	1435
2024	21:43:06	60.52	6499	1409	1434
2025	21:44:06	60.48	6499	1409	1434
2026	21:45:07	60.16	6499	1409	1434
2027	21:46:07	60.10	6499	1408	1434
2028	21:47:07	60.29	6499	1408	1433
2029	21:48:07	31.01	6499	1408	1433
2030	21:48:38	60.35	6499	1408	1433
2031	21:49:39	60.22	6499	1407	1433
2032	21:50:39	60.09	6499	1407	1432
2033	21:51:39	60.15	6499	1407	1432
2034	21:52:39	30.38	6499	1407	1432
2035	21:53:09	31.00	6499	1406	1432
2036	21:53:40	31.06	6499	1406	1431
2037	21:54:11	31.31	6499	1406	1431
2038	21:54:43	17.76	6499	1406	1431
2039	21:55:01	60.10	6499	1406	1431
2040	21:56:01	13.25	6499	1405	1430
2041	21:56:14	32.03	6499	1405	1430
2042	21:56:46	60.29	6499	1405	1430
2043	21:57:46	60.13	6499	1405	1430
2044	21:58:46	30.64	6499	1405	1430
2045	21:59:17	31.07	6499	1404	1429
2046	21:59:48	31.14	6499	1404	1429
2047	22:00:19	31.04	6499	1404	1429
2048	22:00:50	60.47	6499	1404	1429
2049	22:01:51	60.57	6499	1403	1428
2050	22:02:51	31.00	6499	1403	1428
2051	22:03:22	31.03	6499	1402	1428
2052	22:03:53	31.17	6499	1402	1427
2053	22:04:25	31.14	6499	1402	1427
2054	22:04:56	31.06	6499	1401	1427
2055	22:05:27	31.07	6499	1401	1426
2056	22:05:58	60.38	6499	1401	1426
2057	22:06:58	30.76	6499	1401	1426
2058	22:07:29	38.45	6499	1400	1425
2059	22:08:07	10.18	6499	1400	1425
2060	22:08:18	34.76	6499	1400	1425
2061	22:08:52	37.82	6499	1399	1424
2062	22:09:30	31.03	6499	1399	1424
2063	22:10:01	60.45	6499	1399	1424
2064	22:11:02	30.68	6499	1399	1424
2065	22:11:32	31.22	6499	1399	1424
2066	22:12:03	60.34	6499	1398	1424
2067	22:13:04	60.11	6499	1398	1423
2068	22:14:04	60.11	6499	1398	1423
2069	22:15:04	60.13	6499	1398	1423
2070	22:16:04	60.13	6499	1397	1423
2071	22:17:04	60.08	6499	1397	1422
2072	22:18:04	30.61	6499	1397	1422
2073	22:18:35	31.00	6499	1396	1421
2074	22:19:06	60.47	6499	1396	1421
2075	22:20:06	60.11	6499	1395	1421
2076	22:21:07	60.16	6499	1395	1420
2077	22:22:07	60.31	6499	1395	1420
2078	22:23:07	31.18	6499	1394	1420
2079	22:23:38	60.35	6499	1394	1419
2080	22:24:39	10.05	6499	1394	1419
2081	22:24:49	21.39	6499	1393	1418
2082	22:25:10	60.37	6499	1393	1418
2083	22:26:10	10.05	6499	1393	1418
2084	22:26:20	21.70	6499	1392	1417
2085	22:26:42	31.17	6499	1392	1417
2086	22:27:13	31.41	6499	1391	1417
2087	22:27:45	60.40	6499	1391	1416
2088	22:28:45	60.16	6499	1391	1416
2089	22:29:45	60.13	6499	1390	1415
2090	22:30:45	60.08	6499	1390	1415
2091	22:31:45	60.13	6499	1390	1415
2092	22:32:46	60.14	6499	1389	1414
2093	22:33:46	60.11	6499	1389	1414
2094	22:34:46	60.12	6499	1388	1414
2095	22:35:46	60.08	6499	1388	1413
2096	22:36:46	60.08	6499	1388	1413
2097	22:37:46	60.08	6499	1387	1413
2098	22:38:46	60.15	6499	1387	1412
2099	22:39:46	60.16	6499	1387	1412
2100	22:40:47	60.11	6499	1386	1411
2101	22:41:47	60.13	6499	1386	1411
2102	22:42:47	60.16	6499	1386	1411
2103	22:43:47	60.11	6499	1385	1410
2104	22:44:47	60.16	6499	1385	1410
2105	22:45:47	60.12	6499	1384	1410
2106	22:46:47	60.12	6499	1384	1409
2107	22:47:47	60.16	6499	1384	1409
2108	22:48:48	60.18	6499	1383	1409
2109	22:49:48	60.16	6499	1383	1408
2110	22:50:48	60.13	6499	1383	1408
2111	22:51:48	60.17	6499	1382	1407
2112	22:52:48	60.15	6499	1382	1407
2113	22:53:48	60.08	6499	1382	1407
2114	22:54:48	60.08	6499	1381	1406
2115	22:55:49	60.10	6499	1381	1406
2116	22:56:49	60.16	6499	1380	1406
2117	22:57:49	60.09	6499	1380	1405
2118	22:58:49	60.09	6499	1380	1405
2119	22:59:49	60.09	6499	1379	1404
2120	23:00:49	60.15	6499	1379	1404
2121	23:01:49	60.12	6499	1379	1404
2122	23:02:49	60.13	6499	1378	1403
2123	23:03:49	60.12	6499	1378	1403
2124	23:04:50	60.14	6499	1378	1403
2125	23:05:50	60.16	6499	1377	1402
2126	23:06:50	60.14	6499	1377	1402
2127	23:07:50	60.12	6499	1376	1402
2128	23:08:50	60.11	6499	1375	1399
2129	23:09:50	60.12	6499	1376	1401
2130	23:10:50	60.13	6499	1375	1401
2131	23:11:51	60.18	6499	1375	1400
2132	23:12:51	60.14	6499	1375	1400
2133	23:13:51	60.08	6499	1374	1399
2134	23:14:51	60.13	6499	1374	1399
2135	23:15:51	60.15	6499	1374	1399
2136	23:16:51	60.08	6499	1373	1398
2137	23:17:51	60.10	6499	1373	1398
2138	23:18:51	60.13	6499	1372	1398
2139	23:19:51	60.10	6499	1372	1397
2140	23:20:52	60.12	6499	1372	1397
2141	23:21:52	60.16	6499	1371	1397
2142	23:22:52	60.12	6499	1371	1396
2143	23:23:52	60.16	6499	1371	1396
2144	23:24:52	60.10	6499	1370	1396
2145	23:25:52	60.12	6499	1370	1395
2146	23:26:52	60.15	6499	1370	1395
2147	23:27:53	60.13	6499	1369	1394
2148	23:28:53	60.15	6499	1369	1394
2149	23:29:53	60.16	6499	1368	1394
2150	23:30:53	60.08	6499	1368	1393
2151	23:31:53	60.12	6499	1368	1393
2152	23:32:53	60.15	6499	1367	1393
2153	23:33:53	60.12	6499	1367	1392
2154	23:34:53	60.10	6499	1367	1392
2155	23:35:54	60.17	6499	1366	1392
2156	23:36:54	60.12	6499	1366	1391
2157	23:37:54	60.17	6499	1366	1391
2158	23:38:54	60.14	6499	1365	1391
2159	23:39:54	60.18	6499	1365	1390
2160	23:40:54	60.12	6499	1365	1390
2161	23:41:54	60.14	6499	1364	1389
2162	23:42:55	60.12	6499	1364	1389
2163	23:43:55	60.13	6499	1364	1389
2164	23:44:55	60.09	6499	1363	1389
2165	23:45:55	60.11	6499	1363	1388
2166	23:46:55	60.16	6499	1363	1388
2167	23:47:55	60.13	6499	1362	1388
2168	23:48:55	60.09	6499	1362	1387
2169	23:49:55	60.19	6499	1362	1387
2170	23:50:56	60.16	6499	1362	1387
2171	23:51:56	60.17	6499	1361	1386
2172	23:52:56	60.10	6499	1361	1386
2173	23:53:56	60.10	6499	1361	1386
2174	23:54:56	60.08	6499	1360	1386
2175	23:55:56	60.12	6499	1360	1385
2176	23:56:56	60.15	6499	1360	1385
2177	23:57:56	60.13	6499	1360	1385
2178	23:58:57	60.10	6499	1360	1385
2179	23:59:57	60.15	6499	1359	1385
2180	00:00:57	60.13	6499	1359	1384
2181	00:01:57	19.14	6499	1359	1384
2182	00:02:16	31.04	6499	1359	1384
2183	00:02:47	60.50	6499	1358	1384
2184	00:03:48	60.12	6499	1358	1383
2185	00:04:48	60.16	6499	1358	1383
2186	00:05:48	10.01	6499	1357	1383
2187	00:05:58	60.46	6499	1357	1382
2188	00:06:58	21.41	6499	1357	1382
2189	00:07:20	60.30	6499	1356	1382
2190	00:08:20	60.12	6499	1356	1382
2191	00:09:20	60.81	6499	1356	1381
2192	00:10:21	31.32	6499	1356	1381
2193	00:10:52	31.08	6499	1355	1381
2194	00:11:23	31.18	6499	1355	1381
2195	00:11:55	60.40	6499	1355	1380
2196	00:12:55	10.01	6499	1355	1380
2197	00:13:05	21.47	6499	1355	1380
2198	00:13:27	60.57	6499	1354	1380
2199	00:14:27	30.54	6499	1354	1379
2200	00:14:58	31.02	6499	1354	1379
2201	00:15:29	60.52	6499	1353	1379
2202	00:16:29	60.16	6499	1353	1378
2203	00:17:29	60.13	6499	1353	1378
2204	00:18:29	60.17	6499	1352	1378
2205	00:19:30	60.08	6499	1352	1377
2206	00:20:30	60.07	6499	1352	1377
2207	00:21:30	29.87	6499	1352	1377
2208	00:22:00	31.15	6499	1352	1377
2209	00:22:31	60.52	6499	1351	1377
2210	00:23:31	60.52	6499	1351	1376
2211	00:24:32	31.13	6499	1351	1376
2212	00:25:03	31.13	6499	1351	1376
2213	00:25:34	31.04	6499	1351	1376
2214	00:26:05	60.46	6499	1350	1376
2215	00:27:06	10.01	6499	1350	1375
2216	00:27:16	21.50	6499	1350	1375
2217	00:27:37	60.34	6499	1350	1375
2218	00:28:37	60.08	6499	1349	1375
2219	00:29:38	60.10	6499	1349	1374
2220	00:30:38	60.09	6499	1349	1374
2221	00:31:38	60.16	6499	1349	1374
2222	00:32:38	60.14	6499	1348	1373
2223	00:33:38	30.18	6499	1348	1373
2224	00:34:08	31.01	6499	1347	1373
2225	00:34:39	31.13	6499	1347	1372
2226	00:35:10	60.48	6499	1347	1372
2227	00:36:11	10.20	6499	1346	1372
2228	00:36:21	60.59	6499	1346	1371
2229	00:37:22	20.57	6499	1346	1371
2230	00:37:42	31.02	6499	1345	1371
2231	00:38:13	31.03	6499	1345	1370
2232	00:38:44	31.11	6499	1345	1370
2233	00:39:15	60.40	6499	1344	1370
2234	00:40:16	10.03	6499	1344	1369
2235	00:40:26	21.29	6499	1344	1369
2236	00:40:47	60.44	6499	1343	1369
2237	00:41:48	60.62	6499	1343	1368
2238	00:42:48	31.02	6499	1343	1368
2239	00:43:19	60.38	6499	1342	1368
2240	00:44:20	60.14	6499	1342	1367
2241	00:45:20	60.13	6499	1342	1367
2242	00:46:20	60.06	6499	1341	1366
2243	00:47:20	60.13	6499	1341	1366
2244	00:48:20	60.16	6499	1340	1366
2245	00:49:20	60.13	6499	1340	1365
2246	00:50:20	60.14	6499	1340	1365
2247	00:51:20	60.18	6499	1339	1365
2248	00:52:21	60.11	6499	1339	1364
2249	00:53:21	60.12	6499	1339	1364
2250	00:54:21	60.13	6499	1338	1364
2251	00:55:21	60.14	6499	1338	1363
2252	00:56:21	60.17	6499	1338	1363
2253	00:57:21	60.12	6499	1338	1363
2254	00:58:21	60.11	6499	1338	1363
2255	00:59:21	60.17	6499	1337	1362
2256	01:00:22	60.15	6499	1337	1362
2257	01:01:22	60.16	6499	1336	1362
2258	01:02:22	60.17	6499	1336	1361
2259	01:03:22	60.14	6499	1336	1361
2260	01:04:22	60.20	6499	1335	1361
2261	01:05:22	60.13	6499	1335	1360
2262	01:06:23	60.11	6499	1335	1360
2263	01:07:23	60.10	6499	1334	1360
2264	01:08:23	60.16	6499	1334	1359
2265	01:09:23	60.16	6499	1334	1359
2266	01:10:23	60.12	6499	1333	1359
2267	01:11:23	60.08	6499	1333	1358
2268	01:12:23	60.14	6499	1333	1358
2269	01:13:23	56.79	6499	1332	1358
2270	01:14:20	31.04	6499	1332	1357
2271	01:14:51	31.08	6499	1332	1357
2272	01:15:22	31.43	6499	1331	1357
2273	01:15:54	60.45	6499	1331	1356
2274	01:16:54	60.09	6499	1331	1356
2275	01:17:54	60.12	6499	1330	1356
2276	01:18:54	60.12	6499	1330	1355
2277	01:19:55	60.14	6499	1330	1355
2278	01:20:55	60.12	6499	1329	1355
2279	01:21:55	60.11	6499	1329	1354
2280	01:22:55	60.13	6499	1329	1354
2281	01:23:55	60.13	6499	1328	1353
2282	01:24:55	60.11	6499	1328	1353
2283	01:25:55	60.14	6499	1328	1353
2284	01:26:55	60.11	6499	1327	1352
2285	01:27:56	60.13	6499	1327	1352
2286	01:28:56	60.19	6499	1326	1352
2287	01:29:56	60.11	6499	1326	1351
2288	01:30:56	60.12	6499	1326	1351
2289	01:31:56	60.13	6499	1325	1351
2290	01:32:56	60.10	6499	1325	1350
2291	01:33:56	60.13	6499	1325	1350
2292	01:34:56	60.14	6499	1324	1350
2293	01:35:57	60.17	6499	1324	1349
2294	01:36:57	60.12	6499	1324	1349
2295	01:37:57	60.15	6499	1323	1349
2296	01:38:57	60.17	6499	1323	1348
2297	01:39:57	60.15	6499	1323	1348
2298	01:40:57	60.08	6499	1322	1348
2299	01:41:57	60.15	6499	1322	1347
2300	01:42:58	57.47	6499	1322	1347
2301	01:43:55	60.55	6499	1321	1347
2302	01:44:56	60.08	6499	1321	1346
2303	01:45:56	60.15	6499	1321	1346
2304	01:46:56	60.12	6499	1320	1346
2305	01:47:56	60.05	6499	1320	1345
2306	01:48:56	60.08	6499	1320	1345
2307	01:49:56	60.08	6499	1319	1345
2308	01:50:56	60.13	6499	1319	1344
2309	01:51:56	60.14	6499	1319	1344
2310	01:52:56	60.14	6499	1318	1344
2311	01:53:57	60.10	6499	1318	1343
2312	01:54:57	60.14	6499	1318	1343
2313	01:55:57	60.13	6499	1317	1343
2314	01:56:57	60.09	6499	1317	1342
2315	01:57:57	60.13	6499	1317	1342
2316	01:58:57	60.17	6499	1316	1342
2317	01:59:57	60.13	6499	1316	1342
2318	02:00:57	60.09	6499	1316	1341
2319	02:01:58	60.12	6499	1316	1341
2320	02:02:58	60.09	6499	1315	1341
2321	02:03:58	60.09	6499	1315	1340
2322	02:04:58	60.13	6499	1315	1340
2323	02:05:58	60.13	6499	1314	1340
2324	02:06:58	60.08	6499	1314	1339
2325	02:07:58	60.16	6499	1314	1339
2326	02:08:58	60.13	6499	1313	1339
2327	02:09:59	60.09	6499	1313	1338
2328	02:10:59	60.13	6499	1313	1338
2329	02:11:59	60.07	6499	1312	1338
2330	02:12:59	60.15	6499	1312	1338
2331	02:13:59	60.16	6499	1312	1338
2332	02:14:59	60.07	6499	1312	1337
2333	02:15:59	60.10	6499	1312	1337
2334	02:16:59	56.01	6499	1311	1337
2335	02:17:55	31.20	6499	1311	1336
2336	02:18:26	60.50	6499	1311	1336
2337	02:19:27	60.13	6499	1310	1336
2338	02:20:27	60.11	6499	1310	1335
2339	02:21:27	60.11	6499	1310	1335
2340	02:22:27	14.28	6499	1310	1335
2341	02:22:42	60.11	6499	1309	1335
2342	02:23:42	60.09	6499	1309	1334
2343	02:24:42	60.13	6499	1309	1334
2344	02:25:42	60.11	6499	1308	1334
2345	02:26:42	60.15	6499	1308	1333
2346	02:27:42	60.18	6499	1308	1333
2347	02:28:42	60.11	6499	1307	1333
2348	02:29:42	15.65	6499	1307	1332
2349	02:29:58	31.14	6499	1307	1332
2350	02:30:29	31.02	6499	1306	1332
2351	02:31:00	31.04	6499	1306	1332
2352	02:31:31	60.28	6499	1306	1331
2353	02:32:32	60.13	6499	1305	1331
2354	02:33:32	60.15	6499	1305	1331
2355	02:34:32	60.15	6499	1305	1330
2356	02:35:32	60.09	6499	1304	1330
2357	02:36:32	60.17	6499	1304	1330
2358	02:37:32	30.09	6499	1304	1329
2359	02:38:02	60.40	6499	1303	1329
2360	02:39:03	60.10	6499	1303	1329
2361	02:40:03	60.01	6499	1303	1328
2362	02:41:03	60.13	6499	1302	1328
2363	02:42:03	60.13	6499	1302	1328
2364	02:43:03	60.16	6499	1302	1327
2365	02:44:03	60.08	6499	1301	1327
2366	02:45:03	60.13	6499	1301	1327
2367	02:46:04	30.00	6499	1301	1326
2368	02:46:34	60.46	6499	1300	1326
2369	02:47:34	60.15	6499	1300	1326
2370	02:48:34	60.09	6499	1300	1325
2371	02:49:34	60.13	6499	1299	1325
2372	02:50:34	60.13	6499	1299	1325
2373	02:51:34	60.12	6499	1299	1324
2374	02:52:35	60.12	6499	1298	1324
2375	02:53:35	60.15	6499	1298	1324
2376	02:54:35	60.10	6499	1298	1323
2377	02:55:35	60.13	6499	1297	1323
2378	02:56:35	60.11	6499	1297	1323
2379	02:57:35	60.08	6499	1297	1322
2380	02:58:35	60.14	6499	1297	1322
2381	02:59:35	60.13	6499	1296	1322
2382	03:00:36	60.16	6499	1296	1321
2383	03:01:36	60.13	6499	1296	1321
2384	03:02:36	60.12	6499	1295	1321
2385	03:03:36	60.16	6499	1295	1320
2386	03:04:36	60.17	6499	1295	1320
2387	03:05:36	60.13	6499	1294	1320
2388	03:06:36	60.11	6499	1294	1319
2389	03:07:37	60.15	6499	1294	1319
2390	03:08:37	60.15	6499	1293	1319
2391	03:09:37	60.14	6499	1293	1319
2392	03:10:37	60.12	6499	1293	1318
2393	03:11:37	60.14	6499	1293	1318
2394	03:12:37	60.09	6499	1293	1318
2395	03:13:37	60.11	6499	1292	1318
2396	03:14:37	60.15	6499	1292	1318
2397	03:15:38	60.08	6499	1292	1317
2398	03:16:38	60.08	6499	1291	1317
2399	03:17:38	60.15	6499	1291	1317
2400	03:18:38	60.13	6499	1291	1316
2401	03:19:38	60.09	6499	1290	1316
2402	03:20:38	60.10	6499	1290	1316
2403	03:21:38	60.17	6499	1290	1315
2404	03:22:38	60.18	6499	1289	1315
2405	03:23:39	60.11	6499	1289	1315
2406	03:24:39	60.14	6499	1289	1314
2407	03:25:39	60.12	6499	1288	1314
2408	03:26:39	60.09	6499	1288	1314
2409	03:27:39	60.09	6499	1288	1313
2410	03:28:39	60.08	6499	1287	1313
2411	03:29:39	16.91	6499	1287	1313
2412	03:29:56	13.22	6499	1287	1313
2413	03:30:09	10.20	6499	1286	1312
2414	03:30:20	60.15	6499	1286	1312
2415	03:31:20	60.12	6499	1286	1312
2416	03:32:20	60.15	6499	1285	1311
2417	03:33:20	60.10	6499	1285	1311
2418	03:34:20	60.12	6499	1285	1311
2419	03:35:20	60.05	6499	1285	1310
2420	03:36:20	60.18	6499	1284	1310
2421	03:37:20	60.11	6499	1284	1310
2422	03:38:21	60.06	6499	1284	1309
2423	03:39:21	60.12	6499	1283	1309
2424	03:40:21	60.13	6499	1283	1309
2425	03:41:21	60.14	6499	1283	1308
2426	03:42:21	60.11	6499	1282	1308
2427	03:43:21	60.20	6499	1282	1308
2428	03:44:21	60.11	6499	1282	1307
2429	03:45:21	60.15	6499	1281	1307
2430	03:46:22	60.12	6499	1281	1307
2431	03:47:22	60.17	6499	1281	1306
2432	03:48:22	60.11	6499	1280	1306
2433	03:49:22	60.12	6499	1280	1306
2434	03:50:22	60.12	6499	1280	1305
2435	03:51:22	60.15	6499	1279	1305
2436	03:52:22	60.13	6499	1279	1305
2437	03:53:22	60.18	6499	1279	1304
2438	03:54:23	60.11	6499	1278	1304
2439	03:55:23	60.08	6499	1278	1304
2440	03:56:23	60.10	6499	1278	1304
2441	03:57:23	60.11	6499	1277	1303
2442	03:58:23	60.16	6499	1277	1303
2443	03:59:23	60.15	6499	1277	1303
2444	04:00:23	60.12	6499	1276	1302
2445	04:01:23	60.15	6499	1276	1302
2446	04:02:24	60.12	6499	1276	1302
2447	04:03:24	60.12	6499	1276	1301
2448	04:04:24	60.12	6499	1275	1301
2449	04:05:24	60.13	6499	1275	1301
2450	04:06:24	60.09	6499	1275	1300
2451	04:07:24	60.09	6499	1274	1300
2452	04:08:24	60.11	6499	1274	1300
2453	04:09:24	60.15	6499	1274	1299
2454	04:10:25	60.16	6499	1273	1299
2455	04:11:25	60.16	6499	1273	1299
2456	04:12:25	60.15	6499	1273	1298
2457	04:13:25	60.07	6499	1272	1298
2458	04:14:25	60.15	6499	1272	1298
2459	04:15:25	60.13	6499	1272	1297
2460	04:16:25	60.13	6499	1271	1297
2461	04:17:26	60.11	6499	1271	1297
2462	04:18:26	60.14	6499	1271	1297
2463	04:19:26	60.12	6499	1271	1296
2464	04:20:26	60.08	6499	1270	1296
2465	04:21:26	60.17	6499	1270	1296
2466	04:22:26	60.09	6499	1270	1295
2467	04:23:26	60.11	6499	1269	1295
2468	04:24:26	60.12	6499	1269	1295
2469	04:25:26	60.13	6499	1269	1294
2470	04:26:27	60.13	6499	1268	1294
2471	04:27:27	60.13	6499	1268	1294
2472	04:28:27	60.17	6499	1268	1293
2473	04:29:27	60.09	6499	1267	1293
2474	04:30:27	60.13	6499	1267	1293
2475	04:31:27	60.11	6499	1267	1292
2476	04:32:27	60.09	6499	1266	1292
2477	04:33:27	60.09	6499	1266	1292
2478	04:34:28	60.15	6499	1266	1292
2479	04:35:28	60.11	6499	1266	1291
2480	04:36:28	60.10	6499	1265	1291
2481	04:37:28	60.11	6499	1265	1291
2482	04:38:28	60.11	6499	1265	1290
2483	04:39:28	60.12	6499	1264	1290
2484	04:40:28	60.12	6499	1264	1290
2485	04:41:28	60.18	6499	1264	1289
2486	04:42:29	60.13	6499	1263	1289
2487	04:43:29	60.11	6499	1263	1289
2488	04:44:29	60.18	6499	1263	1288
2489	04:45:29	60.14	6499	1262	1288
2490	04:46:29	60.12	6499	1262	1288
2491	04:47:29	60.12	6499	1262	1288
2492	04:48:29	60.14	6499	1261	1287
2493	04:49:29	60.15	6499	1261	1287
2494	04:50:30	60.15	6499	1261	1287
2495	04:51:30	60.11	6499	1260	1286
2496	04:52:30	60.13	6499	1260	1286
2497	04:53:30	60.12	6499	1260	1286
2498	04:54:30	60.17	6499	1257	1283
2499	04:55:30	60.13	6499	1259	1285
2500	04:56:30	60.12	6499	1259	1285
2501	04:57:31	60.11	6499	1259	1284
2502	04:58:31	60.12	6499	1258	1284
2503	04:59:31	60.09	6499	1258	1284
2504	05:00:31	60.17	6499	1258	1284
2505	05:01:31	60.10	6499	1257	1283
2506	05:02:31	60.13	6499	1257	1283
2507	05:03:31	60.12	6499	1257	1283
2508	05:04:31	60.13	6499	1256	1282
2509	05:05:32	60.09	6499	1256	1282
2510	05:06:32	60.12	6499	1256	1282
2511	05:07:32	60.12	6499	1256	1281
2512	05:08:32	60.14	6499	1255	1281
2513	05:09:32	60.11	6499	1255	1281
2514	05:10:32	60.05	6499	1255	1280
2515	05:11:32	60.14	6499	1254	1280
2516	05:12:32	60.12	6499	1254	1280
2517	05:13:32	60.13	6499	1254	1280
2518	05:14:33	60.08	6499	1253	1279
2519	05:15:33	60.13	6499	1253	1279
2520	05:16:33	60.14	6499	1253	1279
2521	05:17:33	60.14	6499	1252	1278
2522	05:18:33	60.13	6499	1252	1278
2523	05:19:33	60.12	6499	1252	1278
2524	05:20:33	60.13	6499	1252	1277
2525	05:21:33	60.13	6499	1251	1277
2526	05:22:34	60.13	6499	1251	1277
2527	05:23:34	60.12	6499	1251	1277
2528	05:24:34	60.11	6499	1250	1276
2529	05:25:34	60.08	6499	1250	1276
2530	05:26:34	60.08	6499	1250	1276
2531	05:27:34	60.07	6499	1249	1275
2532	05:28:34	60.09	6499	1249	1275
2533	05:29:34	60.13	6499	1249	1275
2534	05:30:34	60.15	6499	1248	1274
2535	05:31:34	60.14	6499	1248	1274
2536	05:32:35	60.12	6499	1248	1274
2537	05:33:35	60.14	6499	1248	1274
2538	05:34:35	60.10	6499	1247	1273
2539	05:35:35	60.13	6499	1247	1273
2540	05:36:35	60.07	6499	1247	1273
2541	05:37:35	60.11	6499	1246	1272
2542	05:38:35	60.18	6499	1246	1272
2543	05:39:35	60.08	6499	1246	1272
2544	05:40:36	60.09	6499	1245	1271
2545	05:41:36	60.12	6499	1245	1271
2546	05:42:36	60.14	6499	1245	1271
2547	05:43:36	60.10	6499	1245	1271
2548	05:44:36	60.12	6499	1244	1270
2549	05:45:36	60.10	6499	1244	1270
2550	05:46:36	60.13	6499	1244	1270
2551	05:47:36	60.14	6499	1243	1269
2552	05:48:36	60.12	6499	1243	1269
2553	05:49:37	60.15	6499	1243	1269
2554	05:50:37	60.15	6499	1242	1268
2555	05:51:37	60.12	6499	1242	1268
2556	05:52:37	60.10	6499	1242	1268
2557	05:53:37	60.15	6499	1241	1268
2558	05:54:37	60.08	6499	1241	1267
2559	05:55:37	60.15	6499	1223	1249
2560	05:56:38	60.10	6499	1241	1267
2561	05:57:38	60.12	6499	1240	1266
2562	05:58:38	60.11	6499	1240	1266
2563	05:59:38	60.12	6499	1240	1266
2564	06:00:38	60.12	6499	1239	1265
2565	06:01:38	60.17	6499	1239	1265
2566	06:02:38	60.16	6499	1239	1265
2567	06:03:38	60.17	6499	1239	1265
2568	06:04:39	60.17	6499	1238	1265
2569	06:05:39	60.14	6499	1238	1264
2570	06:06:39	60.11	6499	1238	1264
2571	06:07:39	60.07	6499	1238	1264
2572	06:08:39	60.18	6499	1237	1263
2573	06:09:39	60.12	6499	1237	1263
2574	06:10:39	60.17	6499	1237	1263
2575	06:11:40	60.12	6499	1236	1263
2576	06:12:40	60.11	6499	1236	1262
2577	06:13:40	60.10	6499	1236	1262
2578	06:14:40	60.11	6499	1235	1262
2579	06:15:40	60.13	6499	1235	1261
2580	06:16:40	60.13	6499	1235	1261
2581	06:17:40	60.15	6499	1235	1261
2582	06:18:40	60.08	6499	1234	1260
2583	06:19:40	60.10	6499	1234	1260
2584	06:20:41	60.11	6499	1234	1260
2585	06:21:41	60.13	6499	1233	1260
2586	06:22:41	60.11	6499	20.81	21.26
2587	06:23:41	60.11	6499	0	0
2588	06:24:41	60.13	6499	0	0
2589	06:25:41	60.12	6499	0	0
2590	06:26:41	60.09	6499	0	0
2591	06:27:41	60.17	6499	0	0
2592	06:28:42	60.09	6499	0	0
2593	06:29:42	60.14	6499	-1	-1
2594	06:30:42	60.15	6499	0	0
2595	06:31:42	60.16	6499	0	0
2596	06:32:42	60.11	6499	0	0
2597	06:33:42	60.12	6499	0	0
2598	06:34:42	60.13	6499	0	0
2599	06:35:42	60.09	6499	0	0
2600	06:36:43	60.18	6499	0	0
2601	06:37:43	60.14	6499	0	0
2602	06:38:43	60.10	6499	0	0
2603	06:39:43	60.08	6499	0	0
2604	06:40:43	11.16	6499	0	0
2605	06:40:54	60.53	6499	0	0
2606	06:41:55	60.15	6499	0	0
2607	06:42:55	60.09	6499	0	0
2608	06:43:55	60.12	6499	0	0
2609	06:44:55	60.10	6501	0	0
2610	06:45:55	60.15	6501	0	0
2611	06:46:55	60.09	6501	0	0
2612	06:47:55	60.14	6501	0	0
2613	06:48:56	37.09	6501	0	0
Created by AtlRunQuery on: 2018-08-25 18:12:24.262304
