LHC beam energy and intensities during run 303304:
(Begin/end of run: Mon Jul 04 2016 22:01:46 − Tue Jul 05, 23:11:28)

LB	   Start time
(CEST)	   Duration
(sec)	   Beam energy
(GeV)	   Intensity Beam-1
(1e11 protons)	   Intensity Beam-2
(1e11 protons)
1	22:01:46	60.16	450	2458	2472
2	22:02:46	60.15	450	2458	2471
3	22:03:46	60.17	450	2458	2471
4	22:04:47	18.43	449	2458	2470
5	22:05:05	10.27	450	2458	2469
6	22:05:15	10.14	450	2458	2468
7	22:05:25	60.07	450	2457	2468
8	22:06:25	60.14	450	2457	2468
9	22:07:26	60.13	450	2457	2467
10	22:08:26	60.11	450	2456	2467
11	22:09:26	60.17	450	2456	2467
12	22:10:26	60.06	450	2456	2466
13	22:11:26	60.18	450	2455	2465
14	22:12:26	60.18	450	2454	2465
15	22:13:26	60.12	450	2454	2464
16	22:14:27	60.16	450	2452	2463
17	22:15:27	60.16	450	2449	2461
18	22:16:27	60.09	450	2447	2458
19	22:17:27	60.18	450	2445	2457
20	22:18:27	60.10	450	2443	2455
21	22:19:27	60.12	450	2440	2454
22	22:20:27	60.10	450	2438	2452
23	22:21:27	60.09	450	2436	2451
24	22:22:28	60.07	450	2434	2449
25	22:23:28	60.14	450	2432	2448
26	22:24:28	10.05	498	2431	2446
27	22:24:38	60.10	513	2429	2445
28	22:25:38	60.03	645	2427	2444
29	22:26:38	50.65	843	2426	2443
30	22:27:29	25.56	1058	2425	2441
31	22:27:54	40.16	1183	2422	2439
32	22:28:34	58.85	1409	2420	2438
33	22:29:33	60.05	1751	2418	2436
34	22:30:33	60.17	2098	2417	2435
35	22:31:33	60.07	2446	2415	2433
36	22:32:33	60.13	2793	2413	2432
37	22:33:34	60.09	3146	2411	2430
38	22:34:34	60.07	3494	2410	2429
39	22:35:34	60.07	3841	2408	2427
40	22:36:34	60.10	4188	2406	2426
41	22:37:34	60.13	4536	2405	2424
42	22:38:34	60.11	4883	2403	2423
43	22:39:34	60.13	5231	2402	2422
44	22:40:34	60.17	5578	2400	2420
45	22:41:34	60.13	5925	2399	2419
46	22:42:35	60.14	6279	2397	2418
47	22:43:35	14.03	6499	2396	2417
48	22:43:49	10.01	6499	2395	2415
49	22:43:59	60.42	6499	2393	2414
50	22:44:59	60.15	6499	2392	2413
51	22:45:59	60.08	6499	2391	2412
52	22:46:59	60.09	6499	2390	2411
53	22:47:59	60.12	6499	2388	2410
54	22:49:00	60.13	6499	2387	2408
55	22:50:00	60.17	6499	2385	2407
56	22:51:00	60.16	6499	2384	2406
57	22:52:00	60.10	6499	2383	2405
58	22:53:00	60.13	6499	2381	2403
59	22:54:00	60.14	6499	2380	2402
60	22:55:00	60.20	6499	2379	2402
61	22:56:01	60.03	6499	2378	2401
62	22:57:01	60.16	6499	2377	2399
63	22:58:01	60.06	6499	2375	2398
64	22:59:01	60.16	6499	2374	2397
65	23:00:01	60.13	6499	2373	2396
66	23:01:01	60.09	6499	2371	2395
67	23:02:01	60.12	6499	2370	2393
68	23:03:01	60.13	6499	2369	2392
69	23:04:01	60.16	6499	2367	2391
70	23:05:02	37.89	6499	2366	2390
71	23:05:40	60.35	6499	2365	2389
72	23:06:40	60.10	6499	2363	2388
73	23:07:40	60.14	6499	2362	2386
74	23:08:40	60.15	6499	2361	2385
75	23:09:40	60.13	6499	2359	2384
76	23:10:40	60.13	6499	2358	2383
77	23:11:41	60.13	6499	2357	2382
78	23:12:41	60.12	6499	2355	2381
79	23:13:41	60.15	6499	2354	2380
80	23:14:41	60.11	6499	2353	2379
81	23:15:41	60.15	6499	2352	2378
82	23:16:41	60.09	6499	2351	2377
83	23:17:41	60.10	6499	2350	2376
84	23:18:41	60.13	6499	2349	2375
85	23:19:42	60.11	6499	2348	2374
86	23:20:42	60.11	6499	2346	2372
87	23:21:42	17.99	6499	2345	2371
88	23:22:00	60.45	6499	2344	2370
89	23:23:00	40.51	6499	2343	2369
90	23:23:41	31.05	6499	2342	2368
91	23:24:12	60.49	6499	2340	2367
92	23:25:12	60.17	6499	2339	2366
93	23:26:12	60.16	6499	2338	2365
94	23:27:13	60.15	6499	2337	2364
95	23:28:13	60.06	6499	2336	2363
96	23:29:13	60.11	6499	2335	2362
97	23:30:13	60.08	6499	2334	2361
98	23:31:13	60.10	6499	2333	2360
99	23:32:13	60.17	6499	2332	2358
100	23:33:13	60.12	6499	2331	2357
101	23:34:13	60.10	6499	2329	2356
102	23:35:13	60.14	6499	2328	2355
103	23:36:14	60.13	6499	2327	2354
104	23:37:14	60.11	6499	2326	2353
105	23:38:14	60.12	6499	2325	2352
106	23:39:14	60.11	6499	2324	2351
107	23:40:14	60.10	6499	2323	2350
108	23:41:14	60.13	6499	2322	2349
109	23:42:14	60.22	6499	2321	2348
110	23:43:15	60.11	6499	2320	2347
111	23:44:15	18.39	6499	2319	2346
112	23:44:33	60.71	6499	2318	2345
113	23:45:34	60.12	6499	2318	2345
114	23:46:34	60.10	6499	2317	2344
115	23:47:34	60.09	6499	2316	2343
116	23:48:34	60.09	6499	2315	2342
117	23:49:34	60.16	6499	2314	2341
118	23:50:34	60.12	6499	2313	2340
119	23:51:34	60.10	6499	2312	2339
120	23:52:35	60.16	6499	2310	2338
121	23:53:35	10.26	6499	2309	2337
122	23:53:45	60.08	6499	2308	2336
123	23:54:45	60.18	6499	2307	2335
124	23:55:45	60.10	6499	2306	2334
125	23:56:45	60.12	6499	2305	2333
126	23:57:45	60.10	6499	2304	2332
127	23:58:46	60.12	6499	2303	2331
128	23:59:46	60.15	6499	2302	2330
129	00:00:46	60.15	6499	2301	2329
130	00:01:46	60.17	6499	2300	2328
131	00:02:46	60.12	6499	2299	2327
132	00:03:46	60.13	6499	2298	2326
133	00:04:46	60.13	6499	2297	2325
134	00:05:46	60.12	6499	2296	2324
135	00:06:47	60.09	6499	2295	2323
136	00:07:47	60.14	6499	2294	2322
137	00:08:47	60.13	6499	2293	2322
138	00:09:47	60.14	6499	2293	2321
139	00:10:47	60.11	6499	2292	2320
140	00:11:47	60.16	6499	2290	2319
141	00:12:47	60.13	6499	2289	2318
142	00:13:48	34.35	6499	2288	2317
143	00:14:22	60.57	6499	2287	2316
144	00:15:22	60.14	6499	2286	2315
145	00:16:23	60.15	6499	2285	2314
146	00:17:23	60.15	6499	2284	2313
147	00:18:23	60.16	6499	2283	2312
148	00:19:23	60.14	6499	2282	2311
149	00:20:23	60.12	6499	2281	2310
150	00:21:23	60.13	6499	2280	2309
151	00:22:23	60.12	6499	2279	2308
152	00:23:24	60.12	6499	2278	2307
153	00:24:24	60.17	6499	2277	2306
154	00:25:24	60.08	6499	2277	2305
155	00:26:24	60.14	6499	2276	2305
156	00:27:24	60.07	6499	2275	2304
157	00:28:24	60.13	6499	2274	2303
158	00:29:24	60.12	6499	2273	2302
159	00:30:24	60.12	6499	2272	2301
160	00:31:24	60.10	6499	2271	2300
161	00:32:25	60.13	6499	2270	2299
162	00:33:25	60.12	6499	2269	2298
163	00:34:25	60.15	6499	2268	2297
164	00:35:25	60.07	6499	2268	2297
165	00:36:25	60.16	6499	2267	2296
166	00:37:25	60.18	6499	2266	2295
167	00:38:25	60.12	6499	2265	2294
168	00:39:26	60.07	6499	2264	2293
169	00:40:26	60.11	6499	2263	2292
170	00:41:26	60.18	6499	2262	2291
171	00:42:26	60.15	6499	2261	2290
172	00:43:26	60.13	6499	2260	2289
173	00:44:26	20.76	6499	2259	2288
174	00:44:47	15.52	6499	2259	2288
175	00:45:02	60.19	6499	2258	2288
176	00:46:03	60.13	6499	2257	2287
177	00:47:03	60.12	6499	2256	2286
178	00:48:03	60.13	6499	2255	2285
179	00:49:03	60.12	6499	2255	2284
180	00:50:03	60.14	6499	2254	2283
181	00:51:03	60.11	6499	2253	2282
182	00:52:03	60.17	6499	2252	2281
183	00:53:04	60.12	6499	2251	2280
184	00:54:04	60.12	6499	2250	2279
185	00:55:04	60.11	6499	2249	2278
186	00:56:04	60.16	6499	2248	2277
187	00:57:04	60.13	6499	2247	2276
188	00:58:04	60.08	6499	2246	2275
189	00:59:04	60.15	6499	2245	2275
190	01:00:04	60.15	6499	2244	2274
191	01:01:05	60.09	6499	2244	2273
192	01:02:05	60.10	6499	2243	2272
193	01:03:05	60.13	6499	2242	2271
194	01:04:05	60.13	6499	2241	2270
195	01:05:05	60.14	6499	2240	2269
196	01:06:05	60.18	6499	2239	2268
197	01:07:05	60.10	6499	2238	2267
198	01:08:05	21.40	6499	2237	2266
199	01:08:27	60.03	6499	2236	2265
200	01:09:27	60.09	6499	2235	2264
201	01:10:27	60.16	6499	2234	2264
202	01:11:27	60.11	6499	2234	2263
203	01:12:27	60.17	6499	2233	2263
204	01:13:27	60.09	6499	2233	2262
205	01:14:27	60.13	6499	2232	2261
206	01:15:28	60.09	6499	2231	2260
207	01:16:28	60.14	6499	2230	2259
208	01:17:28	60.11	6499	2229	2258
209	01:18:28	60.13	6499	2228	2258
210	01:19:28	60.16	6499	2227	2257
211	01:20:28	60.13	6499	2226	2256
212	01:21:28	60.11	6499	2226	2255
213	01:22:28	60.14	6499	2225	2254
214	01:23:29	60.14	6499	2224	2254
215	01:24:29	60.13	6499	2223	2253
216	01:25:29	60.17	6499	2222	2252
217	01:26:29	60.14	6499	2221	2251
218	01:27:29	60.16	6499	2220	2250
219	01:28:29	60.14	6499	2220	2249
220	01:29:30	60.13	6499	2219	2248
221	01:30:30	22.87	6499	2218	2247
222	01:30:53	60.34	6499	2217	2246
223	01:31:53	60.12	6499	2216	2246
224	01:32:53	60.11	6499	2215	2245
225	01:33:53	60.10	6499	2214	2244
226	01:34:53	60.13	6499	2213	2243
227	01:35:53	60.12	6499	2212	2242
228	01:36:53	60.11	6499	2211	2241
229	01:37:54	60.09	6499	2210	2240
230	01:38:54	60.11	6499	2210	2239
231	01:39:54	60.11	6499	2209	2238
232	01:40:54	48.65	6499	2208	2238
233	01:41:42	60.07	6499	2207	2237
234	01:42:43	39.15	6499	2206	2236
235	01:43:22	13.75	6499	2205	2235
236	01:43:35	60.24	6499	2204	2234
237	01:44:36	60.13	6499	2203	2233
238	01:45:36	60.11	6499	2202	2232
239	01:46:36	60.13	6499	2202	2231
240	01:47:36	60.09	6499	2201	2231
241	01:48:36	60.16	6499	2200	2230
242	01:49:36	60.06	6499	2199	2229
243	01:50:36	60.10	6499	2198	2228
244	01:51:36	60.18	6499	2197	2227
245	01:52:37	60.13	6499	2196	2226
246	01:53:37	60.10	6499	2195	2225
247	01:54:37	60.14	6499	2194	2224
248	01:55:37	60.09	6499	2194	2224
249	01:56:37	60.16	6499	2193	2223
250	01:57:37	60.17	6499	2192	2222
251	01:58:37	60.15	6499	2191	2221
252	01:59:38	60.10	6499	2190	2220
253	02:00:38	60.15	6499	2189	2219
254	02:01:38	60.09	6499	2188	2218
255	02:02:38	60.11	6499	2188	2218
256	02:03:38	60.10	6499	2187	2217
257	02:04:38	60.08	6499	2186	2216
258	02:05:38	60.15	6499	2185	2215
259	02:06:38	60.12	6499	2184	2214
260	02:07:39	60.13	6499	2183	2213
261	02:08:39	60.14	6499	2182	2212
262	02:09:39	60.19	6499	2181	2211
263	02:10:39	21.46	6499	2181	2211
264	02:11:00	20.84	6499	2179	2210
265	02:11:21	60.09	6499	2179	2209
266	02:12:21	60.12	6499	2179	2209
267	02:13:21	60.11	6499	2178	2208
268	02:14:22	60.15	6499	2177	2207
269	02:15:22	60.10	6499	2176	2206
270	02:16:22	60.09	6499	2175	2205
271	02:17:22	60.11	6499	2174	2204
272	02:18:22	60.07	6499	2173	2204
273	02:19:22	27.33	6499	2172	2203
274	02:19:49	60.29	6499	2172	2202
275	02:20:50	60.10	6499	2171	2201
276	02:21:50	60.14	6499	2170	2200
277	02:22:50	60.17	6499	2169	2199
278	02:23:50	60.11	6499	2168	2198
279	02:24:50	60.14	6499	2167	2198
280	02:25:50	60.17	6499	2166	2197
281	02:26:51	60.14	6499	2166	2196
282	02:27:51	60.11	6499	2165	2195
283	02:28:51	60.08	6499	2164	2194
284	02:29:51	60.16	6499	2163	2194
285	02:30:51	60.17	6499	2162	2193
286	02:31:51	60.10	6499	2162	2192
287	02:32:51	60.17	6499	2161	2191
288	02:33:52	60.11	6499	2160	2190
289	02:34:52	60.12	6499	2159	2189
290	02:35:52	60.12	6499	2158	2189
291	02:36:52	60.15	6499	2158	2188
292	02:37:52	60.17	6499	2157	2187
293	02:38:52	60.14	6499	2156	2186
294	02:39:52	60.09	6499	2155	2185
295	02:40:52	60.14	6499	2154	2185
296	02:41:53	60.09	6499	2154	2184
297	02:42:53	60.16	6499	2153	2183
298	02:43:53	60.16	6499	2152	2182
299	02:44:53	60.13	6499	2151	2182
300	02:45:53	60.17	6499	2151	2181
301	02:46:53	60.11	6499	2150	2180
302	02:47:53	60.08	6499	2149	2179
303	02:48:53	60.16	6499	2148	2179
304	02:49:54	60.12	6499	2148	2178
305	02:50:54	60.11	6499	2147	2177
306	02:51:54	60.08	6499	2146	2176
307	02:52:54	60.15	6499	2145	2175
308	02:53:54	60.15	6499	2144	2174
309	02:54:54	60.11	6499	2144	2174
310	02:55:54	60.10	6499	2143	2173
311	02:56:54	60.09	6499	2142	2172
312	02:57:55	60.16	6499	2141	2171
313	02:58:55	60.15	6499	2140	2170
314	02:59:55	60.08	6499	2139	2169
315	03:00:55	60.13	6499	2139	2169
316	03:01:55	60.13	6499	2138	2168
317	03:02:55	60.17	6499	2136	2167
318	03:03:55	60.16	6499	2137	2167
319	03:04:56	60.13	6499	2136	2166
320	03:05:56	60.10	6499	2135	2165
321	03:06:56	60.11	6499	2134	2164
322	03:07:56	60.16	6499	2134	2164
323	03:08:56	60.01	6499	2133	2163
324	03:09:56	60.53	6499	2132	2162
325	03:10:57	60.13	6499	2131	2161
326	03:11:57	17.79	6499	2130	2160
327	03:12:14	60.43	6499	2130	2159
328	03:13:15	60.06	6499	2129	2159
329	03:14:15	60.13	6499	2128	2158
330	03:15:15	60.15	6499	2127	2157
331	03:16:15	60.13	6499	2126	2156
332	03:17:15	60.07	6499	2125	2155
333	03:18:15	60.12	6499	2124	2155
334	03:19:16	60.14	6499	2124	2154
335	03:20:16	60.10	6499	2123	2153
336	03:21:16	60.12	6499	2122	2152
337	03:22:16	60.17	6499	2121	2151
338	03:23:16	60.15	6499	2120	2150
339	03:24:16	60.17	6499	2120	2150
340	03:25:16	60.09	6499	2119	2149
341	03:26:16	60.16	6499	2118	2148
342	03:27:17	60.18	6499	2117	2147
343	03:28:17	38.99	6499	2116	2146
344	03:28:56	60.24	6499	2116	2146
345	03:29:56	60.13	6499	2115	2145
346	03:30:56	60.13	6499	2114	2144
347	03:31:56	60.13	6499	2113	2143
348	03:32:56	48.29	6499	2112	2142
349	03:33:45	60.14	6499	2111	2142
350	03:34:45	60.11	6499	2111	2141
351	03:35:45	60.13	6499	2110	2140
352	03:36:45	60.12	6499	2109	2139
353	03:37:45	60.10	6499	2108	2138
354	03:38:45	60.12	6499	2107	2138
355	03:39:45	60.09	6499	2107	2137
356	03:40:46	22.14	6499	2106	2136
357	03:41:08	60.05	6499	2105	2135
358	03:42:08	60.08	6499	2104	2135
359	03:43:08	60.09	6499	2103	2134
360	03:44:08	60.11	6499	2102	2133
361	03:45:08	28.87	6499	2102	2132
362	03:45:37	60.10	6499	2101	2131
363	03:46:37	60.07	6499	2100	2131
364	03:47:37	60.14	6499	2099	2130
365	03:48:37	60.10	6499	2098	2129
366	03:49:37	60.07	6499	2098	2128
367	03:50:37	60.12	6499	2097	2127
368	03:51:37	60.11	6499	2096	2127
369	03:52:38	60.13	6499	2095	2126
370	03:53:38	60.13	6499	2094	2125
371	03:54:38	60.17	6499	2093	2124
372	03:55:38	60.13	6499	2093	2124
373	03:56:38	60.17	6499	2092	2123
374	03:57:38	60.15	6499	2091	2122
375	03:58:38	60.10	6499	2091	2121
376	03:59:39	60.14	6499	2090	2121
377	04:00:39	60.15	6499	2089	2120
378	04:01:39	60.11	6499	2088	2119
379	04:02:39	10.04	6499	2087	2118
380	04:02:49	60.13	6499	2087	2118
381	04:03:49	60.08	6499	2086	2117
382	04:04:49	60.15	6499	2085	2116
383	04:05:49	60.16	6499	2084	2115
384	04:06:50	60.12	6499	2083	2114
385	04:07:50	60.12	6499	2083	2114
386	04:08:50	60.10	6499	2082	2113
387	04:09:50	60.10	6499	2081	2112
388	04:10:50	60.13	6499	2080	2111
389	04:11:50	60.14	6499	2079	2111
390	04:12:50	60.15	6499	2079	2110
391	04:13:50	60.09	6499	2079	2110
392	04:14:51	60.12	6499	2078	2109
393	04:15:51	60.13	6499	2077	2108
394	04:16:51	60.10	6499	2077	2108
395	04:17:51	60.16	6499	2076	2107
396	04:18:51	60.14	6499	2075	2106
397	04:19:51	60.14	6499	2074	2106
398	04:20:51	60.12	6499	2073	2105
399	04:21:51	60.13	6499	2073	2104
400	04:22:52	60.14	6499	2072	2103
401	04:23:52	60.17	6499	2071	2102
402	04:24:52	60.15	6499	2070	2102
403	04:25:52	60.16	6499	2070	2101
404	04:26:52	60.15	6499	2069	2100
405	04:27:52	60.12	6499	2068	2099
406	04:28:52	60.15	6499	2067	2099
407	04:29:53	60.12	6499	2067	2098
408	04:30:53	60.09	6499	2066	2094
409	04:31:53	60.18	6499	2065	2096
410	04:32:53	60.17	6499	2064	2095
411	04:33:53	60.12	6499	2063	2095
412	04:34:53	60.08	6499	2063	2094
413	04:35:53	60.19	6499	2062	2093
414	04:36:54	60.16	6499	2061	2092
415	04:37:54	60.13	6499	2060	2092
416	04:38:54	60.14	6499	2059	2091
417	04:39:54	60.16	6499	2059	2090
418	04:40:54	60.12	6499	2058	2089
419	04:41:54	60.15	6499	2057	2089
420	04:42:54	60.12	6499	2056	2088
421	04:43:55	60.15	6499	2056	2087
422	04:44:55	60.11	6499	2055	2086
423	04:45:55	60.12	6499	2054	2086
424	04:46:55	60.12	6499	2054	2085
425	04:47:55	60.10	6499	2054	2085
426	04:48:55	60.13	6499	2053	2084
427	04:49:55	60.12	6499	2052	2083
428	04:50:55	60.13	6499	2051	2082
429	04:51:56	60.15	6499	2050	2082
430	04:52:56	60.10	6499	2050	2081
431	04:53:56	60.08	6499	2049	2080
432	04:54:56	60.09	6499	2048	2080
433	04:55:56	60.12	6499	2048	2079
434	04:56:56	42.29	6499	2047	2078
435	04:57:38	60.45	6499	2046	2077
436	04:58:39	60.12	6499	2045	2077
437	04:59:39	60.16	6499	2044	2076
438	05:00:39	60.09	6499	2044	2075
439	05:01:39	60.13	6499	2043	2074
440	05:02:39	60.09	6499	2042	2074
441	05:03:39	60.14	6499	2041	2073
442	05:04:39	60.13	6499	2041	2072
443	05:05:40	60.09	6499	2040	2071
444	05:06:40	60.15	6499	2039	2071
445	05:07:40	60.13	6499	2038	2070
446	05:08:40	60.16	6499	2038	2069
447	05:09:40	60.14	6499	2037	2068
448	05:10:40	60.07	6499	2036	2068
449	05:11:40	60.16	6499	2035	2067
450	05:12:41	60.13	6499	2035	2066
451	05:13:41	10.26	6499	2034	2065
452	05:13:51	60.43	6499	2033	2065
453	05:14:51	40.87	6499	2032	2064
454	05:15:32	60.09	6499	2032	2063
455	05:16:32	42.21	6499	2031	2062
456	05:17:15	60.18	6499	2030	2062
457	05:18:15	60.12	6499	2029	2061
458	05:19:15	60.16	6499	2028	2060
459	05:20:15	60.11	6499	2028	2059
460	05:21:15	60.17	6499	2027	2059
461	05:22:15	60.08	6499	2026	2058
462	05:23:15	60.08	6499	2025	2057
463	05:24:15	60.15	6499	2025	2056
464	05:25:16	60.10	6499	2024	2056
465	05:26:16	60.11	6499	2023	2055
466	05:27:16	60.13	6499	2022	2054
467	05:28:16	60.12	6499	2022	2053
468	05:29:16	60.13	6499	2021	2053
469	05:30:16	60.13	6499	2020	2052
470	05:31:16	60.13	6499	2019	2051
471	05:32:16	60.14	6499	2018	2050
472	05:33:17	60.08	6499	2018	2050
473	05:34:17	60.14	6499	2017	2049
474	05:35:17	60.13	6499	2016	2048
475	05:36:17	60.16	6499	2015	2047
476	05:37:17	60.10	6499	2015	2047
477	05:38:17	60.12	6499	2014	2046
478	05:39:17	60.12	6499	2013	2045
479	05:40:17	60.09	6499	2012	2044
480	05:41:17	56.30	6499	2012	2044
481	05:42:14	60.19	6499	2011	2043
482	05:43:14	60.12	6499	2010	2042
483	05:44:14	60.07	6499	2009	2041
484	05:45:14	39.99	6499	2009	2041
485	05:45:54	10.77	6499	2008	2040
486	05:46:05	60.24	6499	2007	2039
487	05:47:05	60.11	6499	2006	2038
488	05:48:05	60.10	6499	2006	2038
489	05:49:05	60.14	6499	2006	2038
490	05:50:06	60.15	6499	2005	2037
491	05:51:06	60.12	6499	2005	2037
492	05:52:06	60.17	6499	2004	2036
493	05:53:06	42.42	6499	2003	2035
494	05:53:48	60.36	6499	2002	2034
495	05:54:49	60.14	6499	2002	2034
496	05:55:49	60.11	6499	2001	2033
497	05:56:49	60.18	6499	2000	2032
498	05:57:49	60.14	6499	2000	2032
499	05:58:49	60.09	6499	1999	2031
500	05:59:49	60.17	6499	1995	2030
501	06:00:50	60.10	6499	1997	2029
502	06:01:50	60.17	6499	1997	2029
503	06:02:50	60.12	6499	1996	2028
504	06:03:50	60.15	6499	1995	2027
505	06:04:50	60.15	6499	1995	2027
506	06:05:50	60.12	6499	1994	2026
507	06:06:50	60.14	6499	1993	2025
508	06:07:51	60.16	6499	1992	2024
509	06:08:51	60.08	6499	1992	2024
510	06:09:51	60.12	6499	1991	2023
511	06:10:51	60.14	6499	1990	2022
512	06:11:51	55.42	6499	1989	2021
513	06:12:46	60.06	6499	1989	2021
514	06:13:47	60.14	6499	1988	2020
515	06:14:47	60.13	6499	1987	2019
516	06:15:47	60.13	6499	1986	2018
517	06:16:47	60.12	6499	1986	2018
518	06:17:47	60.16	6499	1985	2017
519	06:18:47	60.10	6499	1984	2016
520	06:19:47	60.07	6499	1984	2015
521	06:20:47	60.07	6499	1983	2015
522	06:21:47	60.13	6499	1982	2014
523	06:22:48	60.12	6499	1981	2013
524	06:23:48	60.10	6499	1981	2013
525	06:24:48	60.08	6499	1981	2012
526	06:25:48	60.11	6499	1980	2012
527	06:26:48	60.11	6499	1979	2011
528	06:27:48	60.13	6499	1979	2011
529	06:28:48	60.13	6499	1978	2010
530	06:29:48	60.10	6499	1978	2010
531	06:30:48	60.16	6499	1977	2009
532	06:31:49	60.14	6499	1976	2008
533	06:32:49	60.17	6499	1975	2008
534	06:33:49	60.10	6499	1975	2007
535	06:34:49	60.18	6499	1974	2006
536	06:35:49	60.15	6499	1973	2005
537	06:36:49	60.12	6499	1972	2005
538	06:37:49	60.09	6499	1972	2004
539	06:38:50	60.13	6499	1971	2003
540	06:39:50	60.08	6499	1970	2003
541	06:40:50	60.11	6499	1970	2002
542	06:41:50	60.09	6499	1969	2001
543	06:42:50	60.14	6499	1968	2000
544	06:43:50	60.16	6499	1967	2000
545	06:44:50	60.13	6499	1967	1999
546	06:45:50	60.13	6499	1966	1998
547	06:46:51	60.10	6499	1965	1998
548	06:47:51	60.13	6499	1964	1997
549	06:48:51	11.92	6499	1964	1996
550	06:49:03	13.79	6499	1963	1995
551	06:49:16	60.25	6499	1962	1995
552	06:50:17	60.17	6499	1958	1994
553	06:51:17	60.19	6499	1961	1993
554	06:52:17	60.13	6499	1960	1992
555	06:53:17	60.09	6499	1959	1992
556	06:54:17	39.46	6499	1959	1991
557	06:54:57	60.48	6499	1958	1990
558	06:55:57	60.17	6499	1957	1990
559	06:56:57	60.12	6499	1957	1989
560	06:57:58	60.10	6499	1956	1988
561	06:58:58	60.16	6499	1955	1988
562	06:59:58	60.14	6499	1955	1987
563	07:00:58	60.15	6499	1954	1986
564	07:01:58	60.13	6499	1953	1985
565	07:02:58	60.13	6499	1952	1985
566	07:03:58	60.12	6499	1952	1984
567	07:04:58	60.18	6499	1951	1983
568	07:05:59	60.12	6499	1950	1983
569	07:06:59	60.11	6499	1950	1982
570	07:07:59	60.18	6499	1949	1981
571	07:08:59	60.16	6499	1948	1980
572	07:09:59	60.14	6499	1948	1980
573	07:10:59	60.16	6499	1947	1979
574	07:11:59	60.11	6499	1947	1979
575	07:13:00	60.12	6499	1946	1978
576	07:14:00	60.10	6499	1946	1978
577	07:15:00	60.13	6499	1945	1977
578	07:16:00	60.09	6499	1944	1976
579	07:17:00	60.11	6499	1944	1976
580	07:18:00	60.10	6499	1943	1975
581	07:19:00	60.16	6499	1942	1974
582	07:20:00	60.14	6499	1941	1974
583	07:21:01	60.08	6499	1941	1973
584	07:22:01	60.13	6499	1940	1972
585	07:23:01	23.79	6499	1939	1971
586	07:23:25	13.97	6499	1939	1971
587	07:23:39	60.23	6499	1938	1970
588	07:24:39	41.16	6499	1937	1969
589	07:25:20	31.23	6499	1937	1969
590	07:25:51	60.31	6499	1936	1968
591	07:26:51	60.12	6499	1935	1967
592	07:27:52	60.08	6499	1935	1967
593	07:28:52	60.17	6499	1934	1966
594	07:29:52	60.13	6499	1933	1965
595	07:30:52	60.16	6499	1933	1965
596	07:31:52	60.13	6499	1932	1964
597	07:32:52	60.12	6499	1931	1963
598	07:33:52	60.07	6499	1931	1962
599	07:34:52	60.14	6499	1930	1962
600	07:35:53	60.15	6499	1929	1961
601	07:36:53	60.14	6499	1929	1960
602	07:37:53	60.13	6499	1928	1960
603	07:38:53	60.16	6499	1927	1959
604	07:39:53	60.10	6499	1927	1958
605	07:40:53	60.12	6499	1926	1958
606	07:41:53	60.10	6499	1925	1957
607	07:42:53	60.11	6499	1924	1956
608	07:43:54	60.14	6499	1924	1956
609	07:44:54	60.12	6499	1923	1955
610	07:45:54	60.08	6499	1922	1954
611	07:46:54	60.12	6499	1922	1954
612	07:47:54	60.16	6499	1921	1953
613	07:48:54	60.17	6499	1920	1952
614	07:49:54	60.14	6499	1920	1952
615	07:50:54	60.13	6499	1920	1951
616	07:51:55	60.13	6499	1919	1951
617	07:52:55	60.13	6499	1919	1950
618	07:53:55	60.12	6499	1918	1950
619	07:54:55	60.12	6499	1918	1950
620	07:55:55	60.12	6499	1917	1949
621	07:56:55	60.15	6499	1916	1948
622	07:57:55	60.16	6499	1916	1948
623	07:58:56	60.13	6499	1915	1947
624	07:59:56	60.10	6499	1914	1946
625	08:00:56	60.17	6499	1914	1945
626	08:01:56	60.13	6499	1913	1945
627	08:02:56	60.12	6499	1912	1944
628	08:03:56	60.08	6499	1912	1943
629	08:04:56	60.14	6499	1911	1943
630	08:05:56	60.13	6499	1910	1942
631	08:06:57	60.08	6499	1910	1941
632	08:07:57	60.14	6499	1909	1941
633	08:08:57	36.17	6499	1909	1940
634	08:09:33	60.04	6499	1908	1940
635	08:10:33	26.56	6499	1907	1939
636	08:11:00	60.12	6499	1906	1938
637	08:12:00	60.09	6499	1906	1937
638	08:13:00	60.09	6499	1905	1937
639	08:14:00	60.11	6499	1905	1936
640	08:15:00	60.10	6499	1904	1935
641	08:16:00	60.12	6499	1903	1935
642	08:17:00	60.15	6499	1903	1934
643	08:18:00	60.10	6499	1902	1933
644	08:19:00	60.12	6499	1901	1933
645	08:20:00	60.10	6499	1900	1932
646	08:21:01	60.11	6499	1900	1931
647	08:22:01	60.12	6499	1899	1931
648	08:23:01	60.09	6499	1898	1930
649	08:24:01	60.12	6499	1898	1929
650	08:25:01	60.12	6499	1897	1929
651	08:26:01	60.12	6499	1897	1928
652	08:27:01	60.12	6499	1896	1928
653	08:28:01	60.11	6499	1895	1927
654	08:29:02	60.10	6499	1895	1926
655	08:30:02	60.10	6499	1894	1926
656	08:31:02	60.14	6499	1893	1925
657	08:32:02	60.12	6499	1893	1924
658	08:33:02	60.12	6499	1892	1924
659	08:34:02	60.15	6499	1891	1923
660	08:35:02	60.13	6499	1891	1922
661	08:36:02	60.09	6499	1890	1922
662	08:37:02	60.15	6499	1889	1921
663	08:38:03	60.13	6499	1889	1920
664	08:39:03	60.12	6499	1888	1920
665	08:40:03	60.12	6499	1887	1919
666	08:41:03	60.17	6499	1887	1918
667	08:42:03	60.12	6499	1886	1918
668	08:43:03	60.17	6499	1885	1917
669	08:44:03	60.14	6499	1885	1916
670	08:45:04	60.15	6499	1884	1916
671	08:46:04	60.14	6499	1883	1915
672	08:47:04	60.13	6499	1883	1914
673	08:48:04	60.11	6499	1882	1914
674	08:49:04	60.11	6499	1881	1913
675	08:50:04	30.21	6499	1881	1912
676	08:50:34	14.41	6499	1880	1912
677	08:50:49	60.15	6499	1879	1911
678	08:51:49	60.11	6499	1879	1910
679	08:52:49	11.34	6499	1878	1910
680	08:53:00	60.33	6499	1877	1909
681	08:54:01	60.09	6499	1877	1909
682	08:55:01	60.12	6499	1876	1908
683	08:56:01	60.13	6499	1876	1907
684	08:57:01	60.11	6499	1875	1907
685	08:58:01	60.11	6499	1874	1906
686	08:59:01	60.14	6499	1874	1905
687	09:00:02	60.18	6499	1874	1905
688	09:01:02	60.18	6499	1873	1905
689	09:02:02	60.14	6499	1873	1904
690	09:03:02	60.15	6499	1872	1904
691	09:04:02	60.11	6499	1871	1903
692	09:05:02	60.16	6499	1871	1902
693	09:06:02	60.12	6499	1870	1902
694	09:07:03	60.12	6499	1869	1901
695	09:08:03	60.13	6499	1869	1900
696	09:09:03	60.12	6499	1868	1900
697	09:10:03	60.17	6499	1867	1899
698	09:11:03	60.14	6499	1867	1899
699	09:12:03	60.09	6499	1866	1898
700	09:13:03	60.13	6499	1866	1897
701	09:14:03	60.16	6499	1865	1897
702	09:15:04	60.13	6499	1865	1897
703	09:16:04	60.13	6499	1865	1897
704	09:17:04	60.14	6499	1865	1896
705	09:18:04	60.16	6499	1864	1896
706	09:19:04	60.10	6499	1864	1896
707	09:20:04	60.06	6499	1863	1895
708	09:21:04	60.13	6499	1863	1894
709	09:22:04	60.08	6499	1862	1894
710	09:23:05	60.10	6499	1861	1893
711	09:24:05	60.11	6499	1861	1892
712	09:25:05	60.16	6499	1860	1892
713	09:26:05	60.10	6499	1860	1891
714	09:27:05	60.11	6499	1859	1891
715	09:28:05	60.15	6499	1859	1890
716	09:29:05	60.08	6499	1858	1889
717	09:30:05	60.12	6499	1857	1889
718	09:31:05	60.10	6499	1857	1888
719	09:32:06	60.11	6499	1856	1888
720	09:33:06	60.11	6499	1856	1888
721	09:34:06	60.11	6499	1856	1887
722	09:35:06	60.11	6499	1855	1887
723	09:36:06	60.09	6499	1855	1887
724	09:37:06	60.12	6499	1855	1886
725	09:38:06	60.16	6499	1854	1886
726	09:39:06	60.09	6499	1853	1885
727	09:40:06	60.14	6499	1853	1884
728	09:41:07	60.10	6499	1852	1884
729	09:42:07	60.10	6499	1851	1883
730	09:43:07	60.15	6499	1851	1882
731	09:44:07	60.13	6499	1850	1882
732	09:45:07	60.15	6499	1850	1881
733	09:46:07	60.15	6499	1849	1881
734	09:47:07	60.15	6499	1848	1880
735	09:48:08	60.10	6499	1848	1879
736	09:49:08	60.12	6499	1847	1879
737	09:50:08	60.12	6499	1846	1878
738	09:51:08	60.17	6499	1846	1877
739	09:52:08	60.11	6499	1845	1877
740	09:53:08	60.15	6499	1844	1876
741	09:54:08	60.12	6499	1844	1875
742	09:55:08	60.12	6499	1843	1875
743	09:56:09	60.10	6499	1842	1874
744	09:57:09	60.11	6499	1842	1874
745	09:58:09	60.14	6499	1841	1873
746	09:59:09	60.15	6499	1841	1872
747	10:00:09	22.21	6499	1840	1872
748	10:00:31	14.80	6499	1839	1871
749	10:00:46	60.23	6499	1839	1871
750	10:01:46	60.12	6499	1838	1870
751	10:02:46	60.12	6499	1838	1870
752	10:03:47	60.11	6499	1837	1869
753	10:04:47	60.14	6499	1836	1868
754	10:05:47	60.10	6499	1836	1868
755	10:06:47	60.21	6499	1835	1867
756	10:07:47	60.14	6499	1835	1866
757	10:08:47	60.17	6499	1834	1866
758	10:09:47	60.10	6499	1833	1865
759	10:10:48	60.11	6499	1833	1865
760	10:11:48	60.17	6499	1832	1864
761	10:12:48	10.01	6499	1831	1863
762	10:12:58	22.24	6499	1831	1863
763	10:13:20	10.60	6499	1830	1862
764	10:13:31	10.04	6499	1830	1862
765	10:13:41	37.54	6499	1829	1861
766	10:14:18	10.06	6499	1829	1860
767	10:14:28	60.13	6499	1828	1860
768	10:15:28	60.13	6499	1827	1859
769	10:16:29	60.15	6499	1827	1859
770	10:17:29	60.15	6499	1826	1858
771	10:18:29	60.13	6499	1826	1857
772	10:19:29	60.12	6499	1825	1857
773	10:20:29	25.18	6499	1824	1856
774	10:20:54	60.20	6499	1824	1856
775	10:21:55	60.12	6499	1823	1855
776	10:22:55	60.13	6499	1823	1854
777	10:23:55	60.13	6499	1822	1854
778	10:24:55	60.12	6499	1821	1853
779	10:25:55	60.13	6499	1821	1852
780	10:26:55	60.17	6499	1820	1852
781	10:27:55	48.06	6499	1819	1851
782	10:28:43	14.92	6499	1819	1851
783	10:28:58	10.16	6499	1818	1850
784	10:29:08	60.14	6499	1818	1849
785	10:30:09	10.04	6499	1817	1849
786	10:30:19	38.66	6499	1816	1848
787	10:30:57	60.06	6499	1816	1848
788	10:31:57	60.13	6499	1815	1847
789	10:32:57	60.14	6499	1815	1846
790	10:33:58	60.08	6499	1814	1846
791	10:34:58	60.08	6499	1813	1845
792	10:35:58	60.09	6499	1813	1845
793	10:36:58	60.15	6499	1812	1844
794	10:37:58	60.11	6499	1812	1843
795	10:38:58	60.13	6499	1811	1843
796	10:39:58	60.08	6499	1810	1842
797	10:40:58	60.11	6499	1810	1842
798	10:41:58	60.07	6499	1809	1841
799	10:42:59	60.17	6499	1809	1841
800	10:43:59	60.08	6499	1809	1841
801	10:44:59	60.15	6499	1808	1840
802	10:45:59	60.14	6499	1808	1839
803	10:46:59	60.11	6499	1807	1839
804	10:47:59	60.14	6499	1806	1838
805	10:48:59	60.08	6499	1806	1838
806	10:49:59	60.15	6499	1806	1837
807	10:51:00	60.11	6499	1805	1837
808	10:52:00	60.12	6499	1805	1836
809	10:53:00	60.13	6499	1804	1836
810	10:54:00	60.12	6499	1804	1836
811	10:55:00	60.09	6499	1803	1835
812	10:56:00	10.26	6499	1803	1835
813	10:56:10	14.64	6499	1802	1834
814	10:56:25	60.25	6499	1802	1833
815	10:57:25	60.12	6499	1801	1833
816	10:58:25	60.12	6499	1801	1832
817	10:59:26	60.14	6499	1800	1832
818	11:00:26	60.12	6499	1799	1831
819	11:01:26	60.13	6499	1799	1831
820	11:02:26	60.15	6499	1798	1830
821	11:03:26	60.08	6499	1798	1829
822	11:04:26	60.17	6499	1797	1829
823	11:05:26	60.10	6499	1797	1828
824	11:06:26	60.10	6499	1796	1828
825	11:07:27	60.09	6499	1795	1827
826	11:08:27	60.10	6499	1795	1826
827	11:09:27	60.17	6499	1794	1826
828	11:10:27	60.08	6499	1794	1825
829	11:11:27	60.12	6499	1793	1825
830	11:12:27	37.49	6499	1793	1824
831	11:13:05	60.41	6499	1792	1824
832	11:14:05	60.13	6499	1791	1823
833	11:15:05	60.14	6499	1791	1822
834	11:16:05	60.16	6499	1790	1822
835	11:17:05	60.18	6499	1790	1821
836	11:18:06	60.16	6499	1789	1821
837	11:19:06	60.14	6499	1789	1821
838	11:20:06	60.05	6499	1788	1820
839	11:21:06	60.15	6499	1788	1819
840	11:22:06	60.17	6499	1787	1819
841	11:23:06	60.14	6499	1787	1819
842	11:24:06	60.10	6499	1786	1818
843	11:25:07	60.09	6499	1786	1817
844	11:26:07	60.11	6499	1785	1817
845	11:27:07	60.08	6499	1785	1816
846	11:28:07	60.11	6499	1784	1816
847	11:29:07	60.12	6499	1784	1815
848	11:30:07	60.12	6499	1783	1815
849	11:31:07	60.12	6499	1783	1814
850	11:32:07	60.16	6499	1782	1814
851	11:33:07	60.13	6499	1781	1813
852	11:34:08	60.12	6499	1781	1812
853	11:35:08	60.08	6499	1780	1812
854	11:36:08	60.08	6499	1780	1811
855	11:37:08	60.14	6499	1779	1811
856	11:38:08	60.10	6499	1779	1810
857	11:39:08	60.07	6499	1778	1810
858	11:40:08	60.17	6499	1778	1809
859	11:41:08	60.13	6499	1777	1809
860	11:42:08	60.10	6499	1777	1808
861	11:43:09	10.02	6499	1776	1807
862	11:43:19	40.53	6499	1775	1807
863	11:43:59	22.96	6499	1775	1806
864	11:44:22	10.16	6499	1774	1806
865	11:44:32	60.15	6499	1774	1805
866	11:45:32	60.10	6499	1773	1805
867	11:46:32	60.13	6499	1773	1804
868	11:47:33	60.12	6499	1772	1804
869	11:48:33	60.12	6499	1772	1803
870	11:49:33	38.19	6499	1771	1803
871	11:50:11	15.61	6499	1770	1802
872	11:50:27	60.17	6499	1770	1801
873	11:51:27	60.11	6499	1769	1801
874	11:52:27	10.02	6499	1769	1800
875	11:52:37	60.15	6499	1768	1800
876	11:53:37	60.13	6499	1768	1799
877	11:54:37	60.13	6499	1767	1799
878	11:55:37	60.09	6499	1766	1798
879	11:56:37	60.11	6499	1766	1797
880	11:57:38	34.28	6499	1765	1797
881	11:58:12	60.18	6499	1765	1796
882	11:59:12	60.12	6499	1764	1796
883	12:00:12	60.16	6499	1763	1795
884	12:01:12	60.13	6499	1763	1795
885	12:02:12	60.11	6499	1763	1794
886	12:03:13	60.14	6499	1762	1794
887	12:04:13	43.37	6499	1762	1793
888	12:04:56	60.41	6499	1761	1793
889	12:05:56	60.13	6499	1760	1792
890	12:06:57	60.12	6499	1760	1792
891	12:07:57	60.14	6499	1759	1791
892	12:08:57	60.17	6499	1759	1790
893	12:09:57	60.11	6499	1758	1790
894	12:10:57	42.06	6499	1758	1789
895	12:11:39	60.49	6499	1757	1789
896	12:12:40	60.17	6499	1756	1788
897	12:13:40	60.13	6499	1756	1787
898	12:14:40	60.11	6499	1755	1787
899	12:15:40	60.08	6499	1755	1786
900	12:16:40	60.09	6499	1754	1786
901	12:17:40	10.02	6499	1753	1785
902	12:17:50	60.44	6499	1753	1784
903	12:18:51	60.13	6499	1752	1784
904	12:19:51	42.00	6499	1752	1783
905	12:20:33	39.13	6499	1751	1783
906	12:21:12	60.48	6499	1750	1782
907	12:22:12	60.08	6499	1750	1782
908	12:23:13	60.12	6499	1749	1781
909	12:24:13	60.10	6499	1749	1780
910	12:25:13	38.16	6499	1748	1780
911	12:25:51	60.50	6499	1748	1779
912	12:26:51	60.13	6499	1747	1779
913	12:27:52	45.13	6499	1746	1778
914	12:28:37	59.75	6499	1746	1778
915	12:29:36	60.18	6499	1745	1777
916	12:30:37	60.14	6499	1745	1776
917	12:31:37	44.77	6499	1744	1776
918	12:32:22	60.48	6499	1744	1776
919	12:33:22	60.15	6499	1744	1776
920	12:34:22	60.14	6499	1743	1775
921	12:35:22	27.09	6499	1743	1774
922	12:35:49	60.51	6499	1742	1774
923	12:36:50	60.10	6499	1742	1773
924	12:37:50	60.08	6499	1741	1773
925	12:38:50	60.10	6499	1740	1772
926	12:39:50	60.09	6499	1740	1771
927	12:40:50	60.15	6499	1739	1771
928	12:41:50	60.14	6499	1739	1770
929	12:42:51	60.15	6499	1738	1770
930	12:43:51	15.43	6499	1738	1769
931	12:44:06	60.48	6499	1737	1768
932	12:45:07	60.13	6499	1736	1768
933	12:46:07	60.12	6499	1736	1767
934	12:47:07	60.16	6499	1735	1767
935	12:48:07	60.13	6499	1735	1766
936	12:49:07	60.08	6499	1734	1766
937	12:50:07	60.14	6499	1733	1765
938	12:51:07	60.12	6499	1733	1764
939	12:52:08	60.17	6499	1732	1764
940	12:53:08	60.10	6499	1732	1763
941	12:54:08	60.16	6499	1731	1763
942	12:55:08	60.13	6499	1731	1762
943	12:56:08	60.12	6499	1730	1762
944	12:57:08	60.13	6499	1730	1761
945	12:58:08	60.16	6499	1729	1761
946	12:59:08	60.08	6499	1728	1760
947	13:00:09	60.12	6499	1728	1759
948	13:01:09	60.18	6499	1727	1759
949	13:02:09	10.01	6499	1727	1758
950	13:02:19	60.14	6499	1726	1758
951	13:03:19	60.11	6499	1726	1757
952	13:04:19	60.16	6499	1723	1757
953	13:05:19	60.11	6499	1724	1756
954	13:06:19	60.12	6499	1724	1756
955	13:07:19	60.12	6499	1723	1755
956	13:08:20	60.12	6499	1723	1754
957	13:09:20	60.13	6499	1722	1754
958	13:10:20	60.10	6499	1722	1753
959	13:11:20	60.12	6499	1721	1753
960	13:12:20	60.12	6499	1721	1752
961	13:13:20	60.15	6499	1720	1752
962	13:14:20	60.16	6499	1720	1751
963	13:15:21	60.16	6499	1719	1751
964	13:16:21	60.13	6499	1719	1751
965	13:17:21	60.12	6499	1719	1750
966	13:18:21	60.17	6499	1718	1750
967	13:19:21	60.08	6499	1718	1749
968	13:20:21	60.10	6499	1717	1749
969	13:21:21	60.10	6499	1717	1748
970	13:22:21	60.19	6499	1716	1748
971	13:23:22	60.08	6499	1716	1747
972	13:24:22	60.13	6499	1715	1747
973	13:25:22	60.15	6499	1714	1746
974	13:26:22	60.13	6499	1714	1745
975	13:27:22	60.10	6499	1713	1745
976	13:28:22	60.13	6499	1713	1744
977	13:29:22	60.12	6499	1712	1744
978	13:30:22	60.14	6499	1712	1743
979	13:31:23	60.17	6499	1711	1743
980	13:32:23	60.13	6499	1710	1742
981	13:33:23	52.16	6499	1710	1742
982	13:34:15	15.35	6499	1709	1741
983	13:34:30	23.75	6499	1709	1740
984	13:34:54	60.24	6499	1708	1740
985	13:35:54	60.15	6499	1708	1739
986	13:36:55	60.15	6499	1707	1739
987	13:37:55	60.11	6499	1707	1738
988	13:38:55	60.17	6499	1706	1738
989	13:39:55	60.13	6499	1705	1737
990	13:40:55	60.11	6499	1705	1736
991	13:41:55	60.13	6499	1704	1736
992	13:42:55	60.12	6499	1704	1735
993	13:43:55	60.09	6499	1703	1735
994	13:44:56	60.07	6499	1703	1734
995	13:45:56	60.10	6499	1702	1734
996	13:46:56	60.09	6499	1702	1733
997	13:47:56	60.16	6499	1701	1733
998	13:48:56	60.08	6499	1700	1732
999	13:49:56	60.08	6499	1700	1732
1000	13:50:56	60.13	6499	1699	1731
1001	13:51:56	60.19	6499	1699	1730
1002	13:52:56	60.08	6499	1698	1730
1003	13:53:57	60.08	6499	1698	1729
1004	13:54:57	60.09	6499	1697	1729
1005	13:55:57	60.09	6499	1697	1728
1006	13:56:57	60.13	6499	1696	1728
1007	13:57:57	60.15	6499	1696	1727
1008	13:58:57	38.53	6499	1695	1727
1009	13:59:36	60.39	6499	1694	1726
1010	14:00:36	60.11	6499	1694	1725
1011	14:01:36	60.12	6499	1693	1725
1012	14:02:36	60.11	6499	1693	1724
1013	14:03:36	60.11	6499	1692	1724
1014	14:04:36	60.11	6499	1692	1723
1015	14:05:37	60.18	6499	1691	1723
1016	14:06:37	60.16	6499	1691	1722
1017	14:07:37	38.87	6499	1690	1722
1018	14:08:16	60.08	6499	1690	1721
1019	14:09:16	10.03	6499	1689	1721
1020	14:09:26	60.16	6499	1688	1720
1021	14:10:26	60.19	6499	1688	1720
1022	14:11:26	60.14	6499	1687	1719
1023	14:12:26	60.12	6499	1687	1718
1024	14:13:26	60.11	6499	1686	1718
1025	14:14:27	60.12	6499	1686	1717
1026	14:15:27	60.08	6499	1685	1717
1027	14:16:27	60.17	6499	1685	1716
1028	14:17:27	27.69	6499	1684	1716
1029	14:17:55	21.65	6499	1684	1715
1030	14:18:16	60.10	6499	1683	1715
1031	14:19:16	10.04	6499	1682	1714
1032	14:19:26	48.33	6499	1682	1714
1033	14:20:15	60.13	6499	1681	1713
1034	14:21:15	60.10	6499	1681	1712
1035	14:22:15	60.13	6499	1680	1712
1036	14:23:15	60.07	6499	1680	1711
1037	14:24:15	60.08	6499	1679	1711
1038	14:25:15	60.10	6499	1679	1710
1039	14:26:15	60.12	6499	1678	1710
1040	14:27:15	60.12	6499	1678	1709
1041	14:28:16	60.09	6499	1677	1709
1042	14:29:16	60.17	6499	1677	1708
1043	14:30:16	60.13	6499	1676	1708
1044	14:31:16	60.13	6499	1676	1707
1045	14:32:16	60.16	6499	1675	1707
1046	14:33:16	60.11	6499	1674	1706
1047	14:34:16	60.16	6499	1674	1705
1048	14:35:17	60.10	6499	1673	1705
1049	14:36:17	60.08	6499	1673	1704
1050	14:37:17	60.13	6499	1672	1704
1051	14:38:17	60.12	6499	1672	1703
1052	14:39:17	60.12	6499	1672	1703
1053	14:40:17	60.13	6499	1671	1703
1054	14:41:17	60.15	6499	1671	1702
1055	14:42:17	60.13	6499	1670	1702
1056	14:43:17	60.10	6499	1670	1701
1057	14:44:18	60.12	6499	1669	1701
1058	14:45:18	60.12	6499	1669	1700
1059	14:46:18	60.12	6499	1668	1700
1060	14:47:18	60.12	6499	1668	1699
1061	14:48:18	60.15	6499	1667	1698
1062	14:49:18	60.18	6499	1666	1698
1063	14:50:18	60.13	6499	1666	1697
1064	14:51:19	60.16	6499	1665	1697
1065	14:52:19	60.14	6499	1665	1696
1066	14:53:19	60.16	6499	1664	1696
1067	14:54:19	60.09	6499	1664	1695
1068	14:55:19	60.16	6499	1663	1695
1069	14:56:19	60.17	6499	1663	1694
1070	14:57:19	60.15	6499	1662	1694
1071	14:58:20	60.10	6499	1662	1693
1072	14:59:20	60.11	6499	1661	1693
1073	15:00:20	60.09	6499	1661	1692
1074	15:01:20	60.14	6499	1660	1692
1075	15:02:20	60.13	6499	1660	1691
1076	15:03:20	60.13	6499	1659	1691
1077	15:04:20	60.19	6499	1659	1690
1078	15:05:20	60.10	6499	1658	1690
1079	15:06:21	60.14	6499	1658	1689
1080	15:07:21	60.13	6499	1657	1689
1081	15:08:21	60.12	6499	1657	1688
1082	15:09:21	60.15	6499	1656	1688
1083	15:10:21	60.16	6499	1656	1687
1084	15:11:21	60.09	6499	1655	1686
1085	15:12:21	60.15	6499	1655	1686
1086	15:13:21	60.12	6499	1654	1685
1087	15:14:22	60.15	6499	1654	1685
1088	15:15:22	60.09	6499	1653	1684
1089	15:16:22	60.13	6499	1652	1684
1090	15:17:22	60.13	6499	1652	1683
1091	15:18:22	60.12	6499	1651	1683
1092	15:19:22	60.07	6499	1651	1682
1093	15:20:22	60.09	6499	1650	1682
1094	15:21:22	60.08	6499	1650	1681
1095	15:22:22	60.17	6499	1649	1681
1096	15:23:23	60.13	6499	1649	1680
1097	15:24:23	60.09	6499	1648	1680
1098	15:25:23	60.12	6499	1648	1679
1099	15:26:23	60.06	6499	1647	1679
1100	15:27:23	60.17	6499	1647	1678
1101	15:28:23	60.16	6499	1646	1678
1102	15:29:23	60.07	6499	1646	1677
1103	15:30:23	60.13	6499	1645	1677
1104	15:31:24	60.11	6499	1645	1676
1105	15:32:24	60.14	6499	1644	1676
1106	15:33:24	60.08	6499	1644	1675
1107	15:34:24	60.13	6499	1643	1675
1108	15:35:24	60.12	6499	1643	1674
1109	15:36:24	60.12	6499	1642	1674
1110	15:37:24	60.14	6499	1642	1673
1111	15:38:24	60.10	6499	1641	1673
1112	15:39:25	60.07	6499	1641	1672
1113	15:40:25	60.13	6499	1640	1672
1114	15:41:25	60.12	6499	1640	1671
1115	15:42:25	60.11	6499	1639	1671
1116	15:43:25	60.11	6499	1639	1670
1117	15:44:25	60.16	6499	1638	1670
1118	15:45:25	10.05	6499	1638	1669
1119	15:45:35	60.16	6499	1637	1669
1120	15:46:35	60.15	6499	1637	1668
1121	15:47:36	60.11	6499	1636	1668
1122	15:48:36	60.07	6499	1636	1667
1123	15:49:36	60.12	6499	1635	1667
1124	15:50:36	60.11	6499	1635	1666
1125	15:51:36	60.17	6499	1634	1666
1126	15:52:36	60.12	6499	1634	1665
1127	15:53:36	60.13	6499	1633	1665
1128	15:54:36	60.13	6499	1633	1664
1129	15:55:37	60.11	6499	1632	1664
1130	15:56:37	60.17	6499	1632	1663
1131	15:57:37	60.16	6499	1631	1663
1132	15:58:37	60.13	6499	1631	1662
1133	15:59:37	60.15	6499	1630	1662
1134	16:00:37	60.17	6499	1630	1661
1135	16:01:37	60.14	6499	1629	1661
1136	16:02:38	60.19	6499	1629	1660
1137	16:03:38	60.17	6499	1628	1660
1138	16:04:38	60.16	6499	1628	1659
1139	16:05:38	60.15	6499	1627	1659
1140	16:06:38	60.11	6499	1627	1658
1141	16:07:38	60.12	6499	1626	1658
1142	16:08:38	60.11	6499	1626	1657
1143	16:09:39	60.10	6499	1625	1657
1144	16:10:39	60.15	6499	1625	1656
1145	16:11:39	60.07	6499	1624	1656
1146	16:12:39	60.12	6499	1624	1655
1147	16:13:39	60.10	6499	1623	1655
1148	16:14:39	60.12	6499	1623	1654
1149	16:15:39	60.12	6499	1622	1654
1150	16:16:39	60.18	6499	1622	1653
1151	16:17:40	60.12	6499	1621	1653
1152	16:18:40	60.14	6499	1621	1652
1153	16:19:40	60.09	6499	1621	1652
1154	16:20:40	60.11	6499	1620	1652
1155	16:21:40	60.16	6499	1620	1651
1156	16:22:40	60.16	6499	1619	1651
1157	16:23:40	60.16	6499	1619	1650
1158	16:24:41	60.15	6499	1618	1650
1159	16:25:41	60.12	6499	1618	1649
1160	16:26:41	60.12	6499	1617	1649
1161	16:27:41	60.12	6499	1617	1648
1162	16:28:41	60.12	6499	1616	1648
1163	16:29:41	60.18	6499	1616	1647
1164	16:30:41	60.08	6499	1615	1647
1165	16:31:41	60.08	6499	1615	1646
1166	16:32:41	60.10	6499	1614	1646
1167	16:33:42	60.08	6499	1614	1645
1168	16:34:42	60.12	6499	1614	1645
1169	16:35:42	60.13	6499	1613	1644
1170	16:36:42	60.19	6499	1613	1644
1171	16:37:42	60.16	6499	1612	1643
1172	16:38:42	60.12	6499	1612	1643
1173	16:39:42	60.14	6499	1611	1642
1174	16:40:43	60.14	6499	1611	1642
1175	16:41:43	60.11	6499	1610	1641
1176	16:42:43	60.10	6499	1610	1641
1177	16:43:43	60.12	6499	1609	1640
1178	16:44:43	60.10	6499	1609	1640
1179	16:45:43	60.07	6499	1608	1639
1180	16:46:43	60.12	6499	1608	1639
1181	16:47:43	60.11	6499	1607	1638
1182	16:48:43	60.17	6499	1607	1638
1183	16:49:44	60.16	6499	1606	1638
1184	16:50:44	60.16	6499	1606	1637
1185	16:51:44	60.14	6499	1605	1637
1186	16:52:44	60.15	6499	1605	1636
1187	16:53:44	60.11	6499	1604	1636
1188	16:54:44	44.49	6499	1604	1635
1189	16:55:29	60.43	6499	1603	1635
1190	16:56:29	60.14	6499	1603	1634
1191	16:57:29	60.15	6499	1602	1634
1192	16:58:29	60.18	6499	1602	1633
1193	16:59:30	60.14	6499	1601	1633
1194	17:00:30	60.19	6499	1601	1632
1195	17:01:30	60.12	6499	1600	1631
1196	17:02:30	60.07	6499	1600	1631
1197	17:03:30	60.13	6499	1599	1631
1198	17:04:30	60.16	6499	1599	1630
1199	17:05:30	60.12	6499	1598	1630
1200	17:06:31	60.16	6499	1598	1629
1201	17:07:31	60.10	6499	1597	1629
1202	17:08:31	60.11	6499	1597	1628
1203	17:09:31	60.08	6499	1596	1628
1204	17:10:31	60.08	6499	1596	1627
1205	17:11:31	60.13	6499	1595	1627
1206	17:12:31	60.13	6499	1595	1626
1207	17:13:31	60.14	6499	1594	1626
1208	17:14:32	60.10	6499	1594	1625
1209	17:15:32	60.14	6499	1594	1625
1210	17:16:32	60.12	6499	1593	1625
1211	17:17:32	60.12	6499	1593	1624
1212	17:18:32	60.18	6499	1592	1624
1213	17:19:32	60.17	6499	1592	1623
1214	17:20:32	60.08	6499	1591	1623
1215	17:21:32	10.07	6499	1591	1622
1216	17:21:43	60.11	6499	1590	1622
1217	17:22:43	60.12	6499	1590	1621
1218	17:23:43	60.13	6499	1589	1621
1219	17:24:43	13.93	6499	1589	1620
1220	17:24:57	56.35	6499	1589	1620
1221	17:25:53	60.02	6499	1588	1620
1222	17:26:53	60.11	6499	1588	1619
1223	17:27:53	60.08	6499	1587	1619
1224	17:28:53	60.08	6499	1587	1618
1225	17:29:53	60.15	6499	1586	1618
1226	17:30:54	60.13	6499	1586	1617
1227	17:31:54	60.09	6499	1585	1617
1228	17:32:54	60.17	6499	1585	1616
1229	17:33:54	60.16	6499	1584	1616
1230	17:34:54	60.09	6499	1584	1615
1231	17:35:54	60.10	6499	1583	1615
1232	17:36:54	60.16	6499	1583	1614
1233	17:37:54	60.16	6499	1582	1614
1234	17:38:55	30.81	6499	1582	1613
1235	17:39:25	60.13	6499	1581	1613
1236	17:40:26	60.07	6499	1581	1612
1237	17:41:26	60.15	6499	1581	1612
1238	17:42:26	60.12	6499	1580	1612
1239	17:43:26	60.17	6499	1580	1611
1240	17:44:26	60.10	6499	1579	1611
1241	17:45:26	60.16	6499	1579	1610
1242	17:46:26	60.08	6499	1578	1610
1243	17:47:26	60.13	6499	1578	1609
1244	17:48:27	60.08	6499	1577	1609
1245	17:49:27	60.13	6499	1577	1608
1246	17:50:27	60.10	6499	1576	1608
1247	17:51:27	60.10	6499	1576	1607
1248	17:52:27	60.18	6499	1575	1607
1249	17:53:27	60.10	6499	1575	1606
1250	17:54:27	60.18	6499	1574	1606
1251	17:55:27	60.10	6499	1574	1605
1252	17:56:28	60.12	6499	1573	1605
1253	17:57:28	60.11	6499	1573	1605
1254	17:58:28	60.12	6499	1572	1604
1255	17:59:28	60.15	6499	1572	1604
1256	18:00:28	60.11	6499	1572	1603
1257	18:01:28	60.14	6499	1571	1603
1258	18:02:28	60.11	6499	1571	1602
1259	18:03:28	60.16	6499	1570	1602
1260	18:04:29	60.07	6499	1570	1601
1261	18:05:29	60.12	6499	1569	1601
1262	18:06:29	60.15	6499	1569	1600
1263	18:07:29	60.16	6499	1568	1600
1264	18:08:29	60.15	6499	1568	1599
1265	18:09:29	60.18	6499	1567	1599
1266	18:10:29	60.12	6499	1567	1598
1267	18:11:30	60.13	6499	1566	1598
1268	18:12:30	60.11	6499	1566	1598
1269	18:13:30	60.09	6499	1565	1597
1270	18:14:30	60.11	6499	1565	1597
1271	18:15:30	60.09	6499	1564	1596
1272	18:16:30	60.13	6499	1564	1596
1273	18:17:30	60.11	6499	1564	1595
1274	18:18:30	60.12	6499	1563	1595
1275	18:19:30	60.08	6499	1563	1594
1276	18:20:30	60.09	6499	1562	1594
1277	18:21:31	60.12	6499	1562	1594
1278	18:22:31	60.14	6499	1561	1593
1279	18:23:31	60.17	6499	1561	1593
1280	18:24:31	60.17	6499	1560	1592
1281	18:25:31	31.90	6499	1560	1592
1282	18:26:03	60.04	6499	1559	1591
1283	18:27:03	60.11	6499	1559	1591
1284	18:28:03	60.13	6499	1558	1590
1285	18:29:03	60.12	6499	1558	1590
1286	18:30:03	60.16	6499	1558	1589
1287	18:31:04	60.16	6499	1557	1589
1288	18:32:04	60.08	6499	1557	1589
1289	18:33:04	60.10	6499	1556	1588
1290	18:34:04	60.11	6499	1556	1588
1291	18:35:04	60.17	6499	1555	1587
1292	18:36:04	60.18	6499	1555	1587
1293	18:37:04	60.14	6499	1554	1586
1294	18:38:05	60.14	6499	1554	1586
1295	18:39:05	60.16	6499	1553	1585
1296	18:40:05	60.12	6499	1553	1585
1297	18:41:05	60.09	6499	1552	1584
1298	18:42:05	60.10	6499	1552	1584
1299	18:43:05	60.13	6499	1552	1584
1300	18:44:05	60.13	6499	1551	1583
1301	18:45:05	60.14	6499	1551	1583
1302	18:46:06	60.08	6499	1550	1582
1303	18:47:06	60.13	6499	1550	1582
1304	18:48:06	60.13	6499	1549	1581
1305	18:49:06	60.13	6499	1549	1581
1306	18:50:06	60.12	6499	1548	1580
1307	18:51:06	60.12	6499	1548	1580
1308	18:52:06	60.09	6499	1547	1579
1309	18:53:06	60.11	6499	1547	1579
1310	18:54:07	60.11	6499	1546	1579
1311	18:55:07	60.12	6499	1546	1578
1312	18:56:07	60.17	6499	1546	1578
1313	18:57:07	60.17	6499	1545	1577
1314	18:58:07	60.16	6499	1545	1577
1315	18:59:07	60.11	6499	1544	1576
1316	19:00:07	60.13	6499	1544	1576
1317	19:01:07	60.15	6499	1543	1575
1318	19:02:08	60.17	6499	1543	1575
1319	19:03:08	60.11	6499	1542	1575
1320	19:04:08	60.13	6499	1542	1574
1321	19:05:08	60.14	6499	1542	1574
1322	19:06:08	60.12	6499	1541	1573
1323	19:07:08	60.09	6499	1538	1570
1324	19:08:08	60.16	6499	1540	1572
1325	19:09:09	60.14	6499	1540	1572
1326	19:10:09	60.16	6499	1539	1571
1327	19:11:09	60.08	6499	1539	1571
1328	19:12:09	60.12	6499	1539	1571
1329	19:13:09	60.10	6499	1538	1570
1330	19:14:09	60.13	6499	1538	1570
1331	19:15:09	60.09	6499	1537	1570
1332	19:16:09	60.12	6499	1537	1569
1333	19:17:09	60.12	6499	1537	1569
1334	19:18:10	60.17	6499	1536	1568
1335	19:19:10	60.08	6499	1536	1568
1336	19:20:10	60.05	6499	1535	1567
1337	19:21:10	60.13	6499	1535	1567
1338	19:22:10	60.12	6499	1534	1567
1339	19:23:10	60.12	6499	1534	1566
1340	19:24:10	60.25	6499	1533	1566
1341	19:25:11	60.27	6499	1533	1565
1342	19:26:11	60.07	6499	1533	1565
1343	19:27:11	60.13	6499	1532	1565
1344	19:28:11	60.12	6499	1532	1564
1345	19:29:11	60.11	6499	1532	1564
1346	19:30:11	60.12	6499	1531	1564
1347	19:31:11	60.11	6499	1531	1563
1348	19:32:11	60.12	6499	1530	1563
1349	19:33:12	60.17	6499	1530	1562
1350	19:34:12	60.18	6499	1530	1562
1351	19:35:12	60.18	6499	1529	1561
1352	19:36:12	60.13	6499	1529	1561
1353	19:37:12	60.12	6499	1528	1560
1354	19:38:12	60.11	6499	1528	1560
1355	19:39:12	60.14	6499	1527	1560
1356	19:40:13	60.08	6499	1527	1559
1357	19:41:13	60.11	6499	1526	1559
1358	19:42:13	60.13	6499	1526	1558
1359	19:43:13	60.10	6499	1526	1558
1360	19:44:13	60.13	6499	1525	1557
1361	19:45:13	60.11	6499	1525	1557
1362	19:46:13	60.15	6499	1524	1556
1363	19:47:13	60.06	6499	1524	1556
1364	19:48:13	60.07	6499	1523	1556
1365	19:49:14	60.12	6499	1523	1555
1366	19:50:14	60.12	6499	1522	1555
1367	19:51:14	60.13	6499	1522	1554
1368	19:52:14	60.14	6499	1521	1554
1369	19:53:14	60.09	6499	1521	1553
1370	19:54:14	60.16	6499	1521	1553
1371	19:55:14	60.10	6499	1520	1553
1372	19:56:14	60.17	6499	1520	1552
1373	19:57:15	60.12	6499	1520	1552
1374	19:58:15	60.12	6499	1519	1552
1375	19:59:15	60.11	6499	1519	1549
1376	20:00:15	60.07	6499	1518	1551
1377	20:01:15	60.15	6499	1518	1550
1378	20:02:15	60.10	6499	1518	1550
1379	20:03:15	60.14	6499	1517	1549
1380	20:04:15	60.11	6499	1517	1549
1381	20:05:15	60.17	6499	1516	1549
1382	20:06:16	60.11	6499	1516	1548
1383	20:07:16	60.12	6499	1515	1548
1384	20:08:16	60.10	6499	1515	1547
1385	20:09:16	60.11	6499	1514	1547
1386	20:10:16	60.12	6499	1514	1546
1387	20:11:16	60.16	6499	1514	1546
1388	20:12:16	60.11	6499	1513	1546
1389	20:13:16	60.13	6499	1513	1545
1390	20:14:17	60.15	6499	1512	1545
1391	20:15:17	60.09	6499	1512	1544
1392	20:16:17	60.08	6499	1511	1544
1393	20:17:17	60.18	6499	1511	1543
1394	20:18:17	10.01	6499	1510	1543
1395	20:18:27	53.61	6499	1510	1542
1396	20:19:21	60.11	6499	1510	1542
1397	20:20:21	60.08	6499	1509	1542
1398	20:21:21	60.14	6499	1509	1541
1399	20:22:21	60.15	6499	1508	1541
1400	20:23:21	60.16	6499	1508	1540
1401	20:24:21	60.12	6499	1507	1540
1402	20:25:21	60.10	6499	1507	1539
1403	20:26:22	60.13	6499	1506	1539
1404	20:27:22	60.13	6499	1506	1539
1405	20:28:22	60.13	6499	1506	1538
1406	20:29:22	60.09	6499	1505	1538
1407	20:30:22	60.14	6499	1505	1537
1408	20:31:22	14.38	6499	1504	1537
1409	20:31:37	60.51	6499	1504	1537
1410	20:32:37	60.10	6499	1504	1536
1411	20:33:37	30.48	6499	1503	1536
1412	20:34:08	60.45	6499	1503	1535
1413	20:35:08	60.13	6499	1502	1535
1414	20:36:08	56.04	6499	1502	1534
1415	20:37:04	60.43	6499	1501	1534
1416	20:38:05	60.17	6499	1501	1534
1417	20:39:05	60.14	6499	1501	1533
1418	20:40:05	60.16	6499	1500	1533
1419	20:41:05	60.17	6499	1500	1532
1420	20:42:05	60.14	6499	1499	1532
1421	20:43:06	60.17	6499	1499	1531
1422	20:44:06	60.09	6499	1498	1531
1423	20:45:06	60.12	6499	1498	1531
1424	20:46:06	60.12	6499	1497	1530
1425	20:47:06	60.15	6499	1497	1530
1426	20:48:06	60.15	6499	1497	1529
1427	20:49:06	60.11	6499	1496	1529
1428	20:50:06	60.12	6499	1496	1528
1429	20:51:07	60.11	6499	1495	1528
1430	20:52:07	60.12	6499	1495	1528
1431	20:53:07	60.12	6499	1494	1527
1432	20:54:07	60.08	6499	1494	1527
1433	20:55:07	60.17	6499	1494	1526
1434	20:56:07	60.12	6499	1493	1526
1435	20:57:07	60.10	6499	1493	1526
1436	20:58:07	60.12	6499	1492	1525
1437	20:59:07	60.11	6499	1492	1525
1438	21:00:08	60.14	6499	1491	1524
1439	21:01:08	60.13	6499	1491	1524
1440	21:02:08	60.13	6499	1491	1524
1441	21:03:08	60.09	6499	1491	1524
1442	21:04:08	60.09	6499	1490	1523
1443	21:05:08	60.18	6499	1490	1523
1444	21:06:08	60.19	6499	1489	1522
1445	21:07:09	60.10	6499	1489	1522
1446	21:08:09	60.09	6499	1489	1522
1447	21:09:09	60.09	6499	1488	1521
1448	21:10:09	60.15	6499	1488	1521
1449	21:11:09	60.16	6499	1487	1520
1450	21:12:09	60.09	6499	1487	1520
1451	21:13:09	60.17	6499	1486	1519
1452	21:14:09	60.10	6499	1486	1519
1453	21:15:09	60.12	6499	1486	1519
1454	21:16:10	60.11	6499	1485	1518
1455	21:17:10	60.11	6499	1485	1518
1456	21:18:10	60.10	6499	1484	1517
1457	21:19:10	60.13	6499	1484	1517
1458	21:20:10	60.10	6499	1483	1516
1459	21:21:10	60.15	6499	1483	1516
1460	21:22:10	60.08	6499	1483	1516
1461	21:23:10	60.12	6499	1482	1515
1462	21:24:11	60.11	6499	1482	1515
1463	21:25:11	60.13	6499	1481	1514
1464	21:26:11	60.09	6499	1481	1514
1465	21:27:11	60.17	6499	1480	1514
1466	21:28:11	60.16	6499	1480	1513
1467	21:29:11	60.08	6499	1480	1513
1468	21:30:11	60.04	6499	1479	1512
1469	21:31:11	60.08	6499	1479	1512
1470	21:32:11	60.11	6499	1478	1511
1471	21:33:11	60.14	6499	1478	1511
1472	21:34:12	60.11	6499	1478	1511
1473	21:35:12	60.11	6499	1477	1510
1474	21:36:12	60.16	6499	1477	1510
1475	21:37:12	60.12	6499	1476	1509
1476	21:38:12	48.87	6499	1476	1509
1477	21:39:01	60.10	6499	1475	1509
1478	21:40:01	60.13	6499	1475	1508
1479	21:41:01	60.16	6499	1475	1508
1480	21:42:01	60.13	6499	1474	1507
1481	21:43:02	60.14	6499	1474	1507
1482	21:44:02	60.14	6499	1473	1506
1483	21:45:02	60.11	6499	1473	1506
1484	21:46:02	60.17	6499	1472	1506
1485	21:47:02	60.12	6499	1472	1505
1486	21:48:02	60.09	6499	1472	1505
1487	21:49:02	60.11	6499	1471	1504
1488	21:50:02	60.11	6499	1471	1504
1489	21:51:02	60.11	6499	1470	1504
1490	21:52:03	60.16	6499	1470	1503
1491	21:53:03	60.13	6499	1470	1503
1492	21:54:03	60.09	6499	1469	1502
1493	21:55:03	60.14	6499	1469	1502
1494	21:56:03	60.12	6499	1468	1501
1495	21:57:03	60.09	6499	1468	1501
1496	21:58:03	60.16	6499	29.05	29.71
1497	21:59:04	60.15	6499	0	0
1498	22:00:04	60.15	6499	0	0
1499	22:01:04	60.17	6499	0	0
1500	22:02:04	60.14	6499	0	0
1501	22:03:04	60.11	6499	0	0
1502	22:04:04	60.17	6499	-1	-1
1503	22:05:04	60.14	6499	0	0
1504	22:06:05	60.14	6499	0	0
1505	22:07:05	60.11	6499	0	0
1506	22:08:05	18.76	6499	0	0
1507	22:08:24	14.76	6499	0	0
1508	22:08:38	60.10	6499	0	0
1509	22:09:38	60.11	6499	0	0
1510	22:10:39	60.15	6499	0	0
1511	22:11:39	60.11	6499	0	0
1512	22:12:39	60.15	6499	0	0
1513	22:13:39	60.11	6499	0	0
1514	22:14:39	60.12	6499	0	0
1515	22:15:39	60.16	6499	0	0
1516	22:16:39	60.15	6499	0	0
1517	22:17:39	60.15	6499	0	0
1518	22:18:40	60.11	6499	0	0
1519	22:19:40	60.09	6499	0	0
1520	22:20:40	60.11	6499	0	0
1521	22:21:40	60.09	6499	0	0
1522	22:22:40	60.09	6499	0	0
1523	22:23:40	60.09	6499	0	0
1524	22:24:40	60.15	6499	0	0
1525	22:25:40	60.13	6499	0	0
1526	22:26:40	60.11	6499	0	0
1527	22:27:41	60.10	6499	0	0
1528	22:28:41	60.11	6499	0	0
1529	22:29:41	60.09	6499	0	0
1530	22:30:41	60.13	6499	0	0
1531	22:31:41	60.10	6499	0	0
1532	22:32:41	60.09	6499	0	0
1533	22:33:41	60.15	6499	0	0
1534	22:34:41	60.13	6499	0	0
1535	22:35:41	60.13	6499	0	0
1536	22:36:42	60.13	6499	0	0
1537	22:37:42	60.11	6499	0	0
1538	22:38:42	60.12	6499	0	0
1539	22:39:42	60.09	6499	0	0
1540	22:40:42	60.15	6499	0	0
1541	22:41:42	60.13	6499	0	0
1542	22:42:42	60.12	6499	0	0
1543	22:43:42	60.11	6499	0	0
1544	22:44:43	60.12	6499	0	0
1545	22:45:43	60.13	6499	0	0
1546	22:46:43	60.16	6499	0	0
1547	22:47:43	60.13	6499	0	0
1548	22:48:43	60.11	6499	0	0
1549	22:49:43	60.15	6499	0	0
1550	22:50:43	60.10	6499	0	0
1551	22:51:43	60.14	6499	0	0
1552	22:52:44	60.13	6499	0	0
1553	22:53:44	60.11	6499	0	0
1554	22:54:44	60.12	6499	0	0
1555	22:55:44	60.14	6499	0	0
1556	22:56:44	60.13	6499	0	0
1557	22:57:44	60.18	6499	0	0
1558	22:58:44	60.09	6499	0	0
1559	22:59:44	60.17	6499	0	0
1560	23:00:45	60.16	6499	0	0
1561	23:01:45	60.17	6499	0	0
1562	23:02:45	38.60	6499	0	0
1563	23:03:24	60.58	6499	0	0
1564	23:04:24	60.12	6499	0	0
1565	23:05:24	60.15	6499	0	0
1566	23:06:24	60.08	6499	0	0
1567	23:07:24	60.14	6501	0	0
1568	23:08:25	60.11	6501	0	0
1569	23:09:25	60.13	6501	0	0
1570	23:10:25	63.03	6501	0	0
Created by AtlRunQuery on: 2018-08-25 18:22:20.409629
