LHC beam energy and intensities during run 303726:
(Begin/end of run: Mon Jul 11 2016 23:26:14 − Tue Jul 12, 14:28:34)

LB	   Start time
(CEST)	   Duration
(sec)	   Beam energy
(GeV)	   Intensity Beam-1
(1e11 protons)	   Intensity Beam-2
(1e11 protons)
1	23:26:14	60.16	450	0.06233	0.05372
2	23:27:14	60.10	450	0.06223	0.05364
3	23:28:14	60.17	450	0.06213	0.05355
4	23:29:14	14.40	450	0.06208	0.05349
5	23:29:28	23.01	450	0.06203	0.05346
6	23:29:51	10.23	450	0.06201	0.05345
7	23:30:02	60.17	450	0.06195	0.05338
8	23:31:02	60.11	450	0.06185	0.05329
9	23:32:02	60.13	450	0.06174	0.0532
10	23:33:02	60.14	450	0.06164	0.05311
11	23:34:02	60.13	450	0.06153	0.05301
12	23:35:02	60.11	450	0.06143	0.05292
13	23:36:02	60.08	450	0.06132	0.05282
14	23:37:02	60.08	450	0.06122	0.05274
15	23:38:03	60.08	450	0.06111	0.05263
16	23:39:03	60.10	450	0.06099	0.05254
17	23:40:03	60.13	450	5.291	0.05244
18	23:41:03	60.16	450	28.25	11.15
19	23:42:03	60.12	450	85.14	52.28
20	23:43:03	60.08	450	175.2	133.3
21	23:44:03	60.13	450	175.1	177.2
22	23:45:03	60.12	450	255.1	165.7
23	23:46:03	60.13	450	0	0
24	23:47:04	60.13	450	0	0
25	23:48:04	60.12	450	0	0
26	23:49:04	60.13	450	0	0
27	23:50:04	60.14	450	0	0
28	23:51:04	60.19	450	0	0
29	23:52:04	60.07	450	0	0
30	23:53:04	60.17	450	0	0
31	23:54:05	60.13	450	0	0
32	23:55:05	60.11	450	0	0
33	23:56:05	60.08	450	0	0
34	23:57:05	60.16	450	0	0
35	23:58:05	60.13	450	0	0
36	23:59:05	60.14	450	0	0
37	00:00:05	60.13	450	0	0
38	00:01:05	60.15	450	0	0
39	00:02:06	60.12	450	0	0
40	00:03:06	60.10	450	0	0
41	00:04:06	60.16	450	0	0
42	00:05:06	60.17	450	0	0
43	00:06:06	60.10	450	0	0
44	00:07:06	60.13	450	0	0
45	00:08:06	60.14	450	0	0
46	00:09:07	60.10	450	0	0
47	00:10:07	60.10	450	0	0
48	00:11:07	60.13	450	0	0
49	00:12:07	60.07	450	0	0
50	00:13:07	60.13	450	0	0
51	00:14:07	60.16	450	0	0
52	00:15:07	60.12	450	0	0
53	00:16:07	60.10	450	0	0
54	00:17:07	60.15	450	0	0
55	00:18:08	60.18	450	0	0
56	00:19:08	60.17	450	0	0
57	00:20:08	60.06	450	0	0
58	00:21:08	60.14	450	0	0
59	00:22:08	60.09	450	0	0
60	00:23:08	60.10	450	0	0
61	00:24:08	60.15	450	0	0.02135
62	00:25:08	60.14	450	0.04939	0.07331
63	00:26:09	60.12	450	0.06685	0.07328
64	00:27:09	60.11	450	0.06676	0.07325
65	00:28:09	60.18	450	0.06666	0.07321
66	00:29:09	60.16	450	0.06656	0.07319
67	00:30:09	60.13	450	8.985	1.486
68	00:31:09	60.12	450	13.62	13.44
69	00:32:09	60.11	450	36.22	67.36
70	00:33:10	60.14	450	100.2	163.1
71	00:34:10	60.14	450	176.6	177.3
72	00:35:10	60.11	450	176.5	177.3
73	00:36:10	60.13	450	176.4	232.1
74	00:37:10	60.13	450	284.1	327.4
75	00:38:10	60.09	450	376.6	423
76	00:39:10	60.15	450	393.7	518.9
77	00:40:10	60.14	450	456.4	613.4
78	00:41:11	60.10	450	499.8	716.2
79	00:42:11	60.13	450	537.9	814.8
80	00:43:11	60.14	450	608.6	909.5
81	00:44:11	60.15	450	621.3	1004
82	00:45:11	60.12	450	716.6	1098
83	00:46:11	60.09	450	716.5	1193
84	00:47:11	60.17	450	812.4	1288
85	00:48:11	60.13	450	823	1380
86	00:49:12	60.18	450	892.1	1465
87	00:50:12	60.12	450	929.2	1465
88	00:51:12	60.14	450	974.4	1569
89	00:52:12	60.09	450	1036	1664
90	00:53:12	60.13	450	1035	1756
91	00:54:12	60.16	450	1043	1849
92	00:55:12	60.11	450	1142	1944
93	00:56:12	60.02	450	1142	2037
94	00:57:13	60.10	450	1231	2128
95	00:58:13	60.09	450	1248	2223
96	00:59:13	60.14	450	1251	2312
97	01:00:13	60.13	450	1353	2312
98	01:01:13	60.10	450	1352	2311
99	01:02:13	60.08	450	1352	2311
100	01:03:13	60.08	450	1424	2310
101	01:04:13	60.10	450	1517	2310
102	01:05:13	60.14	450	1610	2309
103	01:06:13	60.10	450	1666	2309
104	01:07:14	60.09	450	1748	2308
105	01:08:14	60.14	450	1841	2308
106	01:09:14	60.12	450	1934	2307
107	01:10:14	60.13	450	2027	2306
108	01:11:14	60.15	450	2122	2306
109	01:12:14	60.16	450	2214	2305
110	01:13:14	60.12	450	2299	2304
111	01:14:15	60.13	450	2297	2303
112	01:15:15	60.09	450	2296	2302
113	01:16:15	60.16	450	2294	2301
114	01:17:15	60.14	450	2292	2300
115	01:18:15	60.15	454	2290	2298
116	01:19:15	30.12	517	2289	2296
117	01:19:45	13.02	575	2288	2296
118	01:19:58	60.28	606	2275	2281
119	01:20:59	60.07	792	2274	2280
120	01:21:59	10.01	1035	2274	2280
121	01:22:09	60.09	1083	2274	2279
122	01:23:09	60.13	1410	2274	2278
123	01:24:09	60.17	1757	2274	2278
124	01:25:09	60.12	2105	2273	2277
125	01:26:09	60.13	2452	2273	2276
126	01:27:09	60.13	2799	2273	2275
127	01:28:09	60.10	3147	2273	2275
128	01:29:10	60.12	3500	2272	2274
129	01:30:10	60.14	3848	2272	2274
130	01:31:10	60.14	4195	2271	2273
131	01:32:10	60.10	4542	2271	2273
132	01:33:10	60.13	4890	2270	2273
133	01:34:10	60.15	5237	2270	2273
134	01:35:10	60.14	5585	2270	2273
135	01:36:10	60.13	5932	2270	2273
136	01:37:11	60.13	6285	2270	2273
137	01:38:11	10.01	6499	2270	2274
138	01:38:21	60.38	6499	2270	2274
139	01:39:21	60.10	6499	2269	2273
140	01:40:21	60.08	6499	2269	2273
141	01:41:21	60.15	6499	2269	2273
142	01:42:21	60.18	6499	2269	2273
143	01:43:22	60.15	6499	2269	2273
144	01:44:22	60.13	6499	2268	2272
145	01:45:22	60.12	6499	2268	2272
146	01:46:22	60.13	6499	2267	2272
147	01:47:22	60.10	6499	2267	2272
148	01:48:22	60.16	6499	2267	2272
149	01:49:22	60.12	6499	2267	2272
150	01:50:23	60.12	6499	2267	2272
151	01:51:23	60.12	6499	2267	2272
152	01:52:23	60.16	6499	2267	2272
153	01:53:23	60.13	6499	2267	2271
154	01:54:23	60.15	6499	2267	2271
155	01:55:23	60.14	6499	2266	2271
156	01:56:23	60.18	6499	2266	2270
157	01:57:24	60.06	6499	2266	2270
158	01:58:24	60.12	6499	2266	2270
159	01:59:24	18.91	6499	2266	2270
160	01:59:43	60.49	6499	2265	2270
161	02:00:43	60.11	6499	2265	2269
162	02:01:43	60.14	6499	2265	2269
163	02:02:43	60.13	6499	2264	2268
164	02:03:43	60.10	6499	2263	2268
165	02:04:44	60.11	6499	2263	2268
166	02:05:44	60.12	6499	2262	2267
167	02:06:44	60.15	6499	2260	2265
168	02:07:44	60.14	6499	2258	2263
169	02:08:44	60.14	6499	2255	2262
170	02:09:44	60.14	6499	2253	2261
171	02:10:44	60.15	6499	2250	2259
172	02:11:45	60.14	6499	2248	2258
173	02:12:45	60.11	6499	2246	2257
174	02:13:45	19.48	6499	2245	2256
175	02:14:04	60.48	6499	2244	2255
176	02:15:05	60.10	6499	2242	2254
177	02:16:05	60.13	6499	2240	2252
178	02:17:05	60.15	6499	2239	2251
179	02:18:05	60.14	6499	2237	2249
180	02:19:05	60.12	6499	2235	2247
181	02:20:05	60.07	6499	2233	2246
182	02:21:05	60.12	6499	2231	2244
183	02:22:06	60.14	6499	2230	2243
184	02:23:06	60.12	6499	2228	2241
185	02:24:06	37.58	6499	2227	2240
186	02:24:43	60.42	6499	2226	2239
187	02:25:44	60.11	6499	2224	2237
188	02:26:44	29.51	6499	2223	2236
189	02:27:13	60.45	6499	2222	2235
190	02:28:14	60.17	6499	2220	2234
191	02:29:14	42.48	6499	2219	2233
192	02:29:57	60.48	6499	2218	2232
193	02:30:57	60.15	6499	2216	2231
194	02:31:57	60.13	6499	2215	2229
195	02:32:57	60.12	6499	2213	2228
196	02:33:57	60.13	6499	2212	2227
197	02:34:58	60.08	6499	2210	2225
198	02:35:58	60.19	6499	2209	2224
199	02:36:58	60.19	6499	2208	2223
200	02:37:58	60.10	6499	2206	2222
201	02:38:58	60.15	6499	2205	2221
202	02:39:58	60.08	6499	2204	2220
203	02:40:58	60.10	6499	2203	2219
204	02:41:58	60.12	6499	2202	2217
205	02:42:59	60.16	6499	2201	2216
206	02:43:59	60.08	6499	2199	2215
207	02:44:59	60.12	6499	2198	2214
208	02:45:59	60.22	6499	2197	2213
209	02:46:59	60.11	6499	2196	2212
210	02:47:59	60.08	6499	2194	2211
211	02:48:59	60.17	6499	2193	2210
212	02:50:00	60.13	6499	2192	2209
213	02:51:00	60.17	6499	2191	2207
214	02:52:00	60.08	6499	2190	2206
215	02:53:00	60.13	6499	2188	2205
216	02:54:00	60.13	6499	2187	2204
217	02:55:00	60.11	6499	2186	2203
218	02:56:00	60.14	6499	2185	2202
219	02:57:00	60.15	6499	2180	2201
220	02:58:01	60.13	6499	2183	2200
221	02:59:01	55.98	6499	2182	2199
222	02:59:57	60.54	6499	2180	2198
223	03:00:57	60.13	6499	2179	2197
224	03:01:57	60.15	6499	2178	2196
225	03:02:57	60.12	6499	2177	2195
226	03:03:58	60.14	6499	2176	2194
227	03:04:58	60.10	6499	2175	2193
228	03:05:58	60.11	6499	2174	2192
229	03:06:58	60.12	6499	2173	2190
230	03:07:58	60.12	6499	2171	2189
231	03:08:58	60.14	6499	2170	2189
232	03:09:58	60.15	6499	2169	2188
233	03:10:58	60.12	6499	2168	2187
234	03:11:59	60.16	6499	2167	2186
235	03:12:59	60.12	6499	2166	2185
236	03:13:59	60.12	6499	2165	2184
237	03:14:59	60.12	6499	2164	2183
238	03:15:59	60.16	6499	2163	2182
239	03:16:59	60.16	6499	2162	2181
240	03:17:59	60.07	6499	2161	2180
241	03:19:00	60.13	6499	2160	2179
242	03:20:00	60.11	6499	2159	2178
243	03:21:00	60.15	6499	2158	2178
244	03:22:00	60.14	6499	2157	2176
245	03:23:00	60.11	6499	2156	2175
246	03:24:00	60.13	6499	2155	2174
247	03:25:00	60.12	6499	2154	2173
248	03:26:00	60.11	6499	2153	2172
249	03:27:01	60.16	6499	2152	2172
250	03:28:01	60.14	6499	2151	2171
251	03:29:01	60.13	6499	2150	2170
252	03:30:01	60.16	6499	2149	2169
253	03:31:01	60.15	6499	2148	2168
254	03:32:01	60.13	6499	2147	2167
255	03:33:01	60.12	6499	2146	2166
256	03:34:01	60.17	6499	2145	2165
257	03:35:02	60.13	6499	2144	2164
258	03:36:02	60.11	6499	2143	2164
259	03:37:02	60.11	6499	2142	2163
260	03:38:02	60.10	6499	2141	2162
261	03:39:02	60.11	6499	2140	2161
262	03:40:02	60.14	6499	2139	2160
263	03:41:02	60.09	6499	2138	2159
264	03:42:02	60.13	6499	2137	2158
265	03:43:03	60.15	6499	2136	2157
266	03:44:03	60.18	6499	2135	2156
267	03:45:03	60.13	6499	2134	2155
268	03:46:03	60.12	6499	2133	2154
269	03:47:03	60.09	6499	2132	2154
270	03:48:03	60.17	6499	2131	2153
271	03:49:03	60.16	6499	2130	2152
272	03:50:04	60.15	6499	2129	2151
273	03:51:04	55.27	6499	2128	2150
274	03:51:59	60.19	6499	2127	2149
275	03:52:59	60.09	6499	2126	2148
276	03:53:59	60.15	6499	2122	2147
277	03:54:59	60.07	6499	2124	2147
278	03:56:00	60.17	6499	2123	2146
279	03:57:00	60.08	6499	2123	2145
280	03:58:00	60.14	6499	2122	2144
281	03:59:00	60.15	6499	2121	2143
282	04:00:00	60.16	6499	2120	2142
283	04:01:00	60.12	6499	2119	2141
284	04:02:00	60.12	6499	2118	2140
285	04:03:00	60.11	6499	2117	2140
286	04:04:01	60.17	6499	2116	2139
287	04:05:01	60.10	6499	2115	2138
288	04:06:01	60.16	6499	2114	2138
289	04:07:01	60.17	6499	2113	2137
290	04:08:01	60.13	6499	2113	2136
291	04:09:01	58.38	6499	2112	2135
292	04:10:00	13.54	6499	2111	2134
293	04:10:13	60.14	6499	2111	2134
294	04:11:13	60.18	6499	2110	2133
295	04:12:14	60.09	6499	2109	2132
296	04:13:14	60.12	6499	2108	2131
297	04:14:14	60.10	6499	2107	2130
298	04:15:14	60.08	6499	2106	2129
299	04:16:14	10.01	6499	2106	2129
300	04:16:24	60.41	6499	2105	2128
301	04:17:24	60.12	6499	2104	2127
302	04:18:24	60.11	6499	2104	2127
303	04:19:25	60.12	6499	2103	2126
304	04:20:25	60.07	6499	2102	2125
305	04:21:25	60.12	6499	2101	2124
306	04:22:25	60.16	6499	2100	2123
307	04:23:25	60.11	6499	2099	2122
308	04:24:25	60.14	6499	2098	2122
309	04:25:25	60.09	6499	2097	2121
310	04:26:25	60.16	6499	2096	2120
311	04:27:26	60.13	6499	2096	2119
312	04:28:26	60.16	6499	2095	2118
313	04:29:26	60.09	6499	2094	2117
314	04:30:26	60.09	6499	2093	2117
315	04:31:26	60.13	6499	2092	2116
316	04:32:26	60.17	6499	2091	2115
317	04:33:26	60.11	6499	2090	2114
318	04:34:26	60.14	6499	2089	2114
319	04:35:27	60.16	6499	2088	2113
320	04:36:27	60.12	6499	2088	2112
321	04:37:27	60.08	6499	2087	2111
322	04:38:27	60.15	6499	2086	2111
323	04:39:27	60.12	6499	2085	2110
324	04:40:27	60.13	6499	2084	2109
325	04:41:27	60.13	6499	2083	2108
326	04:42:27	60.09	6499	2082	2108
327	04:43:28	60.17	6499	2082	2107
328	04:44:28	60.13	6499	2081	2106
329	04:45:28	60.13	6499	2080	2105
330	04:46:28	60.13	6499	2079	2105
331	04:47:28	60.13	6499	2078	2104
332	04:48:28	60.13	6499	2077	2103
333	04:49:28	60.07	6499	2076	2102
334	04:50:28	60.14	6499	2076	2101
335	04:51:29	60.15	6499	2075	2101
336	04:52:29	60.13	6499	2074	2100
337	04:53:29	60.14	6499	2073	2099
338	04:54:29	60.17	6499	2072	2098
339	04:55:29	60.13	6499	2071	2098
340	04:56:29	60.16	6499	2071	2097
341	04:57:29	60.10	6499	2070	2096
342	04:58:30	60.14	6499	2069	2095
343	04:59:30	60.16	6499	2068	2095
344	05:00:30	60.14	6499	2067	2094
345	05:01:30	60.16	6499	2066	2093
346	05:02:30	60.12	6499	2066	2093
347	05:03:30	60.13	6499	2065	2092
348	05:04:30	60.14	6499	2064	2091
349	05:05:31	60.13	6499	2063	2090
350	05:06:31	60.12	6499	2062	2089
351	05:07:31	60.09	6499	2061	2089
352	05:08:31	60.15	6499	2061	2088
353	05:09:31	60.11	6499	2060	2087
354	05:10:31	60.14	6499	2059	2086
355	05:11:31	60.13	6499	2058	2085
356	05:12:31	60.12	6499	2057	2085
357	05:13:32	60.11	6499	2057	2084
358	05:14:32	60.11	6499	2056	2083
359	05:15:32	60.14	6499	2055	2082
360	05:16:32	60.14	6499	2054	2081
361	05:17:32	60.16	6499	2053	2081
362	05:18:32	60.24	6499	2053	2080
363	05:19:32	60.13	6499	2052	2079
364	05:20:33	60.13	6499	2051	2078
365	05:21:33	60.12	6499	2050	2077
366	05:22:33	60.11	6499	2049	2077
367	05:23:33	60.13	6499	2049	2076
368	05:24:33	60.11	6499	2048	2075
369	05:25:33	60.14	6499	2047	2074
370	05:26:33	60.08	6499	2046	2073
371	05:27:33	60.17	6499	2046	2073
372	05:28:34	60.17	6499	2045	2072
373	05:29:34	60.15	6499	2044	2071
374	05:30:34	60.15	6499	2043	2070
375	05:31:34	48.38	6499	2042	2070
376	05:32:22	12.59	6499	2042	2069
377	05:32:35	60.26	6499	2042	2069
378	05:33:35	48.31	6499	2041	2068
379	05:34:24	60.14	6499	2040	2066
380	05:35:24	60.12	6499	2039	2067
381	05:36:24	60.14	6499	2039	2066
382	05:37:24	60.17	6499	2038	2065
383	05:38:24	14.79	6499	2037	2065
384	05:38:39	10.25	6499	2037	2065
385	05:38:49	60.12	6499	2037	2064
386	05:39:49	60.10	6499	2036	2063
387	05:40:49	60.12	6499	2035	2062
388	05:41:50	60.15	6499	2034	2062
389	05:42:50	60.09	6499	2034	2061
390	05:43:50	60.12	6499	2033	2060
391	05:44:50	60.11	6499	2032	2059
392	05:45:50	60.18	6499	2031	2059
393	05:46:50	60.15	6499	2030	2058
394	05:47:50	60.09	6499	2030	2057
395	05:48:50	60.16	6499	2029	2057
396	05:49:51	42.13	6499	2028	2056
397	05:50:33	60.11	6499	2027	2055
398	05:51:33	10.01	6499	2027	2055
399	05:51:43	60.46	6499	2027	2055
400	05:52:43	60.13	6499	2026	2054
401	05:53:43	60.11	6499	2025	2053
402	05:54:44	60.08	6499	2024	2052
403	05:55:44	60.11	6499	2023	2051
404	05:56:44	60.17	6499	2023	2051
405	05:57:44	60.08	6499	2022	2050
406	05:58:44	60.12	6499	2021	2049
407	05:59:44	60.12	6499	2020	2049
408	06:00:44	60.17	6499	2020	2048
409	06:01:44	60.12	6499	2019	2047
410	06:02:45	60.08	6499	2018	2046
411	06:03:45	60.17	6499	2017	2045
412	06:04:45	60.17	6499	2017	2045
413	06:05:45	60.09	6499	2016	2044
414	06:06:45	60.15	6499	2015	2043
415	06:07:45	60.14	6499	2014	2043
416	06:08:45	60.13	6499	2013	2042
417	06:09:45	60.17	6499	2013	2041
418	06:10:46	60.11	6499	2012	2040
419	06:11:46	60.15	6499	2011	2039
420	06:12:46	60.12	6499	2010	2039
421	06:13:46	60.15	6499	2010	2038
422	06:14:46	60.33	6499	2009	2037
423	06:15:46	20.13	6499	2008	2037
424	06:16:07	43.23	6499	2008	2036
425	06:16:50	60.06	6499	2007	2036
426	06:17:50	60.13	6499	2007	2035
427	06:18:50	60.12	6499	2006	2034
428	06:19:50	60.11	6499	2005	2033
429	06:20:50	11.44	6499	2005	2033
430	06:21:02	60.19	6499	2004	2033
431	06:22:02	10.01	6499	2004	2032
432	06:22:12	60.11	6499	2003	2032
433	06:23:12	60.13	6499	2002	2031
434	06:24:12	60.09	6499	2002	2030
435	06:25:12	60.13	6499	2001	2029
436	06:26:12	60.11	6499	2000	2029
437	06:27:12	60.16	6499	2000	2028
438	06:28:13	60.17	6499	1999	2027
439	06:29:13	60.13	6499	1998	2027
440	06:30:13	60.08	6499	1997	2026
441	06:31:13	60.15	6499	1996	2025
442	06:32:13	60.13	6499	1996	2025
443	06:33:13	60.15	6499	1995	2024
444	06:34:13	60.17	6499	1994	2023
445	06:35:14	60.09	6499	1993	2022
446	06:36:14	60.13	6499	1993	2022
447	06:37:14	60.17	6499	1992	2021
448	06:38:14	60.10	6499	1991	2020
449	06:39:14	60.14	6499	1990	2019
450	06:40:14	60.13	6499	1990	2019
451	06:41:14	60.16	6499	1989	2018
452	06:42:15	60.10	6499	1988	2017
453	06:43:15	60.13	6499	1988	2017
454	06:44:15	60.09	6499	1987	2016
455	06:45:15	60.11	6499	1986	2015
456	06:46:15	60.13	6499	1985	2015
457	06:47:15	60.14	6499	1985	2014
458	06:48:15	60.11	6499	1984	2013
459	06:49:15	60.14	6499	1983	2012
460	06:50:15	60.14	6499	1982	2011
461	06:51:16	60.12	6499	1982	2011
462	06:52:16	60.13	6499	1981	2010
463	06:53:16	60.14	6499	1980	2010
464	06:54:16	60.15	6499	1979	2009
465	06:55:16	60.10	6499	1979	2008
466	06:56:16	60.08	6499	1978	2007
467	06:57:16	60.09	6499	1977	2007
468	06:58:16	10.06	6499	1977	2006
469	06:58:26	13.78	6499	1977	2006
470	06:58:40	60.11	6499	1976	2006
471	06:59:40	60.13	6499	1975	2005
472	07:00:40	60.14	6499	1975	2004
473	07:01:41	60.08	6499	1974	2003
474	07:02:41	60.12	6499	1973	2003
475	07:03:41	60.16	6499	1972	2002
476	07:04:41	60.12	6499	1972	2001
477	07:05:41	60.15	6499	1971	2001
478	07:06:41	60.13	6499	1970	2000
479	07:07:41	60.16	6499	1969	2000
480	07:08:42	60.17	6499	1969	1999
481	07:09:42	60.15	6499	1968	1998
482	07:10:42	60.12	6499	1967	1997
483	07:11:42	60.12	6499	1966	1997
484	07:12:42	60.15	6499	1966	1996
485	07:13:42	60.10	6499	1965	1995
486	07:14:42	60.17	6499	1964	1995
487	07:15:43	60.08	6499	1964	1994
488	07:16:43	60.08	6499	1963	1993
489	07:17:43	60.16	6499	1962	1992
490	07:18:43	60.13	6499	1961	1992
491	07:19:43	60.11	6499	1961	1991
492	07:20:43	57.57	6499	1960	1990
493	07:21:41	60.35	6499	1959	1990
494	07:22:41	60.18	6499	1958	1989
495	07:23:41	60.10	6499	1958	1988
496	07:24:41	60.14	6499	1957	1988
497	07:25:41	60.13	6499	1956	1987
498	07:26:42	60.11	6499	1956	1986
499	07:27:42	60.15	6499	1955	1986
500	07:28:42	60.17	6499	1954	1985
501	07:29:42	31.95	6499	1954	1984
502	07:30:14	14.34	6499	1953	1984
503	07:30:28	60.21	6499	1953	1984
504	07:31:28	60.17	6499	1952	1983
505	07:32:29	60.13	6499	1951	1982
506	07:33:29	60.14	6499	1951	1982
507	07:34:29	60.09	6499	1950	1981
508	07:35:29	60.11	6499	1949	1980
509	07:36:29	60.11	6499	1949	1979
510	07:37:29	60.10	6499	1948	1979
511	07:38:29	60.14	6499	1947	1978
512	07:39:29	10.01	6499	1947	1977
513	07:39:39	60.13	6499	1946	1977
514	07:40:40	60.10	6499	1946	1976
515	07:41:40	60.08	6499	1945	1976
516	07:42:40	60.12	6499	1944	1975
517	07:43:40	60.14	6499	1944	1974
518	07:44:40	60.13	6499	1943	1974
519	07:45:40	60.17	6499	1942	1973
520	07:46:40	60.11	6499	1941	1972
521	07:47:40	60.15	6499	1941	1971
522	07:48:41	60.09	6499	1940	1971
523	07:49:41	60.12	6499	1939	1970
524	07:50:41	60.18	6499	1938	1969
525	07:51:41	60.13	6499	1938	1969
526	07:52:41	60.13	6499	1937	1968
527	07:53:41	60.15	6499	1936	1967
528	07:54:41	60.13	6499	1936	1967
529	07:55:42	60.16	6499	1935	1966
530	07:56:42	60.14	6499	1934	1965
531	07:57:42	60.14	6499	1933	1965
532	07:58:42	60.12	6499	1933	1964
533	07:59:42	60.12	6499	1932	1963
534	08:00:42	60.09	6499	1931	1963
535	08:01:42	60.12	6499	1931	1962
536	08:02:42	60.15	6499	1930	1961
537	08:03:43	60.11	6499	1929	1960
538	08:04:43	16.21	6499	1816	1960
539	08:04:59	60.24	6499	1928	1959
540	08:05:59	60.13	6499	1928	1959
541	08:06:59	60.17	6499	1927	1958
542	08:07:59	60.12	6499	1926	1957
543	08:09:00	60.14	6499	1925	1957
544	08:10:00	60.17	6499	1925	1956
545	08:11:00	60.12	6499	1924	1955
546	08:12:00	38.89	6499	1924	1955
547	08:12:39	60.05	6499	1923	1954
548	08:13:39	60.15	6499	1922	1953
549	08:14:39	60.15	6499	1922	1953
550	08:15:39	60.14	6499	1921	1952
551	08:16:39	60.14	6499	1920	1951
552	08:17:40	40.84	6499	1920	1951
553	08:18:20	60.04	6499	1919	1950
554	08:19:20	60.12	6499	1918	1949
555	08:20:21	60.10	6499	1918	1949
556	08:21:21	60.17	6499	1917	1948
557	08:22:21	60.08	6499	1916	1947
558	08:23:21	60.08	6499	1916	1946
559	08:24:21	60.11	6499	1915	1946
560	08:25:21	60.13	6499	1914	1945
561	08:26:21	60.14	6499	1914	1945
562	08:27:21	60.08	6499	1913	1944
563	08:28:21	60.12	6499	1912	1943
564	08:29:22	60.19	6499	1911	1943
565	08:30:22	60.10	6499	1911	1942
566	08:31:22	60.14	6499	1910	1941
567	08:32:22	60.13	6499	1909	1940
568	08:33:22	60.17	6499	1909	1940
569	08:34:22	60.13	6499	1908	1939
570	08:35:22	60.12	6499	1907	1938
571	08:36:22	60.16	6499	1907	1938
572	08:37:23	16.48	6499	1906	1937
573	08:37:39	10.08	6499	1906	1937
574	08:37:49	60.16	6499	1906	1937
575	08:38:49	60.15	6499	1905	1936
576	08:39:50	60.15	6499	1904	1935
577	08:40:50	60.16	6499	1904	1935
578	08:41:50	60.16	6499	1903	1934
579	08:42:50	40.71	6499	1902	1934
580	08:43:31	60.05	6499	1902	1933
581	08:44:31	60.10	6499	1901	1932
582	08:45:31	60.12	6499	1901	1932
583	08:46:31	60.15	6499	1900	1931
584	08:47:31	60.09	6499	1899	1930
585	08:48:31	60.18	6499	1898	1930
586	08:49:31	60.09	6499	1898	1929
587	08:50:31	60.16	6499	1897	1929
588	08:51:32	60.13	6499	1896	1928
589	08:52:32	60.14	6499	1896	1927
590	08:53:32	60.16	6499	1895	1926
591	08:54:32	60.12	6499	1894	1926
592	08:55:32	60.16	6499	1894	1925
593	08:56:32	60.13	6499	1893	1925
594	08:57:32	60.13	6499	1892	1924
595	08:58:33	60.18	6499	1892	1923
596	08:59:33	60.17	6499	1891	1922
597	09:00:33	60.13	6499	1890	1921
598	09:01:33	60.18	6499	1890	1921
599	09:02:33	60.13	6499	1889	1920
600	09:03:33	60.09	6499	1888	1919
601	09:04:33	60.12	6499	1888	1919
602	09:05:34	60.17	6499	1887	1918
603	09:06:34	10.26	6499	1886	1918
604	09:06:44	60.48	6499	1886	1917
605	09:07:45	60.13	6499	1885	1917
606	09:08:45	60.13	6499	1885	1916
607	09:09:45	60.07	6499	1884	1915
608	09:10:45	14.17	6499	1884	1915
609	09:10:59	60.03	6499	1883	1914
610	09:11:59	60.15	6499	1883	1914
611	09:12:59	60.15	6499	1882	1913
612	09:13:59	60.14	6499	1881	1913
613	09:14:59	60.09	6499	1881	1912
614	09:16:00	60.19	6499	1880	1911
615	09:17:00	60.12	6499	1879	1911
616	09:18:00	60.12	6499	1879	1910
617	09:19:00	60.13	6499	1878	1909
618	09:20:00	60.15	6499	1877	1909
619	09:21:00	60.12	6499	1877	1908
620	09:22:00	60.12	6499	1876	1907
621	09:23:01	60.07	6499	1875	1907
622	09:24:01	60.16	6499	1875	1906
623	09:25:01	60.12	6499	1874	1905
624	09:26:01	60.11	6499	1873	1905
625	09:27:01	60.13	6499	1873	1904
626	09:28:01	60.09	6499	1872	1903
627	09:29:01	60.12	6499	1871	1903
628	09:30:01	60.13	6499	1871	1902
629	09:31:01	60.12	6499	1870	1901
630	09:32:02	60.12	6499	1869	1901
631	09:33:02	60.16	6499	1869	1900
632	09:34:02	13.96	6499	1868	1899
633	09:34:16	10.07	6499	1868	1899
634	09:34:26	60.13	6499	1868	1899
635	09:35:26	60.16	6499	1867	1898
636	09:36:26	60.11	6499	1866	1898
637	09:37:26	60.10	6499	1866	1897
638	09:38:26	60.12	6499	1865	1897
639	09:39:27	60.16	6499	1864	1896
640	09:40:27	60.08	6499	1864	1895
641	09:41:27	60.10	6499	1863	1895
642	09:42:27	60.17	6499	1862	1894
643	09:43:27	60.14	6499	1862	1893
644	09:44:27	60.14	6499	1861	1892
645	09:45:27	60.17	6499	1860	1892
646	09:46:27	60.09	6499	1860	1891
647	09:47:28	60.11	6499	1859	1891
648	09:48:28	60.13	6499	1859	1890
649	09:49:28	60.12	6499	1858	1889
650	09:50:28	60.10	6499	1857	1889
651	09:51:28	60.16	6499	1857	1888
652	09:52:28	60.13	6499	1856	1888
653	09:53:28	29.90	6499	1856	1887
654	09:53:58	60.03	6499	1855	1887
655	09:54:58	60.16	6499	1854	1886
656	09:55:58	60.18	6499	1854	1885
657	09:56:59	60.16	6499	1853	1885
658	09:57:59	60.07	6499	1853	1884
659	09:58:59	60.15	6499	1852	1883
660	09:59:59	60.14	6499	1851	1883
661	10:00:59	60.16	6499	1851	1882
662	10:01:59	60.18	6499	1850	1881
663	10:02:59	60.12	6499	1849	1881
664	10:04:00	60.11	6499	1849	1880
665	10:05:00	60.10	6499	1848	1880
666	10:06:00	60.12	6499	1847	1879
667	10:07:00	60.16	6499	1847	1878
668	10:08:00	60.15	6499	1846	1877
669	10:09:00	60.12	6499	1845	1877
670	10:10:00	60.18	6499	1845	1876
671	10:11:01	60.12	6499	1844	1876
672	10:12:01	60.13	6499	1843	1875
673	10:13:01	60.12	6499	1843	1874
674	10:14:01	60.08	6499	1842	1874
675	10:15:01	60.11	6499	1842	1873
676	10:16:01	60.11	6499	1841	1872
677	10:17:01	60.13	6499	1840	1872
678	10:18:01	60.10	6499	1840	1871
679	10:19:01	60.13	6499	1839	1871
680	10:20:02	60.15	6499	1838	1870
681	10:21:02	60.17	6499	1838	1869
682	10:22:02	60.12	6499	1837	1869
683	10:23:02	60.08	6499	1836	1865
684	10:24:02	60.17	6499	1836	1867
685	10:25:02	60.18	6499	1835	1867
686	10:26:02	60.09	6499	1835	1866
687	10:27:03	60.07	6499	1834	1866
688	10:28:03	60.11	6499	1833	1865
689	10:29:03	14.68	6499	1833	1865
690	10:29:17	60.47	6499	1832	1864
691	10:30:18	30.65	6499	1832	1864
692	10:30:48	60.28	6499	1831	1863
693	10:31:49	60.09	6499	1831	1863
694	10:32:49	60.15	6499	1830	1862
695	10:33:49	60.09	6499	1830	1861
696	10:34:49	60.13	6499	1829	1860
697	10:35:49	60.12	6499	1828	1860
698	10:36:49	60.14	6499	1828	1859
699	10:37:49	60.12	6499	1827	1859
700	10:38:50	60.11	6499	1826	1858
701	10:39:50	60.12	6499	1826	1857
702	10:40:50	60.15	6499	1825	1857
703	10:41:50	60.12	6499	1824	1856
704	10:42:50	60.08	6499	1824	1855
705	10:43:50	60.14	6499	1823	1855
706	10:44:50	60.17	6499	1823	1854
707	10:45:50	60.14	6499	1822	1854
708	10:46:51	60.08	6499	1821	1853
709	10:47:51	49.27	6499	1821	1852
710	10:48:40	39.79	6499	1820	1852
711	10:49:20	60.02	6499	1820	1852
712	10:50:20	60.07	6499	1819	1851
713	10:51:20	60.07	6499	1819	1850
714	10:52:20	60.14	6499	1818	1850
715	10:53:20	60.15	6499	1817	1849
716	10:54:20	60.11	6499	1817	1848
717	10:55:20	60.11	6499	1816	1848
718	10:56:20	60.14	6499	1815	1847
719	10:57:21	60.17	6499	1815	1847
720	10:58:21	60.16	6499	1814	1846
721	10:59:21	60.12	6499	1814	1845
722	11:00:21	60.18	6499	1813	1845
723	11:01:21	60.12	6499	1812	1844
724	11:02:21	60.15	6499	1812	1842
725	11:03:21	60.16	6499	1811	1843
726	11:04:22	60.12	6499	1810	1842
727	11:05:22	60.13	6499	1810	1842
728	11:06:22	60.12	6499	1809	1841
729	11:07:22	60.12	6499	1809	1841
730	11:08:22	60.12	6499	1808	1840
731	11:09:22	60.15	6499	1807	1839
732	11:10:22	60.10	6499	1807	1839
733	11:11:23	60.14	6499	1806	1838
734	11:12:23	60.14	6499	1805	1837
735	11:13:23	60.13	6499	1805	1837
736	11:14:23	60.16	6499	1804	1836
737	11:15:23	60.11	6499	1804	1836
738	11:16:23	60.11	6499	1803	1835
739	11:17:23	60.16	6499	1802	1835
740	11:18:23	60.11	6499	1802	1834
741	11:19:24	60.13	6499	1801	1833
742	11:20:24	44.59	6499	1801	1833
743	11:21:08	60.09	6499	1800	1832
744	11:22:08	60.15	6499	1800	1832
745	11:23:09	60.14	6499	1799	1831
746	11:24:09	58.44	6499	1798	1830
747	11:25:07	60.53	6499	1798	1830
748	11:26:08	60.15	6499	1797	1829
749	11:27:08	60.13	6499	1796	1829
750	11:28:08	60.11	6499	1796	1828
751	11:29:08	60.14	6499	1795	1827
752	11:30:08	60.11	6499	1795	1827
753	11:31:08	60.11	6499	1794	1826
754	11:32:08	60.13	6499	1793	1826
755	11:33:09	60.14	6499	1793	1825
756	11:34:09	60.10	6499	1792	1824
757	11:35:09	60.16	6499	1792	1824
758	11:36:09	60.12	6499	1791	1823
759	11:37:09	60.08	6499	1790	1823
760	11:38:09	60.12	6499	1790	1822
761	11:39:09	60.15	6499	1789	1821
762	11:40:09	60.13	6499	1789	1821
763	11:41:10	22.21	6499	1788	1820
764	11:41:32	60.19	6499	1788	1820
765	11:42:32	60.14	6499	1787	1819
766	11:43:32	60.09	6499	1786	1819
767	11:44:32	60.16	6499	1786	1818
768	11:45:32	60.16	6499	1785	1818
769	11:46:32	60.16	6499	1785	1817
770	11:47:33	60.18	6499	1784	1816
771	11:48:33	60.13	6499	1783	1816
772	11:49:33	47.87	6499	1783	1815
773	11:50:21	31.03	6499	1783	1815
774	11:50:52	60.39	6499	1782	1814
775	11:51:52	60.11	6499	1782	1814
776	11:52:52	60.08	6499	1781	1813
777	11:53:52	60.14	6499	1780	1812
778	11:54:53	60.15	6499	1780	1812
779	11:55:53	60.16	6499	1779	1811
780	11:56:53	60.13	6499	1779	1811
781	11:57:53	60.11	6499	1778	1810
782	11:58:53	60.17	6499	1777	1810
783	11:59:53	60.15	6499	1777	1809
784	12:00:53	60.14	6499	1776	1808
785	12:01:54	60.11	6499	1776	1808
786	12:02:54	60.19	6499	1775	1807
787	12:03:54	60.17	6499	1774	1806
788	12:04:54	60.14	6499	1774	1806
789	12:05:54	60.08	6499	1773	1805
790	12:06:54	60.08	6499	1773	1805
791	12:07:54	60.12	6499	1772	1804
792	12:08:54	60.08	6499	1772	1803
793	12:09:55	60.14	6499	1771	1803
794	12:10:55	60.14	6499	1770	1802
795	12:11:55	60.17	6499	1770	1802
796	12:12:55	60.10	6499	1769	1801
797	12:13:55	60.17	6499	1769	1801
798	12:14:55	60.08	6499	1768	1800
799	12:15:55	60.16	6499	1767	1800
800	12:16:55	60.12	6499	1767	1799
801	12:17:56	60.17	6499	1766	1798
802	12:18:56	60.13	6499	1766	1797
803	12:19:56	60.14	6499	1765	1797
804	12:20:56	60.15	6499	1764	1796
805	12:21:56	60.17	6499	1764	1796
806	12:22:56	60.12	6499	1763	1795
807	12:23:56	60.14	6499	1763	1795
808	12:24:57	60.16	6499	1762	1794
809	12:25:57	60.12	6499	1762	1793
810	12:26:57	60.12	6499	1761	1793
811	12:27:57	60.12	6499	1760	1792
812	12:28:57	60.14	6499	1760	1792
813	12:29:57	60.11	6499	1759	1791
814	12:30:57	60.13	6499	1759	1791
815	12:31:58	60.08	6499	1758	1790
816	12:32:58	60.15	6499	1757	1789
817	12:33:58	60.10	6499	1757	1789
818	12:34:58	60.17	6499	1756	1788
819	12:35:58	60.08	6499	1756	1788
820	12:36:58	60.09	6499	1755	1787
821	12:37:58	60.11	6499	1755	1786
822	12:38:58	60.18	6499	1754	1786
823	12:39:58	60.14	6499	1753	1785
824	12:40:59	60.11	6499	1753	1785
825	12:41:59	60.17	6499	1752	1784
826	12:42:59	60.14	6499	1752	1783
827	12:43:59	60.16	6499	1751	1783
828	12:44:59	60.08	6499	1750	1783
829	12:45:59	60.14	6499	1750	1782
830	12:46:59	60.15	6499	1749	1781
831	12:48:00	60.11	6499	1749	1781
832	12:49:00	60.18	6499	1748	1780
833	12:50:00	60.14	6499	1747	1780
834	12:51:00	60.14	6499	1747	1779
835	12:52:00	60.11	6499	1746	1778
836	12:53:00	60.13	6499	1746	1778
837	12:54:00	60.12	6499	1745	1777
838	12:55:00	60.14	6499	1745	1777
839	12:56:01	60.11	6499	1744	1776
840	12:57:01	60.13	6499	1743	1776
841	12:58:01	60.14	6499	1743	1775
842	12:59:01	60.10	6499	1742	1774
843	13:00:01	60.10	6499	1742	1774
844	13:01:01	60.09	6499	1741	1773
845	13:02:01	60.11	6499	1740	1773
846	13:03:01	60.13	6499	1740	1772
847	13:04:02	60.12	6499	1739	1771
848	13:05:02	60.14	6499	1739	1771
849	13:06:02	60.09	6499	1738	1770
850	13:07:02	60.14	6499	1738	1770
851	13:08:02	60.14	6499	1737	1769
852	13:09:02	60.13	6499	1737	1769
853	13:10:02	60.13	6499	1736	1768
854	13:11:02	60.12	6499	1735	1767
855	13:12:03	60.14	6499	1735	1767
856	13:13:03	60.17	6499	1734	1766
857	13:14:03	60.12	6499	1734	1766
858	13:15:03	60.13	6499	1733	1765
859	13:16:03	60.14	6499	1733	1765
860	13:17:03	60.17	6499	1732	1764
861	13:18:03	60.12	6499	1732	1764
862	13:19:04	60.16	6499	1731	1763
863	13:20:04	60.08	6499	1731	1763
864	13:21:04	60.10	6499	1730	1762
865	13:22:04	60.13	6499	1730	1762
866	13:23:04	60.14	6499	1729	1761
867	13:24:04	60.16	6499	1729	1761
868	13:25:04	60.12	6499	1728	1760
869	13:26:04	60.17	6499	1727	1760
870	13:27:05	60.10	6499	1727	1759
871	13:28:05	60.13	6499	1726	1758
872	13:29:05	60.15	6499	1726	1758
873	13:30:05	60.15	6499	1725	1757
874	13:31:05	60.11	6499	1725	1756
875	13:32:05	60.09	6499	1721	1756
876	13:33:05	60.12	6499	1724	1755
877	13:34:05	60.14	6499	1723	1755
878	13:35:06	60.10	6499	1722	1754
879	13:36:06	60.15	6499	1722	1753
880	13:37:06	60.13	6499	1721	1753
881	13:38:06	60.16	6499	1721	1753
882	13:39:06	60.12	6499	1720	1752
883	13:40:06	60.13	6499	1720	1751
884	13:41:06	60.15	6499	1719	1751
885	13:42:07	60.12	6499	1718	1750
886	13:43:07	60.15	6499	1718	1750
887	13:44:07	60.12	6499	1717	1749
888	13:45:07	60.15	6499	1717	1748
889	13:46:07	60.16	6499	1716	1748
890	13:47:07	60.14	6499	1716	1747
891	13:48:07	60.12	6499	1715	1747
892	13:49:07	60.12	6499	1715	1746
893	13:50:08	60.09	6499	1714	1746
894	13:51:08	60.16	6499	1713	1745
895	13:52:08	60.12	6499	1713	1745
896	13:53:08	60.12	6499	1712	1744
897	13:54:08	60.07	6499	1712	1743
898	13:55:08	60.12	6499	1711	1743
899	13:56:08	60.08	6499	1711	1743
900	13:57:08	60.15	6499	1710	1742
901	13:58:08	60.10	6499	1710	1741
902	13:59:09	60.17	6499	1709	1741
903	14:00:09	60.20	6499	1708	1740
904	14:01:09	60.14	6499	1708	1740
905	14:02:09	60.14	6499	1707	1739
906	14:03:09	60.14	6499	1707	1738
907	14:04:09	60.16	6499	1706	1738
908	14:05:10	60.07	6499	1706	1737
909	14:06:10	60.13	6499	1705	1737
910	14:07:10	60.13	6499	1705	1736
911	14:08:10	60.15	6499	1704	1736
912	14:09:10	60.12	6499	1704	1735
913	14:10:10	10.06	6499	1703	1735
914	14:10:20	60.47	6499	1703	1734
915	14:11:21	60.11	6499	1702	1734
916	14:12:21	60.15	6499	1702	1733
917	14:13:21	60.11	6499	1701	1733
918	14:14:21	60.12	6499	1701	1732
919	14:15:21	60.14	6499	1700	1732
920	14:16:21	45.09	6499	1700	1731
921	14:17:06	60.41	6499	31.63	32.22
922	14:18:07	60.09	6499	0	0
923	14:19:07	60.16	6499	0	0
924	14:20:07	60.10	6499	0	0
925	14:21:07	60.10	6499	0	0
926	14:22:07	60.14	6499	0	0
927	14:23:07	31.99	6499	0	0
928	14:23:39	60.19	6499	0	0
929	14:24:40	60.12	6501	0	0
930	14:25:40	60.14	6501	0	0
931	14:26:40	60.10	6501	-1	-1
932	14:27:40	53.65	6501	0	0
Created by AtlRunQuery on: 2018-11-22 10:25:18.701000
