LHC beam energy and intensities during run 303819:
(Begin/end of run: Wed Jul 13 2016 04:10:37 − 17:34:40)

LB	   Start time
(CEST)	   Duration
(sec)	   Beam energy
(GeV)	   Intensity Beam-1
(1e11 protons)	   Intensity Beam-2
(1e11 protons)
1	04:10:37	60.08	6499	2072	2098
2	04:11:37	34.64	6499	2072	2098
3	04:12:12	10.19	6499	2072	2098
4	04:12:22	27.47	6499	2071	2097
5	04:12:49	56.87	6499	2071	2097
6	04:13:46	34.28	6499	2057	2083
7	04:14:20	60.31	6499	2057	2083
8	04:15:21	60.16	6499	2056	2082
9	04:16:21	60.13	6499	2055	2081
10	04:17:21	60.13	6499	2054	2081
11	04:18:21	60.15	6499	2054	2080
12	04:19:21	60.12	6499	2053	2079
13	04:20:21	60.08	6499	2052	2078
14	04:21:22	60.12	6499	2051	2077
15	04:22:22	60.10	6499	2050	2077
16	04:23:22	60.08	6499	2050	2076
17	04:24:22	60.18	6499	2049	2075
18	04:25:22	60.15	6499	2048	2074
19	04:26:22	60.12	6499	2047	2073
20	04:27:22	60.13	6499	2043	2069
21	04:28:22	60.11	6499	2046	2072
22	04:29:23	60.07	6499	2045	2071
23	04:30:23	60.11	6499	2044	2070
24	04:31:23	60.17	6499	2043	2070
25	04:32:23	60.16	6499	2042	2069
26	04:33:23	60.10	6499	2042	2068
27	04:34:23	60.11	6499	2041	2067
28	04:35:23	60.18	6499	2040	2067
29	04:36:23	60.12	6499	2039	2066
30	04:37:24	60.10	6499	2039	2065
31	04:38:24	60.10	6499	2038	2065
32	04:39:24	60.17	6499	2037	2064
33	04:40:24	60.12	6499	2036	2063
34	04:41:24	60.15	6499	2036	2062
35	04:42:24	60.11	6499	2035	2061
36	04:43:24	60.10	6499	2034	2061
37	04:44:24	60.11	6499	2033	2060
38	04:45:24	60.16	6499	2033	2059
39	04:46:25	60.10	6499	2032	2059
40	04:47:25	60.14	6499	2031	2058
41	04:48:25	48.28	6499	2030	2057
42	04:49:13	60.25	6499	2030	2056
43	04:50:13	60.15	6499	2029	2056
44	04:51:14	60.15	6499	2028	2055
45	04:52:14	60.16	6499	2027	2054
46	04:53:14	60.13	6499	2027	2053
47	04:54:14	60.14	6499	2026	2053
48	04:55:14	60.17	6499	2025	2052
49	04:56:14	60.11	6499	2024	2051
50	04:57:14	60.08	6499	2024	2050
51	04:58:15	60.14	6499	2023	2049
52	04:59:15	60.16	6499	2022	2049
53	05:00:15	60.18	6499	2021	2048
54	05:01:15	60.16	6499	2021	2047
55	05:02:15	60.09	6499	2020	2047
56	05:03:15	60.14	6499	2019	2046
57	05:04:15	60.09	6499	2018	2045
58	05:05:15	50.64	6499	2018	2044
59	05:06:06	60.37	6499	2017	2044
60	05:07:06	60.13	6499	2016	2043
61	05:08:07	60.12	6499	2015	2042
62	05:09:07	60.16	6499	2015	2041
63	05:10:07	60.13	6499	2014	2041
64	05:11:07	60.09	6499	2013	2040
65	05:12:07	60.20	6499	2012	2039
66	05:13:07	60.12	6499	2012	2038
67	05:14:07	60.14	6499	2011	2038
68	05:15:08	60.14	6499	2010	2037
69	05:16:08	60.11	6499	2010	2036
70	05:17:08	60.14	6499	2009	2036
71	05:18:08	60.12	6499	2008	2035
72	05:19:08	60.15	6499	2007	2034
73	05:20:08	60.10	6499	2007	2033
74	05:21:08	60.13	6499	2006	2033
75	05:22:08	60.17	6499	2005	2032
76	05:23:09	60.11	6499	2004	2031
77	05:24:09	60.15	6499	2004	2030
78	05:25:09	60.13	6499	2003	2030
79	05:26:09	60.12	6499	2002	2029
80	05:27:09	60.14	6499	2001	2028
81	05:28:09	60.11	6499	2001	2028
82	05:29:09	60.12	6499	2000	2027
83	05:30:10	60.12	6499	1999	2026
84	05:31:10	60.10	6499	1998	2026
85	05:32:10	60.14	6499	1998	2025
86	05:33:10	60.12	6499	1997	2024
87	05:34:10	60.13	6499	1996	2023
88	05:35:10	60.09	6499	1996	2023
89	05:36:10	60.15	6499	1995	2022
90	05:37:10	60.14	6499	1994	2021
91	05:38:11	60.13	6499	1993	2020
92	05:39:11	60.10	6499	1992	2019
93	05:40:11	60.15	6499	1992	2019
94	05:41:11	60.14	6499	1991	2018
95	05:42:11	60.17	6499	1990	2017
96	05:43:11	60.15	6499	1990	2017
97	05:44:11	60.12	6499	1989	2016
98	05:45:11	60.15	6499	1988	2015
99	05:46:12	60.13	6499	1987	2015
100	05:47:12	60.13	6499	1987	2014
101	05:48:12	60.14	6499	1986	2013
102	05:49:12	60.14	6499	1985	2012
103	05:50:12	60.09	6499	1984	2012
104	05:51:12	60.10	6499	1984	2011
105	05:52:12	60.08	6499	1983	2010
106	05:53:12	60.13	6499	1982	2009
107	05:54:13	39.41	6499	1982	2009
108	05:54:52	60.03	6499	1981	2008
109	05:55:52	60.10	6499	1980	2008
110	05:56:52	60.16	6499	1980	2007
111	05:57:52	60.11	6499	1979	2006
112	05:58:52	60.12	6499	1978	2005
113	05:59:52	60.15	6499	1977	2005
114	06:00:53	60.15	6499	1977	2004
115	06:01:53	60.16	6499	1976	2003
116	06:02:53	60.13	6499	1975	2003
117	06:03:53	60.10	6499	1975	2002
118	06:04:53	60.16	6499	1974	2001
119	06:05:53	60.15	6499	1973	2000
120	06:06:53	60.15	6499	1972	2000
121	06:07:54	60.12	6499	1972	1999
122	06:08:54	60.13	6499	1971	1998
123	06:09:54	60.13	6499	1970	1998
124	06:10:54	60.11	6499	1970	1997
125	06:11:54	60.13	6499	1969	1996
126	06:12:54	60.10	6499	1968	1995
127	06:13:54	60.13	6499	1967	1995
128	06:14:54	60.14	6499	1967	1994
129	06:15:55	60.16	6499	1966	1993
130	06:16:55	60.12	6499	1965	1992
131	06:17:55	60.14	6499	1965	1992
132	06:18:55	60.12	6499	1964	1991
133	06:19:55	60.11	6499	1963	1990
134	06:20:55	60.17	6499	1962	1990
135	06:21:55	60.13	6499	1962	1989
136	06:22:56	60.17	6499	1961	1988
137	06:23:56	53.29	6499	1960	1987
138	06:24:49	14.25	6499	1960	1987
139	06:25:03	60.04	6499	1959	1987
140	06:26:03	60.12	6499	1959	1986
141	06:27:03	60.12	6499	1958	1985
142	06:28:04	44.87	6499	1957	1985
143	06:28:48	60.08	6499	1957	1984
144	06:29:49	60.15	6499	1956	1983
145	06:30:49	60.14	6499	1955	1982
146	06:31:49	45.33	6499	1955	1982
147	06:32:34	60.12	6499	1954	1981
148	06:33:34	60.17	6499	1953	1980
149	06:34:34	60.15	6499	1953	1980
150	06:35:35	42.89	6499	1952	1979
151	06:36:17	60.07	6499	1952	1978
152	06:37:18	60.13	6499	1951	1978
153	06:38:18	60.17	6499	1950	1977
154	06:39:18	60.12	6499	1950	1976
155	06:40:18	60.08	6499	1949	1976
156	06:41:18	60.15	6499	1948	1975
157	06:42:18	60.15	6499	1947	1974
158	06:43:18	60.13	6499	1947	1974
159	06:44:18	60.15	6499	1946	1973
160	06:45:19	60.13	6499	1945	1972
161	06:46:19	60.14	6499	1945	1972
162	06:47:19	60.38	6499	1944	1971
163	06:48:19	60.14	6499	1943	1970
164	06:49:19	60.16	6499	1942	1970
165	06:50:20	60.16	6499	1942	1969
166	06:51:20	60.13	6499	1941	1968
167	06:52:20	60.08	6499	1940	1968
168	06:53:20	60.12	6499	1940	1967
169	06:54:20	60.09	6499	1939	1966
170	06:55:20	38.93	6499	1938	1966
171	06:55:59	60.53	6499	1938	1965
172	06:57:00	60.12	6499	1937	1964
173	06:58:00	60.09	6499	1936	1964
174	06:59:00	38.88	6499	1936	1963
175	06:59:39	60.37	6499	1935	1963
176	07:00:39	60.12	6499	1934	1962
177	07:01:39	60.13	6499	1934	1961
178	07:02:39	60.13	6499	1933	1960
179	07:03:39	60.18	6499	1932	1960
180	07:04:40	60.17	6499	1932	1959
181	07:05:40	60.12	6499	1931	1958
182	07:06:40	60.12	6499	1930	1958
183	07:07:40	60.12	6499	1930	1957
184	07:08:40	60.19	6499	1929	1956
185	07:09:40	60.18	6499	1928	1955
186	07:10:40	60.08	6499	1927	1955
187	07:11:41	60.17	6499	1927	1954
188	07:12:41	60.11	6499	1926	1953
189	07:13:41	60.11	6499	1925	1953
190	07:14:41	60.16	6499	1925	1952
191	07:15:41	60.11	6499	1924	1951
192	07:16:41	60.16	6499	1923	1951
193	07:17:41	60.15	6499	1923	1950
194	07:18:42	60.13	6499	1922	1949
195	07:19:42	60.11	6499	1921	1949
196	07:20:42	60.11	6499	1921	1948
197	07:21:42	60.09	6499	1920	1947
198	07:22:42	49.05	6499	1919	1947
199	07:23:31	21.22	6499	1919	1946
200	07:23:52	60.05	6499	1918	1946
201	07:24:52	60.15	6499	1918	1945
202	07:25:52	60.15	6499	1917	1944
203	07:26:53	60.11	6499	1916	1944
204	07:27:53	60.14	6499	1916	1943
205	07:28:53	60.11	6499	1915	1943
206	07:29:53	60.12	6499	1914	1942
207	07:30:53	60.16	6499	1914	1941
208	07:31:53	60.15	6499	1913	1940
209	07:32:53	60.16	6499	1912	1940
210	07:33:54	60.13	6499	1912	1939
211	07:34:54	40.57	6499	1911	1938
212	07:35:34	60.45	6499	1911	1938
213	07:36:35	60.08	6499	1910	1937
214	07:37:35	60.13	6499	1909	1936
215	07:38:35	60.17	6499	1909	1936
216	07:39:35	60.13	6499	1908	1935
217	07:40:35	60.12	6499	1907	1934
218	07:41:35	60.11	6499	1907	1934
219	07:42:35	60.16	6499	1906	1933
220	07:43:36	60.15	6499	1905	1932
221	07:44:36	60.12	6499	1905	1932
222	07:45:36	60.11	6499	1904	1931
223	07:46:36	60.15	6499	1903	1930
224	07:47:36	60.17	6499	1903	1930
225	07:48:36	60.14	6499	1902	1929
226	07:49:36	60.18	6499	1901	1928
227	07:50:37	31.61	6499	1901	1928
228	07:51:08	19.56	6499	1900	1927
229	07:51:28	60.11	6499	1900	1927
230	07:52:28	60.14	6499	1899	1926
231	07:53:28	60.12	6499	1899	1925
232	07:54:28	60.12	6499	1898	1925
233	07:55:28	60.17	6499	1897	1924
234	07:56:28	60.10	6499	1897	1923
235	07:57:29	60.14	6499	1896	1923
236	07:58:29	60.16	6499	1895	1922
237	07:59:29	60.12	6499	1895	1921
238	08:00:29	60.16	6499	1894	1921
239	08:01:29	60.15	6499	1893	1920
240	08:02:29	60.13	6499	1893	1919
241	08:03:29	60.12	6499	1892	1919
242	08:04:30	60.18	6499	1891	1918
243	08:05:30	60.13	6499	1890	1917
244	08:06:30	60.13	6499	1890	1917
245	08:07:30	60.15	6499	1889	1916
246	08:08:30	60.11	6499	1888	1915
247	08:09:30	60.15	6499	1888	1915
248	08:10:30	60.12	6499	1887	1914
249	08:11:30	60.16	6499	1886	1914
250	08:12:31	60.16	6499	1886	1913
251	08:13:31	60.13	6499	1885	1912
252	08:14:31	54.02	6499	1884	1912
253	08:15:25	60.22	6499	1884	1911
254	08:16:25	10.02	6499	1883	1911
255	08:16:35	60.12	6499	1883	1910
256	08:17:35	60.16	6499	1882	1909
257	08:18:35	60.10	6499	1882	1909
258	08:19:36	60.14	6499	1881	1908
259	08:20:36	60.08	6499	1880	1908
260	08:21:36	60.16	6499	1880	1907
261	08:22:36	60.12	6499	1879	1906
262	08:23:36	60.16	6499	1878	1905
263	08:24:36	60.11	6499	1878	1905
264	08:25:36	60.16	6499	1877	1904
265	08:26:36	60.11	6499	1876	1903
266	08:27:37	60.14	6499	1876	1903
267	08:28:37	18.61	6499	1875	1902
268	08:28:55	16.47	6499	1875	1902
269	08:29:12	60.08	6499	1875	1902
270	08:30:12	60.08	6499	1874	1901
271	08:31:12	60.15	6499	1873	1900
272	08:32:12	24.74	6499	1873	1900
273	08:32:37	22.63	6499	1873	1900
274	08:32:59	60.11	6499	1872	1899
275	08:34:00	60.16	6499	1872	1899
276	08:35:00	60.12	6499	1871	1898
277	08:36:00	60.12	6499	1870	1897
278	08:37:00	51.17	6499	1870	1897
279	08:37:51	10.21	6499	1869	1896
280	08:38:01	10.31	6499	1869	1896
281	08:38:12	60.14	6499	1869	1896
282	08:39:12	60.13	6499	1868	1895
283	08:40:12	60.07	6499	1868	1894
284	08:41:12	60.11	6499	1867	1894
285	08:42:12	60.18	6499	1866	1893
286	08:43:12	51.46	6499	1866	1893
287	08:44:04	60.24	6499	1865	1892
288	08:45:04	60.17	6499	1865	1891
289	08:46:04	60.12	6499	1864	1891
290	08:47:04	60.13	6499	1863	1890
291	08:48:04	60.14	6499	1863	1889
292	08:49:05	19.60	6499	1862	1889
293	08:49:24	60.02	6499	1862	1888
294	08:50:24	60.15	6499	1861	1888
295	08:51:24	60.13	6499	1860	1887
296	08:52:24	60.11	6499	1860	1886
297	08:53:25	28.99	6499	1859	1886
298	08:53:54	60.20	6499	1859	1886
299	08:54:54	60.13	6499	1858	1885
300	08:55:54	10.02	6499	1858	1884
301	08:56:04	30.46	6499	1858	1884
302	08:56:34	13.05	6499	1857	1884
303	08:56:47	60.22	6499	1857	1884
304	08:57:48	60.15	6499	1856	1883
305	08:58:48	60.12	6499	1856	1882
306	08:59:48	60.12	6499	1855	1882
307	09:00:48	60.17	6499	1854	1881
308	09:01:48	60.12	6499	1854	1880
309	09:02:48	60.08	6499	1853	1880
310	09:03:48	10.06	6499	1853	1879
311	09:03:58	60.18	6499	1852	1879
312	09:04:59	60.13	6499	1852	1875
313	09:05:59	60.12	6499	1851	1878
314	09:06:59	60.11	6499	1850	1877
315	09:07:59	60.16	6499	1850	1876
316	09:08:59	60.12	6499	1849	1876
317	09:09:59	60.14	6499	1849	1875
318	09:10:59	60.16	6499	1848	1874
319	09:12:00	60.12	6499	1847	1874
320	09:13:00	60.12	6499	1847	1873
321	09:14:00	60.13	6499	1846	1873
322	09:15:00	60.14	6499	1845	1872
323	09:16:00	60.15	6499	1845	1871
324	09:17:00	60.12	6499	1844	1871
325	09:18:00	60.14	6499	1844	1870
326	09:19:01	28.97	6499	1843	1870
327	09:19:29	60.25	6499	1843	1869
328	09:20:30	55.55	6499	1842	1868
329	09:21:25	60.15	6499	1841	1868
330	09:22:25	10.05	6499	1841	1868
331	09:22:35	60.13	6499	1841	1867
332	09:23:36	60.14	6499	1840	1867
333	09:24:36	10.01	6499	1840	1866
334	09:24:46	60.15	6499	1839	1866
335	09:25:46	60.12	6499	1839	1865
336	09:26:46	60.10	6499	1838	1865
337	09:27:46	60.12	6499	1837	1864
338	09:28:46	60.09	6499	1837	1863
339	09:29:46	60.10	6499	1836	1863
340	09:30:46	60.13	6499	1835	1862
341	09:31:47	60.18	6499	1835	1861
342	09:32:47	60.13	6499	1834	1861
343	09:33:47	60.11	6499	1833	1860
344	09:34:47	60.09	6499	1833	1859
345	09:35:47	60.18	6499	1832	1859
346	09:36:47	60.10	6499	1832	1858
347	09:37:47	60.08	6499	1831	1858
348	09:38:47	60.10	6499	1830	1857
349	09:39:48	60.18	6499	1830	1856
350	09:40:48	60.10	6499	1829	1856
351	09:41:48	60.16	6499	1828	1855
352	09:42:48	60.16	6499	1828	1854
353	09:43:48	60.13	6499	1827	1854
354	09:44:48	60.12	6499	1827	1853
355	09:45:48	55.88	6499	1826	1853
356	09:46:44	14.43	6499	1826	1852
357	09:46:59	60.02	6499	1825	1852
358	09:47:59	60.12	6499	1825	1851
359	09:48:59	60.12	6499	1824	1851
360	09:49:59	60.14	6499	1823	1850
361	09:50:59	60.13	6499	1823	1849
362	09:51:59	60.12	6499	1822	1849
363	09:52:59	60.09	6499	1821	1848
364	09:53:59	60.12	6499	1821	1848
365	09:55:00	60.09	6499	1820	1847
366	09:56:00	60.12	6499	1820	1846
367	09:57:00	60.09	6499	1819	1846
368	09:58:00	60.13	6499	1818	1845
369	09:59:00	60.11	6499	1818	1844
370	10:00:00	60.16	6499	1817	1844
371	10:01:00	60.17	6499	1816	1843
372	10:02:00	60.11	6499	1816	1842
373	10:03:01	60.12	6499	1815	1842
374	10:04:01	60.14	6499	1815	1841
375	10:05:01	60.10	6499	1814	1841
376	10:06:01	60.16	6499	1813	1840
377	10:07:01	60.11	6499	1813	1840
378	10:08:01	60.10	6499	1812	1839
379	10:09:01	60.12	6499	1812	1838
380	10:10:01	60.13	6499	1811	1838
381	10:11:02	60.12	6499	1810	1837
382	10:12:02	60.12	6499	1810	1836
383	10:13:02	60.12	6499	1809	1836
384	10:14:02	60.08	6499	1808	1835
385	10:15:02	60.09	6499	1808	1835
386	10:16:02	60.35	6499	1807	1834
387	10:17:02	60.12	6499	1807	1833
388	10:18:03	60.12	6499	1806	1833
389	10:19:03	60.12	6499	1805	1832
390	10:20:03	60.16	6499	1805	1832
391	10:21:03	60.09	6499	1804	1831
392	10:22:03	60.26	6499	1804	1830
393	10:23:03	60.07	6499	1803	1830
394	10:24:03	60.08	6499	1802	1829
395	10:25:03	60.12	6499	1802	1829
396	10:26:04	60.18	6499	1801	1828
397	10:27:04	60.12	6499	1801	1828
398	10:28:04	60.14	6499	1800	1827
399	10:29:04	60.11	6499	1799	1826
400	10:30:04	60.12	6499	1799	1826
401	10:31:04	60.08	6499	1798	1825
402	10:32:04	60.09	6499	1798	1825
403	10:33:04	60.15	6499	1797	1824
404	10:34:05	60.14	6499	1796	1824
405	10:35:05	60.13	6499	1796	1823
406	10:36:05	60.12	6499	1795	1822
407	10:37:05	60.09	6499	1794	1822
408	10:38:05	60.12	6499	1794	1821
409	10:39:05	60.13	6499	1793	1820
410	10:40:05	60.09	6499	1793	1820
411	10:41:05	60.11	6499	1792	1819
412	10:42:05	60.12	6499	1792	1819
413	10:43:06	60.12	6499	1791	1818
414	10:44:06	60.16	6499	1790	1817
415	10:45:06	60.16	6499	1790	1817
416	10:46:06	60.09	6499	1789	1816
417	10:47:06	60.17	6499	1788	1816
418	10:48:06	60.09	6499	1788	1815
419	10:49:06	60.17	6499	1787	1814
420	10:50:07	60.19	6499	1787	1814
421	10:51:07	60.11	6499	1786	1813
422	10:52:07	60.12	6499	1785	1813
423	10:53:07	60.16	6499	1785	1812
424	10:54:07	60.13	6499	1784	1811
425	10:55:07	60.08	6499	1784	1811
426	10:56:07	35.83	6499	1783	1810
427	10:56:43	60.11	6499	1783	1809
428	10:57:43	60.08	6499	1782	1809
429	10:58:43	10.01	6499	1782	1808
430	10:58:53	60.41	6499	1781	1808
431	10:59:54	60.14	6499	1781	1808
432	11:00:54	60.18	6499	1780	1807
433	11:01:54	60.08	6499	1780	1806
434	11:02:54	60.11	6499	1779	1806
435	11:03:54	60.12	6499	1778	1805
436	11:04:54	60.15	6499	1778	1804
437	11:05:55	60.12	6499	1777	1804
438	11:06:55	60.17	6499	1777	1803
439	11:07:55	60.13	6499	1776	1803
440	11:08:55	60.17	6499	1775	1802
441	11:09:55	60.15	6499	1775	1802
442	11:10:55	60.09	6499	1774	1801
443	11:11:55	60.08	6499	1774	1801
444	11:12:55	60.15	6499	1773	1800
445	11:13:56	60.16	6499	1772	1799
446	11:14:56	60.14	6499	1772	1799
447	11:15:56	60.12	6499	1771	1798
448	11:16:56	60.12	6499	1771	1798
449	11:17:56	60.09	6499	1770	1797
450	11:18:56	60.08	6499	1769	1796
451	11:19:56	60.11	6499	1769	1796
452	11:20:56	60.12	6499	1768	1795
453	11:21:57	60.14	6499	1768	1794
454	11:22:57	60.17	6499	1767	1794
455	11:23:57	60.18	6499	1766	1793
456	11:24:57	60.12	6499	1766	1793
457	11:25:57	60.08	6499	1765	1792
458	11:26:57	60.13	6499	1765	1791
459	11:27:57	60.08	6499	1764	1791
460	11:28:57	60.14	6499	1764	1790
461	11:29:58	60.09	6499	1763	1790
462	11:30:58	60.08	6499	1762	1789
463	11:31:58	60.16	6499	1762	1788
464	11:32:58	60.13	6499	1761	1788
465	11:33:58	16.65	6499	1761	1787
466	11:34:15	60.03	6499	1760	1787
467	11:35:15	60.13	6499	1760	1786
468	11:36:15	60.10	6499	1759	1786
469	11:37:15	60.13	6499	1759	1785
470	11:38:15	60.13	6499	1758	1785
471	11:39:15	60.17	6499	1758	1784
472	11:40:15	60.11	6499	1757	1784
473	11:41:16	60.12	6499	1756	1783
474	11:42:16	60.11	6499	1756	1782
475	11:43:16	60.09	6499	1755	1782
476	11:44:16	60.18	6499	1755	1781
477	11:45:16	60.12	6499	1754	1781
478	11:46:16	60.10	6499	1753	1780
479	11:47:16	60.12	6499	1753	1780
480	11:48:16	60.15	6499	1752	1779
481	11:49:17	60.13	6499	1752	1778
482	11:50:17	60.19	6499	1751	1778
483	11:51:17	60.11	6499	1751	1777
484	11:52:17	60.12	6499	1750	1776
485	11:53:17	60.15	6499	1749	1776
486	11:54:17	60.11	6499	1749	1775
487	11:55:17	60.10	6499	1748	1774
488	11:56:17	60.13	6499	1748	1774
489	11:57:18	60.14	6499	1747	1774
490	11:58:18	60.12	6499	1747	1773
491	11:59:18	60.13	6499	1746	1772
492	12:00:18	60.08	6499	1745	1772
493	12:01:18	60.17	6499	1745	1771
494	12:02:18	60.13	6499	1744	1771
495	12:03:18	60.08	6499	1744	1770
496	12:04:18	60.13	6499	1743	1769
497	12:05:19	60.16	6499	1742	1769
498	12:06:19	60.08	6499	1742	1768
499	12:07:19	60.11	6499	1741	1768
500	12:08:19	60.16	6499	1741	1767
501	12:09:19	60.10	6499	1740	1766
502	12:10:19	60.08	6499	1739	1766
503	12:11:19	60.15	6499	1739	1765
504	12:12:19	60.13	6499	1738	1765
505	12:13:20	60.17	6499	1738	1764
506	12:14:20	60.13	6499	1737	1763
507	12:15:20	60.08	6499	1737	1763
508	12:16:20	60.12	6499	1736	1762
509	12:17:20	60.08	6499	1735	1762
510	12:18:20	60.12	6499	1735	1761
511	12:19:20	38.27	6499	1734	1761
512	12:19:59	14.85	6499	1734	1761
513	12:20:13	60.10	6499	1734	1760
514	12:21:13	60.12	6499	1733	1760
515	12:22:14	60.18	6499	1733	1759
516	12:23:14	60.09	6499	1732	1759
517	12:24:14	60.07	6499	1732	1758
518	12:25:14	60.16	6499	1727	1758
519	12:26:14	42.97	6499	1731	1757
520	12:26:57	14.57	6499	1730	1757
521	12:27:12	60.21	6499	1730	1756
522	12:28:12	60.11	6499	1729	1756
523	12:29:12	60.18	6499	1729	1755
524	12:30:12	60.18	6499	1728	1755
525	12:31:12	60.11	6499	1728	1754
526	12:32:12	60.13	6499	1727	1754
527	12:33:13	60.10	6499	1727	1753
528	12:34:13	60.16	6499	1726	1753
529	12:35:13	60.11	6499	1726	1752
530	12:36:13	60.12	6499	1725	1752
531	12:37:13	60.11	6499	1724	1751
532	12:38:13	60.10	6499	1724	1750
533	12:39:13	60.13	6499	1723	1750
534	12:40:13	60.11	6499	1723	1749
535	12:41:14	60.13	6499	1722	1749
536	12:42:14	60.11	6499	1722	1748
537	12:43:14	60.08	6499	1721	1747
538	12:44:14	60.13	6499	1721	1747
539	12:45:14	60.15	6499	1720	1746
540	12:46:14	34.78	6499	1719	1746
541	12:46:49	15.71	6499	1719	1746
542	12:47:05	60.24	6499	1719	1745
543	12:48:05	60.15	6499	1718	1745
544	12:49:05	60.15	6499	1718	1744
545	12:50:05	60.16	6499	1717	1744
546	12:51:05	60.09	6499	1717	1743
547	12:52:05	60.17	6499	1716	1743
548	12:53:06	60.10	6499	1716	1742
549	12:54:06	60.12	6499	1715	1741
550	12:55:06	60.08	6499	1714	1741
551	12:56:06	10.05	6499	1714	1741
552	12:56:16	60.14	6499	1714	1740
553	12:57:16	60.15	6499	1713	1740
554	12:58:16	60.15	6499	1713	1739
555	12:59:16	60.16	6499	1712	1739
556	13:00:17	60.14	6499	1712	1738
557	13:01:17	60.16	6499	1711	1737
558	13:02:17	60.12	6499	1710	1737
559	13:03:17	60.16	6499	1710	1736
560	13:04:17	60.14	6499	1709	1733
561	13:05:17	60.13	6499	1709	1735
562	13:06:17	60.16	6499	1708	1735
563	13:07:18	60.13	6499	1708	1734
564	13:08:18	60.11	6499	1707	1734
565	13:09:18	60.13	6499	1707	1733
566	13:10:18	60.09	6499	1706	1732
567	13:11:18	60.13	6499	1705	1732
568	13:12:18	60.18	6499	1705	1731
569	13:13:18	60.12	6499	1704	1731
570	13:14:18	60.08	6499	1704	1730
571	13:15:18	60.10	6499	1703	1730
572	13:16:19	60.17	6499	1703	1729
573	13:17:19	60.12	6499	1702	1728
574	13:18:19	60.15	6499	1702	1728
575	13:19:19	33.63	6499	1701	1727
576	13:19:53	60.06	6499	1701	1727
577	13:20:53	60.14	6499	1700	1726
578	13:21:53	60.15	6499	1700	1726
579	13:22:53	60.12	6499	1699	1725
580	13:23:53	60.18	6499	1699	1725
581	13:24:53	60.13	6499	1698	1724
582	13:25:53	60.10	6499	1698	1724
583	13:26:54	60.12	6499	1697	1723
584	13:27:54	60.13	6499	1696	1722
585	13:28:54	60.13	6499	1696	1722
586	13:29:54	60.13	6499	1695	1721
587	13:30:54	16.72	6499	1695	1721
588	13:31:11	60.46	6499	1695	1720
589	13:32:11	60.24	6499	1694	1720
590	13:33:11	60.15	6499	1694	1719
591	13:34:12	51.28	6499	1693	1719
592	13:35:03	60.20	6499	1693	1718
593	13:36:03	10.01	6499	1692	1718
594	13:36:13	60.12	6499	1692	1718
595	13:37:13	60.10	6499	1691	1717
596	13:38:13	60.11	6499	1691	1717
597	13:39:13	60.13	6499	1690	1716
598	13:40:14	60.12	6499	1690	1715
599	13:41:14	60.12	6499	1689	1715
600	13:42:14	60.13	6499	1689	1714
601	13:43:14	60.15	6499	1688	1714
602	13:44:14	60.16	6499	1688	1713
603	13:45:14	60.13	6499	1687	1713
604	13:46:14	60.27	6499	1687	1712
605	13:47:15	60.08	6499	1686	1712
606	13:48:15	60.14	6499	1686	1711
607	13:49:15	60.12	6499	1685	1711
608	13:50:15	60.13	6499	1685	1710
609	13:51:15	60.12	6499	1684	1709
610	13:52:15	60.07	6499	1683	1709
611	13:53:15	60.13	6499	1683	1708
612	13:54:15	60.11	6499	1682	1705
613	13:55:16	60.12	6499	1682	1707
614	13:56:16	60.14	6499	1681	1707
615	13:57:16	60.10	6499	1681	1706
616	13:58:16	60.09	6499	1680	1706
617	13:59:16	60.16	6499	1680	1705
618	14:00:16	60.17	6499	1679	1705
619	14:01:16	60.19	6499	1679	1704
620	14:02:17	60.12	6499	1678	1703
621	14:03:17	60.17	6499	1678	1683
622	14:04:17	60.06	6499	1677	1702
623	14:05:17	60.14	6499	1677	1702
624	14:06:17	60.09	6499	1676	1701
625	14:07:17	10.01	6499	1676	1701
626	14:07:27	10.01	6499	1675	1700
627	14:07:37	60.11	6499	1675	1700
628	14:08:37	60.08	6499	1674	1699
629	14:09:37	60.13	6499	1674	1699
630	14:10:37	60.16	6499	1673	1698
631	14:11:38	60.11	6499	1673	1698
632	14:12:38	60.09	6499	1672	1697
633	14:13:38	60.14	6499	1672	1697
634	14:14:38	60.11	6499	1671	1696
635	14:15:38	60.13	6499	1671	1696
636	14:16:38	60.09	6499	1670	1695
637	14:17:38	60.15	6499	1669	1695
638	14:18:38	60.14	6499	1669	1694
639	14:19:39	60.12	6499	1668	1694
640	14:20:39	60.07	6499	1668	1693
641	14:21:39	60.16	6499	1667	1693
642	14:22:39	60.14	6499	1667	1692
643	14:23:39	60.08	6499	1666	1691
644	14:24:39	60.15	6499	1666	1691
645	14:25:39	60.10	6499	1665	1690
646	14:26:39	60.09	6499	1665	1690
647	14:27:39	60.16	6499	1664	1689
648	14:28:40	60.18	6499	1664	1689
649	14:29:40	60.11	6499	1663	1688
650	14:30:40	60.11	6499	1663	1688
651	14:31:40	60.18	6499	1662	1687
652	14:32:40	60.15	6499	1662	1687
653	14:33:40	60.13	6499	1661	1686
654	14:34:41	60.15	6499	1661	1685
655	14:35:41	60.10	6499	1660	1685
656	14:36:41	60.12	6499	1660	1684
657	14:37:41	60.14	6499	1659	1684
658	14:38:41	60.15	6499	1659	1683
659	14:39:41	60.16	6499	1658	1682
660	14:40:41	60.13	6499	1658	1682
661	14:41:41	60.16	6499	1657	1681
662	14:42:42	60.13	6499	1657	1681
663	14:43:42	60.10	6499	1656	1680
664	14:44:42	60.11	6499	1655	1680
665	14:45:42	60.19	6499	1655	1679
666	14:46:42	60.18	6499	1654	1679
667	14:47:42	60.09	6499	1654	1678
668	14:48:42	60.11	6499	1653	1678
669	14:49:43	60.15	6499	1653	1677
670	14:50:43	60.15	6499	1652	1677
671	14:51:43	60.08	6499	1652	1676
672	14:52:43	60.15	6499	1651	1676
673	14:53:43	60.12	6499	1651	1675
674	14:54:43	60.07	6499	1650	1675
675	14:55:43	60.16	6499	1650	1674
676	14:56:43	49.34	6499	1649	1674
677	14:57:33	60.13	6499	1649	1673
678	14:58:33	27.62	6499	1649	1673
679	14:59:00	43.73	6499	1648	1673
680	14:59:44	36.21	6499	1648	1673
681	15:00:20	15.15	6499	1648	1672
682	15:00:36	60.25	6499	1647	1672
683	15:01:36	60.15	6499	1647	1671
684	15:02:36	60.18	6499	1646	1671
685	15:03:36	60.17	6499	1646	1670
686	15:04:36	60.12	6499	1645	1670
687	15:05:36	60.08	6499	1645	1669
688	15:06:37	60.17	6499	1644	1669
689	15:07:37	60.14	6499	1644	1669
690	15:08:37	60.13	6499	1644	1668
691	15:09:37	60.13	6499	1643	1668
692	15:10:37	60.12	6499	1643	1667
693	15:11:37	60.12	6499	1642	1667
694	15:12:37	60.09	6499	1642	1666
695	15:13:37	60.13	6499	1641	1666
696	15:14:38	60.14	6499	1641	1665
697	15:15:38	60.15	6499	1640	1665
698	15:16:38	60.12	6499	1640	1664
699	15:17:38	60.10	6499	1639	1664
700	15:18:38	60.13	6499	1639	1663
701	15:19:38	60.11	6499	1638	1662
702	15:20:38	60.13	6499	1638	1662
703	15:21:38	60.15	6499	1637	1661
704	15:22:39	60.13	6499	1637	1660
705	15:23:39	60.13	6499	1636	1660
706	15:24:39	60.17	6499	1636	1660
707	15:25:39	50.15	6499	1635	1659
708	15:26:29	60.12	6499	1635	1659
709	15:27:29	60.13	6499	1634	1658
710	15:28:29	60.13	6499	1634	1658
711	15:29:30	60.12	6499	1633	1657
712	15:30:30	60.13	6499	1633	1657
713	15:31:30	60.14	6499	1632	1656
714	15:32:30	60.12	6499	1632	1656
715	15:33:30	60.14	6499	1631	1655
716	15:34:30	60.11	6499	1631	1655
717	15:35:30	60.14	6499	1630	1654
718	15:36:30	60.14	6499	1629	1654
719	15:37:31	60.13	6499	1629	1653
720	15:38:31	60.11	6499	1628	1653
721	15:39:31	60.13	6499	1628	1652
722	15:40:31	60.10	6499	1628	1652
723	15:41:31	60.08	6499	1627	1651
724	15:42:31	60.11	6499	1626	1651
725	15:43:31	60.10	6499	1626	1650
726	15:44:31	60.13	6499	1626	1650
727	15:45:32	60.11	6499	1625	1649
728	15:46:32	60.13	6499	1624	1649
729	15:47:32	60.09	6499	1624	1648
730	15:48:32	60.14	6499	1623	1648
731	15:49:32	60.10	6499	1623	1647
732	15:50:32	60.14	6499	1622	1647
733	15:51:32	60.11	6499	1622	1646
734	15:52:32	60.18	6499	1622	1646
735	15:53:33	10.25	6499	1622	1646
736	15:53:43	10.20	6499	1621	1646
737	15:53:53	60.22	6499	1621	1645
738	15:54:53	60.14	6499	1620	1645
739	15:55:53	60.10	6499	1620	1644
740	15:56:53	60.12	6499	1619	1644
741	15:57:54	60.11	6499	1619	1643
742	15:58:54	60.11	6499	1618	1643
743	15:59:54	60.13	6499	1618	1642
744	16:00:54	60.17	6499	1617	1641
745	16:01:54	60.13	6499	1617	1641
746	16:02:54	60.08	6499	1616	1641
747	16:03:54	60.10	6499	1616	1640
748	16:04:54	60.11	6499	1615	1640
749	16:05:54	60.15	6499	1615	1639
750	16:06:55	60.18	6499	1614	1639
751	16:07:55	60.16	6499	1614	1638
752	16:08:55	60.14	6499	1613	1638
753	16:09:55	29.92	6499	1613	1637
754	16:10:25	14.59	6499	1613	1637
755	16:10:40	60.19	6499	1612	1637
756	16:11:40	60.13	6499	1612	1636
757	16:12:40	60.09	6499	1612	1635
758	16:13:40	60.14	6499	1611	1635
759	16:14:40	60.12	6499	1611	1634
760	16:15:40	60.19	6499	1610	1634
761	16:16:40	60.14	6499	1610	1633
762	16:17:41	60.12	6499	1609	1633
763	16:18:41	60.17	6499	1609	1632
764	16:19:41	60.12	6499	1608	1632
765	16:20:41	60.11	6499	1608	1631
766	16:21:41	60.08	6499	1607	1631
767	16:22:41	60.12	6499	1607	1630
768	16:23:41	60.14	6499	1606	1630
769	16:24:41	60.12	6499	1606	1629
770	16:25:42	60.13	6499	1605	1629
771	16:26:42	22.80	6499	1605	1629
772	16:27:05	60.46	6499	1604	1628
773	16:28:05	60.17	6499	1604	1628
774	16:29:05	60.11	6499	1604	1627
775	16:30:05	60.16	6499	1603	1627
776	16:31:05	60.13	6499	1603	1626
777	16:32:06	60.17	6499	1602	1626
778	16:33:06	60.13	6499	1602	1625
779	16:34:06	60.13	6499	1601	1625
780	16:35:06	60.14	6499	1601	1624
781	16:36:06	60.18	6499	1600	1624
782	16:37:06	60.13	6499	1600	1623
783	16:38:06	60.16	6499	1599	1623
784	16:39:07	60.15	6499	1599	1622
785	16:40:07	60.12	6499	1598	1622
786	16:41:07	60.14	6499	1598	1621
787	16:42:07	60.17	6499	1597	1621
788	16:43:07	60.07	6499	1597	1620
789	16:44:07	60.15	6499	1596	1620
790	16:45:07	60.18	6499	1596	1619
791	16:46:08	60.17	6499	1595	1619
792	16:47:08	60.11	6499	1595	1618
793	16:48:08	60.07	6499	1594	1618
794	16:49:08	60.09	6499	1594	1617
795	16:50:08	60.12	6499	1593	1617
796	16:51:08	60.13	6499	1593	1617
797	16:52:08	60.16	6499	1592	1616
798	16:53:08	33.28	6499	1592	1616
799	16:53:42	42.01	6499	1592	1615
800	16:54:24	60.03	6499	1591	1615
801	16:55:24	60.13	6499	1591	1615
802	16:56:24	60.14	6499	1590	1614
803	16:57:24	60.14	6499	1590	1613
804	16:58:24	60.12	6499	1589	1613
805	16:59:24	60.14	6499	1589	1613
806	17:00:24	60.16	6499	1589	1612
807	17:01:25	60.17	6499	1588	1612
808	17:02:25	60.08	6499	1588	1611
809	17:03:25	60.09	6499	1587	1611
810	17:04:25	60.16	6499	1587	1610
811	17:05:25	60.17	6499	1586	1610
812	17:06:25	60.18	6499	1586	1609
813	17:07:25	60.17	6499	1585	1609
814	17:08:26	60.14	6499	1585	1609
815	17:09:26	10.01	6499	1585	1609
816	17:09:36	23.53	6499	1584	1608
817	17:09:59	60.46	6499	1584	1608
818	17:11:00	60.12	6499	1583	1607
819	17:12:00	60.10	6499	1583	1607
820	17:13:00	60.14	6499	1582	1606
821	17:14:00	60.11	6499	1582	1606
822	17:15:00	60.16	6499	1582	1605
823	17:16:00	60.14	6499	1581	1605
824	17:17:01	60.11	6499	1581	1605
825	17:18:01	60.12	6499	1580	1604
826	17:19:01	60.12	6499	1580	1603
827	17:20:01	60.12	6499	1579	1603
828	17:21:01	60.15	6499	1579	1603
829	17:22:01	59.23	6499	1578	1602
830	17:23:00	31.10	6499	1578	1602
831	17:23:31	31.04	6499	1578	1602
832	17:24:02	60.45	6499	1577	1601
833	17:25:03	60.12	6499	1577	1601
834	17:26:03	60.12	6499	1576	1600
835	17:27:03	60.13	6499	1576	1600
836	17:28:03	60.10	6499	1575	1599
837	17:29:03	60.15	6499	1575	1599
838	17:30:04	60.13	6499	1574	1598
839	17:31:04	60.17	6499	1574	1598
840	17:32:04	60.12	6499	-1	-1
841	17:33:04	60.20	6499	1564	1588
842	17:34:04	36.32	6499	0	0
Created by AtlRunQuery on: 2018-11-22 10:14:28.499690
