LHC beam energy and intensities during run 304008:
(Begin/end of run: Mon Jul 18 2016 08:55:12 − Tue Jul 19, 07:41:23)

LB	   Start time
(CEST)	   Duration
(sec)	   Beam energy
(GeV)	   Intensity Beam-1
(1e11 protons)	   Intensity Beam-2
(1e11 protons)
1	08:55:12	60.12	450	380.3	323.2
2	08:56:12	37.25	450	463.7	395.6
3	08:56:49	60.20	450	533.6	395.7
4	08:57:49	16.51	450	611.1	413
5	08:58:06	21.72	450	611.1	513.9
6	08:58:27	60.06	450	724	558.5
7	08:59:27	60.12	450	826.1	662.6
8	09:00:28	60.13	450	928.5	762.8
9	09:01:28	60.17	450	1031	875.7
10	09:02:28	60.16	450	1134	990.1
11	09:03:28	60.15	450	1233	1085
12	09:04:28	60.13	450	1335	1188
13	09:05:28	60.15	450	1439	1288
14	09:06:28	60.11	450	1554	1391
15	09:07:29	60.17	450	1657	1493
16	09:08:29	60.12	450	1758	1595
17	09:09:29	60.23	450	1862	1697
18	09:10:29	60.08	450	1963	1799
19	09:11:29	60.13	450	2067	1913
20	09:12:29	60.16	450	2171	2014
21	09:13:29	60.09	450	2273	2117
22	09:14:30	60.13	450	2377	2217
23	09:15:30	60.15	450	2482	2320
24	09:16:30	60.07	450	2480	2488
25	09:17:30	60.16	450	2479	2491
26	09:18:30	60.14	450	2478	2490
27	09:19:30	60.16	450	2476	2489
28	09:20:30	60.12	450	2474	2489
29	09:21:30	60.15	450	2472	2488
30	09:22:31	60.14	500	2471	2487
31	09:23:31	60.13	621	2471	2487
32	09:24:31	41.86	810	2471	2487
33	09:25:13	18.05	977	2458	2474
34	09:25:31	16.79	1059	2458	2474
35	09:25:48	60.06	1142	2458	2474
36	09:26:48	26.46	1479	2458	2474
37	09:27:14	60.26	1630	2458	2473
38	09:28:14	60.12	1977	2457	2473
39	09:29:14	60.18	2325	2457	2472
40	09:30:15	60.12	2678	2457	2472
41	09:31:15	60.18	3025	2456	2471
42	09:32:15	60.08	3373	2456	2471
43	09:33:15	60.08	3720	2456	2470
44	09:34:15	60.08	4068	2455	2470
45	09:35:15	60.08	4415	2455	2470
46	09:36:15	60.16	4763	2454	2469
47	09:37:15	60.13	5110	2454	2469
48	09:38:16	60.15	5463	2453	2469
49	09:39:16	60.16	5810	2453	2469
50	09:40:16	60.12	6158	2453	2469
51	09:41:16	33.20	6486	2453	2469
52	09:41:49	16.93	6499	2453	2469
53	09:42:06	60.58	6499	2452	2469
54	09:43:07	60.15	6499	2452	2469
55	09:44:07	60.10	6499	2452	2469
56	09:45:07	60.13	6499	2452	2469
57	09:46:07	60.12	6499	2452	2469
58	09:47:07	60.17	6499	2451	2469
59	09:48:07	60.15	6499	2451	2469
60	09:49:08	60.13	6499	2450	2469
61	09:50:08	60.13	6499	2449	2468
62	09:51:08	60.15	6499	2449	2468
63	09:52:08	60.08	6499	2449	2468
64	09:53:08	60.10	6499	2449	2468
65	09:54:08	60.11	6499	2449	2468
66	09:55:08	60.15	6499	2449	2468
67	09:56:08	60.12	6499	2449	2468
68	09:57:08	60.10	6499	2449	2468
69	09:58:09	60.11	6499	2449	2467
70	09:59:09	60.16	6499	2449	2467
71	10:00:09	60.11	6499	2449	2467
72	10:01:09	60.18	6499	2448	2467
73	10:02:09	60.12	6499	2448	2467
74	10:03:09	28.04	6499	2448	2467
75	10:03:37	60.43	6499	2447	2467
76	10:04:38	60.12	6499	2447	2466
77	10:05:38	60.18	6499	2447	2466
78	10:06:38	60.16	6499	2446	2466
79	10:07:38	60.13	6499	2446	2466
80	10:08:38	37.31	6499	2445	2466
81	10:09:16	14.69	6499	2444	2466
82	10:09:30	60.02	6499	2442	2465
83	10:10:30	60.12	6499	2439	2463
84	10:11:30	60.12	6499	2436	2462
85	10:12:31	60.11	6499	2433	2460
86	10:13:31	60.12	6499	2430	2459
87	10:14:31	60.14	6499	2427	2457
88	10:15:31	60.13	6499	2425	2456
89	10:16:31	10.01	6499	2423	2455
90	10:16:41	60.50	6499	2422	2454
91	10:17:42	60.08	6499	2419	2452
92	10:18:42	60.15	6499	2416	2451
93	10:19:42	60.09	6499	2414	2449
94	10:20:42	60.07	6499	2411	2447
95	10:21:42	60.16	6499	2408	2445
96	10:22:42	60.16	6499	2406	2443
97	10:23:42	60.10	6499	2404	2442
98	10:24:42	13.74	6499	2402	2441
99	10:24:56	14.29	6499	2402	2440
100	10:25:10	60.22	6499	2400	2439
101	10:26:11	60.15	6499	2398	2437
102	10:27:11	60.16	6499	2396	2436
103	10:28:11	21.23	6499	2394	2435
104	10:28:32	60.48	6499	2393	2433
105	10:29:33	60.07	6499	2391	2432
106	10:30:33	60.15	6499	2389	2430
107	10:31:33	59.03	6499	2387	2429
108	10:32:32	19.80	6499	2385	2428
109	10:32:52	60.20	6499	2384	2427
110	10:33:52	60.09	6499	2382	2425
111	10:34:52	60.12	6499	2380	2424
112	10:35:52	60.12	6499	2378	2422
113	10:36:52	60.09	6499	2377	2421
114	10:37:52	60.16	6499	2375	2419
115	10:38:53	60.13	6499	2373	2418
116	10:39:53	60.14	6499	2371	2416
117	10:40:53	60.13	6499	2369	2415
118	10:41:53	60.15	6499	2368	2413
119	10:42:53	60.17	6499	2366	2412
120	10:43:53	60.15	6499	2364	2411
121	10:44:53	60.17	6499	2362	2409
122	10:45:54	60.15	6499	2361	2408
123	10:46:54	60.13	6499	2359	2406
124	10:47:54	60.12	6499	2357	2405
125	10:48:54	60.14	6499	2356	2404
126	10:49:54	60.14	6499	2354	2402
127	10:50:54	60.13	6499	2353	2401
128	10:51:54	60.09	6499	2351	2400
129	10:52:54	60.12	6499	2350	2399
130	10:53:55	60.11	6499	2349	2398
131	10:54:55	60.15	6499	2347	2396
132	10:55:55	60.17	6499	2346	2395
133	10:56:55	60.15	6499	2344	2394
134	10:57:55	60.09	6499	2343	2393
135	10:58:55	60.10	6499	2341	2391
136	10:59:55	60.11	6499	2340	2390
137	11:00:55	60.12	6499	2338	2389
138	11:01:56	60.18	6499	2337	2388
139	11:02:56	60.11	6499	2336	2386
140	11:03:56	60.16	6499	2334	2385
141	11:04:56	60.16	6499	2333	2384
142	11:05:56	60.08	6499	2331	2383
143	11:06:56	60.11	6499	2330	2381
144	11:07:56	60.12	6499	2328	2380
145	11:08:57	60.15	6499	2327	2379
146	11:09:57	60.16	6499	2326	2378
147	11:10:57	60.13	6499	2324	2377
148	11:11:57	60.15	6499	2323	2375
149	11:12:57	60.39	6499	2322	2374
150	11:13:58	60.15	6499	2320	2373
151	11:14:58	60.18	6499	2319	2372
152	11:15:58	60.16	6499	2318	2371
153	11:16:58	60.15	6499	2316	2370
154	11:17:58	60.12	6499	2315	2368
155	11:18:58	60.15	6499	2314	2367
156	11:19:58	60.14	6499	2313	2366
157	11:20:59	60.13	6499	2311	2365
158	11:21:59	19.07	6499	2310	2364
159	11:22:18	40.19	6499	2310	2364
160	11:22:58	60.20	6499	2309	2363
161	11:23:58	60.13	6499	2308	2362
162	11:24:58	60.13	6499	2306	2360
163	11:25:58	31.15	6499	2305	2360
164	11:26:30	42.39	6499	2304	2359
165	11:27:12	60.21	6499	2303	2358
166	11:28:12	60.15	6499	2302	2357
167	11:29:12	60.09	6499	2301	2356
168	11:30:12	60.12	6499	2300	2354
169	11:31:13	60.08	6499	2298	2353
170	11:32:13	60.11	6499	2297	2352
171	11:33:13	60.15	6499	2296	2351
172	11:34:13	56.82	6499	2295	2350
173	11:35:10	37.07	6499	2294	2349
174	11:35:47	60.10	6499	2293	2348
175	11:36:47	60.13	6499	2292	2347
176	11:37:47	60.13	6499	2290	2346
177	11:38:47	60.18	6499	2289	2345
178	11:39:47	60.17	6499	2288	2344
179	11:40:47	60.16	6499	2287	2343
180	11:41:48	60.13	6499	2286	2342
181	11:42:48	60.13	6499	2284	2341
182	11:43:48	60.12	6499	2283	2340
183	11:44:48	60.16	6499	2282	2338
184	11:45:48	60.13	6499	2276	2334
185	11:46:48	60.12	6499	2280	2336
186	11:47:48	60.10	6499	2279	2335
187	11:48:49	60.15	6499	2278	2334
188	11:49:49	60.14	6499	2276	2333
189	11:50:49	60.13	6499	2275	2332
190	11:51:49	60.13	6499	2274	2331
191	11:52:49	60.15	6499	2273	2330
192	11:53:49	60.17	6499	2272	2329
193	11:54:49	60.13	6499	2271	2328
194	11:55:50	60.10	6499	2270	2327
195	11:56:50	10.02	6499	2269	2326
196	11:57:00	60.46	6499	2268	2326
197	11:58:00	60.13	6499	2267	2325
198	11:59:00	60.14	6499	2266	2323
199	12:00:00	60.14	6499	2265	2322
200	12:01:01	60.16	6499	2264	2321
201	12:02:01	60.13	6499	2263	2320
202	12:03:01	60.15	6499	2262	2319
203	12:04:01	60.13	6499	2261	2318
204	12:05:01	60.12	6499	2260	2317
205	12:06:01	60.13	6499	2259	2316
206	12:07:01	60.15	6499	2257	2315
207	12:08:02	60.11	6499	2256	2314
208	12:09:02	60.13	6499	2255	2313
209	12:10:02	47.93	6499	2254	2312
210	12:10:50	14.82	6499	2254	2312
211	12:11:05	60.09	6499	2253	2311
212	12:12:05	60.12	6499	2252	2310
213	12:13:05	60.11	6499	2251	2309
214	12:14:05	60.11	6499	2250	2308
215	12:15:05	60.08	6499	2249	2307
216	12:16:05	60.12	6499	2248	2306
217	12:17:05	10.01	6499	2247	2305
218	12:17:15	60.12	6499	2246	2304
219	12:18:15	60.13	6499	2245	2303
220	12:19:15	60.10	6499	2244	2302
221	12:20:15	60.10	6499	2243	2301
222	12:21:16	60.08	6499	2242	2300
223	12:22:16	60.11	6499	2241	2299
224	12:23:16	60.12	6499	2240	2298
225	12:24:16	60.16	6499	2239	2297
226	12:25:16	41.90	6499	2238	2296
227	12:25:58	42.40	6499	2237	2295
228	12:26:40	60.25	6499	2236	2294
229	12:27:41	60.14	6499	2235	2293
230	12:28:41	60.17	6499	2234	2292
231	12:29:41	60.17	6499	2233	2291
232	12:30:41	60.14	6499	2232	2290
233	12:31:41	60.18	6499	2231	2289
234	12:32:41	60.11	6499	2231	2289
235	12:33:42	10.02	6499	2230	2289
236	12:33:52	10.27	6499	2230	2288
237	12:34:02	60.11	6499	2229	2287
238	12:35:02	60.09	6499	2228	2286
239	12:36:02	60.10	6499	2227	2285
240	12:37:02	60.09	6499	2226	2284
241	12:38:02	60.11	6499	2225	2283
242	12:39:02	60.12	6499	2224	2282
243	12:40:02	60.14	6499	2223	2282
244	12:41:03	34.85	6499	2222	2281
245	12:41:37	59.75	6499	2221	2280
246	12:42:37	60.21	6499	2220	2279
247	12:43:37	60.20	6499	2219	2278
248	12:44:38	60.09	6499	2218	2277
249	12:45:38	60.10	6499	2218	2276
250	12:46:38	10.26	6499	2217	2276
251	12:46:48	60.44	6499	2216	2275
252	12:47:48	60.18	6499	2215	2274
253	12:48:49	60.10	6499	2214	2273
254	12:49:49	60.16	6499	2213	2272
255	12:50:49	60.13	6499	2212	2271
256	12:51:49	60.09	6499	2211	2270
257	12:52:49	60.14	6499	2210	2269
258	12:53:49	60.09	6499	2209	2268
259	12:54:49	60.13	6499	2208	2267
260	12:55:50	60.10	6499	2207	2266
261	12:56:50	60.14	6499	2206	2265
262	12:57:50	60.16	6499	2205	2264
263	12:58:50	60.16	6499	2204	2264
264	12:59:50	60.11	6499	2203	2263
265	13:00:50	60.15	6499	2202	2262
266	13:01:50	60.09	6499	2201	2261
267	13:02:50	40.21	6499	2201	2260
268	13:03:31	41.45	6499	2200	2259
269	13:04:12	60.16	6499	2199	2258
270	13:05:12	60.08	6499	2198	2258
271	13:06:12	60.08	6499	2197	2257
272	13:07:12	60.10	6499	2196	2256
273	13:08:13	60.10	6499	2195	2255
274	13:09:13	60.09	6499	2194	2254
275	13:10:13	60.16	6499	2193	2253
276	13:11:13	60.12	6499	2192	2252
277	13:12:13	60.10	6499	2191	2251
278	13:13:13	60.13	6499	2190	2250
279	13:14:13	60.12	6499	2189	2249
280	13:15:13	60.15	6499	2188	2248
281	13:16:13	60.16	6499	2187	2247
282	13:17:14	60.16	6499	2186	2246
283	13:18:14	60.12	6499	2186	2246
284	13:19:14	19.26	6499	2185	2245
285	13:19:33	60.18	6499	2184	2244
286	13:20:33	60.06	6499	2183	2244
287	13:21:33	46.61	6499	2183	2243
288	13:22:20	13.59	6499	2182	2243
289	13:22:34	60.02	6499	2181	2242
290	13:23:34	60.11	6499	2180	2241
291	13:24:34	60.13	6499	2180	2240
292	13:25:34	60.16	6499	2179	2239
293	13:26:34	60.09	6499	2178	2238
294	13:27:34	60.15	6499	2177	2237
295	13:28:34	60.09	6499	2176	2236
296	13:29:34	60.11	6499	2175	2235
297	13:30:34	60.15	6499	2174	2235
298	13:31:35	47.13	6499	2174	2234
299	13:32:22	42.61	6499	2173	2233
300	13:33:04	60.07	6499	2172	2232
301	13:34:04	60.11	6499	2171	2231
302	13:35:05	60.09	6499	2165	2226
303	13:36:05	56.12	6499	2169	2230
304	13:37:01	60.13	6499	2169	2229
305	13:38:01	10.01	6499	2168	2229
306	13:38:11	60.16	6499	2167	2228
307	13:39:11	60.16	6499	2166	2227
308	13:40:11	60.20	6499	2165	2226
309	13:41:11	60.08	6499	2164	2225
310	13:42:12	60.08	6499	2163	2224
311	13:43:12	60.12	6499	2162	2223
312	13:44:12	60.09	6499	2161	2222
313	13:45:12	60.17	6499	2160	2221
314	13:46:12	60.13	6499	2159	2220
315	13:47:12	60.15	6499	2159	2220
316	13:48:12	43.76	6499	2158	2219
317	13:48:56	60.51	6499	2157	2218
318	13:49:57	11.43	6499	2157	2218
319	13:50:08	60.43	6499	2156	2217
320	13:51:08	60.08	6499	2155	2216
321	13:52:08	60.13	6499	2154	2215
322	13:53:09	60.14	6499	2153	2214
323	13:54:09	60.16	6499	2152	2213
324	13:55:09	60.10	6499	2151	2213
325	13:56:09	60.11	6499	2150	2212
326	13:57:09	60.14	6499	2149	2211
327	13:58:09	60.10	6499	2148	2210
328	13:59:09	60.11	6499	2147	2209
329	14:00:09	60.13	6499	2147	2208
330	14:01:10	60.13	6499	2146	2207
331	14:02:10	60.14	6499	2145	2206
332	14:03:10	60.15	6499	2144	2206
333	14:04:10	60.15	6499	2143	2205
334	14:05:10	60.17	6499	2142	2204
335	14:06:10	60.13	6499	2141	2203
336	14:07:10	60.11	6499	2140	2202
337	14:08:11	60.09	6499	2139	2201
338	14:09:11	60.15	6499	2138	2200
339	14:10:11	60.17	6499	2137	2199
340	14:11:11	60.09	6499	2137	2198
341	14:12:11	60.07	6499	2136	2198
342	14:13:11	60.08	6499	2135	2197
343	14:14:11	10.02	6499	2135	2197
344	14:14:21	60.42	6499	2134	2196
345	14:15:22	23.79	6499	2133	2195
346	14:15:45	60.48	6499	2133	2195
347	14:16:46	60.08	6499	2132	2194
348	14:17:46	60.17	6499	2131	2193
349	14:18:46	60.17	6499	2130	2192
350	14:19:46	60.12	6499	2129	2191
351	14:20:46	60.06	6499	2128	2190
352	14:21:47	60.12	6499	2127	2190
353	14:22:47	28.56	6499	2127	2189
354	14:23:15	60.14	6499	2126	2188
355	14:24:15	60.13	6499	2125	2187
356	14:25:15	37.39	6499	2124	2187
357	14:25:53	60.08	6499	2124	2186
358	14:26:53	60.10	6499	2123	2185
359	14:27:53	60.13	6499	2122	2184
360	14:28:53	60.11	6499	2121	2183
361	14:29:53	23.74	6499	2121	2183
362	14:30:17	60.20	6499	2120	2182
363	14:31:17	10.02	6499	2120	2182
364	14:31:27	60.14	6499	2119	2181
365	14:32:27	60.08	6499	2118	2180
366	14:33:27	60.08	6499	2117	2179
367	14:34:28	60.14	6499	2116	2178
368	14:35:28	60.16	6499	2115	2178
369	14:36:28	60.15	6499	2114	2177
370	14:37:28	60.14	6499	2114	2176
371	14:38:28	60.13	6499	2113	2175
372	14:39:28	60.12	6499	2112	2174
373	14:40:28	60.15	6499	2111	2173
374	14:41:29	60.11	6499	2110	2172
375	14:42:29	60.16	6499	2109	2172
376	14:43:29	60.09	6499	2108	2171
377	14:44:29	60.13	6499	2108	2170
378	14:45:29	60.15	6499	2107	2169
379	14:46:29	60.14	6499	2106	2168
380	14:47:29	60.11	6499	2105	2167
381	14:48:29	60.12	6499	2104	2167
382	14:49:30	60.11	6499	2103	2166
383	14:50:30	60.25	6499	2102	2165
384	14:51:30	60.11	6499	2101	2164
385	14:52:30	60.15	6499	2100	2163
386	14:53:30	60.14	6499	2099	2162
387	14:54:30	60.12	6499	2098	2162
388	14:55:30	60.13	6499	2097	2161
389	14:56:31	60.12	6499	2097	2160
390	14:57:31	60.13	6499	2096	2159
391	14:58:31	60.15	6499	2095	2158
392	14:59:31	60.13	6499	2094	2157
393	15:00:31	60.13	6499	2093	2156
394	15:01:31	60.15	6499	2092	2156
395	15:02:31	60.17	6499	2092	2155
396	15:03:32	60.11	6499	2091	2154
397	15:04:32	60.14	6499	2090	2153
398	15:05:32	60.16	6499	2089	2152
399	15:06:32	60.09	6499	2088	2152
400	15:07:32	60.15	6499	2087	2151
401	15:08:32	60.13	6499	2086	2150
402	15:09:32	60.11	6499	2085	2149
403	15:10:32	60.11	6499	2085	2148
404	15:11:33	60.09	6499	2084	2147
405	15:12:33	60.10	6499	2083	2147
406	15:13:33	60.13	6499	2082	2146
407	15:14:33	60.22	6499	2081	2145
408	15:15:33	60.13	6499	2080	2144
409	15:16:33	60.13	6499	2080	2143
410	15:17:33	60.11	6499	2079	2143
411	15:18:34	60.14	6499	2078	2142
412	15:19:34	60.11	6499	2077	2141
413	15:20:34	60.13	6499	2076	2140
414	15:21:34	32.79	6499	2076	2140
415	15:22:07	60.19	6499	2075	2139
416	15:23:07	60.18	6499	2074	2138
417	15:24:07	60.09	6499	2073	2137
418	15:25:07	60.18	6499	2072	2137
419	15:26:07	28.07	6499	2072	2136
420	15:26:35	60.40	6499	2071	2135
421	15:27:36	31.42	6499	2071	2135
422	15:28:07	57.90	6499	2070	2134
423	15:29:05	60.24	6499	2069	2133
424	15:30:05	60.12	6499	2068	2133
425	15:31:05	60.14	6499	2067	2132
426	15:32:06	60.12	6499	2067	2131
427	15:33:06	60.16	6499	2066	2130
428	15:34:06	60.15	6499	2065	2129
429	15:35:06	60.17	6499	2064	2129
430	15:36:06	60.12	6499	2063	2128
431	15:37:06	60.18	6499	2063	2127
432	15:38:07	60.14	6499	2062	2126
433	15:39:07	60.09	6499	2061	2125
434	15:40:07	60.11	6499	2060	2125
435	15:41:07	60.13	6499	2059	2124
436	15:42:07	60.10	6499	2058	2123
437	15:43:07	60.09	6499	2058	2122
438	15:44:07	60.13	6499	2057	2121
439	15:45:07	60.12	6499	2056	2121
440	15:46:07	60.16	6499	2055	2120
441	15:47:08	60.18	6499	2054	2119
442	15:48:08	60.12	6499	2054	2118
443	15:49:08	60.13	6499	2053	2118
444	15:50:08	19.72	6499	2053	2118
445	15:50:28	14.09	6499	2052	2117
446	15:50:42	60.15	6499	2051	2116
447	15:51:42	60.12	6499	2051	2116
448	15:52:42	60.17	6499	2050	2115
449	15:53:42	60.14	6499	2049	2114
450	15:54:42	60.12	6499	2048	2113
451	15:55:43	60.13	6499	2047	2112
452	15:56:43	60.10	6499	2046	2112
453	15:57:43	60.13	6499	2046	2111
454	15:58:43	60.11	6499	2045	2110
455	15:59:43	60.09	6499	2044	2109
456	16:00:43	60.12	6499	2043	2108
457	16:01:43	60.13	6499	2042	2108
458	16:02:43	60.16	6499	2042	2107
459	16:03:44	60.09	6499	2041	2106
460	16:04:44	60.15	6499	2040	2105
461	16:05:44	60.14	6499	2039	2104
462	16:06:44	60.13	6499	2038	2104
463	16:07:44	60.18	6499	2037	2103
464	16:08:44	60.14	6499	2037	2102
465	16:09:44	60.12	6499	2036	2101
466	16:10:44	60.15	6499	2035	2100
467	16:11:45	60.10	6499	2034	2100
468	16:12:45	60.12	6499	2033	2099
469	16:13:45	60.14	6499	2033	2098
470	16:14:45	60.13	6499	2032	2097
471	16:15:45	60.14	6499	2031	2096
472	16:16:45	60.13	6499	2030	2096
473	16:17:45	60.20	6499	2029	2095
474	16:18:46	60.16	6499	2029	2094
475	16:19:46	60.09	6499	2028	2093
476	16:20:46	60.09	6499	2027	2092
477	16:21:46	60.07	6499	2026	2092
478	16:22:46	60.15	6499	2025	2091
479	16:23:46	60.12	6499	2025	2090
480	16:24:46	19.65	6499	2024	2090
481	16:25:06	51.26	6499	2024	2089
482	16:25:57	60.09	6499	2023	2088
483	16:26:57	60.13	6499	2022	2088
484	16:27:57	60.15	6499	2021	2087
485	16:28:58	60.08	6499	2020	2086
486	16:29:58	60.08	6499	2020	2085
487	16:30:58	60.18	6499	2019	2085
488	16:31:58	60.14	6499	2018	2084
489	16:32:58	60.13	6499	2017	2083
490	16:33:58	60.09	6499	2016	2082
491	16:34:58	60.09	6499	2016	2081
492	16:35:58	60.16	6499	2015	2081
493	16:36:58	60.16	6499	2014	2080
494	16:37:59	60.18	6499	2013	2079
495	16:38:59	60.10	6499	2012	2078
496	16:39:59	60.10	6499	2012	2078
497	16:40:59	60.12	6499	2011	2077
498	16:41:59	60.08	6499	2010	2076
499	16:42:59	60.13	6499	2009	2075
500	16:43:59	14.68	6499	2009	2075
501	16:44:14	60.47	6499	2008	2074
502	16:45:14	60.13	6499	2007	2073
503	16:46:15	60.15	6499	2007	2073
504	16:47:15	60.11	6499	2006	2072
505	16:48:15	60.16	6499	2005	2071
506	16:49:15	60.13	6499	2004	2070
507	16:50:15	60.13	6499	2003	2069
508	16:51:15	60.16	6499	2003	2069
509	16:52:15	60.12	6499	2002	2068
510	16:53:16	60.13	6499	2001	2067
511	16:54:16	15.37	6499	2001	2067
512	16:54:31	14.44	6499	2001	2067
513	16:54:45	60.17	6499	2000	2066
514	16:55:46	60.08	6499	1999	2065
515	16:56:46	60.10	6499	1998	2065
516	16:57:46	60.12	6499	1998	2064
517	16:58:46	60.09	6499	1997	2063
518	16:59:46	60.13	6499	1996	2062
519	17:00:46	60.13	6499	1995	2062
520	17:01:46	60.12	6499	1995	2061
521	17:02:46	60.08	6499	1994	2060
522	17:03:46	60.10	6499	1993	2059
523	17:04:47	60.13	6499	1992	2058
524	17:05:47	60.15	6499	1991	2058
525	17:06:47	60.17	6499	1991	2057
526	17:07:47	60.12	6499	1990	2056
527	17:08:47	60.12	6499	1989	2055
528	17:09:47	60.13	6499	1988	2055
529	17:10:47	60.12	6499	1987	2054
530	17:11:48	60.17	6499	1987	2053
531	17:12:48	60.13	6499	1986	2052
532	17:13:48	60.11	6499	1985	2052
533	17:14:48	60.07	6499	1984	2051
534	17:15:48	60.13	6499	1984	2050
535	17:16:48	60.11	6499	1983	2049
536	17:17:48	60.17	6499	1982	2049
537	17:18:48	60.14	6499	1981	2048
538	17:19:49	60.07	6499	1980	2047
539	17:20:49	60.13	6499	1980	2046
540	17:21:49	60.09	6499	1979	2046
541	17:22:49	60.13	6499	1978	2045
542	17:23:49	60.13	6499	1977	2044
543	17:24:49	60.08	6499	1977	2043
544	17:25:49	60.10	6499	1976	2043
545	17:26:49	60.13	6499	1975	2042
546	17:27:49	60.16	6499	1974	2041
547	17:28:50	60.14	6499	1973	2040
548	17:29:50	60.13	6499	1972	2040
549	17:30:50	60.15	6499	1972	2039
550	17:31:50	60.14	6499	1971	2038
551	17:32:50	60.16	6499	1970	2037
552	17:33:50	60.14	6499	1969	2036
553	17:34:50	60.12	6499	1969	2036
554	17:35:51	60.13	6499	1968	2035
555	17:36:51	60.16	6499	1967	2034
556	17:37:51	60.08	6499	1966	2033
557	17:38:51	60.08	6499	1965	2033
558	17:39:51	60.08	6499	1965	2032
559	17:40:51	60.07	6499	1964	2031
560	17:41:51	60.14	6499	1963	2030
561	17:42:51	60.10	6499	1962	2030
562	17:43:51	60.13	6499	1962	2029
563	17:44:52	10.06	6499	1962	2029
564	17:45:02	60.12	6499	1958	2028
565	17:46:02	60.11	6499	1960	2027
566	17:47:02	60.13	6499	1959	2027
567	17:48:02	60.11	6499	1958	2026
568	17:49:02	60.13	6499	1958	2025
569	17:50:02	60.12	6499	1957	2024
570	17:51:02	60.09	6499	1956	2024
571	17:52:02	60.14	6499	1955	2023
572	17:53:03	60.12	6499	1954	2022
573	17:54:03	60.15	6499	1954	2022
574	17:55:03	60.13	6499	1953	2021
575	17:56:03	28.83	6499	1953	2021
576	17:56:32	14.69	6499	1953	2020
577	17:56:46	24.12	6499	1952	2020
578	17:57:11	60.09	6499	1951	2019
579	17:58:11	60.13	6499	1951	2018
580	17:59:11	60.16	6499	1950	2018
581	18:00:11	60.13	6499	1949	2017
582	18:01:11	60.13	6499	1948	2016
583	18:02:11	60.16	6499	1948	2016
584	18:03:11	60.13	6499	1947	2015
585	18:04:11	60.09	6499	1946	2014
586	18:05:12	60.11	6499	1945	2013
587	18:06:12	60.14	6499	1944	2013
588	18:07:12	60.15	6499	1944	2012
589	18:08:12	60.09	6499	1943	2011
590	18:09:12	60.10	6499	1942	2010
591	18:10:12	60.11	6499	1941	2009
592	18:11:12	10.01	6499	1941	2009
593	18:11:22	60.41	6499	1940	2008
594	18:12:23	60.16	6499	1939	2007
595	18:13:23	60.11	6499	1938	2007
596	18:14:23	60.15	6499	1938	2006
597	18:15:23	60.11	6499	1937	2005
598	18:16:23	60.08	6499	1936	2004
599	18:17:23	60.16	6499	1935	2004
600	18:18:23	60.08	6499	1935	2003
601	18:19:24	60.08	6499	1934	2002
602	18:20:24	60.11	6499	1933	2001
603	18:21:24	60.13	6499	1932	2001
604	18:22:24	60.13	6499	1932	2000
605	18:23:24	60.10	6499	1927	1999
606	18:24:24	60.10	6499	1930	1998
607	18:25:24	60.16	6499	1930	1998
608	18:26:24	60.11	6499	1929	1997
609	18:27:24	60.15	6499	1928	1996
610	18:28:25	60.12	6499	1927	1996
611	18:29:25	60.12	6499	1927	1995
612	18:30:25	60.10	6499	1926	1994
613	18:31:25	60.16	6499	1925	1993
614	18:32:25	60.13	6499	1924	1993
615	18:33:25	60.19	6499	1924	1992
616	18:34:25	60.16	6499	1923	1991
617	18:35:26	60.15	6499	1922	1990
618	18:36:26	60.12	6499	1921	1990
619	18:37:26	60.10	6499	1921	1989
620	18:38:26	60.11	6499	1920	1988
621	18:39:26	60.12	6499	1919	1988
622	18:40:26	60.18	6499	1919	1987
623	18:41:26	60.14	6499	1918	1986
624	18:42:27	60.12	6499	1917	1985
625	18:43:27	60.13	6499	1916	1985
626	18:44:27	60.16	6499	1916	1984
627	18:45:27	60.11	6499	1915	1983
628	18:46:27	60.13	6499	1914	1983
629	18:47:27	60.14	6499	1914	1982
630	18:48:27	60.13	6499	1913	1981
631	18:49:27	60.14	6499	1912	1980
632	18:50:28	60.15	6499	1911	1980
633	18:51:28	60.11	6499	1911	1979
634	18:52:28	60.14	6499	1910	1978
635	18:53:28	60.13	6499	1909	1977
636	18:54:28	60.11	6499	1908	1977
637	18:55:28	60.14	6499	1907	1976
638	18:56:28	60.16	6499	1907	1975
639	18:57:29	60.09	6499	1906	1974
640	18:58:29	10.02	6499	1906	1974
641	18:58:39	59.40	6499	1905	1973
642	18:59:38	60.13	6499	1904	1972
643	19:00:38	60.15	6499	1903	1972
644	19:01:38	60.16	6499	1903	1971
645	19:02:38	60.12	6499	1902	1970
646	19:03:39	60.18	6499	1901	1969
647	19:04:39	60.13	6499	1900	1969
648	19:05:39	60.16	6499	1900	1968
649	19:06:39	60.11	6499	1899	1967
650	19:07:39	60.09	6499	1898	1967
651	19:08:39	60.14	6499	1897	1966
652	19:09:39	60.18	6499	1897	1965
653	19:10:40	60.17	6499	1896	1965
654	19:11:40	60.12	6499	1895	1964
655	19:12:40	60.16	6499	1895	1963
656	19:13:40	60.14	6499	1894	1962
657	19:14:40	60.17	6499	1893	1962
658	19:15:40	60.13	6499	1892	1961
659	19:16:40	60.12	6499	1892	1960
660	19:17:41	60.09	6499	1891	1960
661	19:18:41	60.22	6499	1890	1959
662	19:19:41	60.16	6499	1890	1958
663	19:20:41	60.09	6499	1889	1958
664	19:21:41	60.11	6499	1888	1957
665	19:22:41	60.10	6499	1888	1956
666	19:23:41	60.12	6499	1887	1956
667	19:24:41	60.13	6499	1886	1955
668	19:25:42	60.13	6499	1885	1954
669	19:26:42	60.16	6499	1885	1953
670	19:27:42	60.12	6499	1884	1953
671	19:28:42	60.09	6499	1883	1952
672	19:29:42	60.12	6499	1883	1951
673	19:30:42	60.15	6499	1882	1951
674	19:31:42	60.17	6499	1881	1950
675	19:32:43	60.10	6499	1881	1949
676	19:33:43	60.15	6499	1880	1949
677	19:34:43	60.15	6499	1879	1948
678	19:35:43	60.13	6499	1878	1947
679	19:36:43	60.13	6499	1878	1947
680	19:37:43	60.11	6499	1878	1946
681	19:38:43	60.11	6499	1877	1946
682	19:39:43	15.18	6499	1876	1945
683	19:39:59	61.02	6499	1875	1944
684	19:41:00	60.55	6499	1875	1944
685	19:42:00	60.70	6499	1874	1943
686	19:43:01	60.58	6499	1873	1942
687	19:44:01	60.33	6499	1873	1942
688	19:45:02	60.82	6499	1872	1941
689	19:46:03	60.52	6499	1871	1940
690	19:47:03	60.18	6499	1871	1939
691	19:48:03	60.10	6499	1870	1939
692	19:49:03	60.08	6499	1869	1938
693	19:50:04	60.16	6499	1868	1937
694	19:51:04	60.13	6499	1868	1937
695	19:52:04	60.12	6499	1867	1936
696	19:53:04	60.14	6499	1866	1935
697	19:54:04	60.13	6499	1866	1935
698	19:55:04	60.12	6499	1865	1934
699	19:56:04	60.11	6499	1856	1933
700	19:57:04	60.12	6499	1864	1933
701	19:58:05	60.09	6499	1863	1932
702	19:59:05	50.90	6499	1863	1932
703	19:59:56	15.52	6499	1862	1931
704	20:00:11	60.12	6499	1861	1931
705	20:01:11	60.15	6499	1861	1930
706	20:02:11	60.36	6499	1860	1929
707	20:03:12	60.48	6499	1859	1928
708	20:04:12	60.81	6499	1859	1928
709	20:05:13	60.14	6499	1858	1927
710	20:06:13	60.16	6499	1857	1926
711	20:07:13	60.13	6499	1857	1926
712	20:08:13	43.84	6499	1856	1925
713	20:08:57	60.07	6499	1855	1924
714	20:09:57	10.06	6499	1854	1924
715	20:10:07	60.12	6499	1854	1923
716	20:11:07	60.17	6499	1853	1922
717	20:12:08	60.10	6499	1852	1922
718	20:13:08	60.16	6499	1852	1921
719	20:14:08	60.10	6499	1851	1920
720	20:15:08	60.07	6499	1850	1920
721	20:16:08	60.18	6499	1850	1919
722	20:17:08	60.12	6499	1849	1918
723	20:18:08	60.14	6499	1848	1918
724	20:19:09	60.15	6499	1848	1917
725	20:20:09	60.09	6499	1847	1916
726	20:21:09	60.12	6499	1846	1916
727	20:22:09	60.10	6499	1846	1915
728	20:23:09	60.10	6499	1845	1915
729	20:24:09	60.10	6499	1845	1914
730	20:25:09	59.12	6499	1844	1913
731	20:26:08	14.70	6499	1843	1913
732	20:26:23	10.14	6499	1843	1912
733	20:26:33	60.10	6499	1842	1912
734	20:27:33	60.18	6499	1842	1912
735	20:28:33	60.14	6499	1841	1911
736	20:29:34	60.13	6499	1841	1910
737	20:30:34	24.26	6499	1840	1910
738	20:30:58	14.26	6499	1839	1909
739	20:31:12	60.18	6499	1839	1908
740	20:32:12	60.09	6499	1838	1908
741	20:33:13	60.17	6499	1838	1908
742	20:34:13	60.11	6499	1837	1907
743	20:35:13	60.13	6499	1837	1906
744	20:36:13	60.11	6499	1836	1905
745	20:37:13	12.39	6499	1835	1905
746	20:37:25	60.25	6499	1835	1904
747	20:38:26	60.13	6499	1834	1903
748	20:39:26	60.14	6499	1833	1903
749	20:40:26	60.09	6499	1833	1902
750	20:41:26	60.16	6499	1832	1901
751	20:42:26	60.18	6499	1831	1901
752	20:43:26	60.15	6499	1831	1900
753	20:44:27	60.10	6499	1830	1900
754	20:45:27	60.11	6499	1830	1900
755	20:46:27	60.14	6499	1829	1899
756	20:47:27	60.14	6499	1829	1898
757	20:48:27	60.14	6499	1828	1898
758	20:49:27	19.87	6499	1827	1897
759	20:49:47	21.23	6499	1827	1896
760	20:50:08	60.11	6499	1823	1891
761	20:51:08	60.10	6499	1826	1895
762	20:52:08	60.16	6499	1825	1894
763	20:53:09	60.14	6499	1824	1894
764	20:54:09	60.12	6499	1824	1894
765	20:55:09	60.07	6499	1823	1893
766	20:56:09	60.13	6499	1823	1892
767	20:57:09	60.09	6499	1822	1892
768	20:58:09	10.26	6499	1821	1891
769	20:58:19	13.65	6499	1821	1890
770	20:58:33	60.03	6499	1820	1890
771	20:59:33	60.13	6499	1819	1889
772	21:00:33	60.09	6499	1819	1888
773	21:01:33	60.12	6499	1818	1888
774	21:02:33	60.07	6499	1817	1887
775	21:03:34	60.17	6499	1817	1886
776	21:04:34	60.09	6499	1816	1886
777	21:05:34	60.12	6499	1815	1885
778	21:06:34	60.10	6499	1815	1884
779	21:07:34	60.16	6499	1814	1884
780	21:08:34	60.18	6499	1813	1883
781	21:09:34	60.13	6499	1813	1883
782	21:10:35	60.16	6499	1812	1882
783	21:11:35	60.11	6499	1811	1881
784	21:12:35	60.16	6499	1811	1881
785	21:13:35	60.11	6499	1810	1880
786	21:14:35	60.12	6499	1809	1879
787	21:15:35	60.15	6499	1809	1879
788	21:16:35	60.16	6499	1808	1878
789	21:17:35	60.10	6499	1807	1878
790	21:18:36	60.12	6499	1807	1877
791	21:19:36	60.11	6499	1806	1876
792	21:20:36	60.11	6499	1805	1876
793	21:21:36	60.10	6499	1805	1875
794	21:22:36	60.14	6499	1804	1874
795	21:23:36	60.17	6499	1803	1874
796	21:24:36	60.22	6499	1803	1873
797	21:25:37	60.16	6499	1802	1872
798	21:26:37	60.17	6499	1802	1872
799	21:27:37	60.08	6499	1801	1871
800	21:28:37	60.11	6499	1800	1870
801	21:29:37	60.09	6499	1800	1870
802	21:30:37	60.13	6499	1799	1869
803	21:31:37	60.09	6499	1798	1869
804	21:32:37	60.13	6499	1798	1868
805	21:33:37	60.10	6499	1797	1867
806	21:34:38	60.14	6499	1796	1867
807	21:35:38	60.12	6499	1796	1866
808	21:36:38	60.10	6499	1795	1866
809	21:37:38	60.09	6499	1794	1865
810	21:38:38	60.15	6499	1794	1864
811	21:39:38	60.13	6499	1793	1864
812	21:40:38	60.12	6499	1792	1863
813	21:41:38	60.11	6499	1792	1862
814	21:42:39	60.14	6499	1791	1862
815	21:43:39	60.11	6499	1791	1861
816	21:44:39	60.11	6499	1790	1860
817	21:45:39	60.10	6499	1789	1860
818	21:46:39	60.11	6499	1789	1859
819	21:47:39	60.14	6499	1788	1859
820	21:48:39	60.13	6499	1787	1858
821	21:49:39	60.13	6499	1787	1857
822	21:50:40	60.16	6499	1786	1857
823	21:51:40	60.17	6499	1786	1856
824	21:52:40	60.16	6499	1785	1856
825	21:53:40	60.11	6499	1785	1855
826	21:54:40	60.13	6499	1784	1855
827	21:55:40	60.09	6499	1783	1854
828	21:56:40	60.15	6499	1783	1854
829	21:57:40	60.08	6499	1782	1853
830	21:58:41	60.13	6499	1782	1852
831	21:59:41	10.01	6499	1781	1852
832	21:59:51	60.44	6499	1780	1851
833	22:00:51	60.12	6499	1780	1850
834	22:01:51	60.12	6499	1779	1850
835	22:02:51	60.15	6499	1778	1849
836	22:03:52	60.18	6499	1778	1849
837	22:04:52	60.17	6499	1777	1848
838	22:05:52	60.19	6499	1777	1847
839	22:06:52	60.14	6499	1776	1847
840	22:07:52	60.15	6499	1775	1846
841	22:08:52	60.14	6499	1775	1846
842	22:09:53	60.08	6499	1774	1845
843	22:10:53	60.16	6499	1773	1844
844	22:11:53	60.10	6499	1773	1844
845	22:12:53	60.17	6499	1772	1843
846	22:13:53	60.16	6499	1772	1843
847	22:14:53	60.16	6499	1771	1842
848	22:15:53	60.15	6499	1770	1841
849	22:16:53	60.11	6499	1770	1841
850	22:17:54	60.08	6499	1769	1840
851	22:18:54	60.16	6499	1769	1840
852	22:19:54	60.12	6499	1768	1839
853	22:20:54	60.14	6499	1768	1839
854	22:21:54	60.11	6499	1767	1838
855	22:22:54	60.14	6499	1766	1837
856	22:23:54	60.10	6499	1766	1837
857	22:24:54	60.16	6499	1765	1836
858	22:25:55	60.15	6499	1765	1836
859	22:26:55	60.14	6499	1764	1835
860	22:27:55	60.09	6499	1763	1834
861	22:28:55	60.15	6499	1763	1834
862	22:29:55	60.14	6499	1762	1833
863	22:30:55	60.12	6499	1761	1833
864	22:31:55	60.14	6499	1761	1832
865	22:32:56	60.14	6499	1760	1831
866	22:33:56	60.13	6499	1760	1831
867	22:34:56	60.15	6499	1759	1830
868	22:35:56	60.12	6499	1758	1829
869	22:36:56	60.11	6499	1758	1829
870	22:37:56	60.12	6499	1757	1828
871	22:38:56	60.15	6499	1756	1828
872	22:39:56	60.14	6499	1756	1827
873	22:40:57	60.08	6499	1755	1826
874	22:41:57	60.17	6499	1755	1826
875	22:42:57	60.16	6499	1754	1825
876	22:43:57	60.08	6499	1753	1825
877	22:44:57	60.11	6499	1753	1824
878	22:45:57	60.17	6499	1752	1823
879	22:46:57	60.09	6499	1752	1823
880	22:47:57	60.16	6499	1751	1822
881	22:48:58	60.11	6499	1750	1822
882	22:49:58	60.13	6499	1750	1821
883	22:50:58	60.11	6499	1749	1820
884	22:51:58	60.11	6499	1748	1820
885	22:52:58	60.12	6499	1748	1819
886	22:53:58	60.10	6499	1747	1819
887	22:54:58	60.17	6499	1747	1818
888	22:55:58	60.09	6499	1746	1817
889	22:56:59	60.11	6499	1745	1817
890	22:57:59	60.18	6499	1745	1816
891	22:58:59	60.07	6499	1744	1816
892	22:59:59	60.10	6499	1744	1815
893	23:00:59	60.08	6499	1743	1814
894	23:01:59	60.08	6499	1742	1814
895	23:02:59	60.13	6499	1742	1813
896	23:03:59	60.13	6499	1741	1813
897	23:04:59	60.15	6499	1741	1812
898	23:06:00	60.09	6499	1740	1812
899	23:07:00	60.12	6499	1740	1811
900	23:08:00	60.15	6499	1739	1810
901	23:09:00	36.51	6499	1738	1810
902	23:09:36	60.19	6499	1738	1809
903	23:10:37	60.15	6499	1737	1809
904	23:11:37	60.18	6499	1737	1808
905	23:12:37	60.13	6499	1736	1808
906	23:13:37	60.14	6499	1736	1807
907	23:14:37	60.13	6499	1735	1807
908	23:15:37	60.14	6499	1735	1806
909	23:16:38	60.17	6499	1734	1805
910	23:17:38	60.14	6499	1733	1805
911	23:18:38	24.76	6499	1733	1804
912	23:19:03	60.18	6499	1732	1804
913	23:20:03	60.09	6499	1732	1803
914	23:21:03	60.12	6499	1731	1802
915	23:22:03	60.16	6499	1731	1802
916	23:23:03	60.18	6499	1730	1801
917	23:24:03	60.09	6499	1730	1801
918	23:25:03	60.08	6499	1729	1800
919	23:26:04	60.19	6499	1728	1800
920	23:27:04	60.13	6499	1728	1800
921	23:28:04	31.33	6499	1728	1799
922	23:28:35	60.11	6499	1727	1799
923	23:29:35	60.15	6499	1727	1798
924	23:30:35	60.08	6499	1726	1798
925	23:31:35	27.93	6499	1726	1797
926	23:32:03	60.05	6499	1725	1796
927	23:33:03	10.01	6499	1724	1796
928	23:33:13	60.13	6499	1724	1795
929	23:34:14	60.11	6499	1723	1795
930	23:35:14	60.13	6499	1723	1794
931	23:36:14	60.12	6499	1722	1794
932	23:37:14	60.17	6499	1722	1793
933	23:38:14	60.12	6499	1721	1793
934	23:39:14	60.11	6499	1720	1792
935	23:40:14	60.07	6499	1720	1791
936	23:41:14	60.12	6499	1719	1791
937	23:42:15	60.16	6499	1719	1790
938	23:43:15	40.10	6499	1718	1790
939	23:43:55	60.35	6499	1717	1789
940	23:44:55	60.13	6499	1717	1788
941	23:45:55	60.12	6499	1716	1788
942	23:46:55	60.09	6499	1716	1787
943	23:47:55	60.13	6499	1715	1787
944	23:48:56	60.12	6499	1715	1786
945	23:49:56	60.19	6499	1714	1786
946	23:50:56	60.12	6499	1713	1785
947	23:51:56	60.16	6499	1713	1784
948	23:52:56	60.15	6499	1712	1784
949	23:53:56	60.12	6499	1712	1783
950	23:54:56	60.12	6499	1711	1783
951	23:55:57	60.13	6499	1711	1782
952	23:56:57	60.09	6499	1710	1781
953	23:57:57	60.11	6499	1710	1781
954	23:58:57	60.15	6499	1709	1780
955	23:59:57	60.13	6499	1708	1780
956	00:00:57	60.17	6499	1708	1779
957	00:01:57	60.14	6499	1707	1779
958	00:02:58	60.08	6499	1707	1778
959	00:03:58	60.12	6499	1706	1777
960	00:04:58	60.14	6499	1705	1777
961	00:05:58	60.13	6499	1705	1776
962	00:06:58	60.09	6499	1704	1776
963	00:07:58	60.13	6499	1704	1775
964	00:08:58	60.13	6499	1703	1775
965	00:09:58	60.12	6499	1703	1774
966	00:10:58	60.14	6499	1702	1773
967	00:11:59	60.11	6499	1701	1773
968	00:12:59	60.11	6499	1701	1772
969	00:13:59	60.09	6499	1700	1772
970	00:14:59	60.15	6499	1700	1771
971	00:15:59	60.08	6499	1699	1770
972	00:16:59	60.08	6499	1699	1770
973	00:17:59	60.08	6499	1698	1769
974	00:18:59	60.09	6499	1697	1769
975	00:19:59	60.12	6499	1697	1768
976	00:21:00	60.09	6499	1696	1768
977	00:22:00	60.13	6499	1696	1767
978	00:23:00	60.12	6499	1695	1766
979	00:24:00	60.09	6499	1695	1766
980	00:25:00	60.12	6499	1694	1765
981	00:26:00	60.15	6499	1693	1765
982	00:27:00	60.13	6499	1693	1764
983	00:28:00	60.13	6499	1692	1764
984	00:29:01	60.08	6499	1692	1763
985	00:30:01	60.17	6499	1691	1762
986	00:31:01	60.10	6499	1690	1762
987	00:32:01	60.11	6499	1690	1761
988	00:33:01	60.12	6499	1689	1761
989	00:34:01	60.16	6499	1688	1760
990	00:35:01	60.16	6499	1688	1760
991	00:36:01	60.17	6499	1687	1759
992	00:37:02	60.10	6499	1684	1755
993	00:38:02	60.15	6499	1686	1758
994	00:39:02	60.12	6499	1686	1757
995	00:40:02	60.16	6499	1685	1757
996	00:41:02	60.14	6499	1685	1756
997	00:42:02	60.11	6499	1684	1756
998	00:43:02	60.16	6499	1683	1755
999	00:44:03	60.11	6499	1683	1754
1000	00:45:03	60.16	6499	1682	1754
1001	00:46:03	60.16	6499	1682	1753
1002	00:47:03	60.22	6499	1681	1753
1003	00:48:03	60.12	6499	1681	1752
1004	00:49:03	60.14	6499	1680	1752
1005	00:50:03	60.13	6499	1679	1751
1006	00:51:04	60.17	6499	1679	1750
1007	00:52:04	60.11	6499	1678	1750
1008	00:53:04	60.13	6499	1678	1749
1009	00:54:04	60.12	6499	1677	1749
1010	00:55:04	60.12	6499	1677	1748
1011	00:56:04	60.18	6499	1676	1748
1012	00:57:04	60.15	6499	1676	1747
1013	00:58:05	60.09	6499	1675	1746
1014	00:59:05	60.12	6499	1674	1746
1015	01:00:05	60.13	6499	1674	1745
1016	01:01:05	60.17	6499	1673	1745
1017	01:02:05	60.14	6499	1673	1744
1018	01:03:05	60.16	6499	1672	1744
1019	01:04:05	60.15	6499	1672	1743
1020	01:05:06	60.12	6499	1671	1743
1021	01:06:06	60.13	6499	1670	1742
1022	01:07:06	60.14	6499	1670	1741
1023	01:08:06	60.08	6499	1669	1741
1024	01:09:06	60.11	6499	1668	1740
1025	01:10:06	60.13	6499	1668	1740
1026	01:11:06	60.12	6499	1668	1739
1027	01:12:06	60.10	6499	1668	1739
1028	01:13:06	60.14	6499	1667	1739
1029	01:14:07	60.16	6499	1667	1738
1030	01:15:07	60.13	6499	1666	1738
1031	01:16:07	60.10	6499	1666	1737
1032	01:17:07	28.53	6499	1665	1737
1033	01:17:36	14.92	6499	1665	1736
1034	01:17:50	60.02	6499	1664	1735
1035	01:18:50	60.15	6499	1663	1735
1036	01:19:51	60.06	6499	1663	1734
1037	01:20:51	60.10	6499	1662	1734
1038	01:21:51	60.17	6499	1662	1733
1039	01:22:51	60.11	6499	1661	1733
1040	01:23:51	60.12	6499	1660	1732
1041	01:24:51	60.13	6499	1660	1732
1042	01:25:51	60.14	6499	1659	1731
1043	01:26:51	60.12	6499	1659	1730
1044	01:27:52	60.10	6499	1658	1730
1045	01:28:52	60.13	6499	1658	1729
1046	01:29:52	60.11	6499	1657	1729
1047	01:30:52	60.09	6499	1656	1728
1048	01:31:52	60.12	6499	1656	1728
1049	01:32:52	60.12	6499	1655	1727
1050	01:33:52	60.10	6499	1655	1727
1051	01:34:52	60.09	6499	1654	1726
1052	01:35:52	60.09	6499	1654	1726
1053	01:36:52	60.11	6499	1653	1725
1054	01:37:53	60.15	6499	1653	1724
1055	01:38:53	60.12	6499	1652	1724
1056	01:39:53	60.11	6499	1652	1723
1057	01:40:53	60.13	6499	1652	1723
1058	01:41:53	60.13	6499	1651	1723
1059	01:42:53	60.16	6499	1650	1722
1060	01:43:53	60.13	6499	1650	1721
1061	01:44:54	60.09	6499	1649	1721
1062	01:45:54	60.14	6499	1649	1720
1063	01:46:54	33.05	6499	1648	1720
1064	01:47:27	60.17	6499	1648	1719
1065	01:48:27	60.14	6499	1647	1719
1066	01:49:27	60.13	6499	1646	1718
1067	01:50:27	60.12	6499	1646	1718
1068	01:51:27	60.16	6499	1645	1717
1069	01:52:28	60.12	6499	1645	1716
1070	01:53:28	60.16	6499	1644	1716
1071	01:54:28	60.12	6499	1644	1715
1072	01:55:28	60.11	6499	1643	1715
1073	01:56:28	60.15	6499	1643	1714
1074	01:57:28	60.16	6499	1642	1714
1075	01:58:28	60.08	6499	1642	1713
1076	01:59:28	60.11	6499	1641	1713
1077	02:00:29	60.14	6499	1641	1712
1078	02:01:29	60.11	6499	1640	1712
1079	02:02:29	60.16	6499	1639	1711
1080	02:03:29	60.16	6499	1639	1711
1081	02:04:29	60.10	6499	1639	1710
1082	02:05:29	60.23	6499	1638	1710
1083	02:06:29	60.11	6499	1638	1709
1084	02:07:30	60.09	6499	1637	1709
1085	02:08:30	60.15	6499	1637	1708
1086	02:09:30	39.22	6499	1636	1707
1087	02:10:09	60.51	6499	1635	1707
1088	02:11:10	60.16	6499	1635	1706
1089	02:12:10	60.07	6499	1634	1706
1090	02:13:10	60.13	6499	1634	1705
1091	02:14:10	60.11	6499	1633	1705
1092	02:15:10	60.19	6499	1633	1704
1093	02:16:10	60.13	6499	1632	1704
1094	02:17:10	60.15	6499	1632	1703
1095	02:18:10	60.16	6499	1631	1703
1096	02:19:11	60.15	6499	1631	1702
1097	02:20:11	60.11	6499	1630	1702
1098	02:21:11	60.09	6499	1629	1701
1099	02:22:11	60.08	6499	1629	1701
1100	02:23:11	60.19	6499	1629	1700
1101	02:24:11	60.15	6499	1628	1700
1102	02:25:11	60.08	6499	1628	1699
1103	02:26:11	60.11	6499	1627	1699
1104	02:27:12	60.11	6499	1627	1698
1105	02:28:12	12.54	6499	1626	1698
1106	02:28:24	60.11	6499	1626	1697
1107	02:29:24	60.11	6499	1625	1697
1108	02:30:24	60.10	6499	1625	1696
1109	02:31:25	60.11	6499	1624	1696
1110	02:32:25	60.11	6499	1624	1695
1111	02:33:25	60.10	6499	1623	1695
1112	02:34:25	60.15	6499	1623	1694
1113	02:35:25	60.13	6499	1622	1693
1114	02:36:25	60.15	6499	1621	1693
1115	02:37:25	60.16	6499	1621	1692
1116	02:38:25	60.15	6499	1620	1692
1117	02:39:26	60.11	6499	1620	1691
1118	02:40:26	60.13	6499	1619	1691
1119	02:41:26	60.13	6499	1619	1690
1120	02:42:26	60.16	6499	1618	1690
1121	02:43:26	60.15	6499	1618	1689
1122	02:44:26	60.13	6499	1617	1689
1123	02:45:26	60.09	6499	1616	1688
1124	02:46:27	60.16	6499	1616	1688
1125	02:47:27	60.14	6499	1615	1687
1126	02:48:27	60.11	6499	1615	1687
1127	02:49:27	60.09	6499	1614	1686
1128	02:50:27	60.11	6499	1614	1686
1129	02:51:27	60.14	6499	1613	1685
1130	02:52:27	60.14	6499	1613	1685
1131	02:53:27	60.15	6499	1612	1684
1132	02:54:28	60.13	6499	1612	1684
1133	02:55:28	60.12	6499	1612	1684
1134	02:56:28	60.12	6499	1611	1683
1135	02:57:28	60.16	6499	1611	1683
1136	02:58:28	15.02	6499	1610	1682
1137	02:58:43	60.15	6499	1610	1682
1138	02:59:43	10.01	6499	1609	1681
1139	02:59:53	60.16	6499	1609	1681
1140	03:00:53	60.11	6499	1608	1680
1141	03:01:54	60.09	6499	1608	1680
1142	03:02:54	60.12	6499	1608	1679
1143	03:03:54	60.11	6499	1607	1679
1144	03:04:54	60.11	6499	1606	1678
1145	03:05:54	60.16	6499	1606	1677
1146	03:06:54	60.10	6499	1605	1677
1147	03:07:54	60.14	6499	1605	1676
1148	03:08:54	60.18	6499	1604	1676
1149	03:09:55	60.14	6499	1604	1675
1150	03:10:55	60.12	6499	1603	1675
1151	03:11:55	60.12	6499	1602	1674
1152	03:12:55	60.12	6499	1602	1674
1153	03:13:55	60.16	6499	1601	1673
1154	03:14:55	60.12	6499	1601	1673
1155	03:15:55	60.09	6499	1600	1672
1156	03:16:55	60.14	6499	1600	1672
1157	03:17:56	60.15	6499	1599	1671
1158	03:18:56	60.09	6499	1599	1671
1159	03:19:56	60.09	6499	1599	1670
1160	03:20:56	60.11	6499	1598	1670
1161	03:21:56	60.14	6499	1598	1669
1162	03:22:56	60.13	6499	1597	1669
1163	03:23:56	60.13	6499	1597	1668
1164	03:24:56	60.15	6499	1596	1668
1165	03:25:57	60.13	6499	1595	1667
1166	03:26:57	60.14	6499	1595	1667
1167	03:27:57	60.16	6499	1594	1666
1168	03:28:57	60.15	6499	1594	1666
1169	03:29:57	60.10	6499	1593	1665
1170	03:30:57	60.12	6499	1593	1665
1171	03:31:57	60.12	6499	1593	1664
1172	03:32:58	60.13	6499	1592	1664
1173	03:33:58	60.16	6499	1592	1663
1174	03:34:58	60.11	6499	1591	1663
1175	03:35:58	60.15	6499	1591	1662
1176	03:36:58	60.12	6499	1590	1662
1177	03:37:58	60.16	6499	1590	1661
1178	03:38:58	60.14	6499	1589	1661
1179	03:39:58	60.13	6499	1589	1660
1180	03:40:59	60.16	6499	1588	1660
1181	03:41:59	60.10	6499	1588	1659
1182	03:42:59	60.16	6499	1587	1659
1183	03:43:59	60.04	6499	1586	1658
1184	03:44:59	60.10	6499	1586	1658
1185	03:45:59	60.11	6499	1583	1654
1186	03:46:59	60.11	6499	1585	1657
1187	03:47:59	60.10	6499	1585	1657
1188	03:49:00	60.11	6499	1585	1656
1189	03:50:00	60.14	6499	1584	1656
1190	03:51:00	60.11	6499	1583	1655
1191	03:52:00	60.17	6499	1583	1655
1192	03:53:00	31.76	6499	1582	1654
1193	03:53:32	11.43	6499	1582	1654
1194	03:53:43	60.26	6499	1581	1653
1195	03:54:43	60.12	6499	1581	1653
1196	03:55:44	60.11	6499	1580	1652
1197	03:56:44	60.08	6499	1580	1652
1198	03:57:44	60.17	6499	1579	1651
1199	03:58:44	60.14	6499	1579	1651
1200	03:59:44	60.08	6499	1578	1650
1201	04:00:44	60.15	6499	1577	1650
1202	04:01:44	60.08	6499	1577	1649
1203	04:02:44	60.11	6499	1577	1649
1204	04:03:45	60.13	6499	1576	1648
1205	04:04:45	60.19	6499	1576	1648
1206	04:05:45	60.12	6499	1575	1647
1207	04:06:45	60.11	6499	1575	1647
1208	04:07:45	60.11	6499	1574	1646
1209	04:08:45	60.10	6499	1574	1646
1210	04:09:45	60.09	6499	1573	1645
1211	04:10:45	60.13	6499	1573	1645
1212	04:11:45	60.10	6499	1572	1644
1213	04:12:46	60.12	6499	1572	1644
1214	04:13:46	60.12	6499	1571	1643
1215	04:14:46	60.13	6499	1571	1643
1216	04:15:46	60.10	6499	1570	1642
1217	04:16:46	60.10	6499	1570	1642
1218	04:17:46	60.18	6499	1569	1641
1219	04:18:46	60.17	6499	1568	1641
1220	04:19:46	60.07	6499	1568	1640
1221	04:20:47	60.10	6499	1567	1640
1222	04:21:47	60.11	6499	1567	1639
1223	04:22:47	60.14	6499	1566	1639
1224	04:23:47	60.12	6499	1566	1638
1225	04:24:47	60.12	6499	1565	1638
1226	04:25:47	60.11	6499	1565	1637
1227	04:26:47	60.13	6499	1564	1637
1228	04:27:47	60.12	6499	1564	1636
1229	04:28:48	60.16	6499	1563	1636
1230	04:29:48	60.14	6499	1563	1636
1231	04:30:48	60.09	6499	1562	1635
1232	04:31:48	60.18	6499	1562	1634
1233	04:32:48	60.12	6499	1561	1634
1234	04:33:48	60.45	6499	1561	1634
1235	04:34:49	60.11	6499	1561	1633
1236	04:35:49	60.11	6499	1560	1633
1237	04:36:49	60.10	6499	1559	1632
1238	04:37:49	60.13	6499	1559	1632
1239	04:38:49	60.11	6499	1558	1631
1240	04:39:49	60.12	6499	1558	1631
1241	04:40:49	60.10	6499	1558	1630
1242	04:41:49	60.11	6499	1557	1630
1243	04:42:50	60.10	6499	1557	1629
1244	04:43:50	60.11	6499	1557	1629
1245	04:44:50	60.08	6499	1556	1628
1246	04:45:50	60.12	6499	1555	1628
1247	04:46:50	60.08	6499	1555	1627
1248	04:47:50	60.17	6499	1554	1627
1249	04:48:50	41.32	6499	1554	1626
1250	04:49:32	60.44	6499	1553	1626
1251	04:50:32	60.16	6499	1553	1625
1252	04:51:32	60.12	6499	1552	1625
1253	04:52:32	60.15	6499	1552	1624
1254	04:53:32	60.10	6499	1552	1624
1255	04:54:32	60.15	6499	1551	1623
1256	04:55:33	60.12	6499	1550	1623
1257	04:56:33	60.16	6499	1550	1622
1258	04:57:33	60.13	6499	1549	1622
1259	04:58:33	60.11	6499	1549	1621
1260	04:59:33	60.15	6499	1548	1621
1261	05:00:33	60.16	6499	1548	1621
1262	05:01:33	60.16	6499	1547	1620
1263	05:02:34	60.14	6499	1547	1620
1264	05:03:34	60.13	6499	1546	1619
1265	05:04:34	60.15	6499	1546	1619
1266	05:05:34	60.16	6499	1545	1618
1267	05:06:34	60.11	6499	1545	1618
1268	05:07:34	60.12	6499	1544	1617
1269	05:08:34	60.12	6499	1544	1617
1270	05:09:35	60.11	6499	1544	1616
1271	05:10:35	60.11	6499	1543	1616
1272	05:11:35	60.17	6499	1543	1615
1273	05:12:35	60.09	6499	1542	1615
1274	05:13:35	60.16	6499	1542	1614
1275	05:14:35	60.17	6499	1541	1614
1276	05:15:35	60.16	6499	1541	1613
1277	05:16:36	60.09	6499	1540	1613
1278	05:17:36	60.08	6499	1540	1612
1279	05:18:36	60.07	6499	1539	1612
1280	05:19:36	60.16	6499	1539	1611
1281	05:20:36	60.14	6499	1538	1611
1282	05:21:36	60.11	6499	1538	1610
1283	05:22:36	60.16	6499	1537	1610
1284	05:23:36	60.13	6499	1537	1609
1285	05:24:36	60.10	6499	1536	1609
1286	05:25:37	60.13	6499	1536	1608
1287	05:26:37	60.17	6499	1536	1608
1288	05:27:37	60.15	6499	1535	1608
1289	05:28:37	60.08	6499	1534	1607
1290	05:29:37	60.13	6499	1534	1607
1291	05:30:37	60.14	6499	1533	1606
1292	05:31:37	60.23	6499	1533	1606
1293	05:32:38	60.25	6499	1532	1605
1294	05:33:38	60.26	6499	1532	1605
1295	05:34:38	60.16	6499	1532	1604
1296	05:35:38	60.11	6499	1531	1604
1297	05:36:38	60.08	6499	1531	1603
1298	05:37:38	60.17	6499	1530	1603
1299	05:38:39	60.10	6499	1530	1602
1300	05:39:39	60.18	6499	1530	1602
1301	05:40:39	60.12	6499	1529	1601
1302	05:41:39	60.17	6499	1528	1601
1303	05:42:39	60.13	6499	1528	1600
1304	05:43:39	60.12	6499	1528	1600
1305	05:44:39	60.11	6499	1527	1600
1306	05:45:40	60.15	6499	1527	1599
1307	05:46:40	60.08	6499	1526	1599
1308	05:47:40	60.14	6499	1525	1598
1309	05:48:40	60.13	6499	1525	1598
1310	05:49:40	60.14	6499	1525	1597
1311	05:50:40	60.13	6499	1525	1597
1312	05:51:40	60.11	6499	1524	1596
1313	05:52:40	60.13	6499	1524	1596
1314	05:53:41	60.14	6499	1523	1595
1315	05:54:41	60.17	6499	1523	1595
1316	05:55:41	60.14	6499	1522	1594
1317	05:56:41	60.13	6499	1522	1594
1318	05:57:41	60.11	6499	1521	1594
1319	05:58:41	60.13	6499	1521	1593
1320	05:59:41	60.17	6499	1520	1593
1321	06:00:42	60.10	6499	1520	1592
1322	06:01:42	60.12	6499	1519	1592
1323	06:02:42	60.14	6499	1518	1591
1324	06:03:42	60.10	6499	1518	1591
1325	06:04:42	60.13	6499	1518	1590
1326	06:05:42	60.08	6499	1517	1590
1327	06:06:42	60.14	6499	1517	1589
1328	06:07:42	60.15	6499	1516	1589
1329	06:08:43	60.12	6499	1516	1588
1330	06:09:43	60.13	6499	1515	1588
1331	06:10:43	60.17	6499	1515	1588
1332	06:11:43	60.11	6499	1514	1587
1333	06:12:43	60.10	6499	1514	1587
1334	06:13:43	60.11	6499	1513	1586
1335	06:14:43	60.11	6499	1512	1586
1336	06:15:43	60.12	6499	1512	1585
1337	06:16:43	60.08	6499	1512	1585
1338	06:17:44	60.14	6499	1511	1584
1339	06:18:44	60.15	6499	1511	1584
1340	06:19:44	60.07	6499	1510	1583
1341	06:20:44	60.07	6499	1510	1583
1342	06:21:44	60.11	6499	1509	1582
1343	06:22:44	60.13	6499	1509	1582
1344	06:23:44	60.17	6499	1508	1582
1345	06:24:44	60.08	6499	1508	1581
1346	06:25:44	60.13	6499	1508	1581
1347	06:26:45	60.16	6499	1508	1580
1348	06:27:45	60.13	6499	1507	1580
1349	06:28:45	60.14	6499	1507	1580
1350	06:29:45	60.14	6499	1507	1580
1351	06:30:45	60.12	6499	1507	1579
1352	06:31:45	11.74	6499	1506	1579
1353	06:31:57	60.15	6499	1505	1578
1354	06:32:57	10.01	6499	1504	1578
1355	06:33:07	60.15	6499	1504	1577
1356	06:34:07	60.09	6499	1504	1577
1357	06:35:07	60.11	6499	1503	1576
1358	06:36:08	60.12	6499	1502	1576
1359	06:37:08	60.13	6499	1502	1575
1360	06:38:08	60.17	6499	1502	1575
1361	06:39:08	60.14	6499	1502	1575
1362	06:40:08	60.12	6499	1501	1574
1363	06:41:08	60.07	6499	1501	1574
1364	06:42:08	60.19	6499	1501	1573
1365	06:43:08	60.12	6499	1500	1573
1366	06:44:09	60.16	6499	1500	1572
1367	06:45:09	60.08	6499	1499	1572
1368	06:46:09	60.12	6499	1498	1571
1369	06:47:09	60.13	6499	1497	1571
1370	06:48:09	60.14	6499	1497	1567
1371	06:49:09	60.12	6499	1497	1570
1372	06:50:09	60.12	6499	1496	1570
1373	06:51:09	60.14	6499	1496	1569
1374	06:52:10	60.11	6499	1495	1569
1375	06:53:10	60.15	6499	1495	1568
1376	06:54:10	60.09	6499	1494	1568
1377	06:55:10	60.13	6499	1494	1567
1378	06:56:10	60.13	6499	1493	1567
1379	06:57:10	60.13	6499	1493	1566
1380	06:58:10	60.08	6499	1492	1566
1381	06:59:10	60.12	6499	1492	1566
1382	07:00:11	60.13	6499	1492	1565
1383	07:01:11	60.07	6499	1491	1565
1384	07:02:11	60.15	6499	1491	1564
1385	07:03:11	60.13	6499	1490	1564
1386	07:04:11	60.17	6499	1490	1563
1387	07:05:11	60.19	6499	1490	1563
1388	07:06:11	60.12	6499	1489	1562
1389	07:07:12	60.11	6499	1489	1562
1390	07:08:12	60.14	6499	1488	1562
1391	07:09:12	60.11	6499	1488	1561
1392	07:10:12	60.18	6499	1487	1561
1393	07:11:12	60.14	6499	1487	1560
1394	07:12:12	60.12	6499	1487	1560
1395	07:13:12	60.11	6499	1486	1559
1396	07:14:12	60.12	6499	1486	1559
1397	07:15:13	60.14	6499	1485	1558
1398	07:16:13	60.17	6499	1485	1558
1399	07:17:13	60.14	6499	1484	1558
1400	07:18:13	60.12	6499	1484	1557
1401	07:19:13	60.15	6499	1484	1557
1402	07:20:13	60.09	6499	1483	1557
1403	07:21:13	60.13	6499	1483	1556
1404	07:22:13	60.08	6499	1482	1556
1405	07:23:14	60.17	6499	1482	1555
1406	07:24:14	60.13	6499	1481	1555
1407	07:25:14	60.28	6499	1481	1554
1408	07:26:14	60.35	6499	1481	1554
1409	07:27:14	60.16	6499	1480	1553
1410	07:28:15	60.13	6499	32.29	33.9
1411	07:29:15	60.10	6499	0	0
1412	07:30:15	60.16	6499	0	0
1413	07:31:15	60.10	6499	0	0
1414	07:32:15	60.10	6499	0	0
1415	07:33:15	46.95	6499	0	0
1416	07:34:02	60.52	6499	-1	-1
1417	07:35:03	60.17	6499	0	0
1418	07:36:03	60.08	6499	0	0
1419	07:37:03	60.16	6499	0	0
1420	07:38:03	60.14	6501	0	0
1421	07:39:03	60.14	6501	0	0
1422	07:40:03	60.10	6501	0	0
1423	07:41:04	19.32	6501	0	0
Created by AtlRunQuery on: 2018-08-24 17:47:56.561480
