LHC beam energy and intensities during run 304243:
(Begin/end of run: Fri Jul 22 2016 18:46:25 − Sat Jul 23, 13:02:54)

LB	   Start time
(CEST)	   Duration
(sec)	   Beam energy
(GeV)	   Intensity Beam-1
(1e11 protons)	   Intensity Beam-2
(1e11 protons)
1	18:46:25	60.11	450	791.9	381.1
2	18:47:26	60.14	450	884.7	381.1
3	18:48:26	47.54	450	969.2	381.1
4	18:49:13	22.54	450	1015	453.5
5	18:49:36	59.51	450	1087	500.6
6	18:50:35	31.27	450	1138	592.1
7	18:51:07	60.50	450	1228	648.4
8	18:52:07	10.01	450	1328	697.7
9	18:52:17	18.52	450	1333	697.6
10	18:52:36	31.18	450	1333	781.2
11	18:53:07	10.25	450	1341	801.8
12	18:53:17	60.15	450	1438	849.5
13	18:54:17	60.11	450	1535	942.6
14	18:55:17	60.11	450	1543	1034
15	18:56:17	60.13	450	1613	1115
16	18:57:18	60.15	450	1706	1115
17	18:58:18	60.12	450	1799	1115
18	18:59:18	60.15	450	1893	1205
19	19:00:18	60.17	450	1986	1218
20	19:01:18	60.15	450	2080	1285
21	19:02:18	60.17	450	2176	1378
22	19:03:18	60.12	450	2279	1469
23	19:04:19	60.14	450	2280	1652
24	19:05:19	60.09	450	2279	1817
25	19:06:19	60.12	450	2278	1915
26	19:07:19	60.18	450	2277	2105
27	19:08:19	60.12	450	2275	2259
28	19:09:19	60.11	450	2274	2260
29	19:10:19	60.10	450	2273	2260
30	19:11:19	60.17	450	2271	2259
31	19:12:20	60.12	450	2269	2259
32	19:13:20	60.13	450	2268	2258
33	19:14:20	60.13	450	2265	2257
34	19:15:20	18.80	474	2263	2256
35	19:15:39	14.60	497	2250	2242
36	19:15:53	60.28	518	2249	2241
37	19:16:54	60.11	656	2249	2238
38	19:17:54	49.36	857	2249	2236
39	19:18:43	60.18	1067	2248	2235
40	19:19:43	60.07	1391	2248	2235
41	19:20:43	60.08	1738	2248	2235
42	19:21:43	60.13	2086	2248	2235
43	19:22:44	60.16	2439	2248	2235
44	19:23:44	60.11	2786	2248	2234
45	19:24:44	60.15	3134	2248	2234
46	19:25:44	60.18	3481	2248	2234
47	19:26:44	60.11	3829	2247	2234
48	19:27:44	60.18	4176	2247	2234
49	19:28:44	60.15	4523	2247	2234
50	19:29:45	60.11	4877	2246	2234
51	19:30:45	60.08	5224	2246	2234
52	19:31:45	60.18	5571	2245	2233
53	19:32:45	60.11	5919	2245	2232
54	19:33:45	60.12	6266	2245	2233
55	19:34:45	15.46	6499	2245	2234
56	19:35:01	10.13	6499	2245	2234
57	19:35:11	60.43	6499	2245	2233
58	19:36:11	60.13	6499	2245	2233
59	19:37:11	60.16	6499	2245	2233
60	19:38:12	60.09	6499	2244	2233
61	19:39:12	60.15	6499	2244	2233
62	19:40:12	60.11	6499	2244	2233
63	19:41:12	60.10	6499	2244	2233
64	19:42:12	60.11	6499	2243	2233
65	19:43:12	60.14	6499	2243	2233
66	19:44:12	60.12	6499	2243	2233
67	19:45:12	60.15	6499	2243	2233
68	19:46:13	60.08	6499	2243	2232
69	19:47:13	60.11	6499	2243	2232
70	19:48:13	60.13	6499	2243	2233
71	19:49:13	60.18	6499	2243	2232
72	19:50:13	60.10	6499	2243	2232
73	19:51:13	60.12	6499	2242	2232
74	19:52:13	60.16	6499	2242	2232
75	19:53:13	60.14	6499	2242	2232
76	19:54:14	60.11	6499	2242	2232
77	19:55:14	60.08	6499	2242	2232
78	19:56:14	26.44	6499	2242	2231
79	19:56:40	60.46	6499	2242	2232
80	19:57:41	60.14	6499	2241	2231
81	19:58:41	60.17	6499	2241	2231
82	19:59:41	60.17	6499	2240	2231
83	20:00:41	60.10	6499	2240	2231
84	20:01:41	60.14	6499	2240	2230
85	20:02:41	60.12	6499	2237	2229
86	20:03:41	60.18	6499	2234	2228
87	20:04:42	60.14	6499	2232	2227
88	20:05:42	60.12	6499	2229	2226
89	20:06:42	60.13	6499	2226	2224
90	20:07:42	60.18	6499	2223	2223
91	20:08:42	60.14	6499	2221	2222
92	20:09:42	60.16	6499	2218	2220
93	20:10:43	60.13	6499	2216	2219
94	20:11:43	60.15	6499	2214	2218
95	20:12:43	38.93	6499	2213	2217
96	20:13:22	60.32	6499	2211	2216
97	20:14:22	60.16	6499	2209	2216
98	20:15:22	60.12	6499	2207	2215
99	20:16:22	60.14	6499	2205	2213
100	20:17:22	60.14	6499	2203	2212
101	20:18:23	60.14	6499	2202	2211
102	20:19:23	60.16	6499	2200	2209
103	20:20:23	47.22	6499	2198	2208
104	20:21:10	60.48	6499	2196	2207
105	20:22:11	60.08	6499	2194	2206
106	20:23:11	60.14	6499	2192	2205
107	20:24:11	60.16	6499	2190	2203
108	20:25:11	60.11	6499	2188	2202
109	20:26:11	60.38	6499	2186	2200
110	20:27:11	60.18	6499	2184	2199
111	20:28:12	60.12	6499	2182	2198
112	20:29:12	60.11	6499	2181	2197
113	20:30:12	60.14	6499	2179	2195
114	20:31:12	60.15	6499	2178	2194
115	20:32:12	60.09	6499	2176	2193
116	20:33:12	60.07	6499	2174	2192
117	20:34:12	60.10	6499	2173	2191
118	20:35:12	60.17	6499	2171	2190
119	20:36:13	60.11	6499	2170	2188
120	20:37:13	60.17	6499	2168	2187
121	20:38:13	60.16	6499	2167	2186
122	20:39:13	60.10	6499	2165	2185
123	20:40:13	60.17	6499	2164	2184
124	20:41:13	60.16	6499	2163	2183
125	20:42:13	60.14	6499	2161	2182
126	20:43:14	60.18	6499	2160	2181
127	20:44:14	60.14	6499	2158	2180
128	20:45:14	60.17	6499	2157	2179
129	20:46:14	29.99	6499	2156	2178
130	20:46:44	60.48	6499	2155	2177
131	20:47:45	60.16	6499	2154	2176
132	20:48:45	60.16	6499	2152	2175
133	20:49:45	53.00	6499	2151	2174
134	20:50:38	42.67	6499	2150	2173
135	20:51:21	60.21	6499	2149	2172
136	20:52:21	60.17	6499	2147	2171
137	20:53:21	60.18	6499	2146	2170
138	20:54:21	60.08	6499	2145	2169
139	20:55:21	60.13	6499	2144	2168
140	20:56:21	60.08	6499	2142	2167
141	20:57:21	60.15	6499	2141	2166
142	20:58:22	60.12	6499	2140	2165
143	20:59:22	60.17	6499	2139	2164
144	21:00:22	60.12	6499	2138	2163
145	21:01:22	60.12	6499	2136	2162
146	21:02:22	60.13	6499	2135	2161
147	21:03:22	60.15	6499	2134	2160
148	21:04:22	60.11	6499	2133	2159
149	21:05:22	60.14	6499	2132	2158
150	21:06:23	60.12	6499	2130	2157
151	21:07:23	60.14	6499	2129	2156
152	21:08:23	17.99	6499	2128	2156
153	21:08:41	14.57	6499	2128	2155
154	21:08:55	60.11	6499	2127	2155
155	21:09:56	60.09	6499	2126	2154
156	21:10:56	60.10	6499	2125	2153
157	21:11:56	60.12	6499	2124	2152
158	21:12:56	60.12	6499	2123	2151
159	21:13:56	60.10	6499	2122	2150
160	21:14:56	60.08	6499	2121	2149
161	21:15:56	60.11	6499	2120	2148
162	21:16:56	60.11	6499	2118	2147
163	21:17:56	60.15	6499	2117	2146
164	21:18:57	60.16	6499	2116	2146
165	21:19:57	60.10	6499	2115	2145
166	21:20:57	60.11	6499	2114	2144
167	21:21:57	60.09	6499	2113	2142
168	21:22:57	60.19	6499	2112	2142
169	21:23:57	60.14	6499	2111	2141
170	21:24:57	60.09	6499	2110	2140
171	21:25:57	60.08	6499	2109	2139
172	21:26:58	60.17	6499	2108	2138
173	21:27:58	60.11	6499	2106	2137
174	21:28:58	60.12	6499	2105	2136
175	21:29:58	60.13	6499	2104	2135
176	21:30:58	12.67	6499	2104	2134
177	21:31:11	60.69	6499	2103	2134
178	21:32:11	60.07	6499	2102	2133
179	21:33:11	60.16	6499	2101	2132
180	21:34:12	60.13	6499	2100	2131
181	21:35:12	60.10	6499	2099	2130
182	21:36:12	60.13	6499	2098	2129
183	21:37:12	60.12	6499	2097	2128
184	21:38:12	60.09	6499	2096	2127
185	21:39:12	60.14	6499	2095	2127
186	21:40:12	60.12	6499	2094	2126
187	21:41:12	60.13	6499	2093	2125
188	21:42:13	60.12	6499	2092	2124
189	21:43:13	60.12	6499	2091	2123
190	21:44:13	60.12	6499	2090	2122
191	21:45:13	60.10	6499	2089	2122
192	21:46:13	60.12	6499	2088	2121
193	21:47:13	60.14	6499	2086	2120
194	21:48:13	60.12	6499	2085	2119
195	21:49:13	60.13	6499	2084	2118
196	21:50:14	60.10	6499	2083	2117
197	21:51:14	60.18	6499	2082	2116
198	21:52:14	60.11	6499	2081	2115
199	21:53:14	60.15	6499	2080	2115
200	21:54:14	60.12	6499	2079	2114
201	21:55:14	60.17	6499	2078	2113
202	21:56:14	60.14	6499	2077	2112
203	21:57:15	60.14	6499	2076	2111
204	21:58:15	60.11	6499	2075	2110
205	21:59:15	60.13	6499	2074	2109
206	22:00:15	60.10	6499	2073	2109
207	22:01:15	60.13	6499	2072	2108
208	22:02:15	42.24	6499	2072	2107
209	22:02:57	60.21	6499	2071	2106
210	22:03:58	60.16	6499	2070	2106
211	22:04:58	30.75	6499	2069	2105
212	22:05:28	60.20	6499	2068	2104
213	22:06:29	60.18	6499	2067	2103
214	22:07:29	60.12	6499	2066	2102
215	22:08:29	51.98	6499	2065	2102
216	22:09:21	60.23	6499	2065	2101
217	22:10:21	60.13	6499	2064	2100
218	22:11:21	60.11	6499	2063	2099
219	22:12:21	60.11	6499	2062	2099
220	22:13:22	48.14	6499	2061	2098
221	22:14:10	60.09	6499	2060	2097
222	22:15:10	60.10	6499	2059	2096
223	22:16:10	60.09	6499	2058	2095
224	22:17:10	60.12	6499	2057	2094
225	22:18:10	60.16	6499	2056	2094
226	22:19:10	60.16	6499	2055	2093
227	22:20:10	60.12	6499	2054	2092
228	22:21:11	60.13	6499	2053	2091
229	22:22:11	60.10	6499	2052	2090
230	22:23:11	34.55	6499	2052	2090
231	22:23:45	60.43	6499	2051	2089
232	22:24:46	60.15	6499	2050	2088
233	22:25:46	60.14	6499	2049	2087
234	22:26:46	60.14	6499	2048	2087
235	22:27:46	60.12	6499	2047	2086
236	22:28:46	60.12	6499	2046	2085
237	22:29:46	60.11	6499	2045	2084
238	22:30:47	60.11	6499	2044	2083
239	22:31:47	60.12	6499	2044	2082
240	22:32:47	60.14	6499	2043	2081
241	22:33:47	60.14	6499	2042	2080
242	22:34:47	60.11	6499	2041	2080
243	22:35:47	60.09	6499	2040	2079
244	22:36:47	60.18	6499	2039	2078
245	22:37:47	60.15	6499	2038	2077
246	22:38:48	60.15	6499	2037	2076
247	22:39:48	60.11	6499	2036	2076
248	22:40:48	60.08	6499	2035	2075
249	22:41:48	60.15	6499	2034	2074
250	22:42:48	60.18	6499	2033	2073
251	22:43:48	60.12	6499	2033	2073
252	22:44:48	60.11	6499	2032	2072
253	22:45:48	60.17	6499	2031	2071
254	22:46:49	60.15	6499	2030	2070
255	22:47:49	60.19	6499	2029	2069
256	22:48:49	60.15	6499	2028	2068
257	22:49:49	60.14	6499	2027	2067
258	22:50:49	60.18	6499	2026	2067
259	22:51:49	60.15	6499	2025	2066
260	22:52:50	60.13	6499	2024	2065
261	22:53:50	60.15	6499	2023	2064
262	22:54:50	60.11	6499	2023	2063
263	22:55:50	60.13	6499	2022	2063
264	22:56:50	60.11	6499	2021	2062
265	22:57:50	60.17	6499	2020	2061
266	22:58:50	60.10	6499	2019	2060
267	22:59:50	60.14	6499	2017	2059
268	23:00:51	10.01	6499	2017	2059
269	23:01:01	32.37	6499	2016	2058
270	23:01:33	60.07	6499	2015	2057
271	23:02:33	60.13	6499	2014	2056
272	23:03:33	60.09	6499	2014	2055
273	23:04:33	60.12	6499	2013	2054
274	23:05:33	60.12	6499	2012	2054
275	23:06:34	60.18	6499	2011	2053
276	23:07:34	60.11	6499	2010	2052
277	23:08:34	60.13	6499	2009	2051
278	23:09:34	60.10	6499	2008	2050
279	23:10:34	60.13	6499	2007	2050
280	23:11:34	60.14	6499	2006	2049
281	23:12:34	60.12	6499	2006	2048
282	23:13:34	60.15	6499	2005	2047
283	23:14:35	60.07	6499	2004	2046
284	23:15:35	60.08	6499	2003	2045
285	23:16:35	60.15	6499	2002	2044
286	23:17:35	60.11	6499	2001	2043
287	23:18:35	60.15	6499	2000	2043
288	23:19:35	60.16	6499	1999	2042
289	23:20:35	60.09	6499	1998	2041
290	23:21:35	60.09	6499	1998	2040
291	23:22:36	60.13	6499	1997	2040
292	23:23:36	60.12	6499	1996	2039
293	23:24:36	60.14	6499	1995	2038
294	23:25:36	60.15	6499	1994	2037
295	23:26:36	60.13	6499	1993	2037
296	23:27:36	60.12	6499	1992	2036
297	23:28:36	60.11	6499	1991	2035
298	23:29:36	60.15	6499	1991	2034
299	23:30:37	60.11	6499	1990	2033
300	23:31:37	60.16	6499	1989	2032
301	23:32:37	32.14	6499	1989	2032
302	23:33:09	15.74	6499	1988	2032
303	23:33:25	60.09	6499	1987	2031
304	23:34:25	60.11	6499	1986	2030
305	23:35:25	60.08	6499	1985	2029
306	23:36:25	60.11	6499	1985	2029
307	23:37:25	60.16	6499	1984	2028
308	23:38:25	23.25	6499	1983	2028
309	23:38:48	60.22	6499	1982	2027
310	23:39:49	60.08	6499	1982	2026
311	23:40:49	60.10	6499	1981	2025
312	23:41:49	60.09	6499	1980	2024
313	23:42:49	60.13	6499	1979	2024
314	23:43:49	44.99	6499	1979	2023
315	23:44:34	15.57	6499	1978	2023
316	23:44:50	60.24	6499	1977	2022
317	23:45:50	60.15	6499	1976	2021
318	23:46:50	60.11	6499	1975	2020
319	23:47:50	57.18	6499	1975	2019
320	23:48:47	60.09	6499	1974	2019
321	23:49:47	60.12	6499	1973	2018
322	23:50:48	60.12	6499	1972	2017
323	23:51:48	60.16	6499	1971	2016
324	23:52:48	60.10	6499	1970	2015
325	23:53:48	60.15	6499	1969	2015
326	23:54:48	60.09	6499	1969	2014
327	23:55:48	60.17	6499	1967	2013
328	23:56:48	60.10	6499	1967	2012
329	23:57:48	10.01	6499	1966	2012
330	23:57:58	60.18	6499	1965	2011
331	23:58:59	60.09	6499	1964	2011
332	23:59:59	10.02	6499	1963	2009
333	00:00:09	60.44	6499	1962	2008
334	00:01:09	60.14	6499	1961	2008
335	00:02:09	60.08	6499	1961	2007
336	00:03:09	60.12	6499	1960	2006
337	00:04:10	60.12	6499	1959	2006
338	00:05:10	60.13	6499	1959	2006
339	00:06:10	60.11	6499	1959	2005
340	00:07:10	22.41	6499	1958	2004
341	00:07:32	14.54	6499	1957	2004
342	00:07:47	26.70	6499	1956	2003
343	00:08:14	60.17	6499	1956	2002
344	00:09:14	60.15	6499	1955	2001
345	00:10:14	60.14	6499	1954	2000
346	00:11:14	60.13	6499	1953	2000
347	00:12:14	60.08	6499	1952	1999
348	00:13:14	60.08	6499	1951	1998
349	00:14:14	60.11	6499	1950	1998
350	00:15:14	60.14	6499	1950	1997
351	00:16:15	60.09	6499	1949	1996
352	00:17:15	60.13	6499	1948	1995
353	00:18:15	60.17	6499	1947	1994
354	00:19:15	60.14	6499	1946	1993
355	00:20:15	60.11	6499	1946	1992
356	00:21:15	60.12	6499	1945	1991
357	00:22:15	60.09	6499	1944	1991
358	00:23:15	60.17	6499	1943	1990
359	00:24:16	60.11	6499	1942	1989
360	00:25:16	60.12	6499	1941	1988
361	00:26:16	60.15	6499	1940	1987
362	00:27:16	60.17	6499	1940	1987
363	00:28:16	60.11	6499	1940	1987
364	00:29:16	60.11	6499	1939	1987
365	00:30:16	10.01	6499	1938	1986
366	00:30:26	10.01	6499	1937	1985
367	00:30:36	13.73	6499	1937	1985
368	00:30:50	60.21	6499	1936	1984
369	00:31:50	60.18	6499	1935	1983
370	00:32:50	60.13	6499	1934	1982
371	00:33:51	45.61	6499	1934	1982
372	00:34:36	60.08	6499	1933	1981
373	00:35:36	60.16	6499	1932	1980
374	00:36:36	60.12	6499	1931	1979
375	00:37:37	60.09	6499	1930	1978
376	00:38:37	60.15	6499	1929	1978
377	00:39:37	60.15	6499	1929	1977
378	00:40:37	60.09	6499	1928	1976
379	00:41:37	60.12	6499	1927	1975
380	00:42:37	60.13	6499	1926	1975
381	00:43:37	60.14	6499	1925	1974
382	00:44:37	60.14	6499	1925	1973
383	00:45:38	60.15	6499	1924	1973
384	00:46:38	60.13	6499	1923	1972
385	00:47:38	60.09	6499	1922	1971
386	00:48:38	60.13	6499	1922	1970
387	00:49:38	60.14	6499	1921	1970
388	00:50:38	60.14	6499	1920	1969
389	00:51:38	60.11	6499	1919	1968
390	00:52:38	60.09	6499	1918	1967
391	00:53:39	60.15	6499	1918	1966
392	00:54:39	60.14	6499	1917	1966
393	00:55:39	60.18	6499	1916	1965
394	00:56:39	60.17	6499	1915	1964
395	00:57:39	60.17	6499	1914	1964
396	00:58:39	60.13	6499	1914	1963
397	00:59:39	60.08	6499	1913	1962
398	01:00:40	60.12	6499	1912	1961
399	01:01:40	60.11	6499	1911	1961
400	01:02:40	60.11	6499	1911	1960
401	01:03:40	60.12	6499	1910	1959
402	01:04:40	60.10	6499	1909	1959
403	01:05:40	41.50	6499	1908	1958
404	01:06:22	60.42	6499	1908	1957
405	01:07:22	60.07	6499	1907	1956
406	01:08:22	60.10	6499	1906	1956
407	01:09:22	60.15	6499	1905	1955
408	01:10:22	60.12	6499	1905	1954
409	01:11:22	60.12	6499	1904	1954
410	01:12:23	60.11	6499	1903	1953
411	01:13:23	60.12	6499	1902	1952
412	01:14:23	60.15	6499	1901	1952
413	01:15:23	60.10	6499	1901	1951
414	01:16:23	60.13	6499	1900	1950
415	01:17:23	60.16	6499	1899	1949
416	01:18:23	60.14	6499	1898	1948
417	01:19:24	60.08	6499	1898	1948
418	01:20:24	60.13	6499	1897	1947
419	01:21:24	60.08	6499	1896	1946
420	01:22:24	60.11	6499	1895	1946
421	01:23:24	60.11	6499	1895	1945
422	01:24:24	60.12	6499	1895	1945
423	01:25:24	58.81	6499	1894	1945
424	01:26:23	60.19	6499	1893	1944
425	01:27:23	14.10	6499	1893	1943
426	01:27:37	14.08	6499	1892	1942
427	01:27:51	60.23	6499	1891	1942
428	01:28:52	60.10	6499	1890	1941
429	01:29:52	60.11	6499	1889	1940
430	01:30:52	60.13	6499	1889	1940
431	01:31:52	60.15	6499	1888	1939
432	01:32:52	60.11	6499	1887	1938
433	01:33:52	60.12	6499	1886	1937
434	01:34:52	60.16	6499	1886	1937
435	01:35:52	60.14	6499	1885	1936
436	01:36:53	60.12	6499	1884	1935
437	01:37:53	60.12	6499	1883	1934
438	01:38:53	60.13	6499	1883	1934
439	01:39:53	60.10	6499	1882	1933
440	01:40:53	60.11	6499	1881	1932
441	01:41:53	60.09	6499	1880	1932
442	01:42:53	60.14	6499	1880	1931
443	01:43:53	60.15	6499	1879	1930
444	01:44:54	60.09	6499	1878	1930
445	01:45:54	60.08	6499	1877	1929
446	01:46:54	60.17	6499	1876	1928
447	01:47:54	60.09	6499	1876	1927
448	01:48:54	60.13	6499	1875	1926
449	01:49:54	60.11	6499	1874	1926
450	01:50:54	60.10	6499	1873	1925
451	01:51:54	60.17	6499	1873	1924
452	01:52:54	60.16	6499	1872	1923
453	01:53:55	60.10	6499	1871	1923
454	01:54:55	60.12	6499	1870	1922
455	01:55:55	60.13	6499	1870	1921
456	01:56:55	58.81	6499	1869	1921
457	01:57:54	60.19	6499	1868	1920
458	01:58:54	10.04	6499	1867	1919
459	01:59:04	60.10	6499	1867	1919
460	02:00:04	60.16	6499	1866	1918
461	02:01:04	60.10	6499	1865	1917
462	02:02:04	60.16	6499	1865	1916
463	02:03:05	60.12	6499	1864	1916
464	02:04:05	60.13	6499	1863	1915
465	02:05:05	60.12	6499	1862	1914
466	02:06:05	60.14	6499	1862	1914
467	02:07:05	60.19	6499	1861	1913
468	02:08:05	60.15	6499	1860	1912
469	02:09:05	60.09	6499	1859	1911
470	02:10:05	60.16	6499	1859	1911
471	02:11:06	60.14	6499	1858	1910
472	02:12:06	60.12	6499	1857	1910
473	02:13:06	60.12	6499	1856	1909
474	02:14:06	60.14	6499	1856	1908
475	02:15:06	60.08	6499	1855	1908
476	02:16:06	60.14	6499	1854	1907
477	02:17:06	60.14	6499	1853	1906
478	02:18:07	60.08	6499	1853	1905
479	02:19:07	60.08	6499	1852	1905
480	02:20:07	60.05	6499	1851	1904
481	02:21:07	60.09	6499	1851	1903
482	02:22:07	60.11	6499	1850	1903
483	02:23:07	60.12	6499	1849	1902
484	02:24:07	60.14	6499	1849	1901
485	02:25:07	60.12	6499	1848	1901
486	02:26:07	60.16	6499	1847	1900
487	02:27:07	60.10	6499	1847	1900
488	02:28:08	24.65	6499	1846	1899
489	02:28:32	60.49	6499	1845	1898
490	02:29:33	60.13	6499	1844	1897
491	02:30:33	60.13	6499	1844	1897
492	02:31:33	60.11	6499	1843	1896
493	02:32:33	60.15	6499	1842	1895
494	02:33:33	60.13	6499	1841	1895
495	02:34:33	60.12	6499	1841	1894
496	02:35:33	60.11	6499	1840	1893
497	02:36:34	60.07	6499	1839	1892
498	02:37:34	60.14	6499	1838	1892
499	02:38:34	60.11	6499	1838	1891
500	02:39:34	60.13	6499	1837	1890
501	02:40:34	60.11	6499	1836	1890
502	02:41:34	60.12	6499	1836	1889
503	02:42:34	60.13	6499	1835	1888
504	02:43:34	60.15	6499	1834	1888
505	02:44:35	60.13	6499	1833	1887
506	02:45:35	60.12	6499	1833	1886
507	02:46:35	60.09	6499	1832	1886
508	02:47:35	60.15	6499	1831	1885
509	02:48:35	60.13	6499	1831	1884
510	02:49:35	60.18	6499	1830	1884
511	02:50:35	60.14	6499	1829	1883
512	02:51:35	60.08	6499	1828	1882
513	02:52:36	60.14	6499	1828	1881
514	02:53:36	60.13	6499	1827	1881
515	02:54:36	60.10	6499	1826	1880
516	02:55:36	60.13	6499	1826	1879
517	02:56:36	60.14	6499	1825	1879
518	02:57:36	60.12	6499	1824	1878
519	02:58:36	60.12	6499	1824	1878
520	02:59:36	60.11	6499	1823	1877
521	03:00:37	60.13	6499	1822	1876
522	03:01:37	60.09	6499	1821	1875
523	03:02:37	60.13	6499	1821	1875
524	03:03:37	60.14	6499	1820	1874
525	03:04:37	60.08	6499	1819	1873
526	03:05:37	60.10	6499	1819	1873
527	03:06:37	60.13	6499	1818	1872
528	03:07:37	60.08	6499	1817	1871
529	03:08:37	60.10	6499	1817	1871
530	03:09:38	60.15	6499	1816	1870
531	03:10:38	60.10	6499	1815	1869
532	03:11:38	60.13	6499	1815	1868
533	03:12:38	60.14	6499	1814	1868
534	03:13:38	60.12	6499	1813	1867
535	03:14:38	60.13	6499	1813	1867
536	03:15:38	60.13	6499	1812	1866
537	03:16:38	60.13	6499	1811	1865
538	03:17:39	60.16	6499	1810	1865
539	03:18:39	60.12	6499	1810	1864
540	03:19:39	60.22	6499	1809	1863
541	03:20:39	60.07	6499	1808	1862
542	03:21:39	60.12	6499	1808	1862
543	03:22:39	60.09	6499	1807	1861
544	03:23:39	60.10	6499	1806	1860
545	03:24:39	60.16	6499	1806	1860
546	03:25:40	60.16	6499	1805	1859
547	03:26:40	60.14	6499	1804	1858
548	03:27:40	60.15	6499	1803	1858
549	03:28:40	60.12	6499	1803	1857
550	03:29:40	60.12	6499	1802	1856
551	03:30:40	60.14	6499	1801	1856
552	03:31:40	60.13	6499	1801	1855
553	03:32:41	60.15	6499	1800	1854
554	03:33:41	60.14	6499	1799	1854
555	03:34:41	60.16	6499	1799	1853
556	03:35:41	60.13	6499	1798	1852
557	03:36:41	60.16	6499	1797	1852
558	03:37:41	60.11	6499	1797	1852
559	03:38:41	60.10	6499	1797	1851
560	03:39:42	60.10	6499	1796	1851
561	03:40:42	60.17	6499	1796	1850
562	03:41:42	60.08	6499	1795	1849
563	03:42:42	23.26	6499	1794	1849
564	03:43:05	21.12	6499	1794	1848
565	03:43:26	60.11	6499	1793	1847
566	03:44:26	60.14	6499	1792	1847
567	03:45:26	60.14	6499	1791	1846
568	03:46:27	60.10	6499	1791	1845
569	03:47:27	60.11	6499	1790	1845
570	03:48:27	60.11	6499	1789	1844
571	03:49:27	60.17	6499	1789	1844
572	03:50:27	60.12	6499	1788	1843
573	03:51:27	60.17	6499	1787	1842
574	03:52:27	60.12	6499	1787	1842
575	03:53:28	60.12	6499	1786	1841
576	03:54:28	60.13	6499	1785	1840
577	03:55:28	60.12	6499	1785	1839
578	03:56:28	60.11	6499	1784	1839
579	03:57:28	60.14	6499	1783	1838
580	03:58:28	60.08	6499	1783	1838
581	03:59:28	60.14	6499	1782	1837
582	04:00:28	60.12	6499	1781	1837
583	04:01:28	60.10	6499	1781	1836
584	04:02:29	60.12	6499	1780	1835
585	04:03:29	60.12	6499	1780	1835
586	04:04:29	60.12	6499	1779	1834
587	04:05:29	60.16	6499	1778	1834
588	04:06:29	60.12	6499	1778	1833
589	04:07:29	32.34	6499	1777	1832
590	04:08:02	60.33	6499	1776	1832
591	04:09:02	60.09	6499	1776	1831
592	04:10:02	60.08	6499	1775	1830
593	04:11:02	60.12	6499	1774	1829
594	04:12:02	60.15	6499	1774	1829
595	04:13:02	60.12	6499	1773	1828
596	04:14:02	60.10	6499	1772	1828
597	04:15:03	60.17	6499	1772	1827
598	04:16:03	60.11	6499	1771	1826
599	04:17:03	60.07	6499	1770	1826
600	04:18:03	60.13	6499	1770	1825
601	04:19:03	60.16	6499	1769	1825
602	04:20:03	60.12	6499	1768	1824
603	04:21:03	50.21	6499	1768	1823
604	04:21:54	60.05	6499	1767	1823
605	04:22:54	10.02	6499	1767	1822
606	04:23:04	60.12	6499	1766	1822
607	04:24:04	60.13	6499	1765	1821
608	04:25:04	60.13	6499	1765	1820
609	04:26:04	60.18	6499	1764	1820
610	04:27:04	60.16	6499	1763	1819
611	04:28:04	60.10	6499	1763	1818
612	04:29:04	60.13	6499	1762	1818
613	04:30:05	60.17	6499	1761	1817
614	04:31:05	60.13	6499	1761	1816
615	04:32:05	60.18	6499	1760	1816
616	04:33:05	60.11	6499	1759	1815
617	04:34:05	60.10	6499	1759	1815
618	04:35:05	60.14	6499	1758	1814
619	04:36:05	60.13	6499	1758	1813
620	04:37:05	60.14	6499	1757	1813
621	04:38:06	60.15	6499	1756	1812
622	04:39:06	60.12	6499	1756	1812
623	04:40:06	60.13	6499	1755	1811
624	04:41:06	60.15	6499	1754	1810
625	04:42:06	60.15	6499	1754	1810
626	04:43:06	60.14	6499	1753	1809
627	04:44:06	60.15	6499	1752	1809
628	04:45:07	60.12	6499	1752	1808
629	04:46:07	60.13	6499	1751	1807
630	04:47:07	60.12	6499	1750	1806
631	04:48:07	60.12	6499	1750	1806
632	04:49:07	60.16	6499	1749	1805
633	04:50:07	60.13	6499	1749	1805
634	04:51:07	60.12	6499	1748	1804
635	04:52:08	60.17	6499	1747	1803
636	04:53:08	60.14	6499	1747	1802
637	04:54:08	60.10	6499	1746	1802
638	04:55:08	60.12	6499	1745	1802
639	04:56:08	60.28	6499	1745	1801
640	04:57:08	60.24	6499	1744	1800
641	04:58:09	60.13	6499	1744	1800
642	04:59:09	60.14	6499	1743	1799
643	05:00:09	60.08	6499	1742	1799
644	05:01:09	60.16	6499	1742	1798
645	05:02:09	60.16	6499	1741	1797
646	05:03:09	60.12	6499	1740	1797
647	05:04:09	60.09	6499	1740	1796
648	05:05:09	60.18	6499	1739	1796
649	05:06:10	60.10	6499	1738	1795
650	05:07:10	60.11	6499	1738	1794
651	05:08:10	60.11	6499	1737	1793
652	05:09:10	60.12	6499	1736	1793
653	05:10:10	60.12	6499	1736	1792
654	05:11:10	60.11	6499	1735	1792
655	05:12:10	60.08	6499	1734	1791
656	05:13:10	60.15	6499	1734	1790
657	05:14:11	60.12	6499	1733	1790
658	05:15:11	60.08	6499	1733	1789
659	05:16:11	60.16	6499	1732	1789
660	05:17:11	60.14	6499	1731	1788
661	05:18:11	60.15	6499	1731	1788
662	05:19:11	60.08	6499	1730	1787
663	05:20:11	60.12	6499	1729	1786
664	05:21:11	60.11	6499	1729	1786
665	05:22:11	60.16	6499	1728	1786
666	05:23:12	60.13	6499	1728	1785
667	05:24:12	60.12	6499	1727	1784
668	05:25:12	60.15	6499	1726	1784
669	05:26:12	60.10	6499	1726	1783
670	05:27:12	60.09	6499	1725	1782
671	05:28:12	60.11	6499	1725	1782
672	05:29:12	60.07	6499	1724	1781
673	05:30:12	60.10	6499	1723	1780
674	05:31:13	60.13	6499	1723	1780
675	05:32:13	60.07	6499	1722	1779
676	05:33:13	60.14	6499	1721	1778
677	05:34:13	60.12	6499	1721	1778
678	05:35:13	60.13	6499	1720	1777
679	05:36:13	60.13	6499	1717	1774
680	05:37:13	60.16	6499	1719	1776
681	05:38:13	60.14	6499	1718	1776
682	05:39:14	60.13	6499	1718	1775
683	05:40:14	60.17	6499	1717	1775
684	05:41:14	60.14	6499	1717	1774
685	05:42:14	60.10	6499	1716	1773
686	05:43:14	60.12	6499	1715	1773
687	05:44:14	60.11	6499	1715	1772
688	05:45:14	60.16	6499	1714	1772
689	05:46:14	60.17	6499	1714	1771
690	05:47:15	60.10	6499	1713	1771
691	05:48:15	60.08	6499	1712	1770
692	05:49:15	60.12	6499	1712	1770
693	05:50:15	53.78	6499	1711	1769
694	05:51:09	59.69	6499	1711	1768
695	05:52:08	60.10	6499	1710	1768
696	05:53:08	60.11	6499	1709	1767
697	05:54:09	60.16	6499	1709	1767
698	05:55:09	60.11	6499	1708	1766
699	05:56:09	60.15	6499	1708	1766
700	05:57:09	60.08	6499	1707	1765
701	05:58:09	60.12	6499	1707	1764
702	05:59:09	60.15	6499	1706	1764
703	06:00:09	28.57	6499	1705	1763
704	06:00:38	60.58	6499	1705	1763
705	06:01:39	60.08	6499	1704	1762
706	06:02:39	60.11	6499	1704	1762
707	06:03:39	60.13	6499	1703	1761
708	06:04:39	60.13	6499	1703	1761
709	06:05:39	60.12	6499	1703	1761
710	06:06:39	60.14	6499	1702	1760
711	06:07:39	60.16	6499	1702	1760
712	06:08:39	60.13	6499	1701	1759
713	06:09:40	11.71	6499	1700	1758
714	06:09:51	60.24	6499	1700	1758
715	06:10:51	10.02	6499	1699	1757
716	06:11:01	60.15	6499	1699	1757
717	06:12:02	60.17	6499	1698	1756
718	06:13:02	60.14	6499	1697	1755
719	06:14:02	60.12	6499	1697	1755
720	06:15:02	60.13	6499	1696	1754
721	06:16:02	60.15	6499	1696	1754
722	06:17:02	60.18	6499	1695	1753
723	06:18:03	60.17	6499	1694	1752
724	06:19:03	60.11	6499	1694	1752
725	06:20:03	60.11	6499	1693	1751
726	06:21:03	60.12	6499	1693	1751
727	06:22:03	60.10	6499	1692	1750
728	06:23:03	60.16	6499	1692	1750
729	06:24:03	60.14	6499	1691	1749
730	06:25:03	60.11	6499	1691	1749
731	06:26:04	38.39	6499	1690	1749
732	06:26:42	60.07	6499	1690	1748
733	06:27:42	60.13	6499	1690	1748
734	06:28:42	60.15	6499	1689	1747
735	06:29:42	60.14	6499	1689	1747
736	06:30:42	10.26	6499	1688	1746
737	06:30:53	60.10	6499	1688	1746
738	06:31:53	10.02	6499	1687	1745
739	06:32:03	60.16	6499	1686	1745
740	06:33:03	37.98	6499	1686	1744
741	06:33:41	60.22	6499	1685	1743
742	06:34:41	60.15	6499	1685	1743
743	06:35:41	60.12	6499	1684	1742
744	06:36:41	60.15	6499	1684	1742
745	06:37:42	60.11	6499	1683	1741
746	06:38:42	60.09	6499	1683	1741
747	06:39:42	60.14	6499	1682	1740
748	06:40:42	60.11	6499	1682	1740
749	06:41:42	60.08	6499	1681	1740
750	06:42:42	60.12	6499	1681	1739
751	06:43:42	60.16	6499	1680	1739
752	06:44:42	10.92	6499	1680	1738
753	06:44:53	60.01	6499	1679	1737
754	06:45:53	11.40	6499	1678	1737
755	06:46:05	10.12	6499	1678	1736
756	06:46:15	60.10	6499	1677	1736
757	06:47:15	60.09	6499	1677	1735
758	06:48:15	60.14	6499	1676	1735
759	06:49:15	60.14	6499	1675	1734
760	06:50:15	60.13	6499	1675	1733
761	06:51:15	60.14	6499	1674	1733
762	06:52:16	60.09	6499	1674	1732
763	06:53:16	60.18	6499	1673	1731
764	06:54:16	60.11	6499	1673	1731
765	06:55:16	60.11	6499	1672	1730
766	06:56:16	60.13	6499	1671	1730
767	06:57:16	60.13	6499	1671	1729
768	06:58:16	60.09	6499	1670	1729
769	06:59:16	60.09	6499	1670	1728
770	07:00:17	60.11	6499	1669	1728
771	07:01:17	60.08	6499	1668	1727
772	07:02:17	60.12	6499	1668	1726
773	07:03:17	60.17	6499	1667	1726
774	07:04:17	60.21	6499	1667	1725
775	07:05:17	60.12	6499	1666	1725
776	07:06:17	60.02	6499	1666	1724
777	07:07:17	60.16	6499	1665	1724
778	07:08:17	60.18	6499	1665	1723
779	07:09:18	60.12	6499	1664	1723
780	07:10:18	60.14	6499	1663	1722
781	07:11:18	60.11	6499	1663	1722
782	07:12:18	60.19	6499	1662	1721
783	07:13:18	60.13	6499	1662	1720
784	07:14:18	60.20	6499	1661	1720
785	07:15:19	60.09	6499	1661	1719
786	07:16:19	60.12	6499	1660	1719
787	07:17:19	60.16	6499	1659	1718
788	07:18:19	60.11	6499	1659	1718
789	07:19:19	60.11	6499	1658	1717
790	07:20:19	60.08	6499	1658	1717
791	07:21:19	60.13	6499	1657	1716
792	07:22:19	60.14	6499	1657	1715
793	07:23:19	60.16	6499	1656	1715
794	07:24:20	60.11	6499	1655	1714
795	07:25:20	60.14	6499	1655	1714
796	07:26:20	60.12	6499	1654	1713
797	07:27:20	60.12	6499	1654	1712
798	07:28:20	60.14	6499	1653	1712
799	07:29:20	60.12	6499	1653	1712
800	07:30:20	60.13	6499	1652	1711
801	07:31:21	60.12	6499	1651	1710
802	07:32:21	60.15	6499	1651	1710
803	07:33:21	60.09	6499	1650	1709
804	07:34:21	60.14	6499	1650	1709
805	07:35:21	60.15	6499	1649	1708
806	07:36:21	60.16	6499	1649	1708
807	07:37:21	60.10	6499	1648	1707
808	07:38:21	60.08	6499	1648	1706
809	07:39:22	60.17	6499	1647	1706
810	07:40:22	60.15	6499	1646	1705
811	07:41:22	60.07	6499	1646	1705
812	07:42:22	60.12	6499	1645	1704
813	07:43:22	60.13	6499	1645	1704
814	07:44:22	60.16	6499	1644	1703
815	07:45:22	60.12	6499	1644	1703
816	07:46:22	60.13	6499	1643	1702
817	07:47:23	60.13	6499	1642	1702
818	07:48:23	60.17	6499	1642	1701
819	07:49:23	60.14	6499	1641	1700
820	07:50:23	60.10	6499	1641	1700
821	07:51:23	60.12	6499	1640	1700
822	07:52:23	60.24	6499	1640	1699
823	07:53:23	60.09	6499	1639	1699
824	07:54:24	60.07	6499	1639	1698
825	07:55:24	60.06	6499	1638	1698
826	07:56:24	60.12	6499	1637	1697
827	07:57:24	60.11	6499	1637	1696
828	07:58:24	60.15	6499	1636	1696
829	07:59:24	60.08	6499	1636	1695
830	08:00:24	60.11	6499	1635	1695
831	08:01:24	60.12	6499	1635	1694
832	08:02:24	60.12	6499	1634	1694
833	08:03:24	60.13	6499	1634	1693
834	08:04:25	60.12	6499	1633	1692
835	08:05:25	60.15	6499	1632	1692
836	08:06:25	60.13	6499	1632	1691
837	08:07:25	60.15	6499	1631	1691
838	08:08:25	60.13	6499	1631	1690
839	08:09:25	60.16	6499	1630	1690
840	08:10:25	60.13	6499	1630	1689
841	08:11:26	60.13	6499	1629	1689
842	08:12:26	60.13	6499	1629	1688
843	08:13:26	60.14	6499	1628	1688
844	08:14:26	49.92	6499	1628	1687
845	08:15:16	60.53	6499	1627	1687
846	08:16:16	60.11	6499	1626	1686
847	08:17:17	60.08	6499	1626	1685
848	08:18:17	60.08	6499	1625	1685
849	08:19:17	60.12	6499	1625	1684
850	08:20:17	60.08	6499	1624	1684
851	08:21:17	60.14	6499	1624	1683
852	08:22:17	60.12	6499	1623	1683
853	08:23:17	60.18	6499	1623	1682
854	08:24:17	60.11	6499	1622	1681
855	08:25:17	60.08	6499	1622	1681
856	08:26:18	60.14	6499	1621	1680
857	08:27:18	60.12	6499	1620	1680
858	08:28:18	60.16	6499	1620	1679
859	08:29:18	60.13	6499	1619	1679
860	08:30:18	60.18	6499	1619	1678
861	08:31:18	60.12	6499	1618	1678
862	08:32:18	60.14	6499	1618	1677
863	08:33:19	60.15	6499	1617	1676
864	08:34:19	60.14	6499	1617	1676
865	08:35:19	60.13	6499	1616	1676
866	08:36:19	60.13	6499	1616	1675
867	08:37:19	60.15	6499	1615	1675
868	08:38:19	60.15	6499	1614	1674
869	08:39:19	60.07	6499	1614	1674
870	08:40:19	60.09	6499	1613	1673
871	08:41:20	60.12	6499	1613	1672
872	08:42:20	60.09	6499	1612	1672
873	08:43:20	60.10	6499	1612	1672
874	08:44:20	60.12	6499	1611	1670
875	08:45:20	60.08	6499	1611	1671
876	08:46:20	60.13	6499	1610	1670
877	08:47:20	60.09	6499	1610	1670
878	08:48:20	60.12	6499	1609	1669
879	08:49:20	60.15	6499	1609	1669
880	08:50:21	60.11	6499	1608	1668
881	08:51:21	60.10	6499	1607	1667
882	08:52:21	60.15	6499	1607	1667
883	08:53:21	60.10	6499	1606	1666
884	08:54:21	60.17	6499	1606	1666
885	08:55:21	60.12	6499	1605	1665
886	08:56:21	60.13	6499	1605	1665
887	08:57:21	60.16	6499	1604	1664
888	08:58:22	60.11	6499	1604	1664
889	08:59:22	60.12	6499	1603	1663
890	09:00:22	60.08	6499	1603	1662
891	09:01:22	60.16	6499	1602	1662
892	09:02:22	60.15	6499	1602	1662
893	09:03:22	60.13	6499	1601	1661
894	09:04:22	60.17	6499	1600	1660
895	09:05:23	60.13	6499	1600	1660
896	09:06:23	60.13	6499	1599	1659
897	09:07:23	60.08	6499	1599	1659
898	09:08:23	60.16	6499	1598	1658
899	09:09:23	60.12	6499	1598	1658
900	09:10:23	60.16	6499	1597	1657
901	09:11:23	60.12	6499	1597	1657
902	09:12:23	60.12	6499	1596	1656
903	09:13:24	60.16	6499	1596	1656
904	09:14:24	60.12	6499	1595	1655
905	09:15:24	60.16	6499	1595	1655
906	09:16:24	60.13	6499	1594	1654
907	09:17:24	60.13	6499	1594	1654
908	09:18:24	60.18	6499	1593	1653
909	09:19:24	60.10	6499	1593	1653
910	09:20:25	60.15	6499	1592	1652
911	09:21:25	60.17	6499	1592	1652
912	09:22:25	60.11	6499	1591	1651
913	09:23:25	60.36	6499	1590	1651
914	09:24:25	60.26	6499	1590	1651
915	09:25:26	60.15	6499	1589	1650
916	09:26:26	60.13	6499	1589	1649
917	09:27:26	60.10	6499	1588	1649
918	09:28:26	60.11	6499	1588	1648
919	09:29:26	60.12	6499	1587	1648
920	09:30:26	60.10	6499	1587	1647
921	09:31:26	60.13	6499	1586	1647
922	09:32:26	60.11	6499	1586	1646
923	09:33:27	60.16	6499	1585	1646
924	09:34:27	60.16	6499	1585	1645
925	09:35:27	60.13	6499	1584	1645
926	09:36:27	60.16	6499	1584	1644
927	09:37:27	60.10	6499	1583	1644
928	09:38:27	60.16	6499	1583	1644
929	09:39:27	60.13	6499	1582	1643
930	09:40:28	60.13	6499	1582	1642
931	09:41:28	60.15	6499	1581	1642
932	09:42:28	26.55	6499	1581	1641
933	09:42:54	60.09	6499	1580	1641
934	09:43:54	10.01	6499	1580	1640
935	09:44:04	60.13	6499	1579	1640
936	09:45:05	60.13	6499	1579	1639
937	09:46:05	60.10	6499	1578	1639
938	09:47:05	60.12	6499	1578	1639
939	09:48:05	60.10	6499	1577	1638
940	09:49:05	60.17	6499	1576	1637
941	09:50:05	60.13	6499	1576	1637
942	09:51:05	60.13	6499	1575	1637
943	09:52:05	60.12	6499	1575	1636
944	09:53:06	60.15	6499	1574	1635
945	09:54:06	60.15	6499	1574	1635
946	09:55:06	60.12	6499	1573	1634
947	09:56:06	60.09	6499	1573	1634
948	09:57:06	60.20	6499	1572	1633
949	09:58:06	60.13	6499	1572	1633
950	09:59:06	60.11	6499	1571	1632
951	10:00:07	60.10	6499	1571	1632
952	10:01:07	60.08	6499	1570	1631
953	10:02:07	60.16	6499	1570	1631
954	10:03:07	60.14	6499	1569	1630
955	10:04:07	60.16	6499	1569	1629
956	10:05:07	60.10	6499	1568	1629
957	10:06:07	60.16	6499	1568	1629
958	10:07:07	60.11	6499	1567	1628
959	10:08:08	60.12	6499	1567	1628
960	10:09:08	10.02	6499	1566	1627
961	10:09:18	57.31	6499	1566	1627
962	10:10:15	60.23	6499	1565	1626
963	10:11:15	60.12	6499	1565	1625
964	10:12:15	60.13	6499	1564	1625
965	10:13:15	60.11	6499	1564	1625
966	10:14:16	60.12	6499	1563	1624
967	10:15:16	60.14	6499	1563	1624
968	10:16:16	60.11	6499	1562	1623
969	10:17:16	60.15	6499	1562	1622
970	10:18:16	60.13	6499	1561	1622
971	10:19:16	60.15	6499	1561	1621
972	10:20:16	60.09	6499	1560	1621
973	10:21:16	60.14	6499	1560	1620
974	10:22:17	60.14	6499	1559	1620
975	10:23:17	60.13	6499	1559	1619
976	10:24:17	60.13	6499	1558	1619
977	10:25:17	60.16	6499	1558	1618
978	10:26:17	60.18	6499	1557	1618
979	10:27:17	60.08	6499	1557	1617
980	10:28:17	60.12	6499	1556	1617
981	10:29:18	60.11	6499	1556	1616
982	10:30:18	60.15	6499	1555	1616
983	10:31:18	60.14	6499	1555	1615
984	10:32:18	60.13	6499	1554	1615
985	10:33:18	60.17	6499	1554	1614
986	10:34:18	60.11	6499	1553	1614
987	10:35:18	60.13	6499	1553	1614
988	10:36:19	60.11	6499	1553	1614
989	10:37:19	60.16	6499	1552	1613
990	10:38:19	60.11	6499	1552	1613
991	10:39:19	60.10	6499	1551	1612
992	10:40:19	60.12	6499	1551	1612
993	10:41:19	60.14	6499	1550	1611
994	10:42:19	60.13	6499	1550	1611
995	10:43:19	19.04	6499	1549	1610
996	10:43:38	48.61	6499	1549	1610
997	10:44:27	15.64	6499	1548	1609
998	10:44:43	60.24	6499	1548	1609
999	10:45:43	60.15	6499	1547	1608
1000	10:46:43	60.15	6499	1547	1608
1001	10:47:43	60.09	6499	1546	1607
1002	10:48:43	60.15	6499	1546	1607
1003	10:49:43	60.16	6499	1545	1606
1004	10:50:44	60.10	6499	1545	1606
1005	10:51:44	60.14	6499	1545	1605
1006	10:52:44	60.16	6499	1544	1605
1007	10:53:44	60.14	6499	1544	1604
1008	10:54:44	60.13	6499	1543	1604
1009	10:55:44	60.08	6499	1543	1603
1010	10:56:44	60.09	6499	1542	1603
1011	10:57:44	60.10	6499	1542	1602
1012	10:58:45	60.12	6499	1541	1602
1013	10:59:45	60.10	6499	1541	1601
1014	11:00:45	60.12	6499	1540	1601
1015	11:01:45	60.10	6499	1540	1601
1016	11:02:45	60.15	6499	1539	1600
1017	11:03:45	60.14	6499	1539	1599
1018	11:04:45	60.15	6499	1538	1599
1019	11:05:45	60.12	6499	1538	1599
1020	11:06:46	60.18	6499	1537	1598
1021	11:07:46	60.10	6499	1537	1597
1022	11:08:46	60.10	6499	1536	1597
1023	11:09:46	60.12	6499	1536	1596
1024	11:10:46	60.15	6499	1535	1596
1025	11:11:46	60.14	6499	1535	1596
1026	11:12:46	60.13	6499	1534	1595
1027	11:13:47	60.14	6499	1534	1595
1028	11:14:47	60.12	6499	1533	1594
1029	11:15:47	60.16	6499	1533	1594
1030	11:16:47	60.11	6499	1532	1593
1031	11:17:47	60.11	6499	1532	1593
1032	11:18:47	60.13	6499	1531	1593
1033	11:19:47	60.08	6499	1531	1592
1034	11:20:47	60.11	6499	1530	1592
1035	11:21:47	60.08	6499	1530	1591
1036	11:22:48	60.16	6499	1529	1591
1037	11:23:48	60.16	6499	1529	1590
1038	11:24:48	60.11	6499	1529	1590
1039	11:25:48	60.17	6499	1528	1589
1040	11:26:48	60.09	6499	1528	1589
1041	11:27:48	60.15	6499	1527	1588
1042	11:28:48	60.12	6499	1527	1588
1043	11:29:49	60.14	6499	1526	1587
1044	11:30:49	60.12	6499	1526	1587
1045	11:31:49	60.12	6499	1525	1586
1046	11:32:49	60.12	6499	1525	1586
1047	11:33:49	60.17	6499	1524	1585
1048	11:34:49	60.13	6499	1524	1585
1049	11:35:49	60.15	6499	1523	1584
1050	11:36:49	60.15	6499	1523	1584
1051	11:37:50	60.12	6499	1522	1583
1052	11:38:50	60.16	6499	1522	1583
1053	11:39:50	60.14	6499	1521	1582
1054	11:40:50	60.08	6499	1521	1582
1055	11:41:50	60.13	6499	1520	1581
1056	11:42:50	60.13	6499	1520	1581
1057	11:43:50	60.11	6499	1519	1581
1058	11:44:50	60.13	6499	1519	1580
1059	11:45:51	60.12	6499	1519	1580
1060	11:46:51	60.12	6499	1518	1579
1061	11:47:51	60.13	6499	1518	1579
1062	11:48:51	60.09	6499	1517	1578
1063	11:49:51	60.16	6499	1517	1578
1064	11:50:51	60.13	6499	1516	1577
1065	11:51:51	60.17	6499	1516	1577
1066	11:52:52	60.12	6499	1515	1576
1067	11:53:52	60.12	6499	1515	1576
1068	11:54:52	60.11	6499	1514	1576
1069	11:55:52	60.12	6499	1514	1575
1070	11:56:52	60.07	6499	1514	1575
1071	11:57:52	60.07	6499	1513	1574
1072	11:58:52	60.08	6499	1513	1574
1073	11:59:52	60.17	6499	1512	1573
1074	12:00:52	60.10	6499	1512	1573
1075	12:01:53	60.16	6499	1511	1573
1076	12:02:53	60.13	6499	1511	1572
1077	12:03:53	11.89	6499	1511	1572
1078	12:04:05	60.01	6499	1511	1572
1079	12:05:05	60.13	6499	1510	1572
1080	12:06:05	60.16	6499	1510	1571
1081	12:07:05	60.13	6499	1509	1571
1082	12:08:05	60.14	6499	1509	1570
1083	12:09:05	60.11	6499	1508	1570
1084	12:10:05	60.15	6499	1508	1569
1085	12:11:06	12.24	6499	1507	1569
1086	12:11:18	21.59	6499	1507	1568
1087	12:11:39	60.17	6499	1506	1568
1088	12:12:40	60.11	6499	1506	1567
1089	12:13:40	60.12	6499	1505	1567
1090	12:14:40	60.14	6499	1505	1567
1091	12:15:40	60.18	6499	1504	1566
1092	12:16:40	60.13	6499	1504	1566
1093	12:17:40	60.10	6499	1503	1565
1094	12:18:40	60.13	6499	1503	1565
1095	12:19:40	60.12	6499	1503	1564
1096	12:20:41	60.06	6499	1502	1564
1097	12:21:41	60.15	6499	1502	1563
1098	12:22:41	60.11	6499	1501	1563
1099	12:23:41	60.11	6499	1501	1563
1100	12:24:41	60.09	6499	1500	1562
1101	12:25:41	60.16	6499	1500	1562
1102	12:26:41	60.12	6499	1499	1561
1103	12:27:41	60.15	6499	1499	1561
1104	12:28:41	60.16	6499	1498	1560
1105	12:29:42	60.13	6499	1498	1560
1106	12:30:42	60.16	6499	1497	1559
1107	12:31:42	60.14	6499	1497	1559
1108	12:32:42	60.13	6499	1496	1559
1109	12:33:42	60.11	6499	1496	1558
1110	12:34:42	60.15	6499	1496	1557
1111	12:35:42	60.12	6499	1495	1557
1112	12:36:43	60.12	6499	1495	1556
1113	12:37:43	60.11	6499	1494	1556
1114	12:38:43	60.10	6499	1494	1556
1115	12:39:43	60.12	6499	1493	1555
1116	12:40:43	60.17	6499	1493	1555
1117	12:41:43	60.17	6499	1492	1554
1118	12:42:43	60.14	6499	1492	1554
1119	12:43:43	60.13	6499	1492	1554
1120	12:44:44	60.11	6499	1491	1553
1121	12:45:44	60.11	6499	1491	1553
1122	12:46:44	60.15	6499	1490	1552
1123	12:47:44	60.07	6499	1490	1552
1124	12:48:44	60.08	6499	1489	1551
1125	12:49:44	60.10	6499	1489	1551
1126	12:50:44	60.16	6499	1489	1550
1127	12:51:44	60.10	6499	28.08	29.26
1128	12:52:45	60.12	6499	-1	-1
1129	12:53:45	60.17	6499	0	0
1130	12:54:45	60.15	6499	0	0
1131	12:55:45	60.13	6499	0	0
1132	12:56:45	60.10	6499	0	0
1133	12:57:45	60.16	6499	0	0
1134	12:58:45	60.16	6499	0	0
1135	12:59:45	40.39	6499	0	0
1136	13:00:26	60.34	6499	0	0
1137	13:01:26	60.12	6499	0	0
1138	13:02:26	27.46	6499	0	0
Created by AtlRunQuery on: 2018-08-24 17:54:49.943049
