LHC beam energy and intensities during run 304494:
(Begin/end of run: Mon Jul 25 2016 19:05:03 − 23:41:45)

LB	   Start time
(CEST)	   Duration
(sec)	   Beam energy
(GeV)	   Intensity Beam-1
(1e11 protons)	   Intensity Beam-2
(1e11 protons)
1	19:05:03	60.10	450	0	0
2	19:06:03	60.11	450	0	0
3	19:07:04	60.06	450	0	0
4	19:08:04	19.15	449	0	0
5	19:08:23	21.90	450	0	0
6	19:08:45	60.19	450	0	0
7	19:09:45	60.14	450	0	0
8	19:10:45	60.11	450	0	0
9	19:11:45	60.13	450	0	0
10	19:12:45	60.11	450	0	0
11	19:13:45	60.12	450	0	0
12	19:14:45	60.16	450	0	0
13	19:15:46	60.09	450	0	0
14	19:16:46	60.12	450	0	0
15	19:17:46	60.16	450	0	0
16	19:18:46	60.15	450	0.008555	0
17	19:19:46	60.15	450	0.04881	0.02665
18	19:20:46	60.09	450	0.02011	0.04327
19	19:21:46	60.14	450	0.01954	0.04321
20	19:22:47	60.14	450	0.05417	0.04315
21	19:23:47	60.12	450	0.05406	0.04309
22	19:24:47	60.14	450	0.05397	0.04303
23	19:25:47	60.16	450	0.0539	0.04296
24	19:26:47	60.13	450	0.05383	0.0429
25	19:27:47	60.12	450	0.05376	0.04282
26	19:28:47	60.13	450	0.05368	0.04274
27	19:29:47	60.13	450	0.05361	0.04266
28	19:30:48	60.13	450	0.05351	0.04257
29	19:31:48	60.13	450	0.05338	0.04247
30	19:32:48	60.10	450	0.05324	0.04238
31	19:33:48	60.15	450	0.05311	0.04228
32	19:34:48	60.11	450	0.05297	0.04218
33	19:35:48	60.14	450	0.05286	0.04207
34	19:36:48	60.12	450	0.05272	0.04198
35	19:37:48	60.13	450	0.05259	0.04187
36	19:38:49	60.11	450	0.05246	0.04176
37	19:39:49	60.15	450	0.05232	0.04164
38	19:40:49	60.15	450	0.05218	0.04153
39	19:41:49	60.14	450	0.05204	0.04141
40	19:42:49	60.12	450	0.0519	0.0413
41	19:43:49	60.16	450	0.05176	0.04118
42	19:44:49	60.14	450	0.05162	0.04105
43	19:45:50	60.09	450	0.05147	0.04093
44	19:46:50	60.09	450	0.05132	0.0408
45	19:47:50	60.13	450	0.05118	0.04068
46	19:48:50	60.13	450	0.05103	0.04055
47	19:49:50	60.10	450	0.05088	0.04043
48	19:50:50	60.16	450	0.05073	0.04031
49	19:51:50	60.14	450	0.05059	0.04019
50	19:52:50	60.14	450	0.05043	0.04006
51	19:53:51	60.13	450	0.05027	0.03994
52	19:54:51	60.15	450	0.05013	0.03982
53	19:55:51	60.14	450	0.04996	0.0397
54	19:56:51	19.42	450	0.04987	0.03961
55	19:57:10	60.03	450	0.04975	0.03953
56	19:58:10	60.12	450	0.0496	0.0394
57	19:59:11	60.12	450	0.04944	0.03927
58	20:00:11	60.08	450	0.04927	0.03915
59	20:01:11	40.84	450	0.04915	0.03904
60	20:01:52	60.09	450	0.049	0.03894
61	20:02:52	60.14	450	0.04883	0.03881
62	20:03:52	60.11	450	0.04867	0.03869
63	20:04:52	60.11	450	0.04851	0.03855
64	20:05:52	60.10	450	0.04835	0.03842
65	20:06:52	60.12	450	0.04819	0.0383
66	20:07:52	60.15	450	0.04804	0.03816
67	20:08:52	60.17	450	13.15	5.184
68	20:09:53	60.17	450	13.64	13.8
69	20:10:53	60.10	450	53.81	22.01
70	20:11:53	60.06	450	138.4	75.11
71	20:12:53	60.16	450	187.2	191.2
72	20:13:53	60.11	450	334.3	191.1
73	20:14:53	60.12	450	539.7	191.1
74	20:15:53	60.15	450	746.2	191.1
75	20:16:53	60.14	450	954.1	191.1
76	20:17:54	60.16	450	1174	191.1
77	20:18:54	60.11	450	1382	191.1
78	20:19:54	60.13	450	1589	191
79	20:20:54	60.11	450	1796	191
80	20:21:54	60.13	450	2005	191
81	20:22:54	60.10	450	2226	191
82	20:23:54	60.08	450	2432	191
83	20:24:54	60.12	450	2530	191
84	20:25:55	60.11	450	2529	267
85	20:26:55	60.12	450	2529	481.1
86	20:27:55	60.09	450	2528	691.8
87	20:28:55	60.14	450	2527	884.1
88	20:29:55	60.17	450	2526	1081
89	20:30:55	60.15	450	2525	1280
90	20:31:55	60.17	450	2524	1488
91	20:32:56	60.16	450	2523	1586
92	20:33:56	60.10	450	2522	1659
93	20:34:56	60.16	450	2522	1672
94	20:35:56	60.13	450	2521	1837
95	20:36:56	60.12	450	2520	1939
96	20:37:56	60.16	450	2519	2136
97	20:38:56	60.24	450	2518	2339
98	20:39:57	60.14	450	2517	2454
99	20:40:57	60.26	450	2516	2454
100	20:41:57	60.14	450	2514	2453
101	20:42:57	60.11	450	2513	2453
102	20:43:57	60.08	450	2512	2453
103	20:44:57	60.12	450	2511	2452
104	20:45:57	60.10	450	2509	2452
105	20:46:58	60.14	450	2508	2452
106	20:47:58	60.16	458	2505	2450
107	20:48:58	60.18	527	2504	2448
108	20:49:58	10.01	669	2490	2432
109	20:50:08	15.07	700	2490	2432
110	20:50:23	60.32	748	2490	2431
111	20:51:23	13.11	978	2490	2429
112	20:51:37	60.05	1041	2489	2428
113	20:52:37	60.12	1359	2489	2428
114	20:53:37	60.11	1707	2489	2428
115	20:54:37	60.17	2054	2489	2428
116	20:55:37	60.12	2401	2489	2428
117	20:56:37	60.17	2749	2489	2428
118	20:57:37	60.16	3096	2489	2428
119	20:58:37	60.14	3444	2488	2428
120	20:59:38	60.16	3797	2488	2427
121	21:00:38	60.16	4144	2488	2427
122	21:01:38	60.08	4492	2488	2428
123	21:02:38	60.13	4839	2488	2427
124	21:03:38	60.15	5187	2487	2427
125	21:04:38	60.14	5534	2486	2426
126	21:05:38	60.14	5881	2486	2426
127	21:06:39	60.16	6234	2486	2426
128	21:07:39	18.17	6499	2486	2427
129	21:07:57	10.41	6499	2486	2427
130	21:08:07	60.13	6499	2486	2427
131	21:09:07	60.13	6499	2485	2427
132	21:10:08	60.11	6499	2485	2427
133	21:11:08	60.09	6499	2485	2427
134	21:12:08	60.16	6499	2485	2427
135	21:13:08	60.15	6499	2485	2427
136	21:14:08	60.10	6499	2484	2427
137	21:15:08	60.17	6499	2484	2426
138	21:16:08	60.12	6499	2483	2426
139	21:17:08	60.15	6499	2483	2426
140	21:18:09	60.14	6499	2483	2426
141	21:19:09	60.11	6499	2483	2426
142	21:20:09	60.09	6499	2483	2426
143	21:21:09	60.12	6499	2478	2422
144	21:22:09	60.09	6499	2483	2426
145	21:23:09	60.17	6499	2484	2426
146	21:24:09	60.21	6499	2484	2426
147	21:25:09	60.12	6499	2484	2426
148	21:26:10	60.15	6499	2483	2426
149	21:27:10	60.13	6499	2483	2426
150	21:28:10	60.14	6499	2483	2426
151	21:29:10	48.62	6499	2482	2426
152	21:29:59	60.38	6499	2482	2425
153	21:30:59	60.15	6499	2482	2425
154	21:31:59	60.13	6499	2481	2425
155	21:32:59	60.16	6499	2481	2425
156	21:33:59	60.08	6499	2480	2425
157	21:35:00	60.15	6499	2480	2425
158	21:36:00	60.08	6499	2479	2425
159	21:37:00	60.07	6499	2477	2424
160	21:38:00	60.08	6499	2474	2423
161	21:39:00	60.19	6499	2471	2422
162	21:40:00	60.10	6499	2469	2420
163	21:41:00	60.20	6499	2466	2419
164	21:42:00	60.08	6499	2463	2418
165	21:43:00	60.11	6499	2461	2418
166	21:44:01	60.18	6499	2458	2416
167	21:45:01	55.17	6499	2456	2415
168	21:45:56	60.58	6499	2454	2413
169	21:46:57	60.18	6499	2451	2412
170	21:47:57	60.15	6499	2449	2412
171	21:48:57	47.42	6499	2448	2411
172	21:49:44	60.48	6499	2446	2410
173	21:50:45	60.13	6499	2443	2409
174	21:51:45	60.17	6499	2441	2407
175	21:52:45	60.12	6499	2439	2406
176	21:53:45	60.13	6499	2436	2405
177	21:54:45	60.09	6499	2434	2404
178	21:55:45	60.14	6499	2432	2403
179	21:56:46	60.13	6499	2430	2402
180	21:57:46	26.90	6499	2429	2401
181	21:58:13	14.81	6499	2428	2400
182	21:58:27	60.02	6499	2427	2399
183	21:59:27	60.15	6499	2425	2398
184	22:00:28	49.83	6499	2423	2397
185	22:01:17	60.40	6499	2421	2396
186	22:02:18	60.12	6499	2419	2395
187	22:03:18	60.15	6499	2418	2393
188	22:04:18	60.15	6499	2416	2392
189	22:05:18	60.14	6499	2414	2392
190	22:06:18	60.14	6499	2413	2390
191	22:07:18	60.15	6499	2411	2389
192	22:08:19	60.10	6499	2409	2388
193	22:09:19	60.15	6499	2408	2387
194	22:10:19	24.81	6499	2406	2386
195	22:10:44	60.37	6499	2405	2385
196	22:11:44	60.11	6499	2404	2384
197	22:12:44	60.16	6499	2402	2383
198	22:13:44	60.14	6499	2400	2382
199	22:14:44	60.13	6499	2399	2381
200	22:15:45	60.13	6499	2397	2380
201	22:16:45	60.09	6499	2396	2379
202	22:17:45	60.11	6499	2394	2377
203	22:18:45	60.10	6499	2393	2377
204	22:19:45	28.70	6499	2391	2375
205	22:20:14	60.48	6499	2390	2375
206	22:21:14	60.12	6499	2389	2374
207	22:22:14	61.42	6499	2387	2373
208	22:23:16	54.91	6499	2386	2371
209	22:24:11	60.12	6499	2385	2370
210	22:25:11	60.12	6499	2383	2370
211	22:26:11	60.15	6499	2382	2369
212	22:27:11	60.09	6499	2380	2368
213	22:28:11	60.08	6499	2379	2366
214	22:29:11	60.14	6499	2377	2365
215	22:30:11	60.13	6499	2376	2364
216	22:31:11	10.27	6499	2375	2364
217	22:31:22	60.43	6499	2374	2363
218	22:32:22	23.32	6499	2373	2363
219	22:32:45	59.94	6499	2372	2362
220	22:33:45	38.84	6499	2371	2360
221	22:34:24	35.99	6499	2370	2360
222	22:35:00	60.10	6499	2369	2359
223	22:36:00	60.12	6499	2368	2358
224	22:37:00	60.16	6499	2367	2357
225	22:38:01	60.08	6499	2365	2356
226	22:39:01	10.26	6499	2365	2355
227	22:39:11	60.43	6499	2364	2355
228	22:40:11	60.13	6499	2362	2354
229	22:41:12	60.12	6499	2361	2353
230	22:42:12	60.10	6499	2360	2352
231	22:43:12	60.19	6499	2359	2351
232	22:44:12	60.16	6499	2357	2350
233	22:45:12	60.13	6499	2356	2349
234	22:46:12	60.09	6499	2355	2348
235	22:47:12	60.14	6499	2354	2348
236	22:48:12	60.15	6499	2352	2346
237	22:49:13	60.12	6499	2351	2345
238	22:50:13	60.13	6499	2350	2344
239	22:51:13	60.10	6499	2349	2343
240	22:52:13	60.12	6499	2348	2342
241	22:53:13	60.17	6499	2346	2341
242	22:54:13	60.15	6499	2345	2340
243	22:55:13	60.10	6499	2344	2339
244	22:56:14	60.15	6499	2343	2338
245	22:57:14	60.12	6499	2342	2337
246	22:58:14	60.15	6499	2340	2336
247	22:59:14	60.11	6499	2339	2335
248	23:00:14	35.54	6499	2338	2334
249	23:00:50	60.43	6499	2337	2333
250	23:01:50	60.14	6499	2336	2333
251	23:02:50	60.13	6499	2335	2332
252	23:03:50	60.14	6499	2334	2331
253	23:04:50	60.14	6499	2333	2330
254	23:05:51	60.09	6499	2332	2329
255	23:06:51	60.12	6499	2330	2328
256	23:07:51	60.10	6499	2329	2327
257	23:08:51	60.18	6499	2328	2326
258	23:09:51	60.13	6499	2327	2325
259	23:10:51	49.66	6499	2326	2324
260	23:11:41	60.55	6499	2324	2323
261	23:12:41	60.16	6499	2323	2322
262	23:13:42	60.12	6499	2322	2321
263	23:14:42	60.18	6499	2321	2320
264	23:15:42	60.13	6499	2320	2319
265	23:16:42	60.09	6499	2319	2318
266	23:17:42	60.09	6499	2317	2317
267	23:18:42	60.22	6499	2316	2316
268	23:19:42	60.12	6499	2315	2315
269	23:20:42	60.08	6499	2314	2314
270	23:21:43	60.12	6499	2313	2313
271	23:22:43	60.08	6499	2312	2312
272	23:23:43	60.15	6499	2311	2311
273	23:24:43	60.08	6499	2309	2309
274	23:25:43	58.92	6499	2308	2309
275	23:26:42	60.50	6499	52.7	52.74
276	23:27:42	60.16	6501	0	0
277	23:28:43	60.16	6501	0	0
278	23:29:43	60.13	6501	0	0
279	23:30:43	60.09	6501	0	0
280	23:31:43	60.14	6501	0	0
281	23:32:43	60.12	6491	0	0
282	23:33:43	60.09	6378	0	0
283	23:34:43	60.08	6139	0	0
284	23:35:43	60.10	5797	0	0
285	23:36:43	60.15	5444	0	0
286	23:37:44	60.12	5085	0	0
287	23:38:44	60.15	4730	0	0
288	23:39:44	60.12	4374	-1	-1
289	23:40:44	60.51	4018	0	0
Created by AtlRunQuery on: 2016-10-06 16:55:15.842344
