LHC beam energy and intensities during run 305359:
(Begin/end of run: Mon Aug 01 2016 11:10:14 − 20:30:05)

LB	   Start time
(CEST)	   Duration
(sec)	   Beam energy
(GeV)	   Intensity Beam-1
(1e11 protons)	   Intensity Beam-2
(1e11 protons)
1	11:10:14	60.12	450	0	0
2	11:11:14	60.12	450	0	0
3	11:12:14	60.12	450	0	0
4	11:13:14	20.08	450	0	0
5	11:13:35	60.13	450	0	0
6	11:14:35	27.03	450	0	0
7	11:15:02	60.12	450	0	0
8	11:16:02	60.18	450	0	0
9	11:17:02	60.07	450	0	0
10	11:18:02	60.16	450	0	0
11	11:19:02	60.15	450	0	0
12	11:20:02	60.06	450	0	0
13	11:21:02	60.15	450	0	0
14	11:22:03	60.12	450	0	0
15	11:23:03	60.15	450	0	0
16	11:24:03	60.08	450	0	0
17	11:25:03	60.14	450	0	0
18	11:26:03	58.13	450	0	0
19	11:27:01	31.07	450	0	0
20	11:27:32	43.89	450	0	0
21	11:28:16	60.18	450	0	0
22	11:29:16	60.11	450	0	0
23	11:30:16	60.12	450	0.009589	0
24	11:31:17	60.11	450	0.09071	0.02742
25	11:32:17	60.18	450	0.09067	0.0662
26	11:33:17	60.10	450	0.09064	0.06617
27	11:34:17	60.13	450	0.09059	0.06614
28	11:35:17	60.16	450	0.09051	0.0661
29	11:36:17	60.12	450	0.09048	0.06607
30	11:37:17	60.11	450	0.09045	0.06604
31	11:38:17	60.11	450	0.09043	0.06601
32	11:39:18	60.14	450	0.0904	0.06599
33	11:40:18	60.15	450	0.09038	0.06596
34	11:41:18	60.12	450	0.09031	0.06593
35	11:42:18	60.07	450	0.09021	0.0659
36	11:43:18	60.16	450	0.09013	0.06587
37	11:44:18	60.12	450	0.09005	0.06583
38	11:45:18	60.12	450	1.695	0.06579
39	11:46:18	60.15	450	13.52	5.822
40	11:47:19	60.11	450	17.05	13.22
41	11:48:19	60.12	450	69.52	35.11
42	11:49:19	60.12	450	69.51	69.16
43	11:50:19	60.12	450	69.51	69.16
44	11:51:19	60.14	450	69.5	69.15
45	11:52:19	60.11	450	69.49	69.14
46	11:53:19	60.08	450	69.48	69.14
47	11:54:19	60.16	450	69.47	69.14
48	11:55:20	60.08	450	69.46	69.13
49	11:56:20	60.13	450	69.46	69.12
50	11:57:20	60.14	450	69.44	69.12
51	11:58:20	60.08	450	69.43	69.12
52	11:59:20	60.12	450	69.42	69.11
53	12:00:20	60.13	450	69.41	69.1
54	12:01:20	60.10	450	75.86	69.1
55	12:02:20	60.09	450	82.41	69.09
56	12:03:20	60.11	450	82.4	69.08
57	12:04:21	60.13	450	82.38	78.62
58	12:05:21	60.17	450	5.209	5.144
59	12:06:21	60.18	450	0	0
60	12:07:21	60.18	450	0	0
61	12:08:21	60.14	450	0.007308	0
62	12:09:21	60.15	450	0.07749	0.02612
63	12:10:21	60.14	450	0.07742	0.06421
64	12:11:22	60.10	450	0.07735	0.06417
65	12:12:22	60.23	450	8.918	0.06354
66	12:13:22	60.17	450	13.8	13.52
67	12:14:22	60.11	450	49.52	13.77
68	12:15:22	60.11	450	100.3	68.34
69	12:16:22	60.13	450	185	71.16
70	12:17:22	60.14	450	185	173.6
71	12:18:23	60.08	450	185	184.6
72	12:19:23	60.15	450	185	184.6
73	12:20:23	60.06	450	184.9	184.5
74	12:21:23	60.14	450	184.9	184.5
75	12:22:23	60.12	450	184.9	184.5
76	12:23:23	60.10	450	184.8	184.5
77	12:24:23	60.15	450	184.8	184.5
78	12:25:23	60.11	450	184.8	184.4
79	12:26:23	60.15	450	184.7	184.4
80	12:27:24	60.17	450	184.7	184.4
81	12:28:24	60.13	450	184.6	184.3
82	12:29:24	60.07	450	184.6	184.3
83	12:30:24	60.11	450	185.5	184.6
84	12:31:24	60.15	450	185.6	185.5
85	12:32:24	60.15	450	185.6	185.4
86	12:33:24	60.16	450	219.7	185.4
87	12:34:25	60.18	450	271.7	185.4
88	12:35:25	60.13	450	356.1	218.5
89	12:36:25	60.13	450	356	267.7
90	12:37:25	60.16	450	386.8	357
91	12:38:25	60.11	450	431.5	405.6
92	12:39:25	60.12	450	527.1	468.2
93	12:40:25	60.11	450	527	525.6
94	12:41:26	60.08	450	527.2	525.5
95	12:42:26	60.13	450	527.8	525.4
96	12:43:26	60.11	450	527.6	526.4
97	12:44:26	60.08	450	531.3	526.3
98	12:45:26	60.12	450	584.6	549.3
99	12:46:26	60.14	450	667.1	587.9
100	12:47:26	60.10	450	699.8	695.2
101	12:48:26	60.18	450	699.6	695.1
102	12:49:26	60.18	450	699.3	695
103	12:50:27	60.08	450	699	694.9
104	12:51:27	60.11	450	698.8	694.9
105	12:52:27	60.24	450	698.4	694.7
106	12:53:27	60.12	460	697.9	694.1
107	12:54:27	60.12	535	697.8	693.2
108	12:55:27	60.16	681	697.7	692.3
109	12:56:27	10.45	891	697.6	691.9
110	12:56:38	37.35	935	697.6	691.7
111	12:57:15	10.01	1104	697.6	683.6
112	12:57:25	60.18	1154	683.9	677.6
113	12:58:25	60.13	1493	683.9	677.5
114	12:59:26	60.13	1846	683.9	677.5
115	13:00:26	60.13	2193	683.9	677.5
116	13:01:26	60.17	2541	683.8	677.4
117	13:02:26	60.12	2888	683.8	677.4
118	13:03:26	60.13	3235	683.8	677.4
119	13:04:26	60.11	3583	683.8	677.3
120	13:05:26	60.13	3930	683.7	677.2
121	13:06:27	60.17	4283	683.7	677.2
122	13:07:27	60.11	4631	683.6	677.3
123	13:08:27	60.10	4978	683.6	677.3
124	13:09:27	60.13	5326	683.5	677.4
125	13:10:27	60.14	5673	683.5	677.4
126	13:11:27	60.17	6021	683.5	677.3
127	13:12:27	52.58	6368	683.5	677.5
128	13:13:20	16.03	6499	683.5	677.8
129	13:13:36	60.41	6499	683.4	677.7
130	13:14:36	60.08	6499	683.4	677.7
131	13:15:36	60.13	6499	683.4	677.7
132	13:16:37	60.17	6499	683.3	677.6
133	13:17:37	60.17	6499	683.1	677.5
134	13:18:37	60.14	6499	682.9	677.4
135	13:19:37	60.16	6499	682.8	677.3
136	13:20:37	60.11	6499	682.8	677.3
137	13:21:37	60.16	6499	682.7	677.3
138	13:22:37	60.13	6499	682.6	677.2
139	13:23:38	60.15	6499	682.5	677.1
140	13:24:38	60.14	6499	682.4	677.1
141	13:25:38	60.15	6499	682.4	677.1
142	13:26:38	60.15	6499	682.3	677
143	13:27:38	60.13	6499	682.3	677
144	13:28:38	60.13	6499	682.3	677.1
145	13:29:38	60.10	6499	682.3	677
146	13:30:39	60.11	6499	682.3	676.9
147	13:31:39	60.16	6499	682.3	676.9
148	13:32:39	60.11	6499	682.2	676.9
149	13:33:39	60.10	6499	682.2	676.8
150	13:34:39	60.10	6499	682.2	676.8
151	13:35:39	60.11	6499	682.2	676.7
152	13:36:39	60.10	6499	681.2	676.7
153	13:37:39	27.94	6499	682	676.7
154	13:38:07	60.49	6499	682	676.6
155	13:39:08	60.12	6499	681.9	676.6
156	13:40:08	60.11	6499	681.8	676.5
157	13:41:08	60.09	6499	681.7	676.5
158	13:42:08	60.15	6499	681.7	676.5
159	13:43:08	60.12	6499	681.6	676.5
160	13:44:08	60.09	6499	681.5	676.4
161	13:45:08	60.14	6499	680.8	676.1
162	13:46:09	60.16	6499	680	675.7
163	13:47:09	60.17	6499	679.2	675.4
164	13:48:09	60.12	6499	678.4	675.1
165	13:49:09	60.09	6499	677.6	674.8
166	13:50:09	60.15	6499	676.8	674.5
167	13:51:09	60.09	6499	676	674.3
168	13:52:09	60.15	6499	675.3	674
169	13:53:10	60.12	6499	674.5	673.8
170	13:54:10	10.01	6499	674	673.6
171	13:54:20	60.51	6499	673.5	673.5
172	13:55:20	60.17	6499	672.8	673.1
173	13:56:20	15.93	6499	672.3	672.9
174	13:56:36	60.43	6499	671.8	672.8
175	13:57:37	60.13	6499	671	672.5
176	13:58:37	60.12	6499	670.3	672.1
177	13:59:37	60.16	6499	669.5	671.8
178	14:00:37	60.14	6499	668.8	671.5
179	14:01:37	48.22	6499	668.1	671.2
180	14:02:25	60.04	6499	667.5	671
181	14:03:26	60.12	6499	666.7	670.8
182	14:04:26	60.18	6499	665.9	670.5
183	14:05:26	60.17	6499	665.1	670.2
184	14:06:26	60.14	6499	664.4	670
185	14:07:26	60.14	6499	663.7	669.8
186	14:08:26	60.12	6499	662.9	669.4
187	14:09:26	60.13	6499	662.2	669.1
188	14:10:27	60.13	6499	661.5	668.7
189	14:11:27	60.14	6499	660.8	668.5
190	14:12:27	60.12	6499	660.1	668.3
191	14:13:27	60.09	6499	659.4	668.1
192	14:14:27	60.13	6499	658.7	667.9
193	14:15:27	60.13	6499	658.1	667.6
194	14:16:27	60.14	6499	657.4	667.2
195	14:17:27	60.12	6499	656.7	666.9
196	14:18:28	60.12	6499	656.1	666.7
197	14:19:28	60.15	6499	655.4	666.4
198	14:20:28	60.06	6499	654.8	666.2
199	14:21:28	60.12	6499	654.2	665.9
200	14:22:28	60.13	6499	653.5	665.5
201	14:23:28	60.11	6499	652.9	665.2
202	14:24:28	60.13	6499	652.3	665.1
203	14:25:28	60.16	6499	651.7	664.8
204	14:26:29	60.09	6499	651.1	664.6
205	14:27:29	60.12	6499	650.5	664.2
206	14:28:29	60.12	6499	649.9	663.9
207	14:29:29	60.14	6499	649.3	663.7
208	14:30:29	60.08	6499	648.7	663.4
209	14:31:29	60.14	6499	648.1	663.2
210	14:32:29	60.16	6499	647.6	663
211	14:33:29	60.12	6499	647.2	662.8
212	14:34:29	60.12	6499	646.9	662.6
213	14:35:30	60.16	6499	646.6	662.5
214	14:36:30	60.18	6499	646.3	662.4
215	14:37:30	60.15	6499	646	662.2
216	14:38:30	60.08	6499	645.7	662
217	14:39:30	60.13	6499	645.4	661.9
218	14:40:30	60.09	6499	645	661.7
219	14:41:30	60.09	6499	644.7	661.6
220	14:42:30	60.10	6499	644.4	661.5
221	14:43:31	60.14	6499	644	661.4
222	14:44:31	60.09	6499	643.7	661.3
223	14:45:31	60.14	6499	643.3	661.1
224	14:46:31	60.17	6499	642.9	660.9
225	14:47:31	60.12	6499	642.5	660.6
226	14:48:31	60.13	6499	642	660.4
227	14:49:31	60.15	6499	641.6	660.2
228	14:50:32	60.15	6499	641.1	660
229	14:51:32	60.11	6499	640.7	659.8
230	14:52:32	60.16	6499	640.2	659.5
231	14:53:32	60.08	6499	639.7	659.4
232	14:54:32	60.09	6499	639.2	659.1
233	14:55:32	60.11	6499	638.7	658.8
234	14:56:32	60.14	6499	638.2	658.6
235	14:57:32	60.10	6499	637.8	658.4
236	14:58:32	60.13	6499	637.3	658.2
237	14:59:33	60.13	6499	636.9	657.9
238	15:00:33	60.11	6499	636.5	657.6
239	15:01:33	60.08	6499	636.1	657.4
240	15:02:33	60.12	6499	635.7	657.2
241	15:03:33	60.13	6499	635.4	657
242	15:04:33	60.11	6499	635.1	656.8
243	15:05:33	60.18	6499	634.8	656.7
244	15:06:33	60.17	6499	634.5	656.5
245	15:07:34	60.09	6499	634.3	656.4
246	15:08:34	60.16	6499	634	656.4
247	15:09:34	60.12	6499	633.7	656.2
248	15:10:34	60.16	6499	633.5	656.1
249	15:11:34	60.10	6499	633.3	656
250	15:12:34	60.14	6499	633	655.8
251	15:13:34	60.13	6499	632.8	655.7
252	15:14:35	60.17	6499	632.6	655.6
253	15:15:35	60.09	6499	632.4	655.5
254	15:16:35	60.12	6499	632.1	655.4
255	15:17:35	60.11	6499	631.7	655.1
256	15:18:35	60.15	6499	631.3	654.9
257	15:19:35	60.10	6499	630.9	654.6
258	15:20:35	60.13	6499	630.5	654.4
259	15:21:35	60.15	6499	630	654.1
260	15:22:36	60.10	6499	629.7	653.9
261	15:23:36	60.13	6499	629.5	653.8
262	15:24:36	60.14	6499	629.2	653.7
263	15:25:36	60.13	6499	629	653.5
264	15:26:36	60.10	6499	628.8	653.4
265	15:27:36	11.03	6499	628.6	653.4
266	15:27:47	60.47	6499	628.5	653.2
267	15:28:48	60.10	6499	628.3	653.1
268	15:29:48	60.07	6499	628	652.9
269	15:30:48	60.08	6499	627.8	652.8
270	15:31:48	60.13	6499	627.6	652.7
271	15:32:48	60.16	6499	627.3	652.5
272	15:33:48	60.17	6499	627.1	652.4
273	15:34:48	60.09	6499	626.9	652.2
274	15:35:48	60.10	6499	626.7	652.1
275	15:36:49	60.18	6499	626.5	651.9
276	15:37:49	60.14	6499	626.3	651.8
277	15:38:49	60.13	6499	626.1	651.6
278	15:39:49	60.12	6499	625.9	651.4
279	15:40:49	60.13	6499	625.7	651.3
280	15:41:49	60.07	6499	625.5	651.2
281	15:42:49	60.15	6499	625.3	651.1
282	15:43:49	60.12	6499	625.1	651
283	15:44:50	60.16	6499	624.9	650.9
284	15:45:50	60.12	6499	624.7	650.7
285	15:46:50	60.10	6499	624.5	650.6
286	15:47:50	60.17	6499	624.3	650.5
287	15:48:50	60.17	6499	624.1	650.3
288	15:49:50	60.14	6499	623.9	650.1
289	15:50:50	60.12	6499	623.7	650
290	15:51:51	60.11	6499	623.6	649.8
291	15:52:51	60.13	6499	623.4	649.8
292	15:53:51	60.12	6499	623.2	649.7
293	15:54:51	60.13	6499	623	649.6
294	15:55:51	60.11	6499	622.8	649.4
295	15:56:51	60.13	6499	622.7	649.3
296	15:57:51	60.12	6499	622.5	649.2
297	15:58:51	60.14	6499	622.3	649.1
298	15:59:52	60.13	6499	622.1	648.9
299	16:00:52	60.14	6499	621.9	648.8
300	16:01:52	60.11	6499	621.8	648.6
301	16:02:52	60.18	6499	621.6	648.4
302	16:03:52	60.11	6499	621.4	648.3
303	16:04:52	10.01	6499	621.3	648.3
304	16:05:02	60.09	6499	621.2	648.2
305	16:06:02	60.10	6499	621	648
306	16:07:02	60.14	6499	620.9	647.8
307	16:08:03	60.09	6499	620.7	647.8
308	16:09:03	60.10	6499	620.5	647.7
309	16:10:03	60.13	6499	620.4	647.6
310	16:11:03	60.11	6499	620.2	647.4
311	16:12:03	60.08	6499	620	647.3
312	16:13:03	60.09	6499	619.8	647.1
313	16:14:03	60.17	6499	619.7	647
314	16:15:03	60.11	6499	619.5	646.9
315	16:16:04	60.14	6499	619.3	646.8
316	16:17:04	60.14	6499	619.2	646.7
317	16:18:04	60.14	6499	619	646.5
318	16:19:04	10.06	6499	618.9	646.5
319	16:19:14	60.41	6499	618.8	646.4
320	16:20:14	60.11	6499	618.6	646.3
321	16:21:15	60.11	6499	618.5	646.1
322	16:22:15	60.07	6499	618.3	646
323	16:23:15	60.12	6499	618.1	645.9
324	16:24:15	60.12	6499	618	645.8
325	16:25:15	60.15	6499	617.8	645.7
326	16:26:15	60.11	6499	617.6	645.5
327	16:27:15	60.13	6499	617.5	645.4
328	16:28:15	60.09	6499	617.3	645.3
329	16:29:15	60.12	6499	617.1	645.2
330	16:30:16	60.11	6499	617	645.1
331	16:31:16	60.09	6499	616.8	645
332	16:32:16	60.14	6499	616.6	644.8
333	16:33:16	60.09	6499	616.5	644.7
334	16:34:16	60.12	6499	616.3	644.5
335	16:35:16	60.07	6499	616.2	644.4
336	16:36:16	60.09	6499	616	644.2
337	16:37:16	49.07	6499	615.8	644.1
338	16:38:05	60.45	6499	615.7	644
339	16:39:06	60.11	6499	615.5	643.8
340	16:40:06	60.15	6499	615.4	643.7
341	16:41:06	60.11	6499	615.2	643.5
342	16:42:06	60.14	6499	615.1	643.4
343	16:43:06	60.13	6499	614.9	643.3
344	16:44:06	60.13	6499	614.7	643.1
345	16:45:07	60.13	6499	614.6	643
346	16:46:07	60.14	6499	614.4	642.9
347	16:47:07	60.09	6499	614.3	642.8
348	16:48:07	60.17	6499	614.1	642.6
349	16:49:07	60.12	6499	614	642.6
350	16:50:07	60.13	6499	613.8	642.5
351	16:51:07	60.10	6499	613.6	642.3
352	16:52:07	60.12	6499	613.5	642.1
353	16:53:07	60.12	6499	613.3	641.9
354	16:54:08	12.27	6499	613.2	641.8
355	16:54:20	60.16	6499	613.1	641.8
356	16:55:20	60.17	6499	613	641.6
357	16:56:20	60.17	6499	612.8	641.5
358	16:57:20	60.14	6499	612.6	641.5
359	16:58:21	60.12	6499	612.5	641.3
360	16:59:21	60.12	6499	612.3	641.2
361	17:00:21	60.08	6499	612.2	641.1
362	17:01:21	60.16	6499	612	641
363	17:02:21	60.15	6499	611.9	640.8
364	17:03:21	60.08	6499	611.7	640.7
365	17:04:21	60.09	6499	611.6	640.6
366	17:05:21	60.13	6499	611.4	640.4
367	17:06:21	60.11	6499	611.3	640.2
368	17:07:22	60.16	6499	611.1	640.2
369	17:08:22	60.11	6499	611	640.1
370	17:09:22	60.11	6499	610.8	639.9
371	17:10:22	60.17	6499	610.7	639.8
372	17:11:22	60.14	6499	610.5	639.7
373	17:12:22	60.13	6499	610.4	639.5
374	17:13:22	60.13	6499	610.2	639.3
375	17:14:23	60.11	6499	610.1	639.3
376	17:15:23	60.16	6499	609.9	639.1
377	17:16:23	60.13	6499	609.8	639
378	17:17:23	60.19	6499	609.6	638.9
379	17:18:23	60.07	6499	609.5	638.8
380	17:19:23	60.10	6499	609.3	638.7
381	17:20:23	60.06	6499	609.2	638.6
382	17:21:23	60.11	6499	609	638.4
383	17:22:23	60.15	6499	608.9	638.3
384	17:23:24	60.12	6499	608.7	638.2
385	17:24:24	60.15	6499	608.6	638.1
386	17:25:24	60.16	6499	608.4	638
387	17:26:24	60.09	6499	608.3	637.9
388	17:27:24	60.14	6499	608.2	637.8
389	17:28:24	60.15	6499	608	637.7
390	17:29:24	60.09	6499	607.9	637.5
391	17:30:24	60.20	6499	607.7	637.4
392	17:31:25	60.11	6499	607.6	637.2
393	17:32:25	60.10	6499	607.4	637
394	17:33:25	60.12	6499	607.3	637
395	17:34:25	60.16	6499	607.2	636.9
396	17:35:25	60.10	6499	607	636.7
397	17:36:25	60.11	6499	606.9	636.6
398	17:37:25	60.11	6499	606.7	636.5
399	17:38:25	60.16	6499	606.6	636.2
400	17:39:26	60.11	6499	606.4	636.2
401	17:40:26	60.12	6499	606.3	636
402	17:41:26	60.10	6499	606.1	635.9
403	17:42:26	60.15	6499	606	635.7
404	17:43:26	60.08	6499	605.8	635.6
405	17:44:26	60.12	6499	605.7	635.5
406	17:45:26	60.08	6499	605.6	635.4
407	17:46:26	60.16	6499	605.4	635.3
408	17:47:27	60.12	6499	605.3	635.2
409	17:48:27	60.10	6499	605.1	635.1
410	17:49:27	60.17	6499	605	635.1
411	17:50:27	60.12	6499	604.8	635
412	17:51:27	60.13	6499	604.7	634.8
413	17:52:27	60.07	6499	604.5	634.6
414	17:53:27	60.07	6499	604.4	634.4
415	17:54:27	60.15	6499	604.2	634.2
416	17:55:27	60.17	6499	604.1	634.2
417	17:56:28	60.15	6499	604	634
418	17:57:28	60.12	6499	603.8	633.9
419	17:58:28	60.10	6499	603.7	633.8
420	17:59:28	60.13	6499	603.5	633.8
421	18:00:28	60.11	6499	603.4	633.7
422	18:01:28	60.30	6499	603.2	633.6
423	18:02:29	60.24	6499	603.1	633.5
424	18:03:29	60.15	6499	603	633.3
425	18:04:29	60.14	6499	602.8	633.2
426	18:05:29	60.12	6499	602.7	633.2
427	18:06:29	60.18	6499	602.5	633
428	18:07:29	60.16	6499	602.4	632.8
429	18:08:30	60.14	6499	602.2	632.7
430	18:09:30	60.12	6499	602.1	632.5
431	18:10:30	60.13	6499	601.9	632.4
432	18:11:30	60.09	6499	601.8	632.3
433	18:12:30	60.12	6499	601.7	632.1
434	18:13:30	60.08	6499	601.5	632
435	18:14:30	60.17	6499	600.3	631.8
436	18:15:30	60.12	6499	601.2	631.7
437	18:16:31	60.15	6499	601.1	631.5
438	18:17:31	60.13	6499	601	631.5
439	18:18:31	60.12	6499	600.8	631.4
440	18:19:31	60.14	6499	600.7	631.3
441	18:20:31	60.13	6499	600.5	631.1
442	18:21:31	60.17	6499	600.4	631
443	18:22:31	60.15	6499	600.2	630.8
444	18:23:32	60.11	6499	600.1	630.7
445	18:24:32	60.12	6499	600	630.5
446	18:25:32	60.09	6499	599.8	630.5
447	18:26:32	60.12	6499	599.7	630.3
448	18:27:32	60.12	6499	599.6	630.2
449	18:28:32	60.11	6499	599.4	630.1
450	18:29:32	60.12	6499	599.3	630
451	18:30:32	60.16	6499	599.1	629.9
452	18:31:32	60.12	6499	599	629.8
453	18:32:33	60.09	6499	598.9	629.7
454	18:33:33	60.16	6499	598.7	629.5
455	18:34:33	60.16	6499	598.6	629.5
456	18:35:33	60.09	6499	598.4	629.4
457	18:36:33	60.10	6499	598.3	629.3
458	18:37:33	60.10	6499	598.2	629.1
459	18:38:33	60.16	6499	598	629
460	18:39:33	60.10	6499	597.9	628.9
461	18:40:34	60.16	6499	597.7	628.8
462	18:41:34	60.13	6499	597.6	628.6
463	18:42:34	60.13	6499	597.5	628.4
464	18:43:34	60.17	6499	597.3	628.4
465	18:44:34	60.14	6499	597.2	628.3
466	18:45:34	60.10	6499	597.1	628.1
467	18:46:34	60.09	6499	596.9	628
468	18:47:34	60.13	6499	596.8	627.8
469	18:48:35	60.14	6499	596.6	627.7
470	18:49:35	60.09	6499	596.5	627.6
471	18:50:35	60.11	6499	596.4	627.5
472	18:51:35	60.15	6499	596.2	627.4
473	18:52:35	60.13	6499	596.1	627.3
474	18:53:35	60.09	6499	596	627.1
475	18:54:35	60.15	6499	595.8	627
476	18:55:35	60.16	6499	595.7	627
477	18:56:36	60.10	6499	595.5	626.8
478	18:57:36	60.12	6499	595.4	626.6
479	18:58:36	60.14	6499	595.2	626.4
480	18:59:36	60.13	6499	595.1	626.3
481	19:00:36	60.11	6499	595	626.3
482	19:01:36	60.16	6499	594.9	626.2
483	19:02:36	60.11	6499	594.7	626.1
484	19:03:36	60.12	6499	594.6	626
485	19:04:37	60.15	6499	594.5	625.9
486	19:05:37	60.13	6499	594.3	625.7
487	19:06:37	60.17	6499	594.2	625.7
488	19:07:37	60.16	6499	594.1	625.5
489	19:08:37	60.08	6499	593.9	625.3
490	19:09:37	60.14	6499	593.8	625.2
491	19:10:37	60.17	6499	593.7	625
492	19:11:38	60.14	6499	593.5	624.9
493	19:12:38	60.11	6499	593.4	624.9
494	19:13:38	60.12	6499	593.3	624.7
495	19:14:38	60.13	6499	593.1	624.6
496	19:15:38	60.17	6499	593	624.5
497	19:16:38	60.12	6499	592.9	624.3
498	19:17:38	60.12	6499	592.7	624.2
499	19:18:39	60.10	6499	592.6	624
500	19:19:39	60.11	6499	592.4	623.9
501	19:20:39	60.08	6499	592.3	623.8
502	19:21:39	60.13	6499	592.2	623.7
503	19:22:39	60.16	6499	592	623.6
504	19:23:39	60.13	6499	591.9	623.4
505	19:24:39	60.18	6499	591.8	623.3
506	19:25:39	60.12	6499	591.6	623.2
507	19:26:40	60.17	6499	591.5	623.1
508	19:27:40	60.08	6499	591.4	623.1
509	19:28:40	60.13	6499	591.2	623
510	19:29:40	60.14	6499	591.1	622.8
511	19:30:40	60.13	6499	591	622.7
512	19:31:40	60.12	6499	590.8	622.5
513	19:32:40	60.13	6499	590.7	622.5
514	19:33:40	60.12	6499	590.6	622.3
515	19:34:41	60.15	6499	590.5	622.2
516	19:35:41	60.17	6499	590.3	622
517	19:36:41	60.11	6499	590.2	621.9
518	19:37:41	60.11	6499	590	621.8
519	19:38:41	60.08	6499	589.9	621.6
520	19:39:41	60.10	6499	589.8	621.6
521	19:40:41	60.14	6499	589.6	621.5
522	19:41:41	60.13	6499	589.5	621.3
523	19:42:42	60.12	6499	589.4	621.2
524	19:43:42	60.15	6499	589.3	621.1
525	19:44:42	60.11	6499	589.1	620.9
526	19:45:42	60.15	6499	589	620.8
527	19:46:42	60.12	6499	588.9	620.7
528	19:47:42	60.09	6499	588.7	620.6
529	19:48:42	60.13	6499	588.6	620.4
530	19:49:42	60.09	6499	588.5	620.3
531	19:50:43	60.18	6499	588.3	620.2
532	19:51:43	60.14	6499	588.2	620.1
533	19:52:43	60.13	6499	588.1	620
534	19:53:43	60.10	6499	588	619.8
535	19:54:43	60.14	6499	587.9	619.7
536	19:55:43	60.11	6499	587.7	619.6
537	19:56:43	60.17	6499	587.6	619.5
538	19:57:43	60.21	6499	587.5	619.4
539	19:58:44	60.10	6499	587.3	619.4
540	19:59:44	60.17	6499	587.2	619.3
541	20:00:44	60.16	6499	587.1	619.2
542	20:01:44	60.14	6499	586.9	619.1
543	20:02:44	60.12	6499	586.8	618.9
544	20:03:44	60.14	6499	586.7	618.8
545	20:04:45	60.10	6499	586.6	618.7
546	20:05:45	60.14	6499	586.4	618.6
547	20:06:45	60.11	6499	586.3	618.4
548	20:07:45	60.08	6499	586.2	618.3
549	20:08:45	60.11	6499	586	618.2
550	20:09:45	60.14	6499	585.9	618.1
551	20:10:45	60.13	6499	585.8	617.9
552	20:11:45	60.10	6499	585.6	617.7
553	20:12:45	60.09	6499	585.5	617.7
554	20:13:46	60.10	6499	585.4	617.6
555	20:14:46	60.17	6499	585.2	617.5
556	20:15:46	60.09	6499	585.1	617.4
557	20:16:46	60.14	6499	585	617.2
558	20:17:46	60.17	6499	584.8	617.1
559	20:18:46	60.13	6499	584.7	616.9
560	20:19:46	60.15	6499	584.6	616.8
561	20:20:46	60.07	6499	584.5	616.6
562	20:21:47	60.14	6499	584.3	616.5
563	20:22:47	60.13	6499	584.2	616.5
564	20:23:47	60.11	6499	584.1	616.3
565	20:24:47	60.10	6499	584	616.3
566	20:25:47	10.29	6499	147.6	155.8
567	20:25:57	60.65	6499	0	0
568	20:26:58	60.13	6499	0	0
569	20:27:58	60.15	6499	-1	-1
570	20:28:58	67.05	6499	0	0
Created by AtlRunQuery on: 2016-10-06 15:13:28.617167
