LHC beam energy and intensities during run 305380:
(Begin/end of run: Tue Aug 02 2016 00:23:36 − 12:42:25)

LB	   Start time
(CEST)	   Duration
(sec)	   Beam energy
(GeV)	   Intensity Beam-1
(1e11 protons)	   Intensity Beam-2
(1e11 protons)
1	00:23:36	60.16	450	2420	2382
2	00:24:36	60.11	450	2419	2382
3	00:25:36	60.17	450	2419	2382
4	00:26:36	27.63	450	2418	2382
5	00:27:04	10.97	450	2418	2381
6	00:27:15	60.15	450	2418	2382
7	00:28:15	60.14	450	2417	2381
8	00:29:15	60.07	450	2416	2381
9	00:30:15	60.08	467	2415	2379
10	00:31:15	60.13	554	2414	2375
11	00:32:16	60.13	715	2414	2372
12	00:33:16	29.32	935	2414	2371
13	00:33:45	60.09	1064	2414	2370
14	00:34:45	10.05	1388	2414	2369
15	00:34:55	17.09	1446	2401	2355
16	00:35:12	60.31	1544	2401	2355
17	00:36:13	60.08	1898	2401	2355
18	00:37:13	60.13	2245	2401	2355
19	00:38:13	60.15	2592	2401	2355
20	00:39:13	60.15	2940	2400	2355
21	00:40:13	60.15	3287	2400	2354
22	00:41:13	60.09	3635	2400	2354
23	00:42:13	60.12	3982	2400	2354
24	00:43:13	60.09	4329	2400	2354
25	00:44:14	60.09	4683	2400	2354
26	00:45:14	60.15	5030	2400	2354
27	00:46:14	60.17	5378	2400	2355
28	00:47:14	60.11	5725	2400	2354
29	00:48:14	60.14	6072	2399	2355
30	00:49:14	40.83	6420	2399	2355
31	00:49:55	10.32	6499	2399	2356
32	00:50:05	60.10	6499	2399	2356
33	00:51:05	60.10	6499	2399	2356
34	00:52:06	60.11	6499	2399	2355
35	00:53:06	60.13	6499	2399	2355
36	00:54:06	60.13	6499	2399	2355
37	00:55:06	60.14	6499	2399	2356
38	00:56:06	60.14	6499	2399	2355
39	00:57:06	60.18	6499	2399	2355
40	00:58:06	60.11	6499	2398	2355
41	00:59:06	60.11	6499	2398	2355
42	01:00:07	60.17	6499	2398	2355
43	01:01:07	60.14	6499	2398	2355
44	01:02:07	60.08	6499	2398	2355
45	01:03:07	60.10	6499	2398	2355
46	01:04:07	60.17	6499	2398	2355
47	01:05:07	60.24	6499	2398	2355
48	01:06:07	60.09	6499	2398	2354
49	01:07:08	60.10	6499	2398	2354
50	01:08:08	60.18	6499	2398	2354
51	01:09:08	60.10	6499	2398	2354
52	01:10:08	60.15	6499	2398	2354
53	01:11:08	60.10	6499	2398	2355
54	01:12:08	18.01	6499	2398	2354
55	01:12:26	60.46	6499	2397	2354
56	01:13:27	60.15	6499	2397	2354
57	01:14:27	60.08	6499	2397	2354
58	01:15:27	60.09	6499	2397	2354
59	01:16:27	60.09	6499	2397	2354
60	01:17:27	60.17	6499	2397	2354
61	01:18:27	60.17	6499	2396	2354
62	01:19:27	60.17	6499	2395	2352
63	01:20:28	60.07	6499	2393	2351
64	01:21:28	60.16	6499	2392	2350
65	01:22:28	60.13	6499	2390	2349
66	01:23:28	32.82	6499	2389	2348
67	01:24:01	60.16	6499	2387	2348
68	01:25:01	10.01	6499	2387	2347
69	01:25:11	39.94	6499	2386	2347
70	01:25:51	58.91	6499	2384	2346
71	01:26:50	60.06	6499	2383	2344
72	01:27:50	49.73	6499	2381	2343
73	01:28:40	35.18	6499	2380	2343
74	01:29:15	56.17	6499	2379	2342
75	01:30:11	60.10	6499	2377	2340
76	01:31:11	60.15	6499	2375	2339
77	01:32:11	60.10	6499	2373	2338
78	01:33:11	60.12	6499	2372	2337
79	01:34:11	60.13	6499	2370	2335
80	01:35:12	60.16	6499	2368	2334
81	01:36:12	48.08	6499	2367	2333
82	01:37:00	41.82	6499	2366	2332
83	01:37:42	42.80	6499	2365	2332
84	01:38:24	43.71	6499	2364	2331
85	01:39:08	60.10	6499	2363	2330
86	01:40:08	46.56	6499	2362	2329
87	01:40:55	60.59	6499	2360	2328
88	01:41:55	49.54	6499	2359	2327
89	01:42:45	24.80	6499	2358	2327
90	01:43:10	41.05	6499	2357	2326
91	01:43:51	41.57	6499	2356	2325
92	01:44:32	46.09	6499	2355	2325
93	01:45:18	60.01	6499	2354	2323
94	01:46:18	60.10	6499	2352	2323
95	01:47:19	60.13	6499	2351	2322
96	01:48:19	32.61	6499	2350	2321
97	01:48:51	60.07	6499	2349	2320
98	01:49:51	60.13	6499	2348	2319
99	01:50:51	60.09	6499	2346	2317
100	01:51:52	60.13	6499	2345	2316
101	01:52:52	60.09	6499	2343	2315
102	01:53:52	60.13	6499	2342	2314
103	01:54:52	60.14	6499	2341	2313
104	01:55:52	60.15	6499	2339	2312
105	01:56:52	60.13	6499	2338	2311
106	01:57:52	60.12	6499	2337	2310
107	01:58:52	60.17	6499	2335	2309
108	01:59:53	60.18	6499	2334	2308
109	02:00:53	60.16	6499	2333	2307
110	02:01:53	60.12	6499	2331	2306
111	02:02:53	46.29	6499	2330	2305
112	02:03:39	60.19	6499	2329	2304
113	02:04:40	60.14	6499	2328	2303
114	02:05:40	60.15	6499	2326	2302
115	02:06:40	60.07	6499	2325	2301
116	02:07:40	60.14	6499	2324	2300
117	02:08:40	60.16	6499	2323	2298
118	02:09:40	60.14	6499	2321	2297
119	02:10:40	24.45	6499	2320	2296
120	02:11:05	14.07	6499	2320	2296
121	02:11:19	60.14	6499	2319	2295
122	02:12:19	29.20	6499	2318	2294
123	02:12:48	60.51	6499	2317	2294
124	02:13:49	60.14	6499	2316	2293
125	02:14:49	60.13	6499	2315	2292
126	02:15:49	60.32	6499	2314	2291
127	02:16:49	60.57	6499	2313	2290
128	02:17:50	60.55	6499	2311	2289
129	02:18:50	60.53	6499	2310	2288
130	02:19:51	60.65	6499	2309	2287
131	02:20:52	60.47	6499	2308	2286
132	02:21:52	60.66	6499	2306	2285
133	02:22:53	60.13	6499	2305	2283
134	02:23:53	60.10	6499	2304	2282
135	02:24:53	60.18	6499	2303	2281
136	02:25:53	60.12	6499	2302	2280
137	02:26:53	60.10	6499	2300	2279
138	02:27:53	60.11	6499	2299	2278
139	02:28:54	60.14	6499	2298	2277
140	02:29:54	60.13	6499	2297	2276
141	02:30:54	60.09	6499	2296	2275
142	02:31:54	60.08	6499	2294	2274
143	02:32:54	60.07	6499	2293	2273
144	02:33:54	60.15	6499	2292	2272
145	02:34:54	60.13	6499	2291	2271
146	02:35:54	60.11	6499	2290	2269
147	02:36:54	60.11	6499	2289	2268
148	02:37:55	60.17	6499	2287	2267
149	02:38:55	60.10	6499	2286	2266
150	02:39:55	60.15	6499	2285	2265
151	02:40:55	60.08	6499	2284	2264
152	02:41:55	60.14	6499	2283	2263
153	02:42:55	60.14	6499	2282	2262
154	02:43:55	60.14	6499	2280	2261
155	02:44:55	60.17	6499	2279	2260
156	02:45:56	20.03	6499	2278	2259
157	02:46:16	60.34	6499	2278	2258
158	02:47:16	50.34	6499	2277	2257
159	02:48:06	60.50	6499	2276	2256
160	02:49:07	60.58	6499	2275	2255
161	02:50:07	60.15	6499	2273	2254
162	02:51:08	60.13	6499	2272	2249
163	02:52:08	60.60	6499	2271	2252
164	02:53:08	60.55	6499	2270	2251
165	02:54:09	34.28	6499	2269	2250
166	02:54:43	60.21	6499	2268	2249
167	02:55:43	10.02	6499	2267	2248
168	02:55:53	60.16	6499	2266	2247
169	02:56:54	60.07	6499	2265	2246
170	02:57:54	60.16	6499	2264	2245
171	02:58:54	60.13	6499	2263	2244
172	02:59:54	60.23	6499	2261	2243
173	03:00:54	60.17	6499	2260	2242
174	03:01:54	60.08	6499	2259	2241
175	03:02:54	60.11	6499	2258	2240
176	03:03:54	60.12	6499	2257	2239
177	03:04:55	58.58	6499	2256	2238
178	03:05:53	60.15	6499	2255	2237
179	03:06:53	60.12	6499	2254	2236
180	03:07:53	60.17	6499	2253	2235
181	03:08:54	60.09	6499	2252	2234
182	03:09:54	60.14	6499	2251	2233
183	03:10:54	60.19	6499	2250	2232
184	03:11:54	60.10	6499	2249	2231
185	03:12:54	60.13	6499	2247	2230
186	03:13:54	60.16	6499	2246	2229
187	03:14:54	60.12	6499	2245	2228
188	03:15:55	60.17	6499	2244	2227
189	03:16:55	60.16	6499	2243	2226
190	03:17:55	60.08	6499	2242	2225
191	03:18:55	60.11	6499	2241	2224
192	03:19:55	60.09	6499	2240	2223
193	03:20:55	60.11	6499	2239	2222
194	03:21:55	60.11	6499	2238	2222
195	03:22:55	60.15	6499	2237	2221
196	03:23:56	60.11	6499	2236	2220
197	03:24:56	60.12	6499	2235	2219
198	03:25:56	60.11	6499	2234	2218
199	03:26:56	40.54	6499	2233	2218
200	03:27:36	60.45	6499	2232	2216
201	03:28:37	60.14	6499	2231	2216
202	03:29:37	60.12	6499	2230	2214
203	03:30:37	60.16	6499	2229	2213
204	03:31:37	60.16	6499	2228	2213
205	03:32:37	60.21	6499	2227	2212
206	03:33:38	60.13	6499	2226	2211
207	03:34:38	60.08	6499	2225	2210
208	03:35:38	60.18	6499	2224	2209
209	03:36:38	60.12	6499	2223	2208
210	03:37:38	60.13	6499	2222	2207
211	03:38:38	60.14	6499	2221	2206
212	03:39:38	60.14	6499	2220	2205
213	03:40:39	60.08	6499	2219	2204
214	03:41:39	60.12	6499	2218	2203
215	03:42:39	60.12	6499	2217	2202
216	03:43:39	60.14	6499	2216	2201
217	03:44:39	60.13	6499	2215	2200
218	03:45:39	60.12	6499	2214	2199
219	03:46:39	13.30	6499	2213	2199
220	03:46:53	60.11	6499	2212	2198
221	03:47:53	60.09	6499	2211	2197
222	03:48:53	60.11	6499	2210	2196
223	03:49:53	60.10	6499	2209	2195
224	03:50:53	60.13	6499	2208	2194
225	03:51:53	60.12	6499	2207	2193
226	03:52:53	60.16	6499	2206	2192
227	03:53:53	60.09	6499	2205	2191
228	03:54:53	60.16	6499	2204	2190
229	03:55:54	60.15	6499	2203	2189
230	03:56:54	60.14	6499	2202	2188
231	03:57:54	60.18	6499	2201	2187
232	03:58:54	60.14	6499	2200	2186
233	03:59:54	60.14	6499	2199	2185
234	04:00:54	60.12	6499	2198	2184
235	04:01:54	60.12	6499	2197	2183
236	04:02:55	60.12	6499	2196	2182
237	04:03:55	60.14	6499	2195	2181
238	04:04:55	60.15	6499	2194	2180
239	04:05:55	60.09	6499	2193	2179
240	04:06:55	60.16	6499	2192	2178
241	04:07:55	60.13	6499	2191	2177
242	04:08:55	60.16	6499	2190	2177
243	04:09:56	60.10	6499	2189	2176
244	04:10:56	60.15	6499	2188	2175
245	04:11:56	60.16	6499	2187	2174
246	04:12:56	60.14	6499	2186	2173
247	04:13:56	60.13	6499	2185	2172
248	04:14:56	60.12	6499	2184	2171
249	04:15:56	60.12	6499	2183	2170
250	04:16:56	60.17	6499	2182	2169
251	04:17:57	60.13	6499	2181	2169
252	04:18:57	60.13	6499	2180	2168
253	04:19:57	60.11	6499	2179	2166
254	04:20:57	60.10	6499	2178	2165
255	04:21:57	60.11	6499	2177	2164
256	04:22:57	60.15	6499	2176	2164
257	04:23:57	60.15	6499	2175	2163
258	04:24:58	60.17	6499	2174	2162
259	04:25:58	22.99	6499	2174	2161
260	04:26:21	60.46	6499	2173	2160
261	04:27:21	60.16	6499	2172	2160
262	04:28:21	60.13	6499	2171	2158
263	04:29:21	60.15	6499	2170	2158
264	04:30:22	60.13	6499	2169	2156
265	04:31:22	60.15	6499	2168	2155
266	04:32:22	60.13	6499	2167	2154
267	04:33:22	60.18	6499	2166	2154
268	04:34:22	60.17	6499	2165	2153
269	04:35:22	60.11	6499	2164	2152
270	04:36:22	60.11	6499	2163	2151
271	04:37:23	60.13	6499	2162	2150
272	04:38:23	60.13	6499	2161	2149
273	04:39:23	60.13	6499	2160	2149
274	04:40:23	60.16	6499	2159	2147
275	04:41:23	60.09	6499	2158	2146
276	04:42:23	60.13	6499	2157	2145
277	04:43:23	60.14	6499	2156	2145
278	04:44:23	60.15	6499	2156	2144
279	04:45:24	10.01	6499	2155	2144
280	04:45:34	60.13	6499	2154	2143
281	04:46:34	60.15	6499	2153	2142
282	04:47:34	60.11	6499	2152	2141
283	04:48:34	60.19	6499	2151	2140
284	04:49:34	60.11	6499	2150	2139
285	04:50:34	60.15	6499	2149	2138
286	04:51:34	60.12	6499	2148	2137
287	04:52:35	60.14	6499	2147	2136
288	04:53:35	60.13	6499	2146	2135
289	04:54:35	60.14	6499	2145	2135
290	04:55:35	60.15	6499	2144	2134
291	04:56:35	60.13	6499	2144	2132
292	04:57:35	60.12	6499	2143	2132
293	04:58:35	60.15	6499	2142	2131
294	04:59:36	60.18	6499	2141	2130
295	05:00:36	60.08	6499	2140	2129
296	05:01:36	60.13	6499	2139	2128
297	05:02:36	60.16	6499	2138	2127
298	05:03:36	60.10	6499	2137	2126
299	05:04:36	60.10	6499	2136	2125
300	05:05:36	60.13	6499	2135	2124
301	05:06:36	60.14	6499	2134	2123
302	05:07:37	60.08	6499	2133	2123
303	05:08:37	60.13	6499	2132	2122
304	05:09:37	60.13	6499	2131	2120
305	05:10:37	60.12	6499	2130	2120
306	05:11:37	60.13	6499	2129	2119
307	05:12:37	60.16	6499	2128	2118
308	05:13:37	60.12	6499	2128	2117
309	05:14:37	60.09	6499	2127	2116
310	05:15:38	60.17	6499	2126	2115
311	05:16:38	60.11	6499	2125	2114
312	05:17:38	60.10	6499	2124	2114
313	05:18:38	10.06	6499	2124	2113
314	05:18:48	60.46	6499	2123	2113
315	05:19:48	60.08	6499	2122	2112
316	05:20:48	60.08	6499	2121	2111
317	05:21:49	60.13	6499	2120	2110
318	05:22:49	60.13	6499	2119	2109
319	05:23:49	60.14	6499	2118	2108
320	05:24:49	60.14	6499	2117	2108
321	05:25:49	60.11	6499	2116	2106
322	05:26:49	60.12	6499	2115	2106
323	05:27:49	60.14	6499	2115	2105
324	05:28:49	60.15	6499	2114	2104
325	05:29:50	60.15	6499	2113	2103
326	05:30:50	60.12	6499	2112	2102
327	05:31:50	60.13	6499	2111	2102
328	05:32:50	60.13	6499	2110	2101
329	05:33:50	60.13	6499	2109	2100
330	05:34:50	60.10	6499	2108	2099
331	05:35:50	60.15	6499	2107	2098
332	05:36:51	60.17	6499	2106	2097
333	05:37:51	60.14	6499	2105	2097
334	05:38:51	60.10	6499	2105	2095
335	05:39:51	60.12	6499	2104	2095
336	05:40:51	60.15	6499	2103	2094
337	05:41:51	60.10	6499	2102	2093
338	05:42:51	60.12	6499	2101	2092
339	05:43:51	60.12	6499	2100	2091
340	05:44:52	60.14	6499	2099	2090
341	05:45:52	60.08	6499	2098	2090
342	05:46:52	60.12	6499	2097	2089
343	05:47:52	60.18	6499	2096	2088
344	05:48:52	60.09	6499	2095	2087
345	05:49:52	60.10	6499	2094	2086
346	05:50:52	60.10	6499	2094	2085
347	05:51:52	60.16	6499	2093	2084
348	05:52:53	60.09	6499	2092	2083
349	05:53:53	60.13	6499	2091	2082
350	05:54:53	60.10	6499	2090	2082
351	05:55:53	60.16	6499	2089	2081
352	05:56:53	60.14	6499	2088	2080
353	05:57:53	60.18	6499	2087	2079
354	05:58:53	60.14	6499	2086	2078
355	05:59:53	60.12	6499	2086	2078
356	06:00:54	60.10	6499	2085	2077
357	06:01:54	60.10	6499	2084	2076
358	06:02:54	60.15	6499	2083	2075
359	06:03:54	60.11	6499	2082	2074
360	06:04:54	60.11	6499	2081	2073
361	06:05:54	60.12	6499	2080	2073
362	06:06:54	60.13	6499	2079	2072
363	06:07:54	60.11	6499	2078	2071
364	06:08:55	60.11	6499	2078	2070
365	06:09:55	60.13	6499	2077	2069
366	06:10:55	60.12	6499	2076	2068
367	06:11:55	60.18	6499	2075	2067
368	06:12:55	60.17	6499	2074	2067
369	06:13:55	60.18	6499	2073	2066
370	06:14:55	60.18	6499	2072	2065
371	06:15:56	60.14	6499	2071	2064
372	06:16:56	60.10	6499	2071	2063
373	06:17:56	28.55	6499	2070	2063
374	06:18:24	60.36	6499	2069	2062
375	06:19:25	60.12	6499	2068	2061
376	06:20:25	60.06	6499	2068	2060
377	06:21:25	60.12	6499	2067	2059
378	06:22:25	60.15	6499	2066	2058
379	06:23:25	60.12	6499	2065	2058
380	06:24:25	60.09	6499	2064	2057
381	06:25:25	60.11	6499	2063	2056
382	06:26:26	60.11	6499	2062	2055
383	06:27:26	60.09	6499	2062	2054
384	06:28:26	60.12	6499	2061	2053
385	06:29:26	60.17	6499	2060	2053
386	06:30:26	60.13	6499	2059	2052
387	06:31:26	60.11	6499	2058	2051
388	06:32:26	60.15	6499	2057	2050
389	06:33:26	60.12	6499	2056	2049
390	06:34:27	60.12	6499	2056	2049
391	06:35:27	60.13	6499	2055	2048
392	06:36:27	60.12	6499	2054	2047
393	06:37:27	60.11	6499	2053	2046
394	06:38:27	60.11	6499	2052	2045
395	06:39:27	60.17	6499	2052	2045
396	06:40:27	10.01	6499	2052	2045
397	06:40:37	11.85	6499	2051	2044
398	06:40:49	60.07	6499	2050	2043
399	06:41:49	60.13	6499	2049	2043
400	06:42:49	60.13	6499	2049	2042
401	06:43:49	60.13	6499	2048	2041
402	06:44:50	60.14	6499	2047	2040
403	06:45:50	60.15	6499	2046	2040
404	06:46:50	60.12	6499	2045	2039
405	06:47:50	60.14	6499	2044	2038
406	06:48:50	60.15	6499	2043	2037
407	06:49:50	60.13	6499	2043	2036
408	06:50:50	60.12	6499	2042	2035
409	06:51:51	60.17	6499	2041	2035
410	06:52:51	60.12	6499	2040	2034
411	06:53:51	60.19	6499	2039	2033
412	06:54:51	60.08	6499	2038	2032
413	06:55:51	60.14	6499	2038	2032
414	06:56:51	60.12	6499	2037	2031
415	06:57:51	60.18	6499	2036	2030
416	06:58:52	60.10	6499	2035	2029
417	06:59:52	60.11	6499	2034	2028
418	07:00:52	60.12	6499	2033	2027
419	07:01:52	60.12	6499	2032	2027
420	07:02:52	60.12	6499	2032	2026
421	07:03:52	60.12	6499	2031	2025
422	07:04:52	60.13	6499	2030	2024
423	07:05:52	60.14	6499	2029	2023
424	07:06:53	60.14	6499	2028	2022
425	07:07:53	60.13	6499	2028	2022
426	07:08:53	60.17	6499	2027	2021
427	07:09:53	60.16	6499	2026	2020
428	07:10:53	60.14	6499	2025	2019
429	07:11:53	60.14	6499	2024	2019
430	07:12:53	60.13	6499	2023	2018
431	07:13:54	60.13	6499	2023	2017
432	07:14:54	60.14	6499	2022	2016
433	07:15:54	60.08	6499	2021	2015
434	07:16:54	60.07	6499	2020	2015
435	07:17:54	60.12	6499	2019	2014
436	07:18:54	60.18	6499	2018	2013
437	07:19:54	60.15	6499	2018	2012
438	07:20:54	60.10	6499	2017	2011
439	07:21:54	60.16	6499	2016	2010
440	07:22:55	60.15	6499	2015	2010
441	07:23:55	60.18	6499	2014	2009
442	07:24:55	60.10	6499	2013	2008
443	07:25:55	60.14	6499	2013	2007
444	07:26:55	60.15	6499	2012	2006
445	07:27:55	60.13	6499	2011	2006
446	07:28:56	60.14	6499	2010	2005
447	07:29:56	60.07	6499	2010	2004
448	07:30:56	10.01	6499	2009	2004
449	07:31:06	60.42	6499	2008	2003
450	07:32:06	60.08	6499	2008	2002
451	07:33:06	60.11	6499	2007	2001
452	07:34:06	60.11	6499	2006	2000
453	07:35:06	60.12	6499	2005	2000
454	07:36:07	60.13	6499	2004	1998
455	07:37:07	60.13	6499	2003	1998
456	07:38:07	60.12	6499	2003	1997
457	07:39:07	60.09	6499	1998	1996
458	07:40:07	60.11	6499	2001	1996
459	07:41:07	60.14	6499	2000	1995
460	07:42:07	60.10	6499	1999	1994
461	07:43:07	60.16	6499	1999	1994
462	07:44:08	60.14	6499	1998	1993
463	07:45:08	60.13	6499	1997	1992
464	07:46:08	60.13	6499	1996	1991
465	07:47:08	60.13	6499	1995	1990
466	07:48:08	60.15	6499	1995	1990
467	07:49:08	60.09	6499	1994	1989
468	07:50:08	60.13	6499	1993	1988
469	07:51:08	60.16	6499	1992	1987
470	07:52:09	60.17	6499	1991	1986
471	07:53:09	60.11	6499	1991	1985
472	07:54:09	60.15	6499	1990	1985
473	07:55:09	60.11	6499	1989	1984
474	07:56:09	60.13	6499	1988	1983
475	07:57:09	60.15	6499	1987	1982
476	07:58:09	60.12	6499	1987	1982
477	07:59:10	60.11	6499	1986	1981
478	08:00:10	60.10	6499	1985	1980
479	08:01:10	60.11	6499	1984	1979
480	08:02:10	60.10	6499	1983	1978
481	08:03:10	60.15	6499	1983	1978
482	08:04:10	60.15	6499	1982	1977
483	08:05:10	60.11	6499	1981	1977
484	08:06:10	60.13	6499	1980	1976
485	08:07:10	60.10	6499	1979	1975
486	08:08:11	60.18	6499	1979	1974
487	08:09:11	60.10	6499	1978	1973
488	08:10:11	60.19	6499	1977	1972
489	08:11:11	60.12	6499	1976	1971
490	08:12:11	60.08	6499	1976	1971
491	08:13:11	60.14	6499	1975	1970
492	08:14:11	60.16	6499	1974	1969
493	08:15:12	60.08	6499	1973	1969
494	08:16:12	60.14	6499	1972	1968
495	08:17:12	60.08	6499	1972	1967
496	08:18:12	60.14	6499	1971	1963
497	08:19:12	60.14	6499	1970	1965
498	08:20:12	60.10	6499	1969	1965
499	08:21:12	60.12	6499	1968	1963
500	08:22:12	60.14	6499	1968	1963
501	08:23:12	17.04	6499	1968	1963
502	08:23:30	15.41	6499	1967	1963
503	08:23:45	27.07	6499	1967	1962
504	08:24:12	60.21	6499	1966	1961
505	08:25:12	60.12	6499	1965	1961
506	08:26:12	60.11	6499	1965	1960
507	08:27:12	60.11	6499	1964	1959
508	08:28:13	60.07	6499	1963	1958
509	08:29:13	60.10	6499	1962	1957
510	08:30:13	60.18	6499	1961	1956
511	08:31:13	60.16	6499	1961	1956
512	08:32:13	60.14	6499	1960	1955
513	08:33:13	60.09	6499	1959	1954
514	08:34:13	60.12	6499	1958	1953
515	08:35:13	60.11	6499	1958	1953
516	08:36:14	60.10	6499	1957	1952
517	08:37:14	60.17	6499	1956	1951
518	08:38:14	60.08	6499	1955	1951
519	08:39:14	60.09	6499	1954	1950
520	08:40:14	60.10	6499	1954	1949
521	08:41:14	60.15	6499	1953	1949
522	08:42:14	60.11	6499	1952	1948
523	08:43:14	60.15	6499	1951	1947
524	08:44:14	43.95	6499	1951	1947
525	08:44:58	60.03	6499	1950	1946
526	08:45:58	60.15	6499	1949	1945
527	08:46:59	60.14	6499	1949	1944
528	08:47:59	60.13	6499	1948	1943
529	08:48:59	60.12	6499	1947	1942
530	08:49:59	25.31	6499	1947	1942
531	08:50:24	60.31	6499	1946	1941
532	08:51:25	60.07	6499	1945	1940
533	08:52:25	60.13	6499	1944	1940
534	08:53:25	60.13	6499	1944	1939
535	08:54:25	60.12	6499	1943	1938
536	08:55:25	60.08	6499	1942	1938
537	08:56:25	60.13	6499	1941	1937
538	08:57:25	60.13	6499	1941	1936
539	08:58:25	60.12	6499	1940	1935
540	08:59:26	60.13	6499	1939	1935
541	09:00:26	60.13	6499	1938	1934
542	09:01:26	60.15	6499	1938	1934
543	09:02:26	60.12	6499	1937	1933
544	09:03:26	60.14	6499	1936	1932
545	09:04:26	60.14	6499	1935	1931
546	09:05:26	60.08	6499	1935	1931
547	09:06:26	60.12	6499	1934	1930
548	09:07:27	60.11	6499	1933	1929
549	09:08:27	60.13	6499	1930	1926
550	09:09:27	60.12	6499	1932	1928
551	09:10:27	60.15	6499	1931	1927
552	09:11:27	60.19	6499	1930	1926
553	09:12:27	60.12	6499	1929	1926
554	09:13:27	60.15	6499	1929	1925
555	09:14:28	60.16	6499	1928	1924
556	09:15:28	60.12	6499	1927	1924
557	09:16:28	60.10	6499	1926	1923
558	09:17:28	60.12	6499	1926	1922
559	09:18:28	60.15	6499	1925	1922
560	09:19:28	60.14	6499	1924	1921
561	09:20:28	60.09	6499	1923	1920
562	09:21:28	60.12	6499	1923	1920
563	09:22:29	60.17	6499	1922	1919
564	09:23:29	60.09	6499	1921	1918
565	09:24:29	60.16	6499	1920	1917
566	09:25:29	60.16	6499	1920	1917
567	09:26:29	60.13	6499	1919	1916
568	09:27:29	60.17	6499	1918	1915
569	09:28:29	60.16	6499	1917	1914
570	09:29:30	60.16	6499	1917	1913
571	09:30:30	60.11	6499	1916	1912
572	09:31:30	60.11	6499	1915	1912
573	09:32:30	60.08	6499	1914	1911
574	09:33:30	60.07	6499	1914	1911
575	09:34:30	60.12	6499	1913	1910
576	09:35:30	60.15	6499	1912	1909
577	09:36:30	60.12	6499	1912	1909
578	09:37:31	60.21	6499	1911	1908
579	09:38:31	60.18	6499	1910	1907
580	09:39:31	60.07	6499	1909	1906
581	09:40:31	60.14	6499	1909	1905
582	09:41:31	60.16	6499	1908	1904
583	09:42:31	60.17	6499	1907	1904
584	09:43:31	60.18	6499	1906	1903
585	09:44:32	60.16	6499	1906	1902
586	09:45:32	60.12	6499	1905	1902
587	09:46:32	60.16	6499	1904	1901
588	09:47:32	60.18	6499	1903	1900
589	09:48:32	60.17	6499	1903	1900
590	09:49:32	60.10	6499	1902	1899
591	09:50:32	60.16	6499	1901	1898
592	09:51:33	60.14	6499	1901	1897
593	09:52:33	60.17	6499	1900	1897
594	09:53:33	60.14	6499	1899	1896
595	09:54:33	60.12	6499	1898	1895
596	09:55:33	60.14	6499	1898	1894
597	09:56:33	60.16	6499	1897	1894
598	09:57:34	60.18	6499	1896	1893
599	09:58:34	60.15	6499	1895	1889
600	09:59:34	60.09	6499	1895	1891
601	10:00:34	60.18	6499	1894	1891
602	10:01:34	60.15	6499	1893	1890
603	10:02:34	60.16	6499	1893	1889
604	10:03:34	60.16	6499	1892	1889
605	10:04:35	60.18	6499	1891	1888
606	10:05:35	60.15	6499	1890	1888
607	10:06:35	60.14	6499	1890	1887
608	10:07:35	60.15	6499	1889	1886
609	10:08:35	60.14	6499	1888	1885
610	10:09:35	60.09	6499	1887	1885
611	10:10:35	60.11	6499	1887	1884
612	10:11:36	60.11	6499	1886	1883
613	10:12:36	60.09	6499	1885	1882
614	10:13:36	60.17	6499	1885	1882
615	10:14:36	60.16	6499	1884	1881
616	10:15:36	60.17	6499	1883	1880
617	10:16:36	60.17	6499	1882	1880
618	10:17:36	60.13	6499	1882	1879
619	10:18:37	10.02	6499	1882	1879
620	10:18:47	60.49	6499	1881	1878
621	10:19:47	60.11	6499	1880	1877
622	10:20:47	60.18	6499	1879	1877
623	10:21:47	60.18	6499	1879	1876
624	10:22:48	60.13	6499	1878	1875
625	10:23:48	60.08	6499	1877	1875
626	10:24:48	60.15	6499	1877	1874
627	10:25:48	60.09	6499	1876	1873
628	10:26:48	60.11	6499	1875	1872
629	10:27:48	60.10	6499	1875	1872
630	10:28:48	60.18	6499	1874	1871
631	10:29:48	60.10	6499	1873	1870
632	10:30:49	60.16	6499	1872	1870
633	10:31:49	60.12	6499	1872	1869
634	10:32:49	60.13	6499	1871	1869
635	10:33:49	60.16	6499	1870	1868
636	10:34:49	60.13	6499	1870	1868
637	10:35:49	60.13	6499	1869	1867
638	10:36:49	60.12	6499	1868	1866
639	10:37:49	60.11	6499	1868	1865
640	10:38:50	60.14	6499	1867	1865
641	10:39:50	60.10	6499	1866	1864
642	10:40:50	60.13	6499	1865	1863
643	10:41:50	60.15	6499	1865	1863
644	10:42:50	60.12	6499	1864	1862
645	10:43:50	60.12	6499	1863	1861
646	10:44:50	60.12	6499	1863	1861
647	10:45:50	47.72	6499	1862	1860
648	10:46:38	60.01	6499	1861	1859
649	10:47:38	60.15	6499	1861	1859
650	10:48:38	60.11	6499	1860	1858
651	10:49:38	60.15	6499	1859	1857
652	10:50:39	60.14	6499	1859	1857
653	10:51:39	60.13	6499	1858	1856
654	10:52:39	60.16	6499	1857	1855
655	10:53:39	60.08	6499	1857	1854
656	10:54:39	60.16	6499	1856	1854
657	10:55:39	60.17	6499	1855	1853
658	10:56:39	60.15	6499	1855	1852
659	10:57:40	60.14	6499	1854	1851
660	10:58:40	60.11	6499	1853	1851
661	10:59:40	60.18	6499	1852	1850
662	11:00:40	60.12	6499	1852	1849
663	11:01:40	60.13	6499	1851	1849
664	11:02:40	60.12	6499	1850	1848
665	11:03:40	60.09	6499	1850	1847
666	11:04:40	60.14	6499	1849	1847
667	11:05:41	60.08	6499	1848	1846
668	11:06:41	60.14	6499	1848	1845
669	11:07:41	60.15	6499	1847	1845
670	11:08:41	60.17	6499	1846	1844
671	11:09:41	60.13	6499	1846	1844
672	11:10:41	60.13	6499	1845	1843
673	11:11:41	60.18	6499	1844	1842
674	11:12:42	60.13	6499	1844	1842
675	11:13:42	60.10	6499	1843	1842
676	11:14:42	60.16	6499	1842	1841
677	11:15:42	60.10	6499	1842	1841
678	11:16:42	60.11	6499	1841	1840
679	11:17:42	60.15	6499	1840	1840
680	11:18:42	60.17	6499	1839	1839
681	11:19:43	60.13	6499	1839	1838
682	11:20:43	60.04	6499	1838	1838
683	11:21:43	60.14	6499	1837	1837
684	11:22:43	60.15	6499	1837	1836
685	11:23:43	60.13	6499	1836	1835
686	11:24:43	60.11	6499	1835	1835
687	11:25:43	60.19	6499	1835	1834
688	11:26:43	60.09	6499	1834	1833
689	11:27:44	60.16	6499	1833	1833
690	11:28:44	60.08	6499	1833	1832
691	11:29:44	60.15	6499	1832	1832
692	11:30:44	60.11	6499	1831	1831
693	11:31:44	60.09	6499	1831	1830
694	11:32:44	60.07	6499	1830	1829
695	11:33:44	60.14	6499	1829	1828
696	11:34:44	60.18	6499	1829	1827
697	11:35:44	22.56	6499	1829	1827
698	11:36:07	25.95	6499	1828	1826
699	11:36:33	60.25	6499	1827	1826
700	11:37:33	60.12	6499	1827	1825
701	11:38:33	39.01	6499	1826	1825
702	11:39:12	60.16	6499	1826	1825
703	11:40:13	60.11	6499	1825	1824
704	11:41:13	39.17	6499	1825	1824
705	11:41:52	15.85	6499	1824	1823
706	11:42:08	60.17	6499	1824	1822
707	11:43:08	60.16	6499	1823	1822
708	11:44:08	60.14	6499	1822	1821
709	11:45:08	60.10	6499	1822	1820
710	11:46:08	60.11	6499	1821	1820
711	11:47:08	60.18	6499	1820	1819
712	11:48:09	60.16	6499	1820	1818
713	11:49:09	60.09	6499	1819	1818
714	11:50:09	60.15	6499	1818	1817
715	11:51:09	60.08	6499	1818	1816
716	11:52:09	60.13	6499	1817	1816
717	11:53:09	60.16	6499	1816	1815
718	11:54:09	60.14	6499	1816	1814
719	11:55:09	60.11	6499	1815	1813
720	11:56:10	60.07	6499	1814	1813
721	11:57:10	60.10	6499	1814	1812
722	11:58:10	60.10	6499	1813	1812
723	11:59:10	60.13	6499	1812	1811
724	12:00:10	60.16	6499	1812	1811
725	12:01:10	60.12	6499	1811	1810
726	12:02:10	60.12	6499	1810	1809
727	12:03:10	60.10	6499	1810	1808
728	12:04:10	60.16	6499	1809	1808
729	12:05:11	60.09	6499	1808	1807
730	12:06:11	60.15	6499	1808	1806
731	12:07:11	60.12	6499	1807	1806
732	12:08:11	60.12	6499	1806	1805
733	12:09:11	60.09	6499	1806	1805
734	12:10:11	60.12	6499	1805	1804
735	12:11:11	60.14	6499	1804	1803
736	12:12:11	60.12	6499	1804	1803
737	12:13:12	60.13	6499	1803	1802
738	12:14:12	60.12	6499	1802	1801
739	12:15:12	60.10	6499	1802	1801
740	12:16:12	60.13	6499	1801	1800
741	12:17:12	34.00	6499	1801	1800
742	12:17:46	60.01	6499	1800	1799
743	12:18:46	60.09	6499	1799	1798
744	12:19:46	60.13	6499	1799	1798
745	12:20:46	60.12	6499	1798	1797
746	12:21:46	60.14	6499	1797	1797
747	12:22:47	60.11	6499	1797	1796
748	12:23:47	60.16	6499	1796	1796
749	12:24:47	60.15	6499	1795	1794
750	12:25:47	60.15	6499	1795	1794
751	12:26:47	60.13	6499	1794	1793
752	12:27:47	60.18	6499	1794	1792
753	12:28:47	60.13	6499	1793	1792
754	12:29:48	60.14	6499	1792	1792
755	12:30:48	12.09	6499	4.911	4.909
756	12:31:00	60.53	6499	0	0
757	12:32:00	60.14	6499	0	0
758	12:33:00	60.12	6499	0	0
759	12:34:01	60.13	6499	0	0
760	12:35:01	60.17	6499	0	0
761	12:36:01	60.13	6499	0	0
762	12:37:01	60.18	6499	0	0
763	12:38:01	60.14	6499	0	0
764	12:39:01	60.09	6499	0	0
765	12:40:01	60.17	6501	-1	-1
766	12:41:02	60.08	6501	0	0
767	12:42:02	23.83	6501	0	0
Created by AtlRunQuery on: 2018-08-28 16:10:03.334155
