LHC beam energy and intensities during run 305674:
(Begin/end of run: Fri Aug 05 2016 21:37:23 − Sat Aug 06, 00:12:59)

LB	   Start time
(CEST)	   Duration
(sec)	   Beam energy
(GeV)	   Intensity Beam-1
(1e11 protons)	   Intensity Beam-2
(1e11 protons)
1	21:37:23	60.12	450	57.43	0.0926
2	21:38:23	26.01	450	158.2	0.09254
3	21:38:49	60.17	450	171.6	43.31
4	21:39:49	60.12	450	263.4	99.1
5	21:40:49	60.17	450	343.8	163.8
6	21:41:50	60.11	450	410.6	260.1
7	21:42:50	60.14	450	478	335.3
8	21:43:50	60.12	450	578.2	402.3
9	21:44:50	60.16	450	648.3	467.7
10	21:45:50	60.16	450	713.7	568.7
11	21:46:50	60.14	450	781.3	634.5
12	21:47:50	60.13	450	882.2	700.4
13	21:48:50	60.15	450	949.2	771.5
14	21:49:51	60.13	450	1015	870.2
15	21:50:51	60.18	450	1153	871.9
16	21:51:51	60.16	450	1293	871.7
17	21:52:51	60.07	450	1357	871.5
18	21:53:51	60.11	450	1404	962.7
19	21:54:51	60.09	450	1404	1029
20	21:55:51	60.09	450	1493	1097
21	21:56:51	60.12	450	1560	1184
22	21:57:52	60.12	450	1625	1184
23	21:58:52	60.14	450	1717	1230
24	21:59:52	60.11	450	1797	1287
25	22:00:52	60.16	450	1865	1287
26	22:01:52	60.16	450	1932	1363
27	22:02:52	60.13	450	2032	1431
28	22:03:52	60.12	450	2107	1495
29	22:04:53	60.09	450	2174	1495
30	22:05:53	60.13	450	2242	1564
31	22:06:53	60.18	450	2241	1731
32	22:07:53	60.15	450	2240	1869
33	22:08:53	60.13	450	2239	2039
34	22:09:53	60.09	450	2238	2178
35	22:10:53	60.18	450	2238	2221
36	22:11:53	60.16	450	2237	2220
37	22:12:54	60.12	450	2236	2220
38	22:13:54	60.13	450	2234	2220
39	22:14:54	60.12	450	2232	2219
40	22:15:54	60.11	471	2230	2217
41	22:16:54	60.13	564	2229	2215
42	22:17:54	60.17	727	2229	2213
43	22:18:54	25.73	951	2229	2212
44	22:19:20	60.22	1068	2229	2211
45	22:20:20	60.12	1392	2228	2210
46	22:21:20	60.14	1739	2228	2210
47	22:22:21	60.08	2093	2228	2210
48	22:23:21	60.10	2440	2228	2210
49	22:24:21	60.15	2787	2228	2210
50	22:25:21	60.08	3135	2228	2210
51	22:26:21	60.12	3482	2228	2210
52	22:27:21	60.10	3830	2228	2209
53	22:28:21	60.12	4177	2227	2209
54	22:29:21	60.13	4524	2227	2210
55	22:30:21	60.13	4872	2227	2210
56	22:31:22	60.14	5225	2227	2210
57	22:32:22	60.10	5573	2227	2210
58	22:33:22	60.12	5920	2226	2210
59	22:34:22	60.12	6267	2226	2210
60	22:35:22	17.66	6499	2226	2211
61	22:35:40	10.13	6499	2226	2211
62	22:35:50	60.42	6499	2226	2211
63	22:36:50	60.10	6499	2226	2211
64	22:37:50	60.11	6499	2226	2211
65	22:38:51	60.12	6499	2226	2210
66	22:39:51	60.08	6499	2225	2210
67	22:40:51	60.17	6499	2225	2210
68	22:41:51	60.10	6499	2225	2210
69	22:42:51	60.12	6499	2225	2210
70	22:43:51	60.12	6499	2224	2210
71	22:44:51	60.13	6499	2224	2210
72	22:45:51	60.11	6499	2224	2210
73	22:46:51	60.10	6499	2224	2210
74	22:47:52	60.12	6499	2224	2210
75	22:48:52	60.13	6499	2224	2209
76	22:49:52	60.12	6499	2224	2209
77	22:50:52	60.08	6499	2224	2209
78	22:51:52	60.16	6499	2224	2209
79	22:52:52	60.13	6499	2224	2209
80	22:53:52	60.18	6499	2224	2209
81	22:54:52	60.09	6499	2224	2209
82	22:55:53	60.22	6499	2223	2208
83	22:56:53	57.03	6499	2223	2208
84	22:57:50	60.43	6499	2219	2205
85	22:58:50	60.12	6499	2223	2208
86	22:59:50	60.17	6499	2223	2208
87	23:00:51	60.13	6499	2223	2208
88	23:01:51	60.12	6499	2223	2208
89	23:02:51	60.12	6499	2222	2208
90	23:03:51	60.15	6499	2220	2207
91	23:04:51	60.18	6499	2218	2205
92	23:05:51	60.14	6499	2216	2204
93	23:06:51	60.12	6499	2214	2203
94	23:07:52	60.13	6499	2213	2202
95	23:08:52	60.14	6499	2211	2201
96	23:09:52	60.13	6499	2209	2200
97	23:10:52	60.16	6499	2207	2199
98	23:11:52	45.42	6499	2205	2198
99	23:12:37	60.49	6499	2203	2197
100	23:13:38	60.15	6499	2202	2196
101	23:14:38	60.09	6499	2200	2195
102	23:15:38	22.60	6499	2198	2195
103	23:16:01	60.06	6499	2197	2194
104	23:17:01	10.26	6499	2196	2193
105	23:17:11	60.46	6499	2196	2193
106	23:18:12	60.13	6499	2194	2192
107	23:19:12	60.15	6499	2193	2191
108	23:20:12	60.06	6499	2192	2190
109	23:21:12	60.15	6499	2190	2189
110	23:22:12	60.15	6499	2189	2188
111	23:23:12	60.18	6499	2187	2187
112	23:24:12	60.14	6499	2186	2186
113	23:25:13	60.14	6499	2184	2185
114	23:26:13	60.07	6499	2183	2184
115	23:27:13	60.13	6499	2181	2183
116	23:28:13	60.16	6499	2180	2182
117	23:29:13	60.11	6499	2178	2181
118	23:30:13	48.23	6499	2177	2180
119	23:31:01	20.85	6499	2176	2180
120	23:31:22	60.20	6499	2176	2179
121	23:32:22	60.08	6499	2174	2178
122	23:33:23	60.14	6499	2173	2177
123	23:34:23	60.15	6499	2171	2176
124	23:35:23	60.11	6499	2170	2175
125	23:36:23	60.16	6499	2169	2174
126	23:37:23	60.13	6499	2168	2173
127	23:38:23	60.12	6499	2166	2172
128	23:39:23	60.11	6499	2165	2171
129	23:40:23	60.13	6499	2164	2170
130	23:41:24	60.08	6499	2163	2169
131	23:42:24	60.12	6499	2162	2168
132	23:43:24	60.11	6499	2160	2167
133	23:44:24	60.16	6499	2159	2166
134	23:45:24	60.12	6499	2158	2165
135	23:46:24	30.79	6499	2157	2165
136	23:46:55	60.43	6499	18.23	51.5
137	23:47:55	60.13	6499	0	0
138	23:48:56	60.19	6499	0	0
139	23:49:56	60.13	6499	0	0
140	23:50:56	60.15	6499	0	0
141	23:51:56	60.13	6499	0	0
142	23:52:56	60.12	6501	0	0
143	23:53:56	60.09	6501	0	0
144	23:54:56	60.18	6501	0	0
145	23:55:56	60.10	6501	0	0
146	23:56:57	60.08	6501	0	0
147	23:57:57	60.13	6465	0	0
148	23:58:57	60.09	6309	0	0
149	23:59:57	60.14	6025	0	0
150	00:00:57	60.11	5673	0	0
151	00:01:57	60.11	5320	0	0
152	00:02:57	60.10	4966	0	0
153	00:03:57	60.12	4611	0	0
154	00:04:57	60.14	4255	0	0
155	00:05:58	60.14	3893	0	0
156	00:06:58	60.09	3537	0	0
157	00:07:58	60.13	3180	0	0
158	00:08:58	60.13	2824	0	0
159	00:09:58	60.10	2467	0	0
160	00:10:58	60.14	2111	-1	-1
161	00:11:58	60.94	1754	0.004363	0.002515
Created by AtlRunQuery on: 2018-08-28 16:16:20.516426
