LHC beam energy and intensities during run 305727:
(Begin/end of run: Sun Aug 07 2016 03:31:39 − 07:36:22)

LB	   Start time
(CEST)	   Duration
(sec)	   Beam energy
(GeV)	   Intensity Beam-1
(1e11 protons)	   Intensity Beam-2
(1e11 protons)
1	03:31:39	60.13	6499	1688	1712
2	03:32:39	60.16	6499	1687	1711
3	03:33:39	50.51	6499	1687	1711
4	03:34:29	10.09	6499	1687	1711
5	03:34:39	29.36	6499	1686	1711
6	03:35:09	13.76	6499	1686	1710
7	03:35:23	44.77	6499	1686	1710
8	03:36:07	46.38	6499	1673	1698
9	03:36:54	60.36	6499	1673	1697
10	03:37:54	10.27	6499	1673	1697
11	03:38:04	21.61	6499	1672	1697
12	03:38:26	22.58	6499	1672	1696
13	03:38:49	10.03	6499	1672	1696
14	03:38:59	10.31	6499	1672	1696
15	03:39:09	19.97	6499	1672	1696
16	03:39:29	31.04	6499	1672	1696
17	03:40:00	60.40	6499	1671	1695
18	03:41:00	60.11	6499	1671	1695
19	03:42:00	60.16	6499	1670	1694
20	03:43:01	60.12	6499	1669	1694
21	03:44:01	60.12	6499	1669	1694
22	03:45:01	60.17	6499	1668	1693
23	03:46:01	60.11	6499	1668	1692
24	03:47:01	60.08	6499	1667	1692
25	03:48:01	60.08	6499	1667	1691
26	03:49:01	60.12	6499	1666	1691
27	03:50:01	60.13	6499	1665	1690
28	03:51:01	12.40	6499	1665	1690
29	03:51:14	60.04	6499	1665	1690
30	03:52:14	60.10	6499	1664	1689
31	03:53:14	60.11	6499	1664	1689
32	03:54:14	60.13	6499	1663	1688
33	03:55:14	60.08	6499	1663	1688
34	03:56:14	60.14	6499	1662	1687
35	03:57:14	60.10	6499	1661	1687
36	03:58:15	60.11	6499	1661	1686
37	03:59:15	60.12	6499	1660	1686
38	04:00:15	60.08	6499	1660	1685
39	04:01:15	60.06	6499	1659	1684
40	04:02:15	60.07	6499	1659	1684
41	04:03:15	60.07	6499	1658	1684
42	04:04:15	60.13	6499	1658	1683
43	04:05:15	60.15	6499	1657	1683
44	04:06:15	60.12	6499	1657	1682
45	04:07:16	60.15	6499	1656	1681
46	04:08:16	60.11	6499	1655	1678
47	04:09:16	60.16	6499	1655	1680
48	04:10:16	60.17	6499	1654	1680
49	04:11:16	60.11	6499	1654	1679
50	04:12:16	60.15	6499	1653	1679
51	04:13:16	60.13	6499	1653	1678
52	04:14:16	60.13	6499	1652	1678
53	04:15:17	60.13	6499	1652	1677
54	04:16:17	60.14	6499	1651	1677
55	04:17:17	60.16	6499	1651	1676
56	04:18:17	60.11	6499	1650	1675
57	04:19:17	60.12	6499	1649	1675
58	04:20:17	60.06	6499	1649	1674
59	04:21:17	60.13	6499	1648	1674
60	04:22:17	60.12	6499	1648	1673
61	04:23:18	60.14	6499	1647	1673
62	04:24:18	60.09	6499	1647	1672
63	04:25:18	60.14	6499	1646	1672
64	04:26:18	60.16	6499	1646	1671
65	04:27:18	60.12	6499	1645	1670
66	04:28:18	60.17	6499	1645	1670
67	04:29:18	60.17	6499	1644	1669
68	04:30:19	60.12	6499	1643	1669
69	04:31:19	60.15	6499	1643	1669
70	04:32:19	60.09	6499	1642	1668
71	04:33:19	60.13	6499	1642	1667
72	04:34:19	60.16	6499	1641	1667
73	04:35:19	60.15	6499	1641	1667
74	04:36:19	60.13	6499	1640	1666
75	04:37:19	60.16	6499	1640	1665
76	04:38:20	60.13	6499	1639	1665
77	04:39:20	60.11	6499	1639	1664
78	04:40:20	60.12	6499	1638	1664
79	04:41:20	60.08	6499	1637	1663
80	04:42:20	60.08	6499	1637	1663
81	04:43:20	60.12	6499	1636	1663
82	04:44:20	60.16	6499	1636	1662
83	04:45:20	60.09	6499	1635	1661
84	04:46:21	60.22	6499	1635	1661
85	04:47:21	60.10	6499	1634	1660
86	04:48:21	60.16	6499	1634	1660
87	04:49:21	60.16	6499	1633	1659
88	04:50:21	60.17	6499	1633	1659
89	04:51:21	60.11	6499	1632	1658
90	04:52:21	60.17	6499	1632	1658
91	04:53:22	60.16	6499	1631	1657
92	04:54:22	60.12	6499	1631	1657
93	04:55:22	60.16	6499	1630	1656
94	04:56:22	60.12	6499	1630	1656
95	04:57:22	60.12	6499	1629	1655
96	04:58:22	60.17	6499	1628	1655
97	04:59:23	60.13	6499	1628	1654
98	05:00:23	60.08	6499	1627	1654
99	05:01:23	60.13	6499	1627	1653
100	05:02:23	60.10	6499	1626	1653
101	05:03:23	60.12	6499	1626	1652
102	05:04:23	60.08	6499	1625	1652
103	05:05:23	60.16	6499	1625	1651
104	05:06:23	60.13	6499	1624	1651
105	05:07:23	60.10	6499	1624	1650
106	05:08:24	60.13	6499	1623	1649
107	05:09:24	60.15	6499	1623	1649
108	05:10:24	60.17	6499	1622	1649
109	05:11:24	60.14	6499	1622	1648
110	05:12:24	60.17	6499	1621	1648
111	05:13:24	60.18	6499	1621	1647
112	05:14:24	60.15	6499	1620	1647
113	05:15:25	60.18	6499	1619	1646
114	05:16:25	60.15	6499	1619	1646
115	05:17:25	60.09	6499	1618	1645
116	05:18:25	60.15	6499	1618	1644
117	05:19:25	60.15	6499	1617	1644
118	05:20:25	60.11	6499	1617	1643
119	05:21:25	60.08	6499	1616	1643
120	05:22:26	60.13	6499	1616	1642
121	05:23:26	60.11	6499	1615	1642
122	05:24:26	60.14	6499	1615	1641
123	05:25:26	60.13	6499	1614	1641
124	05:26:26	60.08	6499	1614	1640
125	05:27:26	60.09	6499	1613	1640
126	05:28:26	60.27	6499	1613	1639
127	05:29:26	60.05	6499	1612	1639
128	05:30:27	60.34	6499	1611	1639
129	05:31:27	60.14	6499	1611	1638
130	05:32:27	60.09	6499	1610	1638
131	05:33:27	60.16	6499	1610	1637
132	05:34:27	60.14	6499	1609	1636
133	05:35:27	60.10	6499	1609	1636
134	05:36:28	60.13	6499	1608	1635
135	05:37:28	60.11	6499	1608	1635
136	05:38:28	60.16	6499	1607	1634
137	05:39:28	60.11	6499	1607	1634
138	05:40:28	60.11	6499	1606	1633
139	05:41:28	60.13	6499	1606	1633
140	05:42:28	60.13	6499	1605	1632
141	05:43:28	60.13	6499	1604	1631
142	05:44:29	10.01	6499	1604	1631
143	05:44:39	60.40	6499	1603	1631
144	05:45:39	60.16	6499	1603	1630
145	05:46:39	60.14	6499	1602	1630
146	05:47:39	60.13	6499	1602	1629
147	05:48:39	60.13	6499	1601	1629
148	05:49:40	60.12	6499	1601	1628
149	05:50:40	60.14	6499	1600	1628
150	05:51:40	35.61	6499	1600	1628
151	05:52:15	59.04	6499	1600	1627
152	05:53:14	60.18	6499	1599	1627
153	05:54:15	60.18	6499	1599	1626
154	05:55:15	60.09	6499	1598	1626
155	05:56:15	60.09	6499	1598	1625
156	05:57:15	60.14	6499	1597	1625
157	05:58:15	60.16	6499	1597	1624
158	05:59:15	60.17	6499	1596	1624
159	06:00:15	60.08	6499	1595	1624
160	06:01:16	60.15	6499	1595	1623
161	06:02:16	60.12	6499	1594	1622
162	06:03:16	60.15	6499	1594	1622
163	06:04:16	60.17	6499	1593	1621
164	06:05:16	60.16	6499	1593	1621
165	06:06:16	60.13	6499	1592	1620
166	06:07:16	60.17	6499	1592	1620
167	06:08:17	60.17	6499	1591	1619
168	06:09:17	60.13	6499	1591	1619
169	06:10:17	60.10	6499	1590	1619
170	06:11:17	60.12	6499	1590	1618
171	06:12:17	60.18	6499	1589	1618
172	06:13:17	60.11	6499	1589	1617
173	06:14:17	60.14	6499	1588	1617
174	06:15:18	60.15	6499	1588	1616
175	06:16:18	60.16	6499	1587	1616
176	06:17:18	60.15	6499	1587	1615
177	06:18:18	60.16	6499	1586	1615
178	06:19:18	60.18	6499	1586	1614
179	06:20:18	60.06	6499	1585	1614
180	06:21:18	60.11	6499	1585	1613
181	06:22:18	60.11	6499	1584	1613
182	06:23:19	60.14	6499	1584	1612
183	06:24:19	60.18	6499	1583	1612
184	06:25:19	60.16	6499	1583	1611
185	06:26:19	60.17	6499	1582	1611
186	06:27:19	60.14	6499	1582	1610
187	06:28:19	60.16	6499	1581	1610
188	06:29:20	60.12	6499	1581	1609
189	06:30:20	60.17	6499	1580	1609
190	06:31:20	60.09	6499	1580	1609
191	06:32:20	60.11	6499	1579	1608
192	06:33:20	60.14	6499	1579	1608
193	06:34:20	60.14	6499	1578	1607
194	06:35:20	60.14	6499	1578	1607
195	06:36:20	60.12	6499	1577	1606
196	06:37:21	60.16	6499	1577	1606
197	06:38:21	60.18	6499	1576	1605
198	06:39:21	60.17	6499	1576	1605
199	06:40:21	60.14	6499	1575	1604
200	06:41:21	60.11	6499	1575	1604
201	06:42:21	60.14	6499	1574	1603
202	06:43:21	60.10	6499	1574	1603
203	06:44:22	60.18	6499	1573	1602
204	06:45:22	60.12	6499	1573	1602
205	06:46:22	60.15	6499	1572	1601
206	06:47:22	60.17	6499	1572	1601
207	06:48:22	60.12	6499	1571	1600
208	06:49:22	60.13	6499	1571	1600
209	06:50:22	60.16	6499	1570	1599
210	06:51:23	60.14	6499	1570	1599
211	06:52:23	60.10	6499	1569	1598
212	06:53:23	60.12	6499	1569	1598
213	06:54:23	60.13	6499	1568	1597
214	06:55:23	60.12	6499	1568	1597
215	06:56:23	60.12	6499	1567	1596
216	06:57:23	60.14	6499	1567	1596
217	06:58:24	60.14	6499	1566	1595
218	06:59:24	60.17	6499	1566	1595
219	07:00:24	60.14	6499	1565	1595
220	07:01:24	60.08	6499	1565	1594
221	07:02:24	60.13	6499	1564	1594
222	07:03:24	60.15	6499	1564	1593
223	07:04:24	60.15	6499	1563	1593
224	07:05:24	60.18	6499	1563	1590
225	07:06:25	60.15	6499	1562	1592
226	07:07:25	60.11	6499	1562	1591
227	07:08:25	60.13	6499	1561	1591
228	07:09:25	60.12	6499	1561	1590
229	07:10:25	60.13	6499	1560	1590
230	07:11:25	60.15	6499	1560	1589
231	07:12:25	60.13	6499	1559	1589
232	07:13:26	60.10	6499	1559	1589
233	07:14:26	60.14	6499	1558	1588
234	07:15:26	60.12	6499	1558	1588
235	07:16:26	60.13	6499	1558	1588
236	07:17:26	60.13	6499	1557	1587
237	07:18:26	60.14	6499	1557	1587
238	07:19:26	60.14	6499	1556	1587
239	07:20:26	60.09	6499	1556	1586
240	07:21:27	60.08	6499	1555	1586
241	07:22:27	60.18	6499	1555	1585
242	07:23:27	60.12	6499	1554	1585
243	07:24:27	60.16	6499	1554	1584
244	07:25:27	60.08	6499	1554	1584
245	07:26:27	60.09	6499	1553	1583
246	07:27:27	60.16	6499	1553	1583
247	07:28:27	60.14	6499	1552	1583
248	07:29:28	60.11	6499	1552	1582
249	07:30:28	60.16	6499	1551	1582
250	07:31:28	60.12	6499	1551	1581
251	07:32:28	48.35	6499	30.63	31.25
252	07:33:16	60.45	6499	-1	-1
253	07:34:17	60.08	6499	37.45	25.04
254	07:35:17	64.93	6499	0	0
Created by AtlRunQuery on: 2018-08-28 16:23:30.983212
