LHC beam energy and intensities during run 306556:
(Begin/end of run: Thu Aug 18 2016 18:53:34 − Fri Aug 19, 09:36:16)

LB	   Start time
(CEST)	   Duration
(sec)	   Beam energy
(GeV)	   Intensity Beam-1
(1e11 protons)	   Intensity Beam-2
(1e11 protons)
1	18:53:34	60.18	450	27.83	27.07
2	18:54:35	60.11	450	27.81	27.06
3	18:55:35	60.14	450	27.78	27.06
4	18:56:35	10.37	450	27.77	27.06
5	18:56:45	22.04	450	27.76	27.05
6	18:57:07	60.05	450	27.75	27.05
7	18:58:07	60.15	450	27.72	27.05
8	18:59:07	60.17	450	27.7	27.04
9	19:00:08	60.13	450	27.68	27.04
10	19:01:08	60.17	450	27.65	27.03
11	19:02:08	60.07	450	27.63	27.03
12	19:03:08	60.18	450	27.61	27.02
13	19:04:08	60.13	450	27.59	27.02
14	19:05:08	60.10	450	27.57	27.01
15	19:06:08	60.24	450	27.55	27.01
16	19:07:09	60.10	450	27.53	27
17	19:08:09	60.10	450	27.51	27
18	19:09:09	60.16	450	27.49	26.99
19	19:10:09	60.18	450	27.46	26.99
20	19:11:09	60.12	450	27.44	26.98
21	19:12:09	60.07	450	27.42	26.97
22	19:13:09	60.12	450	27.4	26.97
23	19:14:10	60.11	450	27.38	26.96
24	19:15:10	60.15	450	27.36	26.96
25	19:16:10	60.13	450	27.34	26.95
26	19:17:10	60.16	450	27.32	26.95
27	19:18:10	60.14	450	27.3	26.94
28	19:19:10	60.08	450	27.28	26.94
29	19:20:10	60.10	450	27.26	26.93
30	19:21:10	60.07	450	27.24	26.93
31	19:22:10	60.11	450	27.22	26.92
32	19:23:11	60.13	450	27.2	26.91
33	19:24:11	60.16	450	27.18	26.91
34	19:25:11	60.13	450	27.16	26.9
35	19:26:11	60.13	450	27.14	26.89
36	19:27:11	60.11	450	27.13	26.89
37	19:28:11	60.14	450	27.12	26.88
38	19:29:11	60.13	450	27.12	26.88
39	19:30:11	60.12	450	27.11	26.88
40	19:31:12	60.12	450	27.1	26.87
41	19:32:12	60.10	450	27.1	26.87
42	19:33:12	60.11	450	27.09	26.87
43	19:34:12	60.10	450	27.08	26.86
44	19:35:12	60.15	450	27.08	26.86
45	19:36:12	60.14	450	27.07	26.86
46	19:37:12	60.17	450	27.07	26.85
47	19:38:13	60.17	450	27.06	26.85
48	19:39:13	60.17	450	27.06	26.84
49	19:40:13	60.16	450	27.05	26.84
50	19:41:13	60.09	450	27.05	26.84
51	19:42:13	60.12	450	27.04	26.83
52	19:43:13	60.12	450	27.03	26.83
53	19:44:13	60.13	450	27.03	26.82
54	19:45:13	60.09	450	27.02	26.82
55	19:46:14	60.14	450	27.01	26.81
56	19:47:14	60.15	450	27.01	26.81
57	19:48:14	60.10	450	27	26.8
58	19:49:14	60.08	450	27	26.8
59	19:50:14	60.12	450	26.99	26.79
60	19:51:14	60.16	450	26.98	26.79
61	19:52:14	60.11	450	26.97	26.78
62	19:53:14	60.11	450	26.97	26.78
63	19:54:15	60.16	450	26.95	26.77
64	19:55:15	60.12	450	26.94	26.77
65	19:56:15	60.15	450	26.92	26.76
66	19:57:15	60.16	450	26.92	26.75
67	19:58:15	60.11	450	26.91	26.75
68	19:59:15	60.13	450	26.9	26.74
69	20:00:15	60.16	450	26.9	26.74
70	20:01:16	60.09	450	26.89	26.73
71	20:02:16	60.08	450	26.88	26.73
72	20:03:16	60.12	450	26.87	26.72
73	20:04:16	60.10	450	26.86	26.72
74	20:05:16	60.16	450	26.86	26.71
75	20:06:16	60.11	450	26.85	26.71
76	20:07:16	60.14	450	26.84	26.7
77	20:08:16	60.11	450	26.83	26.7
78	20:09:16	60.13	450	26.82	26.69
79	20:10:17	60.12	450	26.81	26.69
80	20:11:17	60.13	450	26.81	26.68
81	20:12:17	60.08	450	26.8	26.68
82	20:13:17	60.12	450	26.79	26.67
83	20:14:17	60.09	450	26.78	26.67
84	20:15:17	60.15	450	26.77	26.66
85	20:16:17	60.16	450	26.76	26.66
86	20:17:17	60.16	450	26.75	26.65
87	20:18:18	60.14	450	26.74	26.64
88	20:19:18	60.12	450	26.73	26.64
89	20:20:18	60.14	450	26.72	26.63
90	20:21:18	60.11	450	26.71	26.63
91	20:22:18	60.11	450	26.7	26.62
92	20:23:18	60.14	450	26.69	26.62
93	20:24:18	60.17	450	26.68	26.61
94	20:25:19	60.09	450	26.67	26.61
95	20:26:19	60.12	450	26.66	26.6
96	20:27:19	60.13	450	26.65	26.6
97	20:28:19	60.11	450	26.64	26.59
98	20:29:19	60.12	450	26.63	26.59
99	20:30:19	60.18	450	26.62	26.58
100	20:31:19	60.15	450	26.61	26.57
101	20:32:19	60.11	450	26.6	26.57
102	20:33:20	60.09	450	26.59	26.56
103	20:34:20	60.15	450	26.58	26.56
104	20:35:20	60.11	450	26.57	26.55
105	20:36:20	60.13	450	26.56	26.55
106	20:37:20	60.14	450	26.55	26.54
107	20:38:20	60.18	450	26.54	26.53
108	20:39:20	60.14	450	26.53	26.53
109	20:40:20	60.16	450	26.52	26.52
110	20:41:21	60.11	450	26.51	26.51
111	20:42:21	60.17	450	24.24	24.25
112	20:43:21	60.11	450	0	0
113	20:44:21	31.49	450	0	0
114	20:44:53	31.14	450	0	0
115	20:45:24	55.94	450	0	0
116	20:46:20	60.22	450	0	0
117	20:47:20	60.16	450	0	0
118	20:48:20	60.13	450	0	0
119	20:49:20	60.18	450	0	0
120	20:50:20	60.15	450	0	0
121	20:51:20	60.11	450	0	0
122	20:52:21	60.11	450	0	0
123	20:53:21	60.11	450	0	0
124	20:54:21	60.11	450	0	0
125	20:55:21	60.11	450	0	0
126	20:56:21	60.16	450	0	0
127	20:57:21	60.18	450	0	0
128	20:58:21	60.12	450	0	0
129	20:59:21	60.11	450	0	0
130	21:00:22	60.11	450	0	0
131	21:01:22	60.13	450	0	0
132	21:02:22	60.11	450	0	0
133	21:03:22	60.15	450	0	0
134	21:04:22	60.13	450	0	0
135	21:05:22	60.11	450	0	0
136	21:06:22	60.16	450	0	0
137	21:07:22	60.17	450	0	0
138	21:08:23	60.16	450	0	0
139	21:09:23	60.16	450	0	0
140	21:10:23	60.11	450	0	0
141	21:11:23	60.17	450	0	0
142	21:12:23	60.13	450	0	0
143	21:13:23	60.10	450	0	0
144	21:14:23	60.11	450	0	0
145	21:15:24	60.13	450	0	0
146	21:16:24	60.11	450	0	0
147	21:17:24	60.09	450	0	0
148	21:18:24	60.11	450	0	0
149	21:19:24	60.10	450	0	0
150	21:20:24	60.06	450	0	0
151	21:21:24	60.15	450	0	0
152	21:22:24	60.14	450	0	0
153	21:23:24	60.14	450	0	0
154	21:24:25	60.09	450	0	0
155	21:25:25	60.15	450	0	0
156	21:26:25	60.19	450	0	0
157	21:27:25	60.12	450	0	0
158	21:28:25	60.15	450	0	0
159	21:29:25	60.11	450	0	0
160	21:30:25	60.12	450	0	0
161	21:31:26	60.07	450	0	0
162	21:32:26	60.14	450	0	0
163	21:33:26	60.16	450	0	0
164	21:34:26	60.17	450	0	0
165	21:35:26	60.08	450	0	0
166	21:36:26	60.16	450	0	0
167	21:37:26	60.12	450	0	0
168	21:38:26	60.17	450	0	0
169	21:39:27	60.09	450	0	0
170	21:40:27	60.11	450	0	0
171	21:41:27	60.11	450	0	0
172	21:42:27	60.16	450	0	0
173	21:43:27	60.10	450	0	0
174	21:44:27	60.20	450	0	0
175	21:45:27	60.12	450	0	0
176	21:46:28	60.12	450	0	0
177	21:47:28	60.11	450	0	0
178	21:48:28	60.15	450	0	0
179	21:49:28	60.16	450	0	0
180	21:50:28	60.13	450	0	0
181	21:51:28	60.12	450	0	0
182	21:52:28	60.18	450	0	0
183	21:53:28	60.12	450	0.0458	0
184	21:54:29	60.13	450	0.06987	0.03876
185	21:55:29	60.16	450	0.0697	0.0711
186	21:56:29	60.12	450	0.06958	0.07106
187	21:57:29	60.15	450	0.06944	0.07102
188	21:58:29	60.09	450	0.06933	0.07098
189	21:59:29	60.17	450	0.06913	0.07094
190	22:00:29	60.12	450	0.069	0.0709
191	22:01:30	60.08	450	0.06887	0.07086
192	22:02:30	60.15	450	0.06875	0.07081
193	22:03:30	60.11	450	0.06863	0.07077
194	22:04:30	60.14	450	13.14	6.16
195	22:05:30	60.14	450	13.29	14.65
196	22:06:30	60.13	450	13.29	14.65
197	22:07:30	60.17	450	13.29	14.65
198	22:08:30	60.12	450	13.28	14.65
199	22:09:31	60.15	450	13.28	14.65
200	22:10:31	60.08	450	13.28	14.64
201	22:11:31	60.13	450	13.28	14.64
202	22:12:31	60.12	450	13.28	14.64
203	22:13:31	60.12	450	13.28	14.64
204	22:14:31	60.12	450	13.28	14.64
205	22:15:31	60.09	450	13.27	14.64
206	22:16:31	60.17	450	15.19	14.64
207	22:17:32	60.10	450	27.8	21.99
208	22:18:32	60.13	450	27.8	27.79
209	22:19:32	60.14	450	27.8	27.79
210	22:20:32	60.07	450	27.79	27.79
211	22:21:32	60.16	450	27.79	27.79
212	22:22:32	60.17	450	27.79	27.79
213	22:23:32	60.12	450	27.78	27.79
214	22:24:32	60.19	450	27.78	27.79
215	22:25:33	60.10	450	27.77	27.78
216	22:26:33	60.13	450	27.77	27.78
217	22:27:33	60.13	450	27.77	27.78
218	22:28:33	60.08	450	27.76	27.78
219	22:29:33	60.15	450	27.76	27.78
220	22:30:33	60.14	450	0.6167	0.6175
221	22:31:33	60.09	450	0	0
222	22:32:33	60.15	450	0	0
223	22:33:34	60.15	450	0	0
224	22:34:34	60.15	450	0	0
225	22:35:34	60.12	450	0	0
226	22:36:34	60.17	450	0	0
227	22:37:34	60.16	450	0.04161	0
228	22:38:34	60.07	450	0.08019	0.06918
229	22:39:34	60.13	450	0.0801	0.07071
230	22:40:35	60.13	450	0.08001	0.07065
231	22:41:35	60.13	450	0.07993	0.07061
232	22:42:35	60.09	450	13.69	5.831
233	22:43:35	60.18	450	13.78	13.9
234	22:44:35	60.12	450	24	16.24
235	22:45:35	60.12	450	27.59	27.02
236	22:46:35	60.09	450	27.59	27.02
237	22:47:35	60.11	450	27.58	27.02
238	22:48:36	60.13	450	51	27.02
239	22:49:36	60.17	450	108.6	85.07
240	22:50:36	60.19	450	156.7	110.7
241	22:51:36	60.15	450	226.9	187.3
242	22:52:36	60.09	450	296.5	261.2
243	22:53:36	60.14	450	365.6	332.4
244	22:54:36	60.14	450	435.6	401
245	22:55:37	60.16	450	506.2	471.8
246	22:56:37	60.16	449	585.3	543.1
247	22:57:37	60.17	450	657.2	613.9
248	22:58:37	60.17	450	726.3	686.1
249	22:59:37	60.09	450	797.1	755.8
250	23:00:37	60.11	450	867.8	826.9
251	23:01:37	60.09	450	939.1	903.9
252	23:02:38	60.09	450	1009	973.8
253	23:03:38	60.18	450	1079	1045
254	23:04:38	60.11	450	1150	1113
255	23:05:38	60.11	450	1223	1184
256	23:06:38	60.13	450	1300	1253
257	23:07:38	60.16	450	1367	1324
258	23:08:38	60.13	450	1437	1395
259	23:09:38	60.13	450	1508	1466
260	23:10:39	60.08	450	1578	1540
261	23:11:39	60.17	450	1647	1615
262	23:12:39	60.14	450	1716	1682
263	23:13:39	60.15	450	1786	1753
264	23:14:39	60.18	450	1856	1824
265	23:15:39	60.13	450	1932	1894
266	23:16:39	60.11	450	2003	1964
267	23:17:40	60.12	450	2073	2035
268	23:18:40	60.14	450	2141	2103
269	23:19:40	60.10	450	2211	2172
270	23:20:40	60.06	450	2245	2249
271	23:21:40	60.18	450	2243	2250
272	23:22:40	60.09	450	2241	2249
273	23:23:40	60.14	450	2238	2249
274	23:24:40	60.07	450	2236	2248
275	23:25:40	60.17	450	2234	2246
276	23:26:41	60.09	450	2232	2245
277	23:27:41	60.16	450	2230	2244
278	23:28:41	60.16	450	2228	2243
279	23:29:41	60.09	450	2226	2242
280	23:30:41	60.12	450	2224	2241
281	23:31:41	60.12	450	2220	2238
282	23:32:41	17.98	488	2218	2235
283	23:32:59	60.21	514	2217	2232
284	23:34:00	60.13	649	2216	2229
285	23:35:00	60.08	848	2216	2226
286	23:36:00	22.19	1108	2216	2225
287	23:36:22	60.22	1223	2215	2224
288	23:37:22	60.14	1568	2215	2223
289	23:38:22	60.13	1915	2215	2223
290	23:39:22	60.08	2263	2214	2222
291	23:40:23	60.08	2616	2214	2220
292	23:41:23	60.15	2963	2213	2218
293	23:42:23	60.10	3311	2212	2218
294	23:43:23	60.11	3658	2212	2217
295	23:44:23	60.11	4006	2211	2216
296	23:45:23	60.16	4353	2209	2215
297	23:46:23	60.11	4700	2208	2215
298	23:47:23	60.08	5048	2207	2215
299	23:48:23	60.13	5395	2206	2215
300	23:49:24	60.12	5748	2205	2215
301	23:50:24	60.14	6096	2204	2214
302	23:51:24	40.67	6443	2203	2215
303	23:52:04	20.83	6499	2203	2215
304	23:52:25	53.77	6499	2203	2214
305	23:53:19	19.03	6499	2189	2200
306	23:53:38	18.32	6499	2188	2200
307	23:53:56	32.62	6499	2188	2199
308	23:54:29	28.25	6499	2188	2199
309	23:54:57	60.50	6499	2188	2199
310	23:55:58	60.13	6499	2187	2199
311	23:56:58	60.13	6499	2186	2198
312	23:57:58	60.15	6499	2186	2198
313	23:58:58	60.11	6499	2185	2197
314	23:59:58	60.11	6499	2182	2196
315	00:00:58	60.17	6499	2181	2195
316	00:01:59	60.08	6499	2181	2195
317	00:02:59	60.13	6499	2181	2194
318	00:03:59	60.11	6499	2181	2193
319	00:04:59	60.08	6499	2180	2193
320	00:05:59	60.12	6499	2180	2193
321	00:06:59	60.10	6499	2180	2192
322	00:07:59	60.15	6499	2180	2190
323	00:08:59	60.15	6499	2179	2189
324	00:10:00	60.16	6499	2179	2188
325	00:11:00	60.13	6499	2179	2185
326	00:12:00	60.11	6499	2179	2184
327	00:13:00	60.14	6499	2178	2184
328	00:14:00	28.52	6499	2178	2184
329	00:14:29	60.39	6499	2178	2183
330	00:15:29	60.13	6499	2177	2183
331	00:16:29	60.09	6499	2177	2182
332	00:17:29	60.16	6499	2176	2181
333	00:18:29	60.12	6499	2176	2181
334	00:19:29	60.17	6499	2176	2180
335	00:20:30	60.14	6499	2175	2180
336	00:21:30	30.16	6499	2175	2178
337	00:22:00	60.60	6499	2173	2177
338	00:23:01	60.11	6499	2171	2175
339	00:24:01	60.15	6499	2169	2171
340	00:25:01	60.11	6499	2167	2169
341	00:26:01	60.14	6499	2165	2168
342	00:27:01	60.13	6499	2163	2167
343	00:28:01	60.15	6499	2161	2166
344	00:29:01	60.09	6499	2159	2164
345	00:30:01	60.14	6499	2156	2163
346	00:31:02	60.15	6499	2154	2162
347	00:32:02	60.11	6499	2152	2160
348	00:33:02	44.00	6499	2150	2159
349	00:33:46	15.16	6499	2149	2159
350	00:34:01	60.33	6499	2148	2158
351	00:35:01	60.12	6499	2146	2157
352	00:36:01	10.01	6499	2145	2156
353	00:36:11	20.65	6499	2144	2156
354	00:36:32	60.33	6499	2143	2155
355	00:37:32	10.01	6499	2142	2155
356	00:37:42	20.71	6499	2141	2154
357	00:38:03	60.51	6499	2140	2154
358	00:39:04	60.13	6499	2138	2153
359	00:40:04	60.17	6499	2136	2152
360	00:41:04	60.15	6499	2135	2152
361	00:42:04	39.21	6499	2134	2151
362	00:42:43	20.67	6499	2133	2150
363	00:43:04	10.29	6499	2132	2149
364	00:43:14	20.88	6499	2132	2149
365	00:43:35	60.36	6499	2131	2148
366	00:44:36	60.17	6499	2129	2147
367	00:45:36	11.45	6499	2128	2146
368	00:45:47	30.93	6499	2128	2146
369	00:46:18	18.54	6499	2127	2146
370	00:46:37	60.47	6499	2126	2145
371	00:47:37	60.17	6499	2125	2144
372	00:48:37	60.08	6499	2123	2143
373	00:49:37	35.03	6499	2122	2142
374	00:50:12	25.33	6499	2122	2142
375	00:50:38	60.47	6499	2121	2141
376	00:51:38	60.12	6499	2119	2140
377	00:52:38	30.68	6499	2118	2140
378	00:53:09	14.26	6499	2118	2139
379	00:53:23	60.25	6499	2117	2139
380	00:54:23	58.74	6499	2115	2138
381	00:55:22	46.65	6499	2114	2137
382	00:56:09	60.47	6499	2113	2136
383	00:57:09	60.14	6499	2112	2135
384	00:58:09	60.14	6499	2111	2134
385	00:59:10	24.81	6499	2110	2133
386	00:59:34	60.10	6499	2109	2133
387	01:00:34	60.18	6499	2108	2132
388	01:01:35	60.12	6499	2106	2130
389	01:02:35	38.00	6499	2105	2130
390	01:03:13	27.41	6499	2105	2130
391	01:03:40	60.35	6499	2104	2129
392	01:04:41	60.10	6499	2103	2128
393	01:05:41	60.20	6499	2101	2127
394	01:06:41	60.10	6499	2100	2126
395	01:07:41	60.08	6499	2099	2125
396	01:08:41	10.27	6499	2098	2124
397	01:08:51	10.26	6499	2098	2124
398	01:09:02	60.14	6499	2098	2124
399	01:10:02	60.11	6499	2096	2123
400	01:11:02	60.11	6499	2095	2122
401	01:12:02	55.81	6499	2094	2121
402	01:12:58	13.99	6499	2094	2121
403	01:13:12	60.20	6499	2093	2121
404	01:14:12	60.13	6499	2092	2120
405	01:15:12	18.13	6499	2091	2119
406	01:15:30	60.23	6499	2090	2119
407	01:16:30	60.13	6499	2089	2118
408	01:17:31	60.13	6499	2088	2117
409	01:18:31	60.18	6499	2087	2116
410	01:19:31	60.14	6499	2086	2115
411	01:20:31	60.16	6499	2085	2115
412	01:21:31	48.32	6499	2084	2113
413	01:22:19	60.36	6499	2083	2113
414	01:23:20	60.14	6499	2081	2112
415	01:24:20	60.10	6499	2080	2111
416	01:25:20	41.39	6499	2079	2111
417	01:26:01	60.06	6499	2078	2110
418	01:27:02	60.11	6499	2077	2109
419	01:28:02	60.11	6499	2076	2108
420	01:29:02	60.11	6499	2075	2108
421	01:30:02	60.17	6499	2074	2107
422	01:31:02	60.10	6499	2073	2106
423	01:32:02	60.16	6499	2072	2105
424	01:33:02	60.12	6499	2071	2104
425	01:34:02	60.17	6499	2070	2103
426	01:35:03	60.10	6499	2069	2103
427	01:36:03	60.11	6499	2068	2102
428	01:37:03	60.15	6499	2067	2101
429	01:38:03	60.14	6499	2066	2101
430	01:39:03	60.11	6499	2065	2100
431	01:40:03	60.14	6499	2064	2099
432	01:41:03	60.09	6499	2063	2098
433	01:42:03	60.14	6499	2062	2097
434	01:43:04	60.12	6499	2061	2096
435	01:44:04	60.12	6499	2060	2095
436	01:45:04	60.13	6499	2059	2095
437	01:46:04	60.08	6499	2058	2094
438	01:47:04	60.12	6499	2057	2093
439	01:48:04	60.11	6499	2056	2092
440	01:49:04	60.14	6499	2056	2091
441	01:50:04	60.09	6499	2055	2090
442	01:51:04	60.12	6499	2054	2090
443	01:52:05	60.18	6499	2053	2089
444	01:53:05	60.13	6499	2052	2088
445	01:54:05	60.18	6499	2051	2087
446	01:55:05	60.13	6499	2050	2087
447	01:56:05	60.13	6499	2049	2086
448	01:57:05	60.09	6499	2048	2085
449	01:58:05	60.12	6499	2047	2085
450	01:59:06	60.16	6499	2047	2084
451	02:00:06	60.15	6499	2046	2083
452	02:01:06	60.13	6499	2045	2082
453	02:02:06	60.08	6499	2044	2081
454	02:03:06	60.08	6499	2043	2080
455	02:04:06	60.10	6499	2042	2080
456	02:05:06	60.14	6499	2041	2079
457	02:06:06	60.09	6499	2040	2078
458	02:07:06	60.08	6499	2039	2078
459	02:08:07	60.13	6499	2038	2077
460	02:09:07	60.11	6499	2038	2076
461	02:10:07	60.12	6499	2037	2076
462	02:11:07	60.17	6499	2036	2075
463	02:12:07	60.12	6499	2035	2074
464	02:13:07	60.12	6499	2034	2073
465	02:14:07	60.11	6499	2033	2073
466	02:15:07	60.15	6499	2032	2071
467	02:16:08	60.08	6499	2032	2070
468	02:17:08	60.13	6499	2031	2070
469	02:18:08	60.13	6499	2030	2069
470	02:19:08	60.09	6499	2029	2068
471	02:20:08	60.06	6499	2028	2068
472	02:21:08	60.15	6499	2027	2067
473	02:22:08	60.10	6499	2026	2066
474	02:23:08	60.12	6499	2026	2065
475	02:24:08	60.18	6499	2025	2065
476	02:25:09	60.13	6499	2024	2064
477	02:26:09	60.14	6499	2023	2064
478	02:27:09	60.13	6499	2022	2063
479	02:28:09	24.95	6499	2022	2062
480	02:28:34	37.76	6499	2021	2062
481	02:29:12	60.52	6499	2021	2061
482	02:30:12	60.09	6499	2020	2061
483	02:31:12	60.13	6499	2019	2060
484	02:32:12	60.09	6499	2018	2059
485	02:33:13	60.18	6499	2017	2058
486	02:34:13	60.10	6499	2016	2053
487	02:35:13	60.17	6499	2016	2057
488	02:36:13	60.16	6499	2015	2056
489	02:37:13	60.14	6499	2014	2055
490	02:38:13	60.16	6499	2013	2054
491	02:39:13	60.17	6499	2012	2054
492	02:40:14	60.16	6499	2012	2053
493	02:41:14	60.12	6499	2011	2052
494	02:42:14	60.14	6499	2010	2052
495	02:43:14	60.17	6499	2009	2051
496	02:44:14	60.12	6499	2009	2050
497	02:45:14	60.13	6499	2008	2050
498	02:46:14	60.13	6499	2007	2049
499	02:47:15	60.08	6499	2006	2048
500	02:48:15	60.10	6499	2005	2048
501	02:49:15	60.09	6499	2005	2047
502	02:50:15	60.15	6499	2004	2046
503	02:51:15	60.11	6499	2003	2045
504	02:52:15	60.14	6499	2002	2045
505	02:53:15	60.16	6499	2002	2044
506	02:54:15	60.14	6499	2001	2043
507	02:55:16	60.07	6499	2000	2043
508	02:56:16	60.17	6499	1999	2042
509	02:57:16	60.12	6499	1999	2041
510	02:58:16	60.11	6499	1998	2040
511	02:59:16	60.12	6499	1997	2040
512	03:00:16	60.17	6499	1996	2039
513	03:01:16	60.13	6499	1996	2038
514	03:02:16	60.12	6499	1995	2038
515	03:03:17	60.14	6499	1994	2037
516	03:04:17	60.16	6499	1994	2036
517	03:05:17	60.10	6499	1993	2036
518	03:06:17	60.15	6499	1992	2035
519	03:07:17	60.17	6499	1991	2034
520	03:08:17	60.11	6499	1991	2033
521	03:09:17	60.16	6499	1990	2033
522	03:10:18	60.09	6499	1989	2032
523	03:11:18	60.17	6499	1988	2031
524	03:12:18	60.17	6499	1988	2031
525	03:13:18	60.09	6499	1987	2030
526	03:14:18	60.17	6499	1986	2029
527	03:15:18	60.12	6499	1986	2028
528	03:16:18	60.09	6499	1985	2028
529	03:17:18	60.12	6499	1984	2027
530	03:18:19	60.14	6499	1983	2026
531	03:19:19	60.13	6499	1983	2026
532	03:20:19	60.10	6499	1982	2025
533	03:21:19	60.10	6499	1981	2024
534	03:22:19	60.13	6499	1981	2024
535	03:23:19	60.08	6499	1980	2023
536	03:24:19	60.13	6499	1979	2022
537	03:25:19	60.13	6499	1978	2022
538	03:26:20	60.13	6499	1978	2021
539	03:27:20	60.13	6499	1977	2020
540	03:28:20	60.10	6499	1976	2020
541	03:29:20	60.10	6499	1975	2019
542	03:30:20	60.13	6499	1975	2018
543	03:31:20	60.08	6499	1974	2018
544	03:32:20	60.13	6499	1973	2017
545	03:33:20	60.10	6499	1973	2016
546	03:34:20	60.15	6499	1972	2016
547	03:35:21	60.13	6499	1971	2015
548	03:36:21	60.16	6499	1970	2014
549	03:37:21	60.12	6499	1970	2013
550	03:38:21	60.14	6499	1969	2013
551	03:39:21	60.20	6499	1968	2012
552	03:40:21	60.10	6499	1968	2011
553	03:41:21	60.10	6499	1967	2011
554	03:42:22	60.12	6499	1966	2010
555	03:43:22	60.15	6499	1965	2009
556	03:44:22	60.08	6499	1965	2009
557	03:45:22	60.08	6499	1964	2008
558	03:46:22	60.15	6499	1963	2007
559	03:47:22	60.09	6499	1963	2007
560	03:48:22	60.14	6499	1962	2006
561	03:49:22	60.09	6499	1961	2005
562	03:50:22	60.15	6499	1960	2005
563	03:51:23	60.08	6499	1960	2004
564	03:52:23	60.12	6499	1959	2004
565	03:53:23	60.13	6499	1958	2003
566	03:54:23	60.15	6499	1957	2002
567	03:55:23	60.12	6499	1957	2001
568	03:56:23	54.12	6499	1956	2001
569	03:57:17	60.42	6499	1955	2000
570	03:58:18	60.13	6499	1954	1999
571	03:59:18	55.29	6499	1954	1998
572	04:00:13	60.41	6499	1953	1998
573	04:01:14	60.12	6499	1952	1997
574	04:02:14	60.15	6499	1951	1996
575	04:03:14	60.17	6499	1951	1996
576	04:04:14	60.08	6499	1950	1995
577	04:05:14	60.09	6499	1949	1994
578	04:06:14	60.15	6499	1948	1994
579	04:07:14	60.13	6499	1948	1993
580	04:08:14	60.11	6499	1947	1992
581	04:09:15	60.18	6499	1946	1991
582	04:10:15	60.18	6499	1945	1991
583	04:11:15	60.08	6499	1945	1990
584	04:12:15	60.15	6499	1944	1989
585	04:13:15	60.15	6499	1943	1989
586	04:14:15	60.08	6499	1942	1988
587	04:15:15	60.17	6499	1942	1988
588	04:16:16	60.09	6499	1941	1987
589	04:17:16	60.13	6499	1940	1986
590	04:18:16	60.11	6499	1939	1985
591	04:19:16	60.13	6499	1939	1985
592	04:20:16	60.10	6499	1938	1984
593	04:21:16	60.12	6499	1937	1983
594	04:22:16	60.12	6499	1936	1983
595	04:23:16	60.15	6499	1936	1982
596	04:24:17	60.08	6499	1935	1981
597	04:25:17	60.08	6499	1934	1981
598	04:26:17	60.10	6499	1933	1980
599	04:27:17	60.15	6499	1933	1979
600	04:28:17	60.12	6499	1932	1978
601	04:29:17	60.14	6499	1931	1977
602	04:30:17	60.09	6499	1931	1977
603	04:31:17	60.12	6499	1930	1977
604	04:32:17	60.16	6499	1929	1976
605	04:33:18	60.14	6499	1928	1975
606	04:34:18	60.16	6499	1928	1974
607	04:35:18	60.12	6499	1927	1973
608	04:36:18	60.09	6499	1926	1973
609	04:37:18	60.09	6499	1926	1972
610	04:38:18	60.12	6499	1925	1972
611	04:39:18	60.10	6499	1924	1971
612	04:40:18	60.08	6499	1924	1970
613	04:41:18	60.15	6499	1923	1969
614	04:42:19	60.12	6499	1922	1969
615	04:43:19	60.15	6499	1922	1968
616	04:44:19	60.10	6499	1921	1968
617	04:45:19	60.09	6499	1920	1967
618	04:46:19	60.14	6499	1919	1966
619	04:47:19	60.16	6499	1919	1966
620	04:48:19	60.17	6499	1918	1965
621	04:49:20	60.12	6499	1917	1964
622	04:50:20	60.16	6499	1917	1964
623	04:51:20	60.16	6499	1916	1963
624	04:52:20	60.11	6499	1915	1963
625	04:53:20	60.13	6499	1915	1962
626	04:54:20	60.13	6499	1914	1961
627	04:55:20	60.10	6499	1913	1960
628	04:56:20	60.13	6499	1913	1960
629	04:57:21	60.08	6499	1912	1959
630	04:58:21	60.08	6499	1911	1958
631	04:59:21	60.12	6499	1911	1958
632	05:00:21	60.08	6499	1910	1957
633	05:01:21	60.11	6499	1909	1956
634	05:02:21	60.15	6499	1909	1956
635	05:03:21	60.08	6499	1908	1955
636	05:04:21	60.13	6499	1907	1954
637	05:05:21	60.12	6499	1907	1954
638	05:06:22	60.11	6499	1906	1953
639	05:07:22	60.11	6499	1905	1952
640	05:08:22	60.18	6499	1905	1952
641	05:09:22	60.15	6499	1904	1951
642	05:10:22	60.13	6499	1903	1950
643	05:11:22	60.18	6499	1903	1950
644	05:12:22	60.16	6499	1902	1949
645	05:13:23	60.16	6499	1901	1948
646	05:14:23	60.16	6499	1901	1948
647	05:15:23	60.13	6499	1900	1947
648	05:16:23	60.12	6499	1899	1946
649	05:17:23	60.10	6499	1898	1946
650	05:18:23	60.17	6499	1898	1945
651	05:19:23	60.06	6499	1897	1944
652	05:20:23	60.06	6499	1896	1943
653	05:21:24	60.17	6499	1896	1943
654	05:22:24	60.13	6499	1895	1942
655	05:23:24	60.17	6499	1894	1942
656	05:24:24	60.16	6499	1894	1941
657	05:25:24	60.20	6499	1893	1940
658	05:26:24	60.13	6499	1892	1940
659	05:27:24	60.13	6499	1892	1939
660	05:28:25	60.07	6499	1891	1939
661	05:29:25	60.13	6499	1890	1938
662	05:30:25	60.10	6499	1890	1937
663	05:31:25	60.13	6499	1889	1936
664	05:32:25	60.12	6499	1888	1936
665	05:33:25	60.16	6499	1888	1935
666	05:34:25	60.18	6499	1887	1935
667	05:35:26	60.13	6499	1886	1934
668	05:36:26	60.11	6499	1886	1933
669	05:37:26	60.18	6499	1885	1932
670	05:38:26	60.12	6499	1884	1932
671	05:39:26	60.11	6499	1884	1931
672	05:40:26	60.07	6499	1883	1931
673	05:41:26	60.15	6499	1882	1930
674	05:42:26	60.16	6499	1882	1929
675	05:43:27	60.12	6499	1881	1929
676	05:44:27	60.18	6499	1880	1928
677	05:45:27	60.11	6499	1880	1927
678	05:46:27	60.18	6499	1879	1927
679	05:47:27	60.15	6499	1878	1926
680	05:48:27	60.16	6499	1878	1926
681	05:49:27	60.11	6499	1877	1925
682	05:50:28	60.15	6499	1876	1924
683	05:51:28	60.10	6499	1876	1924
684	05:52:28	60.08	6499	1875	1923
685	05:53:28	60.16	6499	1874	1923
686	05:54:28	60.14	6499	1874	1922
687	05:55:28	60.15	6499	1873	1921
688	05:56:28	60.15	6499	1872	1921
689	05:57:28	60.13	6499	1872	1920
690	05:58:29	60.12	6499	1871	1919
691	05:59:29	60.08	6499	1870	1919
692	06:00:29	18.32	6499	1870	1918
693	06:00:47	60.36	6499	40.52	39.64
694	06:01:48	60.12	6499	0	0
695	06:02:48	44.86	6499	0	0
696	06:03:32	60.10	6499	0	0
697	06:04:33	60.16	6501	0	0
698	06:05:33	60.13	6501	0	0
699	06:06:33	60.09	6501	0	0
700	06:07:33	60.14	6501	0	0
701	06:08:33	60.13	6501	0	0
702	06:09:33	60.11	6501	0	0
703	06:10:33	60.16	6437	0	0
704	06:11:34	60.12	6243	0	0
705	06:12:34	60.11	5927	0	0
706	06:13:34	60.14	5575	0	0
707	06:14:34	60.10	5222	0	0
708	06:15:34	60.16	4867	0	0
709	06:16:34	60.12	4512	0	0
710	06:17:34	60.13	4156	0	0
711	06:18:34	60.18	3800	0	0
712	06:19:35	60.14	3438	0	0
713	06:20:35	60.13	3082	0	0
714	06:21:35	60.10	2725	0	0
715	06:22:35	60.17	2368	0	0
716	06:23:35	60.13	2012	0	0
717	06:24:35	60.13	1655	0	0
718	06:25:35	60.12	1298	0	0
719	06:26:35	60.11	942	0	0
720	06:27:36	60.07	579	0	0
721	06:28:36	60.13	278	0	0
722	06:29:36	60.11	105	0	0
723	06:30:36	60.12	59	0	0
724	06:31:36	60.16	59	0	0
725	06:32:36	60.16	59	0	0
726	06:33:36	60.16	59	0	0
727	06:34:36	60.13	59	0	0
728	06:35:37	60.08	59	0	0
729	06:36:37	60.08	59	0	0
730	06:37:37	60.17	59	0	0
731	06:38:37	60.18	59	0	0
732	06:39:37	60.15	59	0	0
733	06:40:37	60.13	59	0	0
734	06:41:37	60.11	59	0	0
735	06:42:38	60.14	59	0	0
736	06:43:38	60.13	59	0	0
737	06:44:38	60.12	59	0	0
738	06:45:38	60.11	59	0	0
739	06:46:38	60.09	59	0	0
740	06:47:38	60.13	59	0	0
741	06:48:38	60.15	59	0	0
742	06:49:38	60.14	59	0	0
743	06:50:39	60.16	59	0	0
744	06:51:39	60.09	59	0	0
745	06:52:39	60.17	59	0	0
746	06:53:39	60.14	59	0	0
747	06:54:39	60.18	59	0	0
748	06:55:39	60.14	59	0	0
749	06:56:39	60.12	59	0	0
750	06:57:40	60.13	59	0	0
751	06:58:40	60.18	59	0	0
752	06:59:40	60.12	59	0	0
753	07:00:40	60.16	59	0	0
754	07:01:40	60.12	59	0	0
755	07:02:40	60.13	59	0	0
756	07:03:40	60.18	59	0	0
757	07:04:41	60.15	59	0	0
758	07:05:41	60.10	59	0	0
759	07:06:41	60.12	59	0	0
760	07:07:41	60.12	59	0	0
761	07:08:41	60.08	59	0	0
762	07:09:41	60.13	59	0	0
763	07:10:41	60.09	59	0	0
764	07:11:41	60.16	59	0	0
765	07:12:41	60.12	59	0	0
766	07:13:42	60.15	59	0	0
767	07:14:42	60.13	59	0	0
768	07:15:42	60.12	59	0	0
769	07:16:42	60.13	59	0	0
770	07:17:42	60.10	59	0	0
771	07:18:42	60.13	59	0	0
772	07:19:42	60.12	59	0	0
773	07:20:42	60.07	59	0	0
774	07:21:43	60.14	59	0	0
775	07:22:43	60.16	59	0	0
776	07:23:43	60.09	59	0	0
777	07:24:43	60.16	59	0	0
778	07:25:43	60.16	59	0	0
779	07:26:43	60.14	59	0	0
780	07:27:43	60.18	59	0	0
781	07:28:44	60.23	59	0	0
782	07:29:44	60.19	59	0	0
783	07:30:44	60.15	59	0	0
784	07:31:44	60.17	59	0	0
785	07:32:44	60.08	59	0	0
786	07:33:44	60.12	59	0	0
787	07:34:45	60.15	59	0	0
788	07:35:45	60.09	59	0	0
789	07:36:45	60.19	59	0	0
790	07:37:45	60.17	59	0	0
791	07:38:45	60.09	59	0	0
792	07:39:45	60.14	59	0	0
793	07:40:45	60.11	59	0	0
794	07:41:45	60.07	59	0	0
795	07:42:46	60.11	59	0	0
796	07:43:46	60.12	59	0	0
797	07:44:46	60.15	59	0	0
798	07:45:46	60.08	59	0	0
799	07:46:46	60.14	59	0	0
800	07:47:46	60.08	59	0	0
801	07:48:46	60.15	59	0	0
802	07:49:46	60.13	59	0	0
803	07:50:46	60.12	59	0	0
804	07:51:47	60.07	59	0	0
805	07:52:47	60.13	59	0	0
806	07:53:47	60.08	59	0	0
807	07:54:47	60.17	59	0	0
808	07:55:47	60.14	59	0	0
809	07:56:47	60.11	59	0	0
810	07:57:47	60.16	59	0	0
811	07:58:47	60.15	59	0	0
812	07:59:48	60.13	59	0	0
813	08:00:48	60.17	59	0	0
814	08:01:48	60.13	59	0	0
815	08:02:48	60.10	59	0	0
816	08:03:48	60.14	59	0	0
817	08:04:48	60.15	59	0	0
818	08:05:48	60.11	59	0	0
819	08:06:49	60.13	59	0	0
820	08:07:49	60.12	59	0	0
821	08:08:49	60.16	59	0	0
822	08:09:49	60.12	59	0	0
823	08:10:49	60.18	59	0	0
824	08:11:49	60.13	59	0	0
825	08:12:49	60.13	59	0	0
826	08:13:50	60.18	59	0	0
827	08:14:50	60.15	59	0	0
828	08:15:50	60.15	59	0	0
829	08:16:50	60.09	59	0	0
830	08:17:50	60.10	59	0	0
831	08:18:50	60.11	59	0	0
832	08:19:50	60.08	59	0	0
833	08:20:50	60.11	59	0	0
834	08:21:50	60.13	59	0	0
835	08:22:51	60.12	59	0	0
836	08:23:51	60.12	59	0	0
837	08:24:51	60.14	59	0	0
838	08:25:51	60.13	59	0	0
839	08:26:51	60.11	59	0	0
840	08:27:51	60.14	59	0	0
841	08:28:51	60.13	59	0	0
842	08:29:52	60.12	59	0	0
843	08:30:52	60.15	59	0	0
844	08:31:52	60.08	59	0	0
845	08:32:52	60.18	59	0	0
846	08:33:52	60.12	59	0	0
847	08:34:52	60.16	59	0	0
848	08:35:52	60.14	59	0	0
849	08:36:52	60.11	59	0	0
850	08:37:53	60.12	59	0	0
851	08:38:53	60.08	59	0	0
852	08:39:53	60.12	59	0	0
853	08:40:53	60.13	59	0	0
854	08:41:53	60.11	59	0	0
855	08:42:53	60.09	59	0	0
856	08:43:53	60.09	59	0	0
857	08:44:53	60.12	-1	0	0
858	08:45:53	60.17	-1	0	0
859	08:46:54	60.14	-1	0	0
860	08:47:54	60.18	-1	0	0
861	08:48:54	60.15	-1	0	0
862	08:49:54	60.11	-1	0	0
863	08:50:54	60.13	-1	0	0
864	08:51:54	60.14	-1	0	0
865	08:52:54	60.10	-1	0	0
866	08:53:55	60.11	-1	0	0
867	08:54:55	54.00	-1	0	0
868	08:55:49	60.24	-1	0	0
869	08:56:49	60.10	-1	0	0
870	08:57:49	60.11	-1	0	0
871	08:58:49	29.64	-1	0	0
872	08:59:19	60.24	-1	0	0
873	09:00:19	60.11	-1	0	0
874	09:01:19	60.16	-1	0	0
875	09:02:19	29.77	-1	0	0
876	09:02:49	60.13	-1	0	0
877	09:03:49	60.17	-1	0	0
878	09:04:49	60.13	-1	0	0
879	09:05:49	29.63	-1	0	0
880	09:06:19	60.06	-1	0	0
881	09:07:19	10.07	-1	0	0
882	09:07:29	60.10	-1	0	0
883	09:08:29	43.76	-1	0	0
884	09:09:13	60.52	-1	0	0
885	09:10:14	10.02	-1	0	0
886	09:10:24	60.18	-1	0	0
887	09:11:24	60.14	-1	0	0
888	09:12:24	60.18	-1	0	0
889	09:13:24	60.11	-1	0	0
890	09:14:24	60.09	-1	0	0
891	09:15:24	60.12	-1	0	0
892	09:16:24	60.19	-1	0	0
893	09:17:25	60.15	-1	0	0
894	09:18:25	60.18	-1	0	0
895	09:19:25	60.10	-1	0	0
896	09:20:25	60.10	-1	0	0
897	09:21:25	60.12	-1	0	0
898	09:22:25	60.17	-1	0	0
899	09:23:25	60.13	-1	0	0
900	09:24:26	60.09	-1	0	0
901	09:25:26	60.13	-1	0	0
902	09:26:26	60.09	-1	0	0
903	09:27:26	60.20	-1	0	0
904	09:28:26	60.15	-1	0	0
905	09:29:26	60.08	-1	0	0
906	09:30:26	60.15	-1	0	0
907	09:31:26	60.16	-1	0	0
908	09:32:27	60.17	-1	0	0
909	09:33:27	60.16	-1	0	0
910	09:34:27	60.10	-1	-1	-1
911	09:35:27	48.68	-1	0.0008313	0.0005449
Created by AtlRunQuery on: 2018-08-28 17:01:56.067093
