LHC beam energy and intensities during run 307394:
(Begin/end of run: Sun Aug 28 2016 22:20:24 − Mon Aug 29, 15:16:24)

LB	   Start time
(CEST)	   Duration
(sec)	   Beam energy
(GeV)	   Intensity Beam-1
(1e11 protons)	   Intensity Beam-2
(1e11 protons)
1	22:20:24	60.06	450	0.03359	0
2	22:21:24	60.17	450	0.0803	0.05282
3	22:22:24	60.13	450	0.08019	0.06099
4	22:23:24	10.04	450	0.08005	0.06094
5	22:23:34	10.01	450	0.08001	0.06093
6	22:23:44	60.13	450	10.98	4.404
7	22:24:44	60.12	450	89.59	34.15
8	22:25:44	60.13	450	179.9	120.1
9	22:26:45	60.15	450	269.6	207
10	22:27:45	60.08	450	356.3	303.9
11	22:28:45	60.13	450	442.7	390.4
12	22:29:45	60.16	450	510.7	421.9
13	22:30:45	60.12	450	573.3	507.1
14	22:31:45	60.13	450	666.7	601
15	22:32:45	60.15	450	719.8	600.8
16	22:33:45	60.10	450	750.3	691.2
17	22:34:46	60.09	450	847.4	708.1
18	22:35:46	60.16	450	937.4	707.7
19	22:36:46	60.12	450	936.8	759.8
20	22:37:46	60.12	450	936.2	814.5
21	22:38:46	60.13	450	935.6	840.5
22	22:39:46	60.12	449	935	917.5
23	22:40:46	60.09	450	997.8	918.8
24	22:41:46	60.09	450	1092	1023
25	22:42:46	60.08	450	1186	1023
26	22:43:47	60.15	450	1279	1102
27	22:44:47	60.09	450	1372	1196
28	22:45:47	60.08	450	1467	1231
29	22:46:47	60.12	450	1575	1275
30	22:47:47	60.08	450	1668	1365
31	22:48:47	60.14	450	1678	1439
32	22:49:47	60.13	450	1679	1505
33	22:50:47	60.13	449	1678	1596
34	22:51:47	60.16	450	1781	1688
35	22:52:48	60.10	450	1871	1778
36	22:53:48	60.12	450	1886	1869
37	22:54:48	60.12	450	1949	1963
38	22:55:48	60.12	450	2043	2063
39	22:56:48	60.18	450	2137	2158
40	22:57:48	60.13	450	2203	2165
41	22:58:48	60.12	449	2201	2236
42	22:59:49	60.17	450	2201	2267
43	23:00:49	60.11	450	2304	2313
44	23:01:49	60.13	450	2397	2370
45	23:02:49	60.14	450	2408	2368
46	23:03:49	60.12	450	2406	2367
47	23:04:49	60.11	450	2404	2366
48	23:05:49	60.15	450	2403	2365
49	23:06:49	60.14	449	2401	2365
50	23:07:50	60.08	450	2399	2362
51	23:08:50	18.97	476	2397	2359
52	23:09:09	10.06	499	2397	2351
53	23:09:19	20.55	514	2385	2344
54	23:09:39	60.37	551	2384	2340
55	23:10:40	60.14	710	2384	2335
56	23:11:40	30.88	928	2384	2332
57	23:12:11	60.04	1066	2384	2330
58	23:13:11	60.12	1390	2384	2328
59	23:14:11	60.13	1738	2384	2328
60	23:15:11	24.90	2085	2384	2329
61	23:15:36	60.09	2230	2384	2329
62	23:16:36	60.09	2577	2383	2330
63	23:17:36	60.12	2925	2383	2330
64	23:18:36	60.11	3272	2383	2329
65	23:19:36	60.14	3619	2383	2328
66	23:20:36	60.06	3967	2383	2327
67	23:21:36	60.09	4314	2383	2328
68	23:22:37	60.18	4667	2382	2327
69	23:23:37	60.12	5015	2383	2328
70	23:24:37	60.11	5362	2382	2328
71	23:25:37	60.15	5710	2382	2328
72	23:26:37	60.16	6057	2382	2328
73	23:27:37	48.62	6404	2381	2330
74	23:28:26	12.72	6499	2381	2331
75	23:28:39	60.40	6499	2381	2331
76	23:29:39	60.16	6499	2381	2331
77	23:30:39	60.17	6499	2381	2331
78	23:31:39	60.17	6499	2381	2331
79	23:32:40	60.16	6499	2381	2331
80	23:33:40	60.13	6499	2381	2331
81	23:34:40	60.13	6499	2380	2332
82	23:35:40	60.14	6499	2380	2331
83	23:36:40	60.18	6499	2380	2330
84	23:37:40	60.11	6499	2380	2330
85	23:38:40	60.13	6499	2380	2330
86	23:39:40	60.17	6499	2380	2329
87	23:40:41	60.14	6499	2379	2330
88	23:41:41	60.08	6499	2379	2331
89	23:42:41	60.11	6499	2379	2331
90	23:43:41	60.15	6499	2379	2331
91	23:44:41	60.14	6499	2379	2331
92	23:45:41	60.16	6499	2379	2331
93	23:46:41	60.15	6499	2379	2331
94	23:47:42	60.19	6499	2379	2330
95	23:48:42	60.09	6499	2379	2330
96	23:49:42	60.16	6499	2378	2330
97	23:50:42	27.96	6499	2378	2329
98	23:51:10	60.47	6499	2378	2329
99	23:52:10	60.15	6499	2378	2329
100	23:53:11	60.13	6499	2377	2329
101	23:54:11	60.16	6499	2377	2328
102	23:55:11	60.13	6499	2377	2328
103	23:56:11	60.07	6499	2376	2328
104	23:57:11	60.42	6499	2373	2326
105	23:58:12	60.16	6499	2370	2325
106	23:59:12	60.13	6499	2367	2323
107	00:00:12	60.17	6499	2365	2323
108	00:01:12	60.13	6499	2362	2322
109	00:02:12	53.13	6499	2360	2320
110	00:03:05	58.56	6499	2357	2318
111	00:04:04	38.88	6499	2355	2317
112	00:04:43	60.16	6499	2353	2316
113	00:05:43	60.16	6499	2350	2314
114	00:06:43	60.15	6499	2349	2313
115	00:07:43	60.11	6499	2347	2312
116	00:08:43	60.15	6499	2345	2310
117	00:09:43	60.21	6499	2342	2309
118	00:10:44	60.13	6499	2340	2308
119	00:11:44	60.17	6499	2338	2306
120	00:12:44	60.15	6499	2336	2305
121	00:13:44	60.17	6499	2334	2304
122	00:14:44	60.14	6499	2332	2302
123	00:15:44	60.10	6499	2330	2300
124	00:16:44	60.12	6499	2328	2299
125	00:17:45	60.10	6499	2326	2298
126	00:18:45	60.15	6499	2324	2296
127	00:19:45	60.13	6499	2323	2295
128	00:20:45	52.07	6499	2321	2295
129	00:21:37	60.43	6499	2319	2293
130	00:22:37	60.13	6499	2317	2292
131	00:23:38	60.12	6499	2316	2291
132	00:24:38	60.17	6499	2314	2290
133	00:25:38	60.14	6499	2312	2288
134	00:26:38	60.13	6499	2311	2287
135	00:27:38	60.14	6499	2309	2285
136	00:28:38	60.13	6499	2307	2284
137	00:29:38	60.14	6499	2306	2282
138	00:30:39	60.15	6499	2304	2281
139	00:31:39	60.16	6499	2303	2281
140	00:32:39	60.12	6499	2301	2280
141	00:33:39	60.10	6499	2300	2279
142	00:34:39	60.17	6499	2298	2277
143	00:35:39	60.09	6499	2297	2276
144	00:36:39	60.16	6499	2295	2275
145	00:37:40	60.09	6499	2294	2274
146	00:38:40	31.21	6499	2293	2273
147	00:39:11	60.25	6499	2291	2273
148	00:40:11	60.13	6499	2290	2272
149	00:41:11	60.13	6499	2289	2271
150	00:42:11	60.15	6499	2287	2269
151	00:43:11	60.08	6499	2286	2268
152	00:44:12	60.13	6499	2284	2267
153	00:45:12	60.13	6499	2283	2266
154	00:46:12	16.31	6499	2282	2265
155	00:46:28	60.35	6499	2281	2265
156	00:47:28	60.16	6499	2280	2263
157	00:48:29	60.09	6499	2279	2262
158	00:49:29	60.13	6499	2277	2261
159	00:50:29	60.12	6499	2276	2260
160	00:51:29	60.10	6499	2275	2259
161	00:52:29	60.12	6499	2274	2258
162	00:53:29	60.13	6499	2272	2257
163	00:54:29	60.15	6499	2271	2256
164	00:55:29	60.16	6499	2270	2255
165	00:56:30	60.08	6499	2269	2254
166	00:57:30	60.11	6499	2267	2253
167	00:58:30	60.08	6499	2266	2252
168	00:59:30	60.08	6499	2265	2251
169	01:00:30	60.13	6499	2264	2249
170	01:01:30	60.14	6499	2263	2249
171	01:02:30	60.15	6499	2261	2248
172	01:03:30	60.09	6499	2260	2246
173	01:04:31	60.13	6499	2259	2245
174	01:05:31	60.18	6499	2258	2244
175	01:06:31	60.16	6499	2257	2244
176	01:07:31	60.17	6499	2256	2242
177	01:08:31	60.16	6499	2254	2241
178	01:09:31	60.08	6499	2253	2240
179	01:10:31	60.14	6499	2252	2239
180	01:11:32	60.14	6499	2251	2239
181	01:12:32	60.14	6499	2250	2238
182	01:13:32	60.13	6499	2249	2237
183	01:14:32	60.14	6499	2247	2236
184	01:15:32	60.14	6499	2246	2234
185	01:16:32	60.11	6499	2245	2234
186	01:17:32	60.11	6499	2244	2232
187	01:18:32	60.16	6499	2243	2231
188	01:19:33	60.11	6499	2242	2231
189	01:20:33	60.15	6499	2241	2230
190	01:21:33	60.09	6499	2240	2229
191	01:22:33	60.07	6499	2238	2228
192	01:23:33	60.09	6499	2237	2227
193	01:24:33	60.13	6499	2236	2226
194	01:25:33	60.10	6499	2235	2225
195	01:26:33	40.17	6499	2234	2224
196	01:27:14	60.50	6499	2233	2224
197	01:28:14	60.12	6499	2232	2222
198	01:29:14	60.08	6499	2231	2221
199	01:30:14	60.16	6499	2230	2220
200	01:31:14	60.15	6499	2229	2219
201	01:32:15	60.08	6499	2228	2218
202	01:33:15	60.13	6499	2227	2218
203	01:34:15	60.12	6499	2226	2216
204	01:35:15	60.13	6499	2225	2216
205	01:36:15	60.12	6499	2224	2215
206	01:37:15	60.18	6499	2222	2214
207	01:38:15	60.13	6499	2221	2213
208	01:39:15	60.12	6499	2220	2212
209	01:40:16	60.17	6499	2219	2211
210	01:41:16	28.34	6499	2218	2210
211	01:41:44	31.08	6499	2218	2210
212	01:42:15	60.54	6499	2217	2209
213	01:43:16	60.16	6499	2216	2207
214	01:44:16	60.08	6499	2215	2206
215	01:45:16	60.08	6499	2214	2206
216	01:46:16	60.10	6499	2213	2205
217	01:47:16	29.75	6499	2212	2204
218	01:47:46	60.12	6499	2211	2204
219	01:48:46	60.13	6499	2210	2203
220	01:49:46	54.10	6499	2209	2202
221	01:50:40	60.12	6499	2208	2201
222	01:51:40	60.11	6499	2207	2200
223	01:52:40	60.11	6499	2206	2199
224	01:53:41	60.18	6499	2205	2198
225	01:54:41	60.17	6499	2204	2197
226	01:55:41	60.16	6499	2203	2196
227	01:56:41	60.10	6499	2202	2195
228	01:57:41	60.17	6499	2201	2194
229	01:58:41	60.13	6499	2199	2193
230	01:59:41	60.13	6499	2198	2192
231	02:00:42	60.14	6499	2197	2191
232	02:01:42	60.17	6499	2196	2190
233	02:02:42	60.14	6499	2195	2189
234	02:03:42	60.13	6499	2194	2189
235	02:04:42	60.10	6499	2193	2188
236	02:05:42	60.12	6499	2192	2187
237	02:06:42	60.11	6499	2191	2186
238	02:07:42	60.12	6499	2190	2185
239	02:08:43	60.12	6499	2189	2184
240	02:09:43	60.14	6499	2188	2183
241	02:10:43	60.12	6499	2187	2182
242	02:11:43	60.08	6499	2186	2182
243	02:12:43	60.16	6499	2185	2180
244	02:13:43	60.12	6499	2184	2179
245	02:14:43	60.16	6499	2183	2178
246	02:15:43	60.10	6499	2182	2177
247	02:16:44	60.17	6499	2181	2176
248	02:17:44	60.14	6499	2180	2175
249	02:18:44	60.13	6499	2179	2174
250	02:19:44	60.08	6499	2178	2173
251	02:20:44	60.10	6499	2177	2172
252	02:21:44	60.09	6499	2176	2171
253	02:22:44	60.12	6499	2175	2170
254	02:23:44	60.13	6499	2174	2170
255	02:24:45	60.18	6499	2173	2168
256	02:25:45	60.15	6499	2172	2168
257	02:26:45	60.08	6499	2171	2167
258	02:27:45	60.16	6499	2170	2167
259	02:28:45	60.10	6499	2169	2166
260	02:29:45	60.09	6499	2168	2165
261	02:30:45	60.09	6499	2167	2164
262	02:31:45	60.12	6499	2167	2163
263	02:32:46	60.11	6499	2166	2163
264	02:33:46	60.12	6499	2165	2161
265	02:34:46	60.17	6499	2164	2160
266	02:35:46	60.23	6499	2163	2159
267	02:36:46	60.17	6499	2162	2158
268	02:37:46	60.15	6499	2161	2158
269	02:38:46	60.11	6499	2160	2157
270	02:39:47	60.14	6499	2159	2156
271	02:40:47	60.09	6499	2158	2155
272	02:41:47	60.16	6499	2157	2154
273	02:42:47	60.14	6499	2156	2153
274	02:43:47	60.18	6499	2155	2152
275	02:44:47	60.12	6499	2154	2152
276	02:45:47	60.12	6499	2153	2151
277	02:46:48	60.16	6499	2152	2149
278	02:47:48	60.12	6499	2151	2149
279	02:48:48	60.14	6499	2150	2148
280	02:49:48	60.13	6499	2149	2147
281	02:50:48	60.13	6499	2148	2146
282	02:51:48	60.16	6499	2147	2145
283	02:52:48	60.12	6499	2147	2144
284	02:53:48	60.17	6499	2146	2143
285	02:54:49	60.14	6499	2145	2142
286	02:55:49	60.15	6499	2144	2141
287	02:56:49	60.18	6499	2143	2140
288	02:57:49	60.13	6499	2142	2139
289	02:58:49	60.16	6499	2141	2138
290	02:59:49	60.11	6499	2140	2137
291	03:00:50	60.15	6499	2139	2136
292	03:01:50	60.14	6499	2138	2136
293	03:02:50	60.09	6499	2137	2135
294	03:03:50	60.12	6499	2136	2135
295	03:04:50	60.16	6499	2135	2134
296	03:05:50	60.07	6499	2134	2134
297	03:06:50	60.12	6499	2134	2132
298	03:07:50	20.81	6499	2133	2132
299	03:08:11	21.72	6499	2133	2131
300	03:08:33	60.18	6499	2132	2131
301	03:09:33	60.15	6499	2131	2130
302	03:10:33	60.16	6499	2130	2130
303	03:11:33	60.08	6499	2129	2129
304	03:12:33	60.08	6499	2128	2128
305	03:13:34	60.11	6499	2127	2127
306	03:14:34	60.08	6499	2127	2126
307	03:15:34	60.17	6499	2126	2125
308	03:16:34	60.14	6499	2125	2124
309	03:17:34	60.16	6499	2124	2123
310	03:18:34	60.16	6499	2123	2122
311	03:19:34	60.14	6499	2122	2121
312	03:20:35	60.08	6499	2121	2121
313	03:21:35	60.11	6499	2120	2120
314	03:22:35	10.26	6499	2120	2120
315	03:22:45	54.52	6499	2119	2119
316	03:23:39	60.19	6499	2118	2118
317	03:24:40	60.12	6499	2117	2117
318	03:25:40	60.18	6499	2116	2116
319	03:26:40	60.10	6499	2116	2115
320	03:27:40	60.13	6499	2115	2114
321	03:28:40	10.05	6499	2114	2114
322	03:28:50	60.56	6499	2114	2113
323	03:29:51	60.15	6499	2113	2112
324	03:30:51	60.08	6499	2112	2111
325	03:31:51	60.15	6499	2111	2110
326	03:32:51	60.11	6499	2110	2110
327	03:33:51	60.14	6499	2109	2110
328	03:34:51	60.14	6499	2108	2109
329	03:35:52	60.11	6499	2108	2108
330	03:36:52	60.13	6499	2107	2107
331	03:37:52	60.17	6499	2106	2107
332	03:38:52	10.26	6499	2105	2106
333	03:39:02	31.93	6499	2105	2105
334	03:39:34	60.08	6499	2104	2104
335	03:40:34	60.15	6499	2103	2103
336	03:41:34	48.53	6499	2102	2103
337	03:42:23	60.18	6499	2102	2102
338	03:43:23	60.16	6499	2101	2101
339	03:44:23	60.15	6499	2100	2099
340	03:45:23	60.15	6499	2099	2099
341	03:46:24	60.16	6499	2098	2098
342	03:47:24	60.14	6499	2097	2098
343	03:48:24	60.16	6499	2096	2097
344	03:49:24	60.12	6499	2096	2096
345	03:50:24	60.11	6499	2095	2096
346	03:51:24	60.13	6499	2094	2095
347	03:52:24	60.17	6499	2093	2094
348	03:53:25	60.15	6499	2092	2093
349	03:54:25	60.17	6499	2091	2092
350	03:55:25	60.13	6499	2090	2092
351	03:56:25	60.17	6499	2089	2091
352	03:57:25	60.14	6499	2089	2090
353	03:58:25	60.13	6499	2088	2089
354	03:59:25	60.11	6499	2087	2089
355	04:00:26	60.14	6499	2086	2088
356	04:01:26	60.11	6499	2085	2087
357	04:02:26	60.07	6499	2084	2086
358	04:03:26	60.15	6499	2083	2085
359	04:04:26	60.11	6499	2083	2084
360	04:05:26	60.16	6499	2082	2084
361	04:06:26	60.10	6499	2081	2083
362	04:07:26	60.12	6499	2080	2082
363	04:08:27	60.11	6499	2079	2081
364	04:09:27	60.13	6499	2078	2081
365	04:10:27	60.13	6499	2077	2080
366	04:11:27	60.16	6499	2076	2079
367	04:12:27	60.12	6499	2076	2077
368	04:13:27	60.19	6499	2075	2077
369	04:14:27	60.11	6499	2074	2076
370	04:15:28	60.14	6499	2073	2075
371	04:16:28	60.13	6499	2072	2074
372	04:17:28	60.14	6499	2071	2073
373	04:18:28	60.12	6499	2070	2072
374	04:19:28	60.10	6499	2070	2072
375	04:20:28	60.10	6499	2069	2071
376	04:21:28	18.55	6499	2068	2071
377	04:21:47	60.10	6499	2068	2070
378	04:22:47	37.47	6499	2067	2070
379	04:23:24	60.01	6499	2066	2069
380	04:24:24	13.75	6499	2066	2069
381	04:24:38	10.03	6499	2066	2069
382	04:24:48	60.12	6499	2065	2068
383	04:25:48	60.15	6499	2064	2067
384	04:26:48	60.16	6499	2063	2066
385	04:27:49	60.13	6499	2062	2065
386	04:28:49	60.09	6499	2062	2064
387	04:29:49	60.12	6499	2061	2064
388	04:30:49	60.13	6499	2060	2063
389	04:31:49	45.07	6499	2059	2062
390	04:32:34	60.46	6499	2058	2062
391	04:33:35	60.12	6499	2058	2061
392	04:34:35	60.13	6499	2057	2060
393	04:35:35	60.10	6499	2056	2060
394	04:36:35	60.12	6499	2055	2059
395	04:37:35	60.11	6499	2054	2058
396	04:38:35	60.13	6499	2050	2054
397	04:39:35	60.15	6499	2053	2057
398	04:40:35	60.14	6499	2052	2056
399	04:41:36	60.14	6499	2051	2055
400	04:42:36	60.17	6499	2050	2054
401	04:43:36	60.14	6499	2049	2053
402	04:44:36	60.08	6499	2048	2052
403	04:45:36	60.13	6499	2048	2051
404	04:46:36	60.11	6499	2047	2050
405	04:47:36	60.14	6499	2046	2050
406	04:48:36	60.17	6499	2045	2049
407	04:49:37	60.16	6499	2044	2048
408	04:50:37	60.11	6499	2043	2047
409	04:51:37	60.13	6499	2043	2046
410	04:52:37	60.14	6499	2042	2046
411	04:53:37	60.13	6499	2041	2045
412	04:54:37	60.10	6499	2040	2045
413	04:55:37	60.14	6499	2039	2044
414	04:56:38	60.13	6499	2039	2043
415	04:57:38	60.15	6499	2038	2042
416	04:58:38	60.14	6499	2037	2042
417	04:59:38	60.14	6499	2036	2042
418	05:00:38	60.14	6499	2035	2040
419	05:01:38	60.12	6499	2034	2040
420	05:02:38	60.16	6499	2034	2039
421	05:03:39	60.12	6499	2033	2038
422	05:04:39	60.12	6499	2032	2036
423	05:05:39	60.17	6499	2031	2036
424	05:06:39	60.12	6499	2030	2036
425	05:07:39	60.10	6499	2030	2035
426	05:08:39	60.10	6499	2029	2034
427	05:09:39	60.15	6499	2028	2033
428	05:10:39	60.07	6499	2027	2033
429	05:11:39	60.17	6499	2026	2032
430	05:12:40	60.09	6499	2026	2031
431	05:13:40	60.14	6499	2025	2030
432	05:14:40	60.18	6499	2024	2029
433	05:15:40	60.07	6499	2023	2029
434	05:16:40	60.17	6499	2022	2028
435	05:17:40	60.15	6499	2022	2027
436	05:18:40	60.13	6499	2021	2026
437	05:19:41	60.09	6499	2020	2026
438	05:20:41	60.07	6499	2019	2025
439	05:21:41	60.13	6499	2018	2024
440	05:22:41	60.18	6499	2017	2023
441	05:23:41	60.13	6499	2017	2022
442	05:24:41	60.13	6499	2016	2021
443	05:25:41	60.11	6499	2015	2021
444	05:26:41	60.15	6499	2014	2020
445	05:27:42	60.12	6499	2014	2019
446	05:28:42	60.13	6499	2013	2018
447	05:29:42	60.09	6499	2012	2017
448	05:30:42	60.07	6499	2011	2017
449	05:31:42	60.12	6499	2010	2016
450	05:32:42	60.10	6499	2010	2016
451	05:33:42	60.09	6499	2009	2015
452	05:34:42	60.14	6499	2008	2014
453	05:35:42	60.14	6499	2007	2013
454	05:36:43	60.13	6499	2006	2012
455	05:37:43	60.18	6499	2006	2012
456	05:38:43	60.11	6499	2005	2011
457	05:39:43	60.12	6499	2004	2010
458	05:40:43	60.12	6499	2003	2009
459	05:41:43	60.15	6499	2003	2008
460	05:42:43	60.14	6499	2002	2008
461	05:43:44	60.17	6499	2001	2008
462	05:44:44	60.13	6499	2000	2007
463	05:45:44	60.17	6499	1999	2006
464	05:46:44	60.17	6499	1999	2005
465	05:47:44	60.12	6499	1998	2004
466	05:48:44	60.16	6499	1997	2004
467	05:49:44	60.14	6499	1996	2003
468	05:50:45	60.11	6499	1996	2002
469	05:51:45	60.16	6499	1995	2001
470	05:52:45	56.76	6499	1994	2001
471	05:53:42	59.52	6499	1993	2000
472	05:54:41	60.13	6499	1992	1999
473	05:55:41	60.14	6499	1992	1998
474	05:56:41	60.08	6499	1991	1997
475	05:57:41	60.17	6499	1990	1997
476	05:58:42	60.12	6499	1989	1996
477	05:59:42	60.14	6499	1989	1995
478	06:00:42	60.13	6499	1988	1994
479	06:01:42	60.15	6499	1987	1993
480	06:02:42	19.57	6499	1986	1993
481	06:03:02	60.38	6499	1986	1992
482	06:04:02	60.15	6499	1985	1992
483	06:05:02	60.17	6499	1984	1991
484	06:06:02	60.13	6499	1984	1991
485	06:07:03	60.16	6499	1983	1990
486	06:08:03	60.15	6499	1982	1989
487	06:09:03	60.14	6499	1981	1988
488	06:10:03	60.11	6499	1981	1988
489	06:11:03	60.13	6499	1980	1987
490	06:12:03	60.13	6499	1979	1987
491	06:13:03	60.15	6499	1978	1986
492	06:14:04	60.16	6499	1978	1985
493	06:15:04	60.11	6499	1977	1984
494	06:16:04	60.12	6499	1976	1983
495	06:17:04	60.17	6499	1975	1982
496	06:18:04	60.13	6499	1975	1982
497	06:19:04	60.12	6499	1974	1980
498	06:20:04	60.06	6499	1973	1980
499	06:21:04	60.11	6499	1972	1979
500	06:22:05	60.13	6499	1972	1978
501	06:23:05	60.16	6499	1971	1977
502	06:24:05	60.14	6499	1970	1977
503	06:25:05	27.88	6499	1969	1976
504	06:25:33	60.05	6499	1969	1975
505	06:26:33	10.02	6499	1968	1975
506	06:26:43	60.11	6499	1967	1974
507	06:27:43	60.08	6499	1967	1974
508	06:28:43	60.16	6499	1966	1973
509	06:29:43	60.11	6499	1965	1972
510	06:30:43	60.12	6499	1964	1972
511	06:31:43	60.08	6499	1964	1971
512	06:32:44	60.08	6499	1963	1970
513	06:33:44	60.13	6499	1962	1970
514	06:34:44	60.16	6499	1961	1969
515	06:35:44	60.14	6499	1961	1968
516	06:36:44	60.08	6499	1960	1967
517	06:37:44	60.10	6499	1959	1966
518	06:38:44	60.08	6499	1958	1966
519	06:39:44	60.10	6499	1958	1965
520	06:40:44	60.08	6499	1957	1965
521	06:41:45	60.12	6499	1956	1964
522	06:42:45	60.16	6499	1956	1963
523	06:43:45	60.12	6499	1955	1962
524	06:44:45	60.12	6499	1954	1961
525	06:45:45	60.10	6499	1953	1961
526	06:46:45	60.14	6499	1953	1960
527	06:47:45	60.12	6499	1952	1959
528	06:48:45	60.12	6499	1951	1959
529	06:49:46	60.12	6499	1950	1958
530	06:50:46	60.16	6499	1950	1958
531	06:51:46	60.09	6499	1949	1957
532	06:52:46	60.11	6499	1948	1956
533	06:53:46	38.32	6499	1948	1956
534	06:54:24	60.19	6499	1947	1955
535	06:55:25	60.08	6499	1946	1954
536	06:56:25	60.17	6499	1946	1954
537	06:57:25	12.87	6499	1945	1953
538	06:57:38	60.04	6499	1945	1952
539	06:58:38	60.16	6499	1944	1952
540	06:59:38	60.14	6499	1943	1951
541	07:00:38	60.16	6499	1942	1951
542	07:01:38	60.07	6499	1942	1950
543	07:02:38	60.11	6499	1941	1949
544	07:03:38	60.17	6499	1940	1948
545	07:04:39	60.12	6499	1939	1948
546	07:05:39	60.13	6499	1939	1947
547	07:06:39	60.14	6499	1938	1946
548	07:07:39	60.16	6499	1937	1945
549	07:08:39	53.82	6499	1937	1944
550	07:09:33	60.21	6499	1936	1944
551	07:10:33	10.02	6499	1936	1944
552	07:10:43	60.09	6499	1935	1943
553	07:11:43	10.02	6499	1935	1943
554	07:11:53	60.53	6499	1934	1942
555	07:12:54	60.14	6499	1933	1941
556	07:13:54	60.08	6499	1933	1941
557	07:14:54	60.09	6499	1932	1940
558	07:15:54	60.12	6499	1931	1939
559	07:16:54	60.12	6499	1931	1938
560	07:17:54	60.16	6499	1930	1939
561	07:18:54	60.12	6499	1929	1938
562	07:19:55	60.07	6499	1928	1937
563	07:20:55	60.08	6499	1928	1936
564	07:21:55	60.11	6499	1927	1936
565	07:22:55	60.13	6499	1926	1935
566	07:23:55	60.13	6499	1926	1934
567	07:24:55	60.13	6499	1925	1934
568	07:25:55	60.11	6499	1924	1933
569	07:26:55	60.17	6499	1923	1932
570	07:27:55	60.17	6499	1923	1931
571	07:28:56	60.11	6499	1922	1931
572	07:29:56	60.13	6499	1921	1930
573	07:30:56	60.14	6499	1921	1929
574	07:31:56	60.16	6499	1920	1928
575	07:32:56	60.16	6499	1919	1928
576	07:33:56	60.08	6499	1918	1927
577	07:34:56	60.13	6499	1918	1926
578	07:35:57	60.14	6499	1917	1925
579	07:36:57	60.11	6499	1916	1925
580	07:37:57	60.19	6499	1916	1924
581	07:38:57	60.12	6499	1915	1924
582	07:39:57	60.13	6499	1914	1924
583	07:40:57	60.11	6499	1914	1923
584	07:41:57	60.13	6499	1913	1922
585	07:42:58	60.14	6499	1912	1921
586	07:43:58	60.11	6499	1911	1920
587	07:44:58	60.15	6499	1911	1919
588	07:45:58	60.12	6499	1910	1919
589	07:46:58	60.11	6499	1909	1918
590	07:47:58	60.13	6499	1909	1918
591	07:48:58	60.17	6499	1908	1917
592	07:49:58	60.14	6499	1907	1916
593	07:50:59	60.09	6499	1907	1915
594	07:51:59	60.09	6499	1906	1914
595	07:52:59	60.09	6499	1905	1914
596	07:53:59	60.12	6499	1904	1913
597	07:54:59	60.14	6499	1904	1912
598	07:55:59	60.15	6499	1903	1912
599	07:56:59	60.12	6499	1902	1911
600	07:57:59	60.12	6499	1902	1911
601	07:58:59	60.16	6499	1901	1910
602	08:00:00	39.36	6499	1900	1910
603	08:00:39	60.17	6499	1900	1909
604	08:01:39	60.09	6499	1899	1908
605	08:02:39	60.14	6499	1898	1907
606	08:03:39	60.14	6499	1898	1907
607	08:04:40	60.10	6499	1897	1906
608	08:05:40	60.17	6499	1896	1905
609	08:06:40	60.08	6499	1896	1904
610	08:07:40	60.09	6499	1895	1904
611	08:08:40	60.10	6499	1894	1903
612	08:09:40	60.13	6499	1893	1902
613	08:10:40	60.09	6499	1893	1902
614	08:11:40	60.14	6499	1892	1901
615	08:12:40	60.12	6499	1891	1900
616	08:13:41	60.10	6499	1891	1899
617	08:14:41	60.08	6499	1890	1899
618	08:15:41	60.13	6499	1889	1899
619	08:16:41	60.16	6499	1889	1897
620	08:17:41	60.12	6499	1888	1897
621	08:18:41	60.13	6499	1887	1896
622	08:19:41	60.12	6499	1887	1896
623	08:20:41	60.11	6499	1886	1895
624	08:21:42	60.13	6499	1885	1895
625	08:22:42	60.12	6499	1884	1894
626	08:23:42	60.12	6499	1884	1894
627	08:24:42	60.17	6499	1883	1893
628	08:25:42	60.10	6499	1882	1892
629	08:26:42	60.07	6499	1882	1891
630	08:27:42	60.13	6499	1881	1891
631	08:28:42	60.11	6499	1880	1890
632	08:29:42	60.15	6499	1880	1889
633	08:30:43	60.08	6499	1879	1889
634	08:31:43	60.16	6499	1878	1888
635	08:32:43	60.13	6499	1878	1887
636	08:33:43	60.11	6499	1877	1886
637	08:34:43	60.13	6499	1876	1886
638	08:35:43	60.17	6499	1876	1886
639	08:36:43	60.10	6499	1875	1885
640	08:37:44	60.13	6499	1874	1884
641	08:38:44	60.14	6499	1874	1883
642	08:39:44	60.17	6499	1873	1883
643	08:40:44	60.11	6499	1872	1882
644	08:41:44	60.13	6499	1872	1881
645	08:42:44	60.11	6499	1871	1881
646	08:43:44	60.12	6499	1870	1880
647	08:44:44	60.12	6499	1870	1879
648	08:45:45	60.13	6499	1869	1878
649	08:46:45	60.11	6499	1868	1877
650	08:47:45	60.16	6499	1867	1877
651	08:48:45	60.12	6499	1866	1873
652	08:49:45	60.15	6499	1866	1876
653	08:50:45	60.13	6499	1866	1875
654	08:51:45	32.96	6499	1865	1874
655	08:52:18	60.25	6499	1864	1874
656	08:53:19	10.02	6499	1864	1873
657	08:53:29	60.13	6499	1863	1873
658	08:54:29	60.08	6499	1862	1872
659	08:55:29	60.15	6499	1862	1871
660	08:56:29	60.12	6499	1861	1871
661	08:57:29	60.09	6499	1860	1870
662	08:58:29	60.11	6499	1859	1869
663	08:59:29	60.14	6499	1859	1868
664	09:00:29	60.18	6499	1858	1867
665	09:01:30	60.15	6499	1857	1867
666	09:02:30	60.18	6499	1857	1866
667	09:03:30	60.11	6499	1856	1865
668	09:04:30	60.08	6499	1856	1865
669	09:05:30	60.13	6499	1855	1864
670	09:06:30	60.15	6499	1854	1864
671	09:07:30	60.08	6499	1854	1864
672	09:08:30	60.15	6499	1853	1863
673	09:09:31	60.15	6499	1852	1862
674	09:10:31	60.13	6499	1852	1861
675	09:11:31	60.17	6499	1851	1861
676	09:12:31	60.13	6499	1850	1860
677	09:13:31	60.14	6499	1850	1860
678	09:14:31	60.12	6499	1849	1859
679	09:15:31	60.13	6499	1849	1858
680	09:16:32	49.07	6499	1848	1858
681	09:17:21	60.19	6499	1847	1857
682	09:18:21	60.18	6499	1847	1857
683	09:19:21	55.61	6499	1846	1856
684	09:20:17	60.12	6499	1845	1855
685	09:21:17	60.14	6499	1845	1854
686	09:22:17	60.13	6499	1844	1854
687	09:23:17	26.75	6499	1844	1854
688	09:23:44	60.16	6499	1844	1853
689	09:24:44	10.65	6499	1843	1853
690	09:24:55	34.68	6499	1843	1853
691	09:25:29	60.08	6499	1843	1853
692	09:26:29	10.04	6499	1842	1852
693	09:26:39	42.84	6499	1841	1852
694	09:27:22	60.12	6499	1841	1851
695	09:28:22	10.01	6499	1840	1850
696	09:28:32	60.14	6499	1839	1850
697	09:29:32	60.08	6499	1839	1848
698	09:30:33	60.16	6499	1838	1848
699	09:31:33	60.17	6499	1838	1847
700	09:32:33	60.11	6499	1837	1847
701	09:33:33	60.16	6499	1836	1846
702	09:34:33	60.11	6499	1836	1845
703	09:35:33	60.11	6499	1835	1845
704	09:36:33	60.13	6499	1834	1844
705	09:37:33	60.17	6499	1834	1843
706	09:38:34	60.14	6499	1833	1843
707	09:39:34	60.12	6499	1832	1842
708	09:40:34	60.08	6499	1832	1841
709	09:41:34	60.13	6499	1831	1841
710	09:42:34	60.13	6499	1831	1840
711	09:43:34	60.08	6499	1830	1840
712	09:44:34	60.14	6499	1829	1839
713	09:45:34	60.09	6499	1829	1839
714	09:46:35	60.13	6499	1828	1838
715	09:47:35	60.15	6499	1827	1838
716	09:48:35	60.17	6499	1827	1837
717	09:49:35	60.12	6499	1826	1836
718	09:50:35	60.14	6499	1825	1836
719	09:51:35	60.13	6499	1825	1835
720	09:52:35	60.13	6499	1824	1835
721	09:53:36	60.12	6499	1824	1834
722	09:54:36	60.13	6499	1823	1833
723	09:55:36	60.15	6499	1822	1833
724	09:56:36	60.09	6499	1822	1832
725	09:57:36	60.17	6499	1821	1831
726	09:58:36	60.07	6499	1820	1831
727	09:59:36	60.13	6499	1820	1830
728	10:00:36	60.13	6499	1819	1829
729	10:01:37	60.12	6499	1819	1829
730	10:02:37	60.13	6499	1818	1828
731	10:03:37	60.14	6499	1817	1828
732	10:04:37	60.17	6499	1817	1827
733	10:05:37	60.14	6499	1816	1826
734	10:06:37	15.70	6499	1816	1826
735	10:06:53	60.40	6499	1815	1825
736	10:07:53	60.12	6499	1815	1825
737	10:08:53	60.16	6499	1814	1824
738	10:09:54	60.09	6499	1813	1823
739	10:10:54	60.13	6499	1813	1823
740	10:11:54	60.11	6499	1812	1822
741	10:12:54	60.11	6499	1812	1821
742	10:13:54	60.14	6499	1811	1821
743	10:14:54	60.16	6499	1810	1821
744	10:15:54	60.16	6499	1810	1821
745	10:16:55	60.08	6499	1809	1820
746	10:17:55	60.12	6499	1808	1819
747	10:18:55	60.12	6499	1808	1818
748	10:19:55	60.07	6499	1807	1818
749	10:20:55	60.15	6499	1807	1817
750	10:21:55	60.17	6499	1806	1816
751	10:22:55	60.09	6499	1805	1815
752	10:23:55	60.11	6499	1805	1816
753	10:24:55	60.15	6499	1804	1815
754	10:25:56	60.14	6499	1804	1814
755	10:26:56	60.16	6499	1803	1813
756	10:27:56	60.11	6499	1802	1813
757	10:28:56	60.15	6499	1802	1812
758	10:29:56	60.17	6499	1801	1811
759	10:30:56	60.07	6499	1800	1811
760	10:31:56	60.13	6499	1800	1810
761	10:32:57	60.11	6499	1799	1810
762	10:33:57	60.16	6499	1799	1809
763	10:34:57	60.11	6499	1798	1809
764	10:35:57	60.15	6499	1797	1808
765	10:36:57	59.50	6499	1797	1808
766	10:37:57	60.08	6499	1796	1806
767	10:38:57	10.42	6499	1795	1806
768	10:39:07	60.19	6499	1795	1806
769	10:40:07	60.16	6499	1794	1804
770	10:41:07	60.15	6499	1794	1804
771	10:42:08	60.11	6499	1793	1804
772	10:43:08	60.11	6499	1792	1803
773	10:44:08	60.12	6499	1792	1802
774	10:45:08	60.08	6499	1791	1802
775	10:46:08	60.13	6499	1791	1801
776	10:47:08	60.13	6499	1790	1800
777	10:48:08	60.18	6499	1789	1800
778	10:49:08	60.16	6499	1789	1799
779	10:50:09	60.09	6499	1788	1799
780	10:51:09	60.17	6499	1788	1798
781	10:52:09	60.11	6499	1787	1797
782	10:53:09	60.08	6499	1786	1797
783	10:54:09	60.12	6499	1786	1796
784	10:55:09	60.12	6499	1785	1796
785	10:56:09	60.12	6499	1785	1795
786	10:57:09	60.14	6499	1784	1794
787	10:58:09	60.14	6499	1783	1794
788	10:59:10	60.14	6499	1783	1794
789	11:00:10	60.15	6499	1782	1793
790	11:01:10	60.17	6499	1782	1792
791	11:02:10	60.14	6499	1781	1792
792	11:03:10	60.17	6499	1780	1791
793	11:04:10	60.12	6499	1780	1791
794	11:05:11	60.13	6499	1779	1789
795	11:06:11	60.16	6499	1778	1789
796	11:07:11	60.14	6499	1778	1788
797	11:08:11	60.13	6499	1777	1787
798	11:09:11	60.11	6499	1777	1787
799	11:10:11	60.17	6499	1776	1787
800	11:11:11	60.13	6499	1776	1786
801	11:12:11	60.10	6499	1775	1786
802	11:13:12	19.31	6499	1775	1785
803	11:13:31	60.09	6499	1774	1785
804	11:14:31	60.14	6499	1773	1784
805	11:15:31	60.08	6499	1773	1783
806	11:16:31	60.17	6499	1772	1783
807	11:17:31	60.13	6499	1772	1782
808	11:18:31	60.16	6499	1771	1782
809	11:19:32	60.16	6499	1770	1782
810	11:20:32	60.09	6499	1770	1781
811	11:21:32	60.17	6499	1769	1780
812	11:22:32	60.08	6499	1768	1780
813	11:23:32	60.15	6499	1768	1779
814	11:24:32	60.11	6499	1767	1778
815	11:25:32	60.15	6499	1767	1778
816	11:26:33	60.16	6499	1766	1777
817	11:27:33	60.13	6499	1765	1776
818	11:28:33	60.13	6499	1765	1776
819	11:29:33	60.12	6499	1764	1775
820	11:30:33	60.10	6499	1764	1774
821	11:31:33	60.07	6499	1763	1774
822	11:32:33	60.11	6499	1763	1773
823	11:33:33	60.12	6499	1762	1773
824	11:34:33	60.09	6499	1761	1772
825	11:35:34	60.13	6499	1761	1772
826	11:36:34	60.08	6499	1760	1771
827	11:37:34	60.14	6499	1760	1770
828	11:38:34	60.12	6499	1759	1770
829	11:39:34	60.14	6499	1758	1769
830	11:40:34	60.12	6499	1758	1769
831	11:41:34	60.16	6499	1757	1768
832	11:42:34	60.10	6499	1757	1768
833	11:43:35	60.10	6499	1756	1767
834	11:44:35	60.09	6499	1755	1766
835	11:45:35	60.09	6499	1755	1766
836	11:46:35	60.13	6499	1754	1765
837	11:47:35	60.10	6499	1754	1765
838	11:48:35	60.16	6499	1753	1764
839	11:49:35	60.15	6499	1752	1764
840	11:50:35	60.08	6499	1752	1763
841	11:51:35	60.15	6499	1751	1763
842	11:52:36	60.14	6499	1751	1762
843	11:53:36	60.15	6499	1750	1761
844	11:54:36	60.13	6499	1749	1761
845	11:55:36	60.17	6499	1749	1760
846	11:56:36	60.08	6499	1748	1760
847	11:57:36	60.16	6499	1748	1759
848	11:58:36	60.14	6499	1747	1760
849	11:59:37	60.18	6499	1747	1759
850	12:00:37	60.15	6499	1746	1758
851	12:01:37	60.12	6499	1745	1757
852	12:02:37	60.12	6499	1745	1757
853	12:03:37	60.16	6499	1744	1756
854	12:04:37	60.15	6499	1744	1755
855	12:05:37	60.12	6499	1743	1755
856	12:06:38	60.15	6499	1742	1754
857	12:07:38	60.15	6499	1742	1753
858	12:08:38	60.10	6499	1741	1753
859	12:09:38	60.15	6499	1741	1752
860	12:10:38	60.12	6499	1740	1751
861	12:11:38	60.13	6499	1740	1751
862	12:12:38	60.12	6499	1739	1750
863	12:13:39	60.11	6499	1739	1750
864	12:14:39	60.09	6499	1738	1749
865	12:15:39	43.99	6499	1737	1749
866	12:16:23	60.04	6499	1737	1748
867	12:17:23	10.02	6499	1736	1748
868	12:17:33	60.12	6499	1736	1747
869	12:18:33	60.12	6499	1735	1747
870	12:19:33	60.15	6499	1734	1746
871	12:20:33	60.06	6499	1734	1746
872	12:21:33	60.13	6499	1733	1746
873	12:22:33	60.12	6499	1733	1744
874	12:23:33	60.15	6499	1732	1744
875	12:24:34	60.10	6499	1732	1744
876	12:25:34	60.16	6499	1731	1743
877	12:26:34	60.10	6499	1730	1741
878	12:27:34	60.16	6499	1730	1742
879	12:28:34	60.08	6499	1729	1740
880	12:29:34	60.12	6499	1729	1741
881	12:30:34	60.13	6499	1728	1739
882	12:31:34	60.16	6499	1728	1740
883	12:32:35	60.16	6499	1727	1739
884	12:33:35	60.14	6499	1727	1739
885	12:34:35	60.13	6499	1726	1739
886	12:35:35	60.13	6499	1725	1738
887	12:36:35	60.14	6499	1725	1737
888	12:37:35	60.17	6499	1725	1737
889	12:38:35	60.12	6499	1724	1737
890	12:39:36	60.16	6499	1724	1736
891	12:40:36	60.17	6499	1723	1734
892	12:41:36	60.08	6499	1723	1733
893	12:42:36	11.06	6499	1722	1733
894	12:42:47	60.13	6499	1721	1733
895	12:43:47	60.14	6499	1721	1733
896	12:44:47	60.08	6499	1720	1732
897	12:45:47	60.10	6499	1720	1731
898	12:46:48	60.09	6499	1719	1730
899	12:47:48	60.15	6499	1719	1731
900	12:48:48	60.12	6499	1718	1730
901	12:49:48	60.16	6499	1718	1728
902	12:50:48	60.12	6499	1717	1728
903	12:51:48	60.12	6499	1717	1728
904	12:52:48	60.13	6499	1717	1728
905	12:53:48	60.25	6499	1716	1727
906	12:54:49	60.05	6499	1716	1727
907	12:55:49	48.78	6499	1715	1727
908	12:56:38	14.29	6499	1714	1727
909	12:56:52	39.18	6499	1714	1725
910	12:57:31	60.09	6499	1713	1724
911	12:58:31	60.12	6499	1713	1724
912	12:59:31	60.13	6499	1712	1723
913	13:00:31	60.15	6499	1712	1723
914	13:01:31	60.11	6499	1711	1722
915	13:02:32	60.13	6499	1711	1721
916	13:03:32	60.13	6499	1710	1721
917	13:04:32	60.14	6499	1709	1720
918	13:05:32	60.14	6499	1709	1720
919	13:06:32	60.12	6499	1708	1719
920	13:07:32	60.14	6499	1708	1719
921	13:08:32	60.12	6499	1707	1720
922	13:09:33	60.11	6499	1707	1719
923	13:10:33	60.11	6499	1706	1718
924	13:11:33	60.12	6499	1706	1717
925	13:12:33	60.19	6499	1705	1716
926	13:13:33	60.15	6499	1704	1716
927	13:14:33	60.13	6499	1704	1715
928	13:15:33	60.12	6499	1703	1714
929	13:16:33	60.14	6499	1703	1714
930	13:17:34	60.13	6499	1702	1714
931	13:18:34	60.17	6499	1702	1713
932	13:19:34	60.15	6499	1701	1713
933	13:20:34	60.13	6499	1701	1712
934	13:21:34	60.17	6499	1700	1712
935	13:22:34	60.08	6499	1700	1712
936	13:23:34	60.12	6499	1699	1710
937	13:24:35	60.14	6499	1698	1710
938	13:25:35	60.16	6499	1698	1710
939	13:26:35	60.11	6499	1697	1709
940	13:27:35	60.17	6499	1697	1708
941	13:28:35	60.08	6499	1696	1708
942	13:29:35	60.07	6499	1696	1707
943	13:30:35	60.14	6499	1695	1706
944	13:31:35	60.13	6499	1695	1706
945	13:32:36	60.13	6499	1694	1706
946	13:33:36	60.12	6499	1694	1705
947	13:34:36	60.14	6499	1693	1704
948	13:35:36	60.11	6499	1693	1703
949	13:36:36	26.47	6499	1692	1703
950	13:37:02	60.20	6499	1692	1703
951	13:38:03	60.17	6499	1691	1703
952	13:39:03	60.12	6499	1690	1702
953	13:40:03	60.15	6499	1690	1701
954	13:41:03	60.14	6499	1689	1701
955	13:42:03	60.11	6499	1689	1701
956	13:43:03	60.09	6499	1688	1699
957	13:44:03	60.13	6499	1688	1700
958	13:45:04	60.12	6499	1687	1698
959	13:46:04	60.14	6499	1687	1698
960	13:47:04	60.10	6499	1686	1697
961	13:48:04	60.16	6499	1686	1696
962	13:49:04	60.17	6499	1685	1696
963	13:50:04	60.11	6499	1685	1695
964	13:51:04	60.09	6499	1684	1695
965	13:52:04	60.16	6499	1683	1694
966	13:53:05	60.13	6499	1683	1694
967	13:54:05	60.14	6499	1682	1694
968	13:55:05	60.17	6499	1682	1693
969	13:56:05	60.15	6499	1681	1693
970	13:57:05	60.17	6499	1681	1692
971	13:58:05	60.15	6499	1680	1692
972	13:59:06	60.12	6499	1680	1690
973	14:00:06	60.08	6499	1679	1690
974	14:01:06	60.12	6499	1679	1691
975	14:02:06	60.12	6499	1678	1691
976	14:03:06	60.11	6499	1678	1690
977	14:04:06	60.08	6499	1677	1689
978	14:05:06	60.11	6499	1676	1688
979	14:06:06	60.10	6499	1676	1688
980	14:07:06	60.16	6499	1675	1687
981	14:08:07	60.14	6499	1675	1686
982	14:09:07	60.15	6499	1674	1685
983	14:10:07	60.14	6499	1674	1685
984	14:11:07	60.10	6499	1673	1686
985	14:12:07	60.12	6499	1673	1685
986	14:13:07	60.09	6499	1672	1684
987	14:14:07	60.16	6499	1672	1684
988	14:15:07	60.17	6499	1671	1683
989	14:16:08	60.14	6499	1671	1683
990	14:17:08	60.15	6499	1670	1682
991	14:18:08	60.13	6499	1670	1681
992	14:19:08	60.18	6499	1669	1681
993	14:20:08	60.10	6499	1669	1681
994	14:21:08	60.07	6499	1668	1680
995	14:22:08	60.10	6499	1667	1680
996	14:23:08	60.16	6499	1667	1679
997	14:24:09	60.09	6499	1666	1679
998	14:25:09	60.14	6499	1666	1678
999	14:26:09	60.07	6499	1665	1677
1000	14:27:09	60.17	6499	1665	1676
1001	14:28:09	60.15	6499	1664	1677
1002	14:29:09	60.13	6499	1664	1677
1003	14:30:09	60.16	6499	1663	1675
1004	14:31:10	60.10	6499	1663	1675
1005	14:32:10	60.17	6499	1662	1674
1006	14:33:10	60.17	6499	1662	1674
1007	14:34:10	60.08	6499	1661	1673
1008	14:35:10	60.16	6499	1661	1672
1009	14:36:10	60.11	6499	1661	1672
1010	14:37:10	60.14	6499	1660	1672
1011	14:38:11	60.12	6499	1660	1671
1012	14:39:11	60.15	6499	1659	1671
1013	14:40:11	60.13	6499	1659	1670
1014	14:41:11	60.18	6499	1658	1670
1015	14:42:11	60.13	6499	1658	1670
1016	14:43:11	60.16	6499	1657	1669
1017	14:44:11	60.13	6499	1656	1668
1018	14:45:12	60.12	6499	1656	1667
1019	14:46:12	60.12	6499	1655	1667
1020	14:47:12	60.09	6499	1655	1666
1021	14:48:12	60.08	6499	1654	1665
1022	14:49:12	60.14	6499	1654	1665
1023	14:50:12	60.13	6499	1653	1665
1024	14:51:12	60.10	6499	1653	1665
1025	14:52:12	60.14	6499	1652	1664
1026	14:53:12	60.12	6499	1652	1663
1027	14:54:13	60.10	6499	1651	1663
1028	14:55:13	60.14	6499	1651	1663
1029	14:56:13	60.11	6499	1650	1662
1030	14:57:13	60.10	6499	31.42	31.66
1031	14:58:13	60.16	6499	0	0
1032	14:59:13	60.14	6499	0	0
1033	15:00:13	60.12	6499	0	0
1034	15:01:13	37.93	6499	0	0
1035	15:01:51	60.51	6499	0	0
1036	15:02:52	39.89	6499	0	0
1037	15:03:32	60.07	6499	0	0
1038	15:04:32	60.16	6501	0	0
1039	15:05:32	60.12	6501	0	0
1040	15:06:32	60.14	6501	0	0
1041	15:07:32	60.08	6501	0	0
1042	15:08:32	60.14	6501	0	0
1043	15:09:32	60.13	6459	0	0
1044	15:10:33	60.07	6291	0	0
1045	15:11:33	60.15	5997	0	0
1046	15:12:33	60.13	5645	0	0
1047	15:13:33	60.16	5292	0	0
1048	15:14:33	60.15	4938	0	0
1049	15:15:33	50.86	4583	0	0
Created by AtlRunQuery on: 2018-08-29 14:51:56.258608
