LHC beam energy and intensities during run 307935:
(Begin/end of run: Tue Sep 06 2016 16:05:31 − Wed Sep 07, 09:54:24)

LB	   Start time
(CEST)	   Duration
(sec)	   Beam energy
(GeV)	   Intensity Beam-1
(1e11 protons)	   Intensity Beam-2
(1e11 protons)
1	16:05:31	60.14	450	1421	1352
2	16:06:31	60.10	450	1514	1444
3	16:07:31	51.65	450	1594	1528
4	16:08:23	60.03	450	1697	1610
5	16:09:23	60.13	450	1787	1699
6	16:10:23	60.12	450	1881	1792
7	16:11:23	60.12	450	1974	1882
8	16:12:23	60.13	450	2068	1980
9	16:13:23	60.11	450	2157	2079
10	16:14:24	60.08	450	2253	2167
11	16:15:24	60.14	450	2344	2257
12	16:16:24	60.17	450	2434	2348
13	16:17:24	60.08	450	2433	2391
14	16:18:24	60.14	450	2432	2391
15	16:19:24	60.15	450	2430	2391
16	16:20:24	60.10	450	2429	2389
17	16:21:24	15.06	475	2428	2386
18	16:21:39	60.07	492	2428	2382
19	16:22:40	60.12	609	2427	2376
20	16:23:40	60.10	792	2427	2371
21	16:24:40	10.77	1036	2427	2370
22	16:24:51	45.66	1088	2427	2368
23	16:25:36	23.87	1330	2414	2355
24	16:26:00	60.31	1469	2414	2354
25	16:27:00	60.12	1816	2414	2354
26	16:28:00	60.13	2163	2414	2352
27	16:29:01	60.10	2516	2414	2352
28	16:30:01	60.13	2864	2414	2351
29	16:31:01	60.15	3211	2413	2351
30	16:32:01	16.18	3559	2413	2350
31	16:32:17	60.22	3651	2413	2350
32	16:33:17	60.13	3999	2413	2350
33	16:34:18	20.10	4352	2413	2350
34	16:34:38	60.05	4468	2413	2350
35	16:35:38	60.12	4815	2413	2350
36	16:36:38	60.15	5163	2413	2351
37	16:37:38	60.13	5510	2413	2351
38	16:38:38	60.08	5858	2413	2351
39	16:39:38	60.15	6205	2413	2352
40	16:40:38	30.88	6498	2413	2354
41	16:41:09	10.22	6499	2413	2355
42	16:41:19	60.37	6499	2413	2354
43	16:42:20	60.12	6499	2413	2354
44	16:43:20	60.11	6499	2413	2354
45	16:44:20	60.15	6499	2413	2355
46	16:45:20	60.13	6499	2412	2354
47	16:46:20	60.08	6499	2412	2354
48	16:47:20	60.14	6499	2412	2354
49	16:48:21	60.16	6499	2412	2354
50	16:49:21	60.14	6499	2412	2353
51	16:50:21	60.13	6499	2412	2353
52	16:51:21	60.11	6499	2412	2354
53	16:52:21	60.12	6499	2412	2353
54	16:53:21	60.10	6499	2412	2353
55	16:54:21	60.08	6499	2412	2353
56	16:55:21	60.16	6499	2411	2353
57	16:56:22	60.08	6499	2411	2353
58	16:57:22	60.12	6499	2411	2353
59	16:58:22	60.13	6499	2411	2353
60	16:59:22	60.14	6499	2411	2353
61	17:00:22	60.16	6499	2411	2353
62	17:01:22	54.03	6499	2411	2353
63	17:02:16	60.43	6499	2411	2352
64	17:03:17	60.12	6499	2410	2353
65	17:04:17	60.14	6499	2410	2352
66	17:05:17	60.16	6499	2410	2352
67	17:06:17	60.08	6499	2410	2352
68	17:07:17	60.43	6499	2409	2352
69	17:08:18	60.32	6499	2407	2351
70	17:09:18	60.08	6499	2404	2349
71	17:10:18	55.36	6499	2402	2348
72	17:11:13	60.06	6499	2399	2347
73	17:12:13	60.16	6499	2397	2345
74	17:13:14	60.14	6499	2395	2344
75	17:14:14	60.08	6499	2392	2342
76	17:15:14	60.12	6499	2390	2340
77	17:16:14	60.13	6499	2388	2339
78	17:17:14	32.46	6499	2386	2338
79	17:17:46	60.30	6499	2384	2336
80	17:18:47	60.11	6499	2382	2335
81	17:19:47	60.13	6499	2380	2334
82	17:20:47	60.09	6499	2378	2333
83	17:21:47	40.83	6499	2376	2331
84	17:22:28	60.34	6499	2374	2330
85	17:23:28	60.17	6499	2372	2329
86	17:24:28	60.13	6499	2371	2327
87	17:25:29	60.12	6499	2369	2326
88	17:26:29	60.07	6499	2367	2324
89	17:27:29	60.11	6499	2365	2323
90	17:28:29	60.12	6499	2363	2321
91	17:29:29	60.12	6499	2362	2320
92	17:30:29	60.13	6499	2360	2319
93	17:31:29	60.12	6499	2358	2317
94	17:32:29	60.67	6499	2357	2316
95	17:33:30	60.13	6499	2355	2315
96	17:34:30	60.09	6499	2353	2313
97	17:35:30	34.89	6499	2352	2312
98	17:36:05	60.07	6499	2351	2312
99	17:37:05	22.39	6499	2350	2312
100	17:37:28	60.01	6499	2349	2311
101	17:38:28	60.14	6499	2348	2310
102	17:39:28	60.16	6499	2347	2309
103	17:40:28	60.08	6499	2345	2307
104	17:41:28	60.13	6499	2343	2306
105	17:42:28	60.17	6499	2342	2305
106	17:43:28	60.08	6499	2340	2303
107	17:44:28	60.09	6499	2339	2301
108	17:45:28	60.11	6499	2337	2300
109	17:46:29	60.16	6499	2336	2299
110	17:47:29	60.18	6499	2334	2298
111	17:48:29	60.10	6499	2333	2297
112	17:49:29	60.07	6499	2331	2295
113	17:50:29	60.13	6499	2330	2294
114	17:51:29	60.15	6499	2328	2294
115	17:52:29	60.13	6499	2327	2292
116	17:53:29	60.14	6499	2326	2292
117	17:54:30	48.77	6499	2324	2291
118	17:55:18	60.51	6499	2323	2290
119	17:56:19	60.15	6499	2322	2289
120	17:57:19	60.13	6499	2320	2288
121	17:58:19	60.16	6499	2319	2286
122	17:59:19	60.07	6499	2318	2284
123	18:00:19	60.13	6499	2316	2283
124	18:01:20	60.14	6499	2315	2282
125	18:02:20	60.16	6499	2313	2281
126	18:03:20	60.13	6499	2312	2280
127	18:04:20	60.17	6499	2311	2279
128	18:05:20	60.13	6499	2309	2277
129	18:06:20	60.15	6499	2308	2276
130	18:07:20	60.16	6499	2307	2275
131	18:08:21	60.18	6499	2305	2275
132	18:09:21	60.15	6499	2304	2273
133	18:10:21	60.08	6499	2303	2272
134	18:11:21	60.14	6499	2302	2271
135	18:12:21	60.12	6499	2300	2270
136	18:13:21	60.12	6499	2299	2270
137	18:14:21	60.11	6499	2298	2268
138	18:15:21	60.10	6499	2296	2267
139	18:16:22	60.13	6499	2295	2266
140	18:17:22	60.17	6499	2294	2264
141	18:18:22	60.13	6499	2292	2263
142	18:19:22	10.02	6499	2291	2263
143	18:19:32	60.14	6499	2290	2261
144	18:20:32	60.07	6499	2289	2260
145	18:21:32	60.10	6499	2287	2259
146	18:22:32	60.08	6499	2286	2257
147	18:23:32	60.13	6499	2285	2256
148	18:24:33	60.14	6499	2284	2256
149	18:25:33	60.13	6499	2282	2255
150	18:26:33	60.10	6499	2281	2254
151	18:27:33	60.17	6499	2280	2253
152	18:28:33	60.16	6499	2279	2252
153	18:29:33	60.14	6499	2278	2251
154	18:30:33	60.16	6499	2276	2249
155	18:31:34	60.08	6499	2275	2248
156	18:32:34	60.08	6499	2274	2248
157	18:33:34	21.42	6499	2274	2247
158	18:33:55	60.54	6499	2272	2246
159	18:34:56	60.12	6499	2271	2246
160	18:35:56	60.17	6499	2270	2244
161	18:36:56	60.15	6499	2269	2243
162	18:37:56	60.12	6499	2268	2242
163	18:38:56	60.14	6499	2267	2242
164	18:39:56	60.11	6499	2266	2241
165	18:40:56	60.11	6499	2264	2240
166	18:41:57	60.11	6499	2263	2237
167	18:42:57	60.16	6499	2262	2236
168	18:43:57	60.12	6499	2261	2236
169	18:44:57	60.12	6499	2260	2235
170	18:45:57	60.14	6499	2259	2234
171	18:46:57	60.14	6499	2258	2233
172	18:47:57	60.09	6499	2256	2232
173	18:48:57	60.10	6499	2255	2231
174	18:49:58	60.11	6499	2254	2230
175	18:50:58	60.11	6499	2253	2228
176	18:51:58	60.14	6499	2252	2227
177	18:52:58	60.16	6499	2251	2226
178	18:53:58	60.07	6499	2250	2225
179	18:54:58	60.08	6499	2249	2224
180	18:55:58	60.08	6499	2248	2223
181	18:56:58	60.13	6499	2246	2222
182	18:57:58	60.10	6499	2245	2221
183	18:58:59	60.06	6499	2244	2220
184	18:59:59	60.07	6499	2243	2219
185	19:00:59	60.14	6499	2242	2218
186	19:01:59	60.07	6499	2241	2217
187	19:02:59	60.15	6499	2240	2216
188	19:03:59	60.15	6499	2239	2215
189	19:04:59	60.15	6499	2238	2213
190	19:05:59	60.07	6499	2237	2213
191	19:06:59	60.11	6499	2236	2212
192	19:08:00	60.13	6499	2235	2210
193	19:09:00	60.14	6499	2234	2210
194	19:10:00	60.12	6499	2233	2209
195	19:11:00	60.11	6499	2231	2208
196	19:12:00	60.12	6499	2230	2207
197	19:13:00	60.13	6499	2229	2206
198	19:14:00	60.16	6499	2228	2205
199	19:15:00	60.12	6499	2227	2204
200	19:16:01	60.09	6499	2226	2204
201	19:17:01	60.08	6499	2225	2204
202	19:18:01	60.12	6499	2224	2203
203	19:19:01	25.10	6499	2224	2201
204	19:19:26	60.50	6499	2223	2200
205	19:20:26	60.09	6499	2222	2199
206	19:21:27	60.15	6499	2221	2199
207	19:22:27	60.13	6499	2220	2198
208	19:23:27	60.11	6499	2219	2197
209	19:24:27	60.12	6499	2217	2197
210	19:25:27	60.13	6499	2216	2195
211	19:26:27	60.13	6499	2215	2194
212	19:27:27	60.10	6499	2214	2193
213	19:28:27	60.13	6499	2213	2192
214	19:29:28	60.08	6499	2212	2191
215	19:30:28	60.10	6499	2211	2191
216	19:31:28	60.12	6499	2210	2189
217	19:32:28	60.08	6499	2209	2188
218	19:33:28	60.07	6499	2208	2187
219	19:34:28	60.08	6499	2207	2186
220	19:35:28	60.11	6499	2206	2186
221	19:36:28	60.13	6499	2205	2184
222	19:37:28	60.13	6499	2204	2183
223	19:38:28	60.11	6499	2203	2182
224	19:39:29	60.11	6499	2202	2180
225	19:40:29	60.08	6499	2201	2181
226	19:41:29	60.14	6499	2200	2180
227	19:42:29	60.12	6499	2199	2180
228	19:43:29	60.07	6499	2198	2179
229	19:44:29	60.11	6499	2197	2178
230	19:45:29	60.09	6499	2196	2177
231	19:46:29	60.10	6499	2195	2176
232	19:47:29	60.15	6499	2194	2175
233	19:48:30	60.12	6499	2193	2174
234	19:49:30	60.13	6499	2192	2172
235	19:50:30	60.12	6499	2191	2172
236	19:51:30	60.13	6499	2190	2172
237	19:52:30	60.12	6499	2189	2170
238	19:53:30	60.12	6499	2188	2169
239	19:54:30	60.08	6499	2187	2168
240	19:55:30	60.09	6499	2187	2167
241	19:56:30	60.15	6499	2186	2166
242	19:57:31	60.10	6499	2185	2165
243	19:58:31	60.09	6499	2184	2163
244	19:59:31	60.12	6499	2183	2163
245	20:00:31	60.08	6499	2182	2163
246	20:01:31	60.09	6499	2181	2161
247	20:02:31	41.75	6499	2180	2160
248	20:03:13	60.47	6499	2179	2159
249	20:04:13	60.12	6499	2178	2159
250	20:05:13	60.08	6499	2177	2157
251	20:06:13	60.08	6499	2176	2156
252	20:07:14	60.12	6499	2175	2155
253	20:08:14	60.15	6499	2174	2154
254	20:09:14	60.12	6499	2173	2153
255	20:10:14	60.15	6499	2172	2152
256	20:11:14	60.09	6499	2168	2147
257	20:12:14	60.12	6499	2170	2150
258	20:13:14	60.14	6499	2169	2149
259	20:14:14	60.11	6499	2168	2148
260	20:15:15	60.11	6499	2167	2147
261	20:16:15	60.14	6499	2166	2146
262	20:17:15	60.12	6499	2165	2145
263	20:18:15	60.17	6499	2164	2145
264	20:19:15	60.12	6499	2164	2144
265	20:20:15	60.10	6499	2163	2143
266	20:21:15	60.08	6499	2162	2142
267	20:22:15	60.08	6499	2161	2142
268	20:23:15	60.13	6499	2160	2141
269	20:24:16	60.07	6499	2159	2140
270	20:25:16	60.07	6499	2158	2138
271	20:26:16	60.12	6499	2157	2137
272	20:27:16	60.14	6499	2156	2136
273	20:28:16	60.12	6499	2155	2136
274	20:29:16	60.08	6499	2154	2135
275	20:30:16	60.15	6499	2153	2134
276	20:31:16	60.12	6499	2152	2133
277	20:32:16	60.12	6499	2151	2133
278	20:33:17	60.13	6499	2151	2133
279	20:34:17	10.04	6499	2150	2132
280	20:34:27	10.01	6499	2150	2133
281	20:34:37	10.01	6499	2150	2132
282	20:34:47	10.01	6499	2149	2132
283	20:34:57	60.16	6499	2149	2132
284	20:35:57	11.32	6499	2149	2131
285	20:36:08	10.52	6499	2149	2130
286	20:36:19	10.27	6499	2148	2130
287	20:36:29	10.08	6499	2148	2129
288	20:36:39	10.25	6499	2148	2129
289	20:36:49	22.37	6499	2147	2128
290	20:37:12	60.18	6499	2146	2127
291	20:38:12	60.16	6499	2145	2126
292	20:39:12	60.15	6499	2144	2125
293	20:40:12	60.12	6499	2143	2124
294	20:41:12	60.16	6499	2142	2124
295	20:42:12	60.12	6499	2141	2123
296	20:43:13	60.07	6499	2140	2122
297	20:44:13	60.12	6499	2139	2121
298	20:45:13	60.16	6499	2138	2120
299	20:46:13	60.12	6499	2137	2119
300	20:47:13	60.12	6499	2136	2118
301	20:48:13	60.11	6499	2135	2117
302	20:49:13	60.14	6499	2135	2116
303	20:50:13	60.09	6499	2134	2116
304	20:51:14	60.15	6499	2133	2114
305	20:52:14	60.16	6499	2132	2114
306	20:53:14	60.07	6499	2131	2113
307	20:54:14	60.13	6499	2130	2112
308	20:55:14	60.10	6499	2129	2112
309	20:56:14	60.16	6499	2128	2111
310	20:57:14	41.52	6499	2127	2110
311	20:57:56	60.20	6499	2127	2110
312	20:58:56	60.12	6499	2126	2109
313	20:59:56	60.15	6499	2125	2108
314	21:00:56	60.12	6499	2125	2108
315	21:01:56	12.63	6499	2124	2107
316	21:02:09	60.54	6499	2123	2106
317	21:03:10	60.14	6499	2122	2105
318	21:04:10	60.09	6499	2121	2104
319	21:05:10	60.16	6499	2120	2104
320	21:06:10	60.12	6499	2119	2102
321	21:07:10	60.13	6499	2118	2101
322	21:08:10	60.11	6499	2117	2100
323	21:09:10	60.15	6499	2116	2099
324	21:10:10	60.09	6499	2115	2099
325	21:11:11	60.07	6499	2115	2098
326	21:12:11	36.21	6499	2114	2097
327	21:12:47	60.24	6499	2113	2096
328	21:13:47	60.13	6499	2112	2096
329	21:14:47	60.11	6499	2111	2095
330	21:15:47	60.07	6499	2110	2094
331	21:16:47	60.16	6499	2109	2094
332	21:17:48	60.13	6499	2108	2092
333	21:18:48	60.08	6499	2108	2091
334	21:19:48	60.15	6499	2107	2091
335	21:20:48	60.13	6499	2106	2090
336	21:21:48	60.13	6499	2104	2089
337	21:22:48	60.12	6499	2104	2088
338	21:23:48	60.12	6499	2103	2087
339	21:24:48	10.05	6499	2102	2087
340	21:24:58	60.15	6499	2101	2086
341	21:25:59	60.17	6499	2101	2085
342	21:26:59	60.12	6499	2100	2085
343	21:27:59	28.84	6499	2099	2084
344	21:28:28	60.05	6499	2098	2083
345	21:29:28	60.09	6499	2098	2083
346	21:30:28	60.10	6499	2097	2083
347	21:31:28	19.51	6499	2097	2082
348	21:31:48	60.12	6499	2096	2081
349	21:32:48	12.18	6499	2095	2080
350	21:33:00	10.14	6499	2094	2079
351	21:33:10	60.08	6499	2093	2079
352	21:34:10	60.12	6499	2092	2078
353	21:35:10	60.10	6499	2091	2077
354	21:36:10	60.15	6499	2091	2076
355	21:37:10	60.13	6499	2090	2075
356	21:38:11	60.09	6499	2089	2074
357	21:39:11	60.15	6499	2088	2074
358	21:40:11	60.14	6499	2087	2073
359	21:41:11	60.13	6499	2086	2072
360	21:42:11	60.15	6499	2085	2071
361	21:43:11	60.13	6499	2084	2070
362	21:44:11	60.16	6499	2084	2070
363	21:45:11	60.17	6499	2083	2069
364	21:46:12	60.09	6499	2082	2069
365	21:47:12	60.13	6499	2081	2067
366	21:48:12	60.15	6499	2080	2066
367	21:49:12	60.12	6499	2079	2065
368	21:50:12	60.12	6499	2078	2064
369	21:51:12	60.09	6499	2078	2064
370	21:52:12	60.13	6499	2077	2063
371	21:53:12	60.13	6499	2076	2063
372	21:54:13	60.17	6499	2075	2062
373	21:55:13	60.07	6499	2074	2061
374	21:56:13	60.11	6499	2073	2059
375	21:57:13	60.08	6499	2073	2059
376	21:58:13	48.34	6499	2072	2058
377	21:59:01	60.38	6499	2071	2058
378	22:00:02	60.14	6499	2070	2057
379	22:01:02	60.12	6499	2069	2056
380	22:02:02	60.12	6499	2068	2055
381	22:03:02	60.07	6499	2068	2055
382	22:04:02	60.16	6499	2067	2054
383	22:05:02	60.14	6499	2066	2053
384	22:06:03	49.61	6499	2065	2052
385	22:06:52	60.11	6499	2064	2052
386	22:07:52	60.17	6499	2064	2050
387	22:08:52	60.16	6499	2063	2050
388	22:09:53	60.14	6499	2062	2049
389	22:10:53	60.09	6499	2061	2048
390	22:11:53	60.12	6499	2060	2048
391	22:12:53	60.11	6499	2059	2047
392	22:13:53	60.16	6499	2059	2046
393	22:14:53	60.14	6499	2058	2046
394	22:15:53	60.13	6499	2057	2044
395	22:16:53	60.12	6499	2056	2044
396	22:17:54	60.13	6499	2055	2042
397	22:18:54	60.10	6499	2054	2041
398	22:19:54	60.09	6499	2054	2041
399	22:20:54	60.13	6499	2053	2040
400	22:21:54	60.15	6499	2052	2039
401	22:22:54	60.17	6499	2051	2039
402	22:23:54	60.15	6499	2050	2038
403	22:24:55	60.08	6499	2049	2037
404	22:25:55	60.11	6499	2049	2036
405	22:26:55	60.09	6499	2048	2035
406	22:27:55	60.10	6499	2047	2035
407	22:28:55	60.13	6499	2046	2034
408	22:29:55	60.13	6499	2045	2033
409	22:30:55	60.16	6499	2045	2033
410	22:31:55	60.13	6499	2044	2032
411	22:32:55	60.17	6499	2043	2031
412	22:33:56	60.15	6499	2042	2030
413	22:34:56	60.14	6499	2042	2030
414	22:35:56	60.12	6499	2041	2029
415	22:36:56	60.12	6499	2040	2028
416	22:37:56	21.67	6499	2039	2027
417	22:38:18	60.22	6499	2038	2026
418	22:39:18	60.07	6499	2038	2026
419	22:40:18	60.07	6499	2037	2025
420	22:41:18	60.16	6499	2036	2024
421	22:42:18	60.12	6499	2035	2023
422	22:43:18	60.16	6499	2034	2022
423	22:44:19	60.10	6499	2034	2021
424	22:45:19	60.16	6499	2033	2021
425	22:46:19	60.17	6499	2032	2021
426	22:47:19	60.07	6499	2031	2020
427	22:48:19	60.14	6499	2030	2019
428	22:49:19	60.08	6499	2030	2018
429	22:50:19	60.13	6499	2029	2017
430	22:51:19	60.13	6499	2028	2017
431	22:52:20	60.14	6499	2027	2016
432	22:53:20	60.10	6499	2026	2015
433	22:54:20	60.13	6499	2025	2014
434	22:55:20	60.12	6499	2025	2014
435	22:56:20	60.12	6499	2024	2013
436	22:57:20	60.10	6499	2023	2012
437	22:58:20	60.11	6499	2023	2011
438	22:59:20	52.33	6499	2022	2010
439	23:00:13	55.79	6499	2021	2010
440	23:01:09	12.05	6499	2021	2009
441	23:01:21	60.41	6499	2020	2008
442	23:02:21	60.12	6499	2019	2007
443	23:03:21	60.09	6499	2018	2007
444	23:04:21	60.16	6499	2017	2006
445	23:05:21	60.15	6499	2017	2005
446	23:06:21	60.09	6499	2016	2005
447	23:07:22	60.13	6499	2015	2004
448	23:08:22	60.17	6499	2014	2003
449	23:09:22	60.10	6499	2013	2002
450	23:10:22	60.14	6499	2013	2001
451	23:11:22	60.12	6499	2012	2000
452	23:12:22	60.08	6499	2011	1999
453	23:13:22	60.11	6499	2010	1999
454	23:14:22	60.16	6499	2009	1997
455	23:15:23	60.12	6499	2009	1997
456	23:16:23	60.08	6499	2008	1996
457	23:17:23	60.12	6499	2003	1991
458	23:18:23	60.10	6499	2006	1994
459	23:19:23	60.09	6499	2006	1994
460	23:20:23	60.13	6499	2005	1993
461	23:21:23	53.43	6499	2004	1992
462	23:22:17	60.01	6499	2003	1991
463	23:23:17	60.09	6499	2002	1991
464	23:24:17	60.12	6499	2002	1990
465	23:25:17	60.11	6499	2001	1989
466	23:26:17	60.09	6499	2000	1988
467	23:27:17	60.08	6499	1999	1987
468	23:28:17	60.14	6499	1998	1986
469	23:29:17	60.15	6499	1998	1986
470	23:30:17	60.11	6499	1997	1985
471	23:31:18	60.08	6499	1996	1985
472	23:32:18	60.09	6499	1995	1984
473	23:33:18	60.12	6499	1995	1983
474	23:34:18	60.17	6499	1994	1983
475	23:35:18	60.15	6499	1993	1981
476	23:36:18	60.09	6499	1992	1981
477	23:37:18	60.13	6499	1992	1980
478	23:38:18	60.08	6499	1991	1979
479	23:39:18	60.17	6499	1990	1979
480	23:40:19	60.16	6499	1989	1978
481	23:41:19	60.16	6499	1988	1977
482	23:42:19	60.12	6499	1988	1976
483	23:43:19	60.13	6499	1987	1976
484	23:44:19	60.13	6499	1986	1975
485	23:45:19	60.16	6499	1985	1974
486	23:46:19	60.08	6499	1985	1974
487	23:47:20	60.13	6499	1984	1973
488	23:48:20	60.08	6499	1983	1973
489	23:49:20	60.10	6499	1982	1972
490	23:50:20	60.12	6499	1981	1971
491	23:51:20	60.08	6499	1981	1970
492	23:52:20	60.14	6499	1980	1970
493	23:53:20	60.16	6499	1979	1969
494	23:54:20	60.16	6499	1978	1968
495	23:55:21	60.14	6499	1978	1967
496	23:56:21	60.13	6499	1977	1966
497	23:57:21	60.08	6499	1976	1966
498	23:58:21	60.12	6499	1975	1965
499	23:59:21	60.11	6499	1975	1965
500	00:00:21	60.12	6499	1974	1964
501	00:01:21	60.12	6499	1973	1962
502	00:02:21	60.15	6499	1972	1962
503	00:03:22	60.14	6499	1972	1960
504	00:04:22	60.17	6499	1971	1960
505	00:05:22	60.13	6499	1970	1959
506	00:06:22	60.11	6499	1969	1959
507	00:07:22	60.10	6499	1969	1958
508	00:08:22	60.18	6499	1968	1957
509	00:09:22	60.17	6499	1967	1956
510	00:10:23	60.15	6499	1966	1955
511	00:11:23	60.08	6499	1965	1955
512	00:12:23	60.10	6499	1965	1954
513	00:13:23	60.11	6499	1964	1954
514	00:14:23	60.14	6499	1963	1952
515	00:15:23	60.12	6499	1962	1952
516	00:16:23	60.12	6499	1962	1951
517	00:17:23	60.16	6499	1961	1951
518	00:18:23	60.08	6499	1960	1950
519	00:19:24	60.12	6499	1959	1950
520	00:20:24	60.10	6499	1959	1950
521	00:21:24	60.07	6499	1958	1949
522	00:22:24	60.13	6499	1958	1948
523	00:23:24	60.13	6499	1957	1947
524	00:24:24	16.54	6499	1956	1947
525	00:24:41	60.39	6499	1956	1946
526	00:25:41	60.07	6499	1955	1945
527	00:26:41	60.12	6499	1954	1944
528	00:27:41	60.18	6499	1953	1944
529	00:28:41	60.11	6499	1953	1943
530	00:29:42	60.08	6499	1952	1942
531	00:30:42	60.12	6499	1951	1941
532	00:31:42	60.08	6499	1950	1941
533	00:32:42	60.14	6499	1950	1941
534	00:33:42	60.09	6499	1949	1940
535	00:34:42	60.08	6499	1948	1939
536	00:35:42	60.14	6499	1947	1938
537	00:36:42	60.08	6499	1947	1937
538	00:37:42	60.12	6499	1946	1936
539	00:38:42	60.11	6499	1945	1936
540	00:39:43	60.08	6499	1944	1935
541	00:40:43	60.10	6499	1944	1934
542	00:41:43	60.17	6499	1943	1934
543	00:42:43	60.10	6499	1942	1933
544	00:43:43	60.10	6499	1941	1932
545	00:44:43	60.17	6499	1941	1932
546	00:45:43	60.11	6499	1940	1931
547	00:46:43	60.08	6499	1939	1931
548	00:47:43	60.12	6499	1938	1930
549	00:48:44	60.14	6499	1938	1930
550	00:49:44	60.08	6499	1937	1928
551	00:50:44	60.09	6499	1936	1927
552	00:51:44	60.12	6499	1936	1927
553	00:52:44	60.09	6499	1935	1926
554	00:53:44	60.12	6499	1934	1926
555	00:54:44	60.13	6499	1933	1925
556	00:55:44	60.12	6499	1933	1924
557	00:56:44	60.12	6499	1932	1923
558	00:57:45	60.13	6499	1931	1922
559	00:58:45	60.12	6499	1930	1922
560	00:59:45	60.08	6499	1930	1921
561	01:00:45	60.16	6499	1929	1920
562	01:01:45	60.13	6499	1928	1920
563	01:02:45	60.13	6499	1928	1920
564	01:03:45	60.11	6499	1927	1919
565	01:04:45	60.08	6499	1926	1918
566	01:05:46	60.08	6499	1925	1918
567	01:06:46	60.09	6499	1925	1917
568	01:07:46	60.13	6499	1924	1916
569	01:08:46	60.13	6499	1923	1915
570	01:09:46	60.16	6499	1922	1915
571	01:10:46	60.13	6499	1922	1914
572	01:11:46	60.13	6499	1921	1913
573	01:12:46	60.11	6499	1920	1912
574	01:13:47	60.09	6499	1920	1911
575	01:14:47	60.08	6499	1919	1911
576	01:15:47	60.09	6499	1918	1910
577	01:16:47	60.12	6499	1917	1909
578	01:17:47	60.09	6499	1917	1909
579	01:18:47	60.09	6499	1916	1908
580	01:19:47	60.06	6499	1916	1907
581	01:20:47	60.10	6499	1915	1907
582	01:21:47	19.86	6499	1914	1906
583	01:22:07	60.05	6499	1914	1905
584	01:23:07	60.15	6499	1913	1905
585	01:24:07	60.12	6499	1912	1904
586	01:25:07	60.12	6499	1912	1904
587	01:26:08	60.17	6499	1911	1903
588	01:27:08	60.09	6499	1911	1902
589	01:28:08	38.24	6499	1910	1902
590	01:28:46	60.17	6499	1909	1902
591	01:29:46	17.73	6499	1909	1901
592	01:30:04	10.08	6499	1908	1901
593	01:30:14	60.15	6499	1907	1900
594	01:31:14	60.16	6499	1906	1899
595	01:32:14	60.14	6499	1906	1898
596	01:33:14	60.11	6499	1905	1898
597	01:34:15	60.11	6499	1904	1897
598	01:35:15	60.15	6499	1903	1896
599	01:36:15	60.08	6499	1903	1896
600	01:37:15	60.11	6499	1903	1896
601	01:38:15	60.12	6499	1903	1896
602	01:39:15	60.15	6499	1902	1895
603	01:40:15	57.52	6499	1901	1894
604	01:41:13	10.12	6499	1900	1894
605	01:41:23	10.01	6499	1900	1893
606	01:41:33	10.01	6499	1899	1892
607	01:41:43	60.07	6499	1898	1892
608	01:42:43	60.14	6499	1898	1891
609	01:43:43	60.16	6499	1897	1890
610	01:44:43	60.12	6499	1896	1890
611	01:45:43	60.12	6499	1896	1889
612	01:46:44	60.16	6499	1895	1888
613	01:47:44	60.11	6499	1894	1887
614	01:48:44	60.10	6499	1894	1887
615	01:49:44	60.08	6499	1893	1887
616	01:50:44	60.09	6499	1892	1886
617	01:51:44	60.12	6499	1892	1885
618	01:52:44	60.14	6499	1891	1884
619	01:53:44	60.16	6499	1890	1884
620	01:54:45	28.10	6499	1890	1883
621	01:55:13	60.35	6499	1889	1882
622	01:56:13	60.11	6499	1888	1882
623	01:57:13	60.08	6499	1888	1881
624	01:58:13	60.15	6499	1887	1881
625	01:59:13	60.13	6499	1886	1880
626	02:00:13	60.16	6499	1886	1880
627	02:01:14	60.13	6499	1885	1880
628	02:02:14	60.13	6499	1885	1879
629	02:03:14	60.12	6499	1884	1878
630	02:04:14	60.11	6499	1883	1878
631	02:05:14	60.17	6499	1883	1876
632	02:06:14	33.67	6499	1882	1876
633	02:06:48	10.60	6499	1881	1875
634	02:06:59	10.05	6499	1881	1874
635	02:07:09	60.07	6499	1880	1874
636	02:08:09	60.16	6499	1879	1873
637	02:09:09	60.10	6499	1879	1872
638	02:10:09	60.15	6499	1878	1872
639	02:11:09	60.12	6499	1877	1872
640	02:12:09	60.08	6499	1877	1871
641	02:13:09	60.12	6499	1876	1870
642	02:14:09	60.15	6499	1875	1870
643	02:15:10	60.13	6499	1875	1869
644	02:16:10	60.08	6499	1874	1868
645	02:17:10	50.99	6499	1873	1867
646	02:18:01	60.03	6499	1873	1867
647	02:19:01	60.13	6499	1872	1866
648	02:20:01	60.14	6499	1871	1866
649	02:21:01	60.12	6499	1871	1865
650	02:22:01	60.14	6499	1870	1864
651	02:23:01	60.12	6499	1866	1861
652	02:24:01	60.13	6499	1869	1863
653	02:25:02	60.15	6499	1868	1862
654	02:26:02	60.14	6499	1867	1861
655	02:27:02	60.11	6499	1866	1860
656	02:28:02	60.12	6499	1866	1860
657	02:29:02	60.13	6499	1865	1859
658	02:30:02	60.10	6499	1864	1859
659	02:31:02	60.12	6499	1864	1858
660	02:32:02	60.15	6499	1863	1858
661	02:33:03	60.15	6499	1862	1857
662	02:34:03	60.07	6499	1862	1856
663	02:35:03	60.12	6499	1861	1856
664	02:36:03	60.12	6499	1860	1855
665	02:37:03	60.17	6499	1860	1854
666	02:38:03	60.11	6499	1859	1854
667	02:39:03	60.13	6499	1858	1853
668	02:40:03	60.08	6499	1858	1853
669	02:41:04	60.17	6499	1857	1852
670	02:42:04	60.11	6499	1856	1851
671	02:43:04	60.17	6499	1856	1850
672	02:44:04	60.17	6499	1855	1850
673	02:45:04	60.10	6499	1855	1849
674	02:46:04	60.13	6499	1854	1848
675	02:47:04	60.12	6499	1853	1847
676	02:48:05	60.07	6499	1852	1847
677	02:49:05	60.13	6499	1852	1847
678	02:50:05	60.11	6499	1851	1846
679	02:51:05	60.11	6499	1851	1846
680	02:52:05	60.12	6499	1850	1845
681	02:53:05	60.08	6499	1849	1844
682	02:54:05	60.07	6499	1849	1844
683	02:55:05	60.13	6499	1848	1843
684	02:56:05	60.09	6499	1847	1842
685	02:57:05	60.16	6499	1847	1841
686	02:58:06	60.14	6499	1846	1840
687	02:59:06	60.12	6499	1845	1840
688	03:00:06	60.12	6499	1845	1840
689	03:01:06	60.13	6499	1844	1839
690	03:02:06	60.08	6499	1843	1838
691	03:03:06	60.08	6499	1843	1838
692	03:04:06	60.16	6499	1842	1838
693	03:05:06	60.12	6499	1841	1837
694	03:06:07	60.11	6499	1841	1836
695	03:07:07	60.11	6499	1840	1836
696	03:08:07	60.10	6499	1839	1834
697	03:09:07	60.07	6499	1839	1835
698	03:10:07	60.18	6499	1838	1834
699	03:11:07	60.08	6499	1837	1833
700	03:12:07	60.14	6499	1837	1832
701	03:13:07	60.17	6499	1836	1832
702	03:14:08	60.08	6499	1835	1831
703	03:15:08	60.13	6499	1835	1830
704	03:16:08	60.11	6499	1834	1830
705	03:17:08	60.06	6499	1833	1829
706	03:18:08	60.08	6499	1833	1829
707	03:19:08	60.12	6499	1832	1828
708	03:20:08	60.10	6499	1831	1828
709	03:21:08	60.11	6499	1831	1827
710	03:22:08	60.13	6499	1830	1827
711	03:23:08	60.10	6499	1829	1826
712	03:24:09	60.11	6499	1829	1825
713	03:25:09	60.17	6499	1828	1824
714	03:26:09	60.10	6499	1828	1824
715	03:27:09	60.12	6499	1827	1824
716	03:28:09	60.13	6499	1826	1823
717	03:29:09	60.14	6499	1826	1822
718	03:30:09	60.11	6499	1825	1821
719	03:31:09	60.12	6499	1824	1820
720	03:32:10	60.13	6499	1824	1820
721	03:33:10	60.13	6499	1823	1819
722	03:34:10	60.11	6499	1822	1819
723	03:35:10	60.07	6499	1822	1818
724	03:36:10	53.04	6499	1821	1818
725	03:37:03	60.42	6499	1821	1817
726	03:38:03	60.08	6499	1820	1816
727	03:39:04	60.11	6499	1819	1816
728	03:40:04	60.16	6499	1819	1816
729	03:41:04	60.17	6499	1818	1815
730	03:42:04	60.08	6499	1818	1814
731	03:43:04	27.42	6499	1817	1814
732	03:43:31	60.22	6499	1816	1813
733	03:44:32	60.13	6499	1816	1813
734	03:45:32	60.17	6499	1815	1812
735	03:46:32	60.13	6499	1814	1811
736	03:47:32	60.11	6499	1814	1811
737	03:48:32	60.12	6499	1813	1810
738	03:49:32	60.15	6499	1812	1809
739	03:50:33	60.09	6499	1812	1808
740	03:51:33	60.06	6499	1811	1807
741	03:52:33	60.09	6499	1810	1807
742	03:53:33	60.11	6499	1810	1807
743	03:54:33	60.13	6499	1809	1806
744	03:55:33	60.12	6499	1809	1806
745	03:56:33	60.08	6499	1808	1805
746	03:57:33	60.09	6499	1807	1804
747	03:58:33	60.12	6499	1807	1804
748	03:59:33	60.11	6499	1806	1803
749	04:00:34	60.16	6499	1805	1803
750	04:01:34	60.09	6499	1805	1802
751	04:02:34	60.06	6499	1804	1802
752	04:03:34	60.14	6499	1803	1799
753	04:04:34	60.11	6499	1803	1801
754	04:05:34	60.10	6499	1802	1800
755	04:06:34	60.07	6499	1802	1799
756	04:07:34	60.12	6499	1801	1799
757	04:08:34	60.16	6499	1801	1798
758	04:09:35	60.15	6499	1800	1798
759	04:10:35	60.12	6499	1800	1797
760	04:11:35	60.08	6499	1799	1796
761	04:12:35	60.13	6499	1798	1795
762	04:13:35	60.16	6499	1798	1795
763	04:14:35	16.74	6499	1797	1795
764	04:14:52	60.19	6499	1796	1794
765	04:15:52	60.08	6499	1795	1793
766	04:16:52	60.15	6499	1795	1792
767	04:17:52	60.10	6499	1794	1792
768	04:18:52	60.15	6499	1794	1791
769	04:19:53	60.11	6499	1793	1791
770	04:20:53	60.09	6499	1792	1790
771	04:21:53	60.16	6499	1792	1789
772	04:22:53	60.11	6499	1791	1789
773	04:23:53	60.13	6499	1791	1789
774	04:24:53	60.11	6499	1790	1788
775	04:25:53	60.10	6499	1789	1788
776	04:26:53	60.08	6499	1789	1787
777	04:27:53	60.08	6499	1788	1787
778	04:28:54	60.13	6499	1787	1786
779	04:29:54	60.19	6499	1787	1786
780	04:30:54	60.26	6499	1786	1785
781	04:31:54	60.25	6499	1786	1785
782	04:32:54	60.12	6499	1785	1784
783	04:33:54	60.07	6499	1784	1783
784	04:34:55	60.08	6499	1784	1783
785	04:35:55	60.07	6499	1783	1782
786	04:36:55	60.10	6499	1782	1782
787	04:37:55	60.11	6499	1782	1781
788	04:38:55	60.11	6499	1781	1781
789	04:39:55	60.12	6499	1781	1779
790	04:40:55	60.09	6499	1780	1779
791	04:41:55	60.17	6499	1779	1778
792	04:42:55	60.16	6499	1779	1778
793	04:43:56	60.07	6499	1778	1777
794	04:44:56	60.12	6499	1778	1777
795	04:45:56	60.14	6499	1777	1777
796	04:46:56	60.26	6499	1776	1776
797	04:47:56	60.17	6499	1776	1776
798	04:48:56	60.16	6499	1775	1775
799	04:49:56	60.15	6499	1774	1774
800	04:50:57	60.15	6499	1774	1774
801	04:51:57	60.13	6499	1773	1773
802	04:52:57	60.12	6499	1773	1773
803	04:53:57	60.18	6499	1772	1772
804	04:54:57	60.14	6499	1771	1772
805	04:55:57	60.13	6499	1771	1772
806	04:56:57	60.11	6499	1770	1770
807	04:57:58	60.18	6499	1770	1770
808	04:58:58	60.11	6499	1769	1769
809	04:59:58	60.14	6499	1768	1769
810	05:00:58	60.10	6499	1768	1768
811	05:01:58	60.08	6499	1767	1767
812	05:02:58	60.08	6499	1767	1767
813	05:03:58	60.14	6499	1767	1766
814	05:04:58	59.54	6499	1766	1766
815	05:05:58	60.16	6499	1765	1766
816	05:06:58	60.10	6499	1765	1765
817	05:07:58	60.22	6499	1764	1765
818	05:08:58	60.12	6499	1764	1764
819	05:09:59	14.46	6499	1763	1763
820	05:10:13	60.22	6499	1762	1763
821	05:11:13	60.10	6499	1762	1762
822	05:12:13	60.11	6499	1761	1762
823	05:13:13	60.13	6499	1761	1761
824	05:14:14	60.15	6499	1760	1760
825	05:15:14	60.08	6499	1759	1760
826	05:16:14	60.07	6499	1759	1759
827	05:17:14	60.10	6499	1758	1758
828	05:18:14	60.11	6499	1758	1758
829	05:19:14	60.11	6499	1757	1758
830	05:20:14	60.08	6499	1756	1757
831	05:21:14	60.11	6499	1756	1756
832	05:22:14	60.11	6499	1755	1756
833	05:23:14	60.15	6499	1755	1755
834	05:24:15	60.12	6499	1754	1755
835	05:25:15	60.11	6499	1754	1754
836	05:26:15	60.12	6499	1753	1753
837	05:27:15	60.07	6499	1752	1753
838	05:28:15	60.08	6499	1752	1752
839	05:29:15	60.08	6499	1751	1751
840	05:30:15	60.08	6499	1751	1751
841	05:31:15	60.11	6499	1750	1751
842	05:32:15	60.14	6499	1749	1750
843	05:33:16	60.11	6499	1749	1750
844	05:34:16	60.14	6499	1748	1749
845	05:35:16	60.10	6499	1748	1748
846	05:36:16	60.17	6499	1747	1748
847	05:37:16	60.16	6499	1747	1747
848	05:38:16	60.16	6499	1746	1746
849	05:39:16	60.11	6499	1745	1746
850	05:40:17	60.14	6499	1745	1745
851	05:41:17	60.12	6499	1744	1745
852	05:42:17	60.17	6499	1744	1744
853	05:43:17	60.13	6499	1743	1744
854	05:44:17	60.17	6499	1743	1743
855	05:45:17	60.11	6499	1742	1743
856	05:46:17	60.08	6499	1741	1742
857	05:47:17	60.13	6499	1741	1742
858	05:48:18	60.13	6499	1740	1741
859	05:49:18	60.14	6499	1740	1741
860	05:50:18	60.13	6499	1739	1740
861	05:51:18	60.17	6499	1739	1740
862	05:52:18	60.13	6499	1738	1740
863	05:53:18	60.15	6499	1737	1739
864	05:54:18	60.12	6499	1737	1738
865	05:55:19	60.08	6499	1737	1738
866	05:56:19	60.13	6499	1736	1738
867	05:57:19	60.16	6499	1736	1737
868	05:58:19	52.89	6499	1735	1736
869	05:59:12	60.09	6499	1735	1736
870	06:00:12	60.11	6499	1734	1735
871	06:01:12	27.84	6499	1733	1735
872	06:01:40	16.21	6499	1733	1734
873	06:01:56	60.17	6499	1732	1734
874	06:02:56	60.13	6499	1732	1734
875	06:03:56	60.10	6499	1731	1733
876	06:04:56	60.17	6499	1731	1732
877	06:05:57	60.08	6499	1730	1732
878	06:06:57	60.13	6499	1729	1731
879	06:07:57	60.17	6499	1729	1730
880	06:08:57	60.14	6499	1728	1729
881	06:09:57	60.15	6499	1728	1729
882	06:10:57	60.16	6499	1727	1729
883	06:11:57	60.09	6499	1727	1728
884	06:12:58	60.12	6499	1726	1727
885	06:13:58	60.10	6499	1725	1727
886	06:14:58	60.09	6499	1725	1726
887	06:15:58	60.11	6499	1724	1726
888	06:16:58	60.12	6499	1724	1725
889	06:17:58	60.08	6499	1723	1725
890	06:18:58	60.07	6499	1723	1724
891	06:19:58	60.13	6499	1722	1724
892	06:20:58	60.13	6499	1722	1724
893	06:21:58	60.17	6499	1721	1723
894	06:22:59	60.10	6499	1720	1722
895	06:23:59	60.10	6499	1720	1722
896	06:24:59	60.08	6499	1719	1721
897	06:25:59	60.09	6499	1719	1721
898	06:26:59	60.15	6499	1718	1720
899	06:27:59	60.11	6499	1718	1720
900	06:28:59	60.14	6499	1717	1719
901	06:29:59	60.08	6499	1717	1719
902	06:31:00	60.11	6499	1716	1718
903	06:32:00	60.14	6499	1715	1717
904	06:33:00	60.15	6499	1715	1717
905	06:34:00	60.13	6499	1714	1716
906	06:35:00	60.16	6499	1714	1716
907	06:36:00	50.35	6499	1713	1715
908	06:36:51	60.12	6499	1713	1715
909	06:37:51	60.17	6499	1712	1714
910	06:38:51	60.14	6499	1712	1713
911	06:39:51	60.17	6499	1711	1713
912	06:40:51	60.10	6499	1710	1713
913	06:41:51	60.08	6499	1710	1712
914	06:42:51	60.17	6499	1709	1712
915	06:43:51	60.12	6499	1709	1711
916	06:44:52	60.16	6499	1708	1711
917	06:45:52	60.14	6499	1708	1710
918	06:46:52	60.10	6499	1707	1709
919	06:47:52	60.12	6499	1707	1709
920	06:48:52	60.17	6499	1706	1709
921	06:49:52	60.07	6499	1705	1708
922	06:50:52	60.07	6499	1705	1708
923	06:51:52	60.07	6499	1704	1707
924	06:52:53	60.13	6499	1704	1707
925	06:53:53	60.16	6499	1703	1707
926	06:54:53	60.14	6499	1703	1706
927	06:55:53	60.15	6499	1702	1705
928	06:56:53	60.12	6499	1702	1705
929	06:57:53	60.13	6499	1701	1704
930	06:58:53	60.12	6499	1700	1703
931	06:59:53	60.17	6499	1700	1703
932	07:00:54	60.10	6499	1699	1702
933	07:01:54	60.14	6499	1699	1701
934	07:02:54	60.14	6499	1698	1701
935	07:03:54	60.11	6499	1698	1701
936	07:04:54	60.11	6499	1697	1700
937	07:05:54	60.11	6499	1697	1700
938	07:06:54	60.08	6499	1696	1699
939	07:07:54	60.15	6499	1696	1698
940	07:08:55	60.08	6499	1695	1698
941	07:09:55	60.15	6499	1694	1698
942	07:10:55	60.13	6499	1694	1697
943	07:11:55	60.14	6499	1693	1697
944	07:12:55	60.10	6499	1693	1696
945	07:13:55	60.09	6499	1692	1696
946	07:14:55	60.12	6499	1692	1695
947	07:15:55	60.11	6499	1691	1694
948	07:16:55	60.12	6499	1691	1694
949	07:17:56	60.15	6499	1690	1694
950	07:18:56	60.14	6499	1689	1693
951	07:19:56	60.14	6499	1689	1693
952	07:20:56	60.06	6499	1688	1692
953	07:21:56	60.11	6499	1688	1692
954	07:22:56	60.13	6499	1687	1691
955	07:23:56	60.10	6499	1687	1691
956	07:24:56	60.09	6499	1686	1690
957	07:25:57	60.13	6499	1686	1690
958	07:26:57	60.09	6499	1685	1689
959	07:27:57	60.14	6499	1685	1689
960	07:28:57	60.11	6499	1684	1688
961	07:29:57	60.11	6499	1683	1688
962	07:30:57	60.15	6499	1683	1687
963	07:31:57	60.11	6499	1682	1687
964	07:32:57	60.12	6499	1682	1686
965	07:33:58	60.12	6499	1681	1685
966	07:34:58	60.11	6499	1681	1685
967	07:35:58	60.12	6499	1680	1684
968	07:36:58	60.11	6499	1680	1683
969	07:37:58	60.14	6499	1679	1683
970	07:38:58	60.12	6499	1679	1683
971	07:39:58	60.08	6499	1678	1682
972	07:40:58	60.15	6499	1677	1681
973	07:41:58	60.14	6499	1677	1681
974	07:42:59	60.13	6499	1676	1681
975	07:43:59	60.09	6499	1676	1680
976	07:44:59	60.12	6499	1675	1680
977	07:45:59	60.12	6499	1675	1679
978	07:46:59	60.11	6499	1674	1678
979	07:47:59	60.15	6499	1674	1678
980	07:48:59	10.01	6499	1673	1677
981	07:49:09	59.63	6499	1673	1677
982	07:50:09	60.11	6499	1672	1676
983	07:51:09	60.13	6499	1672	1676
984	07:52:09	60.13	6499	1671	1676
985	07:53:09	60.09	6499	1670	1675
986	07:54:09	60.12	6499	1670	1674
987	07:55:10	60.08	6499	1669	1674
988	07:56:10	60.15	6499	1669	1673
989	07:57:10	60.13	6499	1668	1672
990	07:58:10	60.16	6499	1668	1672
991	07:59:10	60.13	6499	1667	1672
992	08:00:10	60.12	6499	1667	1671
993	08:01:10	60.15	6499	1666	1670
994	08:02:10	60.14	6499	1666	1670
995	08:03:11	60.13	6499	1666	1669
996	08:04:11	60.12	6499	1666	1670
997	08:05:11	60.10	6499	1665	1669
998	08:06:11	60.12	6499	1665	1669
999	08:07:11	60.16	6499	1665	1669
1000	08:08:11	60.07	6499	1664	1668
1001	08:09:11	60.16	6499	1663	1667
1002	08:10:11	28.72	6499	1663	1667
1003	08:10:40	10.13	6499	1662	1666
1004	08:10:50	10.01	6499	1662	1665
1005	08:11:00	17.02	6499	1661	1665
1006	08:11:17	60.18	6499	1661	1665
1007	08:12:18	60.12	6499	1660	1664
1008	08:13:18	60.12	6499	1660	1664
1009	08:14:18	60.16	6499	1659	1663
1010	08:15:18	60.17	6499	1659	1663
1011	08:16:18	60.13	6499	1658	1662
1012	08:17:18	60.08	6499	1658	1661
1013	08:18:18	60.13	6499	1657	1661
1014	08:19:18	60.12	6499	1657	1660
1015	08:20:19	60.14	6499	1656	1660
1016	08:21:19	60.08	6499	1656	1659
1017	08:22:19	60.15	6499	1655	1658
1018	08:23:19	60.13	6499	1655	1658
1019	08:24:19	60.17	6499	1654	1658
1020	08:25:19	60.11	6499	1653	1657
1021	08:26:19	60.14	6499	1653	1656
1022	08:27:19	60.12	6499	1652	1655
1023	08:28:20	60.10	6499	1652	1655
1024	08:29:20	60.11	6499	1651	1654
1025	08:30:20	60.11	6499	1651	1654
1026	08:31:20	60.11	6499	1650	1653
1027	08:32:20	60.10	6499	1650	1653
1028	08:33:20	60.10	6499	1649	1653
1029	08:34:20	60.17	6499	1649	1652
1030	08:35:20	60.10	6499	1648	1652
1031	08:36:21	60.16	6499	1648	1651
1032	08:37:21	60.11	6499	1647	1650
1033	08:38:21	60.09	6499	1647	1650
1034	08:39:21	60.15	6499	1646	1649
1035	08:40:21	60.13	6499	1646	1649
1036	08:41:21	60.14	6499	1645	1648
1037	08:42:21	60.11	6499	1645	1648
1038	08:43:21	60.17	6499	1644	1647
1039	08:44:22	60.15	6499	1644	1647
1040	08:45:22	60.15	6499	1643	1646
1041	08:46:22	60.16	6499	1643	1646
1042	08:47:22	60.08	6499	1642	1646
1043	08:48:22	60.13	6499	1642	1646
1044	08:49:22	60.08	6499	1641	1645
1045	08:50:22	60.14	6499	1640	1644
1046	08:51:22	60.13	6499	1640	1644
1047	08:52:23	60.12	6499	1639	1644
1048	08:53:23	60.08	6499	1639	1643
1049	08:54:23	60.13	6499	1638	1642
1050	08:55:23	60.13	6499	1638	1642
1051	08:56:23	60.15	6499	1637	1641
1052	08:57:23	60.11	6499	1637	1641
1053	08:58:23	60.10	6499	1636	1640
1054	08:59:23	60.07	6499	1636	1640
1055	09:00:23	60.10	6499	1635	1639
1056	09:01:24	60.08	6499	1635	1638
1057	09:02:24	60.07	6499	1634	1638
1058	09:03:24	60.10	6499	1634	1638
1059	09:04:24	60.12	6499	1633	1637
1060	09:05:24	60.15	6499	1633	1637
1061	09:06:24	60.12	6499	1632	1636
1062	09:07:24	60.16	6499	1632	1635
1063	09:08:24	60.12	6499	1631	1635
1064	09:09:25	60.08	6499	1631	1635
1065	09:10:25	60.09	6499	1630	1634
1066	09:11:25	60.11	6499	1630	1634
1067	09:12:25	60.07	6499	1629	1633
1068	09:13:25	60.11	6499	1629	1633
1069	09:14:25	60.12	6499	1628	1632
1070	09:15:25	60.18	6499	1628	1631
1071	09:16:25	32.83	6499	1627	1631
1072	09:16:58	60.12	6499	1627	1630
1073	09:17:58	60.13	6499	1626	1630
1074	09:18:58	60.15	6499	1626	1630
1075	09:19:59	60.13	6499	1625	1629
1076	09:20:59	60.12	6499	1625	1628
1077	09:21:59	60.15	6499	1624	1628
1078	09:22:59	60.11	6499	1624	1628
1079	09:23:59	60.15	6499	1624	1628
1080	09:24:59	60.13	6499	1623	1627
1081	09:25:59	60.09	6499	1623	1627
1082	09:26:59	60.16	6499	1623	1626
1083	09:28:00	60.12	6499	1622	1625
1084	09:29:00	60.15	6499	1622	1625
1085	09:30:00	60.12	6499	1621	1624
1086	09:31:00	60.12	6499	1621	1624
1087	09:32:00	25.83	6499	1620	1623
1088	09:32:26	60.15	6499	1620	1623
1089	09:33:26	10.01	6499	1619	1623
1090	09:33:36	60.08	6499	6.413	4.981
1091	09:34:36	60.12	6499	0	0
1092	09:35:36	60.10	6499	0	0
1093	09:36:36	60.07	6499	0	0
1094	09:37:36	60.07	6499	0	0
1095	09:38:36	60.14	6499	0	0
1096	09:39:37	60.16	6499	0	0
1097	09:40:37	43.02	6499	0	0
1098	09:41:20	60.45	6499	0	0
1099	09:42:20	60.16	6499	0	0
1100	09:43:20	60.16	6499	0	0
1101	09:44:21	60.14	6499	0	0
1102	09:45:21	37.52	6499	-1	-1
1103	09:45:58	60.23	6499	0	0
1104	09:46:58	60.10	6499	0	0
1105	09:47:59	60.20	6501	0	0
1106	09:48:59	60.11	6501	0	0
1107	09:49:59	60.11	6501	0	0
1108	09:50:59	60.13	6501	0	0
1109	09:51:59	60.12	6501	0	0
1110	09:52:59	60.16	6478	0	0
1111	09:53:59	24.42	6341	0	0
Created by AtlRunQuery on: 2018-08-29 15:05:46.828678
