LHC beam energy and intensities during run 309039:
(Begin/end of run: Wed Sep 21 2016 00:50:06 − Thu Sep 22, 01:06:30)

LB	   Start time
(CEST)	   Duration
(sec)	   Beam energy
(GeV)	   Intensity Beam-1
(1e11 protons)	   Intensity Beam-2
(1e11 protons)
1	00:50:06	60.14	450	2.627	2.844
2	00:51:06	60.25	450	2.626	2.844
3	00:52:06	46.01	450	2.626	2.843
4	00:52:52	21.92	449	2.625	2.843
5	00:53:14	60.18	450	2.625	2.843
6	00:54:14	60.17	450	2.624	2.843
7	00:55:15	60.15	450	2.623	2.843
8	00:56:15	10.03	450	2.623	2.842
9	00:56:25	60.12	450	2.622	2.842
10	00:57:25	60.17	450	2.622	2.842
11	00:58:25	60.15	450	2.621	2.842
12	00:59:25	60.14	450	2.62	2.841
13	01:00:25	60.07	450	2.619	2.841
14	01:01:25	60.08	450	0.317	0.3439
15	01:02:26	60.17	450	0	0
16	01:03:26	60.16	450	0	0
17	01:04:26	33.52	450	0	0
18	01:04:59	60.17	450	0	0
19	01:06:00	60.12	450	0	0
20	01:07:00	60.14	450	0	0
21	01:08:00	60.10	450	0	0
22	01:09:00	60.08	450	0	0
23	01:10:00	60.16	450	0	0
24	01:11:00	60.13	449	0	0
25	01:12:00	60.16	450	0	0
26	01:13:00	60.12	450	0	0
27	01:14:01	60.10	450	0	0
28	01:15:01	60.15	450	0	0
29	01:16:01	60.15	450	0	0
30	01:17:01	60.09	450	0	0
31	01:18:01	60.13	450	0	0
32	01:19:01	60.14	450	0	0
33	01:20:01	60.08	450	0	0
34	01:21:01	60.13	450	0	0
35	01:22:02	60.12	450	0	0
36	01:23:02	60.18	450	0	0
37	01:24:02	60.12	450	0	0
38	01:25:02	60.08	450	0	0
39	01:26:02	60.14	450	0	0
40	01:27:02	60.12	450	0	0
41	01:28:02	60.12	450	0	0
42	01:29:02	60.13	449	0	0
43	01:30:03	60.10	450	0	0
44	01:31:03	60.17	450	0	0
45	01:32:03	60.14	450	0	0
46	01:33:03	60.17	450	0	0
47	01:34:03	60.12	450	0.1535	0.5486
48	01:35:03	60.16	450	0.5049	0.8713
49	01:36:03	60.11	450	0.5048	1.219
50	01:37:04	60.12	450	0.5046	1.64
51	01:38:04	60.13	450	0.6202	2.144
52	01:39:04	60.17	450	1.01	2.487
53	01:40:04	60.17	450	1.566	2.727
54	01:41:04	60.17	450	2.338	2.727
55	01:42:04	60.14	450	2.604	2.727
56	01:43:04	60.12	450	2.603	2.727
57	01:44:05	60.18	450	2.602	2.726
58	01:45:05	60.15	450	2.602	2.726
59	01:46:05	60.13	452	2.602	2.726
60	01:47:05	10.01	508	2.601	2.725
61	01:47:15	60.15	525	2.602	2.725
62	01:48:15	60.14	665	2.602	2.724
63	01:49:15	60.19	869	2.602	2.724
64	01:50:15	10.05	1136	2.602	2.723
65	01:50:26	60.07	1193	2.602	2.723
66	01:51:26	60.10	1536	2.601	2.722
67	01:52:26	60.14	1883	2.601	2.723
68	01:53:26	60.16	2230	2.601	2.723
69	01:54:26	60.12	2578	2.601	2.723
70	01:55:26	60.11	2925	2.601	2.723
71	01:56:26	60.17	3273	2.601	2.723
72	01:57:26	60.14	3620	2.601	2.723
73	01:58:27	60.13	3973	2.601	2.723
74	01:59:27	60.10	4321	2.601	2.723
75	02:00:27	60.15	4668	2.601	2.723
76	02:01:27	60.10	5016	2.601	2.723
77	02:02:27	60.13	5363	2.601	2.723
78	02:03:27	60.13	5710	2.601	2.723
79	02:04:27	60.15	6058	2.601	2.723
80	02:05:27	44.06	6405	2.601	2.723
81	02:06:11	10.06	6499	2.601	2.723
82	02:06:22	60.46	6499	2.601	2.723
83	02:07:22	60.14	6499	2.601	2.723
84	02:08:22	60.15	6499	2.601	2.723
85	02:09:22	60.15	6499	2.601	2.723
86	02:10:22	60.19	6499	2.601	2.723
87	02:11:23	60.11	6499	2.601	2.723
88	02:12:23	60.18	6499	2.601	2.723
89	02:13:23	60.09	6499	2.601	2.723
90	02:14:23	60.11	6499	2.601	2.723
91	02:15:23	60.10	6499	2.601	2.723
92	02:16:23	60.18	6499	2.601	2.723
93	02:17:23	60.13	6499	2.601	2.723
94	02:18:24	60.17	6499	2.601	2.723
95	02:19:24	60.16	6499	2.601	2.723
96	02:20:24	60.09	6499	2.601	2.723
97	02:21:24	60.11	6499	2.601	2.723
98	02:22:24	60.12	6499	2.601	2.722
99	02:23:24	60.13	6499	2.601	2.722
100	02:24:24	60.13	6499	2.601	2.722
101	02:25:24	60.16	6499	2.601	2.722
102	02:26:25	60.16	6499	2.6	2.722
103	02:27:25	60.13	6499	2.6	2.722
104	02:28:25	60.12	6499	2.6	2.722
105	02:29:25	60.16	6499	2.6	2.722
106	02:30:25	60.14	6499	2.6	2.722
107	02:31:25	60.12	6499	2.6	2.722
108	02:32:25	60.13	6499	2.6	2.722
109	02:33:26	60.19	6499	2.6	2.722
110	02:34:26	60.15	6499	2.6	2.722
111	02:35:26	60.13	6499	2.6	2.722
112	02:36:26	60.11	6499	2.6	2.722
113	02:37:26	60.11	6499	2.6	2.722
114	02:38:26	60.13	6499	2.6	2.722
115	02:39:26	60.15	6499	2.6	2.722
116	02:40:27	60.08	6499	2.6	2.722
117	02:41:27	60.13	6499	2.6	2.722
118	02:42:27	60.19	6499	2.6	2.722
119	02:43:27	60.13	6499	2.6	2.722
120	02:44:27	60.10	6499	2.6	2.722
121	02:45:27	60.18	6499	2.6	2.722
122	02:46:27	60.12	6499	2.6	2.722
123	02:47:27	60.14	6499	2.6	2.721
124	02:48:28	60.18	6499	2.6	2.721
125	02:49:28	60.16	6499	2.6	2.721
126	02:50:28	60.17	6499	2.6	2.721
127	02:51:28	60.16	6499	2.6	2.721
128	02:52:28	60.12	6499	2.6	2.721
129	02:53:28	60.11	6499	2.6	2.721
130	02:54:28	60.18	6499	2.6	2.721
131	02:55:29	60.13	6499	2.6	2.72
132	02:56:29	60.12	6499	2.6	2.72
133	02:57:29	60.13	6499	2.6	2.72
134	02:58:29	60.12	6499	2.6	2.719
135	02:59:29	60.07	6499	2.6	2.719
136	03:00:29	60.12	6499	2.6	2.719
137	03:01:29	60.12	6499	2.6	2.718
138	03:02:29	60.09	6499	2.6	2.718
139	03:03:30	60.12	6499	2.6	2.718
140	03:04:30	60.12	6499	2.6	2.717
141	03:05:30	60.16	6499	2.6	2.717
142	03:06:30	60.16	6499	2.6	2.717
143	03:07:30	60.14	6499	2.6	2.717
144	03:08:30	60.13	6499	2.6	2.716
145	03:09:30	60.13	6499	2.6	2.716
146	03:10:31	60.12	6499	2.599	2.716
147	03:11:31	60.08	6499	2.599	2.716
148	03:12:31	60.17	6499	2.599	2.716
149	03:13:31	60.10	6499	2.599	2.716
150	03:14:31	60.14	6499	2.599	2.715
151	03:15:31	60.15	6499	2.599	2.715
152	03:16:31	60.13	6499	2.599	2.715
153	03:17:31	60.12	6499	2.599	2.715
154	03:18:32	60.13	6499	2.599	2.715
155	03:19:32	60.13	6499	2.599	2.715
156	03:20:32	60.10	6499	2.599	2.714
157	03:21:32	60.09	6499	2.599	2.714
158	03:22:32	60.12	6499	2.599	2.714
159	03:23:32	60.13	6499	2.599	2.714
160	03:24:32	60.08	6499	2.599	2.714
161	03:25:32	60.16	6499	2.599	2.713
162	03:26:32	11.96	6499	2.599	2.713
163	03:26:44	60.41	6499	2.599	2.713
164	03:27:45	60.11	6499	2.599	2.713
165	03:28:45	60.16	6499	2.599	2.713
166	03:29:45	60.15	6499	2.599	2.713
167	03:30:45	60.13	6499	2.599	2.713
168	03:31:45	60.18	6499	2.599	2.712
169	03:32:46	60.12	6499	2.599	2.709
170	03:33:46	60.12	6499	2.599	2.706
171	03:34:46	60.13	6499	2.598	2.703
172	03:35:46	60.19	6499	2.598	2.701
173	03:36:46	60.16	6499	2.598	2.699
174	03:37:46	60.10	6499	2.598	2.698
175	03:38:46	60.14	6499	2.597	2.696
176	03:39:46	60.18	6499	2.597	2.694
177	03:40:47	60.07	6499	2.596	2.692
178	03:41:47	60.08	6499	2.596	2.691
179	03:42:47	60.14	6499	2.596	2.69
180	03:43:47	60.15	6499	2.595	2.688
181	03:44:47	60.16	6499	2.595	2.688
182	03:45:47	60.15	6499	2.594	2.687
183	03:46:47	60.12	6499	2.594	2.686
184	03:47:48	60.08	6499	2.594	2.685
185	03:48:48	60.12	6499	2.593	2.684
186	03:49:48	60.17	6499	2.593	2.683
187	03:50:48	60.12	6499	2.593	2.681
188	03:51:48	60.17	6499	2.592	2.675
189	03:52:48	60.12	6499	2.592	2.671
190	03:53:48	60.18	6499	2.592	2.67
191	03:54:48	60.12	6499	2.591	2.668
192	03:55:49	60.11	6499	2.591	2.665
193	03:56:49	60.13	6499	2.591	2.656
194	03:57:49	60.12	6499	2.59	2.653
195	03:58:49	60.09	6499	2.59	2.652
196	03:59:49	60.14	6499	2.59	2.65
197	04:00:49	60.13	6499	2.589	2.649
198	04:01:49	60.17	6499	2.589	2.648
199	04:02:50	60.16	6499	2.589	2.645
200	04:03:50	60.15	6499	2.588	2.641
201	04:04:50	60.13	6499	2.588	2.64
202	04:05:50	60.13	6499	2.588	2.639
203	04:06:50	60.16	6499	2.587	2.638
204	04:07:50	60.16	6499	2.587	2.637
205	04:08:50	60.08	6499	2.587	2.635
206	04:09:50	60.14	6499	2.586	2.634
207	04:10:51	60.14	6499	2.586	2.634
208	04:11:51	60.15	6499	2.585	2.633
209	04:12:51	60.11	6499	2.581	2.632
210	04:13:51	60.10	6499	2.567	2.631
211	04:14:51	60.15	6499	2.537	2.63
212	04:15:51	60.12	6499	2.515	2.629
213	04:16:51	60.13	6499	2.504	2.628
214	04:17:52	60.17	6499	2.495	2.627
215	04:18:52	60.14	6499	2.483	2.626
216	04:19:52	60.06	6499	2.458	2.626
217	04:20:52	60.13	6499	2.425	2.625
218	04:21:52	60.13	6499	2.41	2.624
219	04:22:52	60.16	6499	2.399	2.623
220	04:23:52	60.17	6499	2.39	2.622
221	04:24:53	60.09	6499	2.382	2.621
222	04:25:53	60.17	6499	2.375	2.621
223	04:26:53	60.14	6499	2.369	2.62
224	04:27:53	60.09	6499	2.363	2.619
225	04:28:53	60.09	6499	2.358	2.618
226	04:29:53	60.08	6499	2.353	2.618
227	04:30:53	60.22	6499	2.349	2.617
228	04:31:53	60.17	6499	2.344	2.616
229	04:32:54	60.16	6499	2.34	2.616
230	04:33:54	60.11	6499	2.337	2.615
231	04:34:54	60.16	6499	2.333	2.614
232	04:35:54	60.17	6499	2.33	2.614
233	04:36:54	60.13	6499	2.327	2.613
234	04:37:54	60.09	6499	2.324	2.612
235	04:38:54	60.14	6499	2.321	2.612
236	04:39:55	60.16	6499	2.318	2.611
237	04:40:55	60.17	6499	2.316	2.611
238	04:41:55	60.11	6499	2.313	2.61
239	04:42:55	60.10	6499	2.311	2.609
240	04:43:55	60.14	6499	2.308	2.609
241	04:44:55	60.10	6499	2.306	2.608
242	04:45:55	60.16	6499	2.304	2.607
243	04:46:55	60.17	6499	2.302	2.607
244	04:47:56	60.15	6499	2.3	2.606
245	04:48:56	60.17	6499	2.298	2.606
246	04:49:56	60.19	6499	2.296	2.605
247	04:50:56	60.16	6499	2.294	2.604
248	04:51:56	60.12	6499	2.293	2.604
249	04:52:56	60.14	6499	2.291	2.603
250	04:53:57	60.17	6499	2.289	2.602
251	04:54:57	60.17	6499	2.287	2.602
252	04:55:57	60.16	6499	2.286	2.601
253	04:56:57	60.16	6499	2.284	2.6
254	04:57:57	60.15	6499	2.282	2.6
255	04:58:57	60.08	6499	2.281	2.599
256	04:59:57	60.08	6499	2.279	2.599
257	05:00:58	60.15	6499	2.278	2.599
258	05:01:58	60.19	6499	2.276	2.599
259	05:02:58	60.19	6499	2.275	2.599
260	05:03:58	60.09	6499	2.274	2.598
261	05:04:58	60.16	6499	2.273	2.598
262	05:05:58	60.14	6499	2.272	2.598
263	05:06:58	60.14	6499	2.272	2.598
264	05:07:59	60.13	6499	2.272	2.598
265	05:08:59	60.15	6499	2.272	2.598
266	05:09:59	60.11	6499	2.272	2.598
267	05:10:59	60.12	6499	2.272	2.598
268	05:11:59	60.15	6499	2.271	2.598
269	05:12:59	60.12	6499	2.271	2.598
270	05:13:59	60.11	6499	2.271	2.598
271	05:14:59	60.13	6499	2.271	2.598
272	05:16:00	60.10	6499	2.271	2.598
273	05:17:00	60.14	6499	2.271	2.598
274	05:18:00	60.12	6499	2.271	2.598
275	05:19:00	12.08	6499	2.271	2.598
276	05:19:12	60.36	6499	2.271	2.598
277	05:20:12	60.10	6499	2.271	2.598
278	05:21:12	60.09	6499	2.271	2.598
279	05:22:13	60.11	6499	2.271	2.598
280	05:23:13	60.19	6499	2.271	2.598
281	05:24:13	60.13	6499	2.271	2.598
282	05:25:13	60.14	6499	2.271	2.598
283	05:26:13	60.09	6499	2.27	2.598
284	05:27:13	60.09	6499	2.27	2.598
285	05:28:13	60.18	6499	2.27	2.598
286	05:29:13	60.10	6499	2.27	2.598
287	05:30:14	60.12	6499	2.27	2.598
288	05:31:14	60.16	6499	2.27	2.598
289	05:32:14	60.09	6499	2.27	2.598
290	05:33:14	60.14	6499	2.27	2.597
291	05:34:14	60.08	6499	2.27	2.597
292	05:35:14	60.11	6499	2.27	2.597
293	05:36:14	12.34	6499	2.27	2.597
294	05:36:27	60.08	6499	2.27	2.597
295	05:37:27	60.17	6499	2.269	2.597
296	05:38:27	60.15	6499	2.269	2.597
297	05:39:27	60.13	6499	2.269	2.597
298	05:40:27	60.17	6499	2.269	2.597
299	05:41:27	60.12	6499	2.269	2.597
300	05:42:27	60.16	6499	2.269	2.597
301	05:43:28	60.13	6499	2.269	2.597
302	05:44:28	60.14	6499	2.269	2.597
303	05:45:28	60.14	6499	2.269	2.597
304	05:46:28	60.09	6499	2.269	2.597
305	05:47:28	60.17	6499	2.268	2.597
306	05:48:28	60.14	6499	2.268	2.597
307	05:49:28	60.49	6499	2.268	2.597
308	05:50:29	60.49	6499	2.268	2.597
309	05:51:29	60.19	6499	2.268	2.596
310	05:52:30	60.12	6499	2.268	2.596
311	05:53:30	60.16	6499	2.268	2.596
312	05:54:30	60.17	6499	2.267	2.596
313	05:55:30	60.17	6499	2.265	2.596
314	05:56:30	60.08	6499	2.264	2.594
315	05:57:30	60.08	6499	2.263	2.592
316	05:58:30	60.10	6499	2.262	2.591
317	05:59:30	60.16	6499	2.261	2.589
318	06:00:31	60.15	6499	2.26	2.589
319	06:01:31	60.17	6499	2.26	2.589
320	06:02:31	60.18	6499	2.26	2.589
321	06:03:31	27.31	6499	2.26	2.589
322	06:03:58	60.51	6499	2.26	2.589
323	06:04:59	60.12	6499	2.26	2.589
324	06:05:59	60.14	6499	2.26	2.589
325	06:06:59	60.16	6499	2.26	2.589
326	06:07:59	60.10	6499	2.26	2.589
327	06:08:59	60.12	6499	2.26	2.588
328	06:10:00	60.13	6499	2.26	2.589
329	06:11:00	60.17	6499	2.26	2.589
330	06:12:00	60.14	6499	2.26	2.588
331	06:13:00	60.12	6499	2.26	2.588
332	06:14:00	60.13	6499	2.259	2.588
333	06:15:00	60.14	6499	2.259	2.588
334	06:16:00	60.18	6499	2.259	2.588
335	06:17:01	60.15	6499	2.255	2.583
336	06:18:01	60.07	6499	2.259	2.588
337	06:19:01	60.12	6499	2.259	2.588
338	06:20:01	60.07	6499	2.259	2.588
339	06:21:01	60.14	6499	2.259	2.588
340	06:22:01	60.17	6499	2.259	2.588
341	06:23:01	60.15	6499	2.259	2.588
342	06:24:01	60.11	6499	2.259	2.588
343	06:25:02	60.16	6499	2.259	2.588
344	06:26:02	60.15	6499	2.259	2.588
345	06:27:02	60.11	6499	2.258	2.588
346	06:28:02	60.09	6499	2.258	2.588
347	06:29:02	60.14	6499	2.258	2.588
348	06:30:02	60.18	6499	2.258	2.588
349	06:31:02	60.13	6499	2.258	2.588
350	06:32:03	60.15	6499	2.258	2.588
351	06:33:03	60.14	6499	2.258	2.588
352	06:34:03	60.08	6499	2.258	2.588
353	06:35:03	60.17	6499	2.258	2.588
354	06:36:03	60.10	6499	2.258	2.587
355	06:37:03	60.16	6499	2.258	2.587
356	06:38:03	60.15	6499	2.258	2.587
357	06:39:03	11.57	6499	2.257	2.587
358	06:39:15	60.38	6499	2.257	2.587
359	06:40:15	60.11	6499	2.257	2.587
360	06:41:16	60.16	6499	2.257	2.587
361	06:42:16	60.12	6499	2.257	2.587
362	06:43:16	60.15	6499	2.254	2.587
363	06:44:16	60.15	6499	2.253	2.585
364	06:45:16	60.15	6499	2.251	2.584
365	06:46:16	60.10	6499	2.25	2.582
366	06:47:16	60.15	6499	2.25	2.581
367	06:48:17	60.18	6499	2.25	2.581
368	06:49:17	60.09	6499	2.249	2.581
369	06:50:17	24.69	6499	2.249	2.581
370	06:50:41	60.48	6499	2.249	2.581
371	06:51:42	60.08	6499	2.249	2.581
372	06:52:42	60.15	6499	2.249	2.581
373	06:53:42	60.11	6499	2.249	2.581
374	06:54:42	60.09	6499	2.249	2.581
375	06:55:42	60.13	6499	2.249	2.581
376	06:56:43	60.14	6499	2.249	2.581
377	06:57:43	60.16	6499	2.249	2.581
378	06:58:43	60.12	6499	2.249	2.581
379	06:59:43	60.11	6499	2.249	2.581
380	07:00:43	60.13	6499	2.249	2.581
381	07:01:43	60.12	6499	2.249	2.581
382	07:02:43	60.11	6499	2.248	2.581
383	07:03:43	60.09	6499	2.248	2.581
384	07:04:44	60.09	6499	2.248	2.581
385	07:05:44	60.18	6499	2.248	2.58
386	07:06:44	60.12	6499	2.248	2.58
387	07:07:44	60.10	6499	2.248	2.58
388	07:08:44	60.11	6499	2.248	2.58
389	07:09:44	60.10	6499	2.248	2.58
390	07:10:44	60.14	6499	2.248	2.58
391	07:11:44	60.10	6499	2.248	2.58
392	07:12:44	60.14	6499	2.248	2.58
393	07:13:45	60.14	6499	2.248	2.58
394	07:14:45	60.16	6499	2.248	2.58
395	07:15:45	60.15	6499	2.248	2.58
396	07:16:45	60.15	6499	2.248	2.58
397	07:17:45	60.15	6499	2.247	2.58
398	07:18:45	60.10	6499	2.247	2.58
399	07:19:45	60.11	6499	2.247	2.58
400	07:20:46	60.08	6499	2.247	2.58
401	07:21:46	60.10	6499	2.247	2.58
402	07:22:46	60.14	6499	2.247	2.58
403	07:23:46	60.16	6499	2.247	2.58
404	07:24:46	60.14	6499	2.247	2.579
405	07:25:46	60.17	6499	2.247	2.579
406	07:26:46	60.13	6499	2.247	2.579
407	07:27:46	60.13	6499	2.247	2.579
408	07:28:47	60.09	6499	2.246	2.579
409	07:29:47	21.94	6499	2.246	2.579
410	07:30:09	60.50	6499	2.246	2.579
411	07:31:09	60.15	6499	2.246	2.579
412	07:32:09	60.13	6499	2.246	2.579
413	07:33:09	60.13	6499	2.246	2.579
414	07:34:10	60.16	6499	2.244	2.578
415	07:35:10	60.12	6499	2.243	2.575
416	07:36:10	60.10	6499	2.241	2.573
417	07:37:10	60.14	6499	2.239	2.571
418	07:38:10	60.15	6499	2.239	2.57
419	07:39:10	60.15	6499	2.239	2.57
420	07:40:10	60.15	6499	2.239	2.57
421	07:41:11	30.86	6499	2.239	2.57
422	07:41:41	60.31	6499	2.238	2.57
423	07:42:42	60.14	6499	2.238	2.57
424	07:43:42	60.08	6499	2.238	2.57
425	07:44:42	60.14	6499	2.238	2.57
426	07:45:42	60.16	6499	2.238	2.57
427	07:46:42	60.17	6499	2.238	2.57
428	07:47:42	60.11	6499	2.238	2.57
429	07:48:42	60.15	6499	2.238	2.57
430	07:49:43	60.13	6499	2.238	2.57
431	07:50:43	60.13	6499	2.238	2.57
432	07:51:43	60.09	6499	2.238	2.57
433	07:52:43	60.09	6499	2.238	2.57
434	07:53:43	60.11	6499	2.238	2.57
435	07:54:43	60.15	6499	2.238	2.57
436	07:55:43	60.17	6499	2.238	2.57
437	07:56:43	60.13	6499	2.238	2.569
438	07:57:44	60.12	6499	2.238	2.569
439	07:58:44	60.11	6499	2.238	2.569
440	07:59:44	60.13	6499	2.238	2.569
441	08:00:44	60.16	6499	2.238	2.569
442	08:01:44	60.12	6499	2.238	2.569
443	08:02:44	60.11	6499	2.238	2.569
444	08:03:44	60.13	6499	2.237	2.569
445	08:04:44	60.13	6499	2.237	2.569
446	08:05:45	60.12	6499	2.237	2.569
447	08:06:45	60.09	6499	2.237	2.569
448	08:07:45	60.12	6499	2.237	2.569
449	08:08:45	60.12	6499	2.237	2.569
450	08:09:45	60.12	6499	2.237	2.569
451	08:10:45	60.17	6499	2.237	2.569
452	08:11:45	60.20	6499	2.237	2.569
453	08:12:46	60.18	6499	2.237	2.569
454	08:13:46	60.05	6499	2.237	2.569
455	08:14:46	60.10	6499	2.237	2.568
456	08:15:46	60.13	6499	2.237	2.568
457	08:16:46	60.18	6499	2.237	2.568
458	08:17:46	60.18	6499	2.236	2.568
459	08:18:46	60.21	6499	2.236	2.568
460	08:19:47	60.11	6499	2.236	2.568
461	08:20:47	60.10	6499	2.236	2.568
462	08:21:47	60.09	6499	2.236	2.568
463	08:22:47	60.13	6499	2.236	2.568
464	08:23:47	60.13	6499	2.236	2.568
465	08:24:47	60.15	6499	2.236	2.568
466	08:25:47	44.58	6499	2.236	2.568
467	08:26:32	60.39	6499	2.236	2.568
468	08:27:32	60.15	6499	2.236	2.568
469	08:28:32	60.14	6499	2.236	2.567
470	08:29:33	60.15	6499	2.235	2.567
471	08:30:33	60.13	6499	2.232	2.567
472	08:31:33	60.13	6499	2.23	2.567
473	08:32:33	60.12	6499	2.227	2.566
474	08:33:33	60.12	6499	2.225	2.565
475	08:34:33	60.14	6499	2.224	2.564
476	08:35:33	60.08	6499	2.218	2.558
477	08:36:33	60.12	6499	2.223	2.561
478	08:37:34	60.16	6499	2.222	2.561
479	08:38:34	47.74	6499	2.222	2.561
480	08:39:21	60.50	6499	2.222	2.561
481	08:40:22	60.16	6499	2.222	2.561
482	08:41:22	60.14	6499	2.222	2.561
483	08:42:22	60.12	6499	2.222	2.56
484	08:43:22	60.11	6499	2.222	2.56
485	08:44:23	60.18	6499	2.222	2.56
486	08:45:23	60.17	6499	2.222	2.56
487	08:46:23	60.09	6499	2.222	2.56
488	08:47:23	60.09	6499	2.221	2.56
489	08:48:23	60.14	6499	2.221	2.56
490	08:49:23	60.18	6499	2.221	2.56
491	08:50:23	60.12	6499	2.221	2.56
492	08:51:23	60.17	6499	2.221	2.56
493	08:52:24	60.15	6499	2.221	2.56
494	08:53:24	60.15	6499	2.221	2.56
495	08:54:24	60.15	6499	2.221	2.56
496	08:55:24	60.13	6499	2.221	2.56
497	08:56:24	60.14	6499	2.221	2.56
498	08:57:24	60.13	6499	2.221	2.56
499	08:58:24	60.11	6499	2.221	2.56
500	08:59:25	60.13	6499	2.22	2.56
501	09:00:25	60.25	6499	2.22	2.56
502	09:01:25	60.09	6499	2.22	2.56
503	09:02:25	60.12	6499	2.22	2.56
504	09:03:25	60.12	6499	2.22	2.559
505	09:04:25	60.15	6499	2.22	2.56
506	09:05:25	60.16	6499	2.22	2.559
507	09:06:26	60.13	6499	2.22	2.559
508	09:07:26	60.18	6499	2.22	2.559
509	09:08:26	60.12	6499	2.22	2.559
510	09:09:26	60.11	6499	2.22	2.559
511	09:10:26	60.10	6499	2.219	2.559
512	09:11:26	60.15	6499	2.219	2.559
513	09:12:26	60.16	6499	2.219	2.559
514	09:13:27	60.13	6499	2.219	2.559
515	09:14:27	60.15	6499	2.219	2.559
516	09:15:27	60.17	6499	2.219	2.558
517	09:16:27	60.19	6499	2.219	2.558
518	09:17:27	60.12	6499	2.219	2.558
519	09:18:27	60.14	6499	2.218	2.558
520	09:19:27	60.13	6499	2.218	2.558
521	09:20:28	60.11	6499	2.218	2.558
522	09:21:28	60.16	6499	2.218	2.558
523	09:22:28	60.13	6499	2.218	2.558
524	09:23:28	60.18	6499	2.218	2.558
525	09:24:28	60.13	6499	2.218	2.558
526	09:25:28	60.11	6499	2.217	2.558
527	09:26:28	60.11	6499	2.217	2.558
528	09:27:29	60.18	6499	2.217	2.558
529	09:28:29	10.02	6499	2.217	2.558
530	09:28:39	60.41	6499	2.217	2.558
531	09:29:39	60.18	6499	2.217	2.558
532	09:30:39	60.14	6499	2.217	2.557
533	09:31:39	60.15	6499	2.216	2.557
534	09:32:40	60.09	6499	2.214	2.555
535	09:33:40	60.14	6499	2.211	2.554
536	09:34:40	60.17	6499	2.209	2.55
537	09:35:40	60.15	6499	2.209	2.55
538	09:36:40	60.12	6499	2.209	2.55
539	09:37:40	60.10	6499	2.209	2.55
540	09:38:40	11.14	6499	2.209	2.55
541	09:38:52	60.29	6499	2.208	2.55
542	09:39:52	60.14	6499	2.208	2.55
543	09:40:52	60.13	6499	2.208	2.55
544	09:41:52	60.14	6499	2.208	2.55
545	09:42:52	60.12	6499	2.208	2.55
546	09:43:52	60.17	6499	2.208	2.55
547	09:44:53	60.14	6499	2.208	2.55
548	09:45:53	60.15	6499	2.208	2.55
549	09:46:53	60.12	6499	2.208	2.549
550	09:47:53	60.15	6499	2.208	2.549
551	09:48:53	60.12	6499	2.208	2.549
552	09:49:53	60.13	6499	2.208	2.549
553	09:50:53	60.12	6499	2.208	2.549
554	09:51:53	60.15	6499	2.208	2.549
555	09:52:54	60.12	6499	2.208	2.549
556	09:53:54	60.14	6499	2.208	2.549
557	09:54:54	60.13	6499	2.208	2.549
558	09:55:54	60.11	6499	2.208	2.549
559	09:56:54	60.10	6499	2.207	2.549
560	09:57:54	60.17	6499	2.207	2.549
561	09:58:54	60.14	6499	2.207	2.549
562	09:59:54	60.13	6499	2.207	2.549
563	10:00:55	60.20	6499	2.207	2.549
564	10:01:55	60.12	6499	2.207	2.549
565	10:02:55	60.13	6499	2.207	2.549
566	10:03:55	60.15	6499	2.207	2.549
567	10:04:55	60.11	6499	2.207	2.549
568	10:05:55	60.12	6499	2.207	2.549
569	10:06:55	60.16	6499	2.207	2.549
570	10:07:56	60.16	6499	2.207	2.548
571	10:08:56	60.10	6499	2.207	2.548
572	10:09:56	60.09	6499	2.207	2.548
573	10:10:56	60.13	6499	2.206	2.548
574	10:11:56	60.12	6499	2.206	2.548
575	10:12:56	60.14	6499	2.206	2.548
576	10:13:56	60.13	6499	2.206	2.548
577	10:14:56	60.12	6499	2.206	2.548
578	10:15:57	60.15	6499	2.206	2.548
579	10:16:57	60.10	6499	2.206	2.548
580	10:17:57	60.13	6499	2.206	2.548
581	10:18:57	60.10	6499	2.206	2.548
582	10:19:57	60.14	6499	2.206	2.548
583	10:20:57	60.14	6499	2.206	2.547
584	10:21:57	60.14	6499	2.206	2.547
585	10:22:57	60.16	6499	2.205	2.547
586	10:23:58	60.10	6499	2.205	2.547
587	10:24:58	60.16	6499	2.205	2.547
588	10:25:58	60.09	6499	2.205	2.547
589	10:26:58	60.18	6499	2.205	2.547
590	10:27:58	60.12	6499	2.205	2.547
591	10:28:58	10.26	6499	2.205	2.547
592	10:29:09	60.39	6499	2.205	2.547
593	10:30:09	60.09	6499	2.205	2.547
594	10:31:09	60.12	6499	2.204	2.546
595	10:32:09	60.11	6499	2.202	2.545
596	10:33:09	60.11	6499	2.2	2.544
597	10:34:09	60.13	6499	2.196	2.542
598	10:35:10	60.11	6499	2.195	2.54
599	10:36:10	60.08	6499	2.195	2.54
600	10:37:10	60.13	6499	2.195	2.54
601	10:38:10	12.00	6499	2.194	2.54
602	10:38:22	60.43	6499	2.194	2.54
603	10:39:22	60.11	6499	2.194	2.54
604	10:40:22	60.12	6499	2.194	2.54
605	10:41:23	60.15	6499	2.194	2.54
606	10:42:23	60.08	6499	2.194	2.54
607	10:43:23	60.16	6499	2.194	2.54
608	10:44:23	60.11	6499	2.194	2.54
609	10:45:23	60.14	6499	2.194	2.54
610	10:46:23	60.13	6499	2.194	2.54
611	10:47:23	60.16	6499	2.194	2.539
612	10:48:23	60.08	6499	2.194	2.539
613	10:49:24	60.13	6499	2.194	2.539
614	10:50:24	60.13	6499	2.193	2.539
615	10:51:24	60.15	6499	2.193	2.539
616	10:52:24	60.17	6499	2.193	2.539
617	10:53:24	60.19	6499	2.193	2.539
618	10:54:24	60.11	6499	2.193	2.539
619	10:55:24	60.11	6499	2.193	2.539
620	10:56:24	60.13	6499	2.193	2.539
621	10:57:25	60.12	6499	2.193	2.539
622	10:58:25	60.13	6499	2.193	2.539
623	10:59:25	60.15	6499	2.193	2.539
624	11:00:25	60.15	6499	2.192	2.539
625	11:01:25	60.13	6499	2.192	2.539
626	11:02:25	60.08	6499	2.192	2.539
627	11:03:25	60.10	6499	2.192	2.538
628	11:04:25	60.13	6499	2.192	2.538
629	11:05:26	60.13	6499	2.192	2.538
630	11:06:26	60.11	6499	2.192	2.538
631	11:07:26	60.19	6499	2.192	2.538
632	11:08:26	60.16	6499	2.192	2.538
633	11:09:26	60.39	6499	2.192	2.538
634	11:10:27	60.11	6499	2.192	2.538
635	11:11:27	60.10	6499	2.192	2.538
636	11:12:27	60.13	6499	2.191	2.538
637	11:13:27	60.16	6499	2.191	2.538
638	11:14:27	60.11	6499	2.191	2.538
639	11:15:27	60.19	6499	2.191	2.538
640	11:16:27	60.13	6499	2.191	2.538
641	11:17:27	60.11	6499	2.191	2.538
642	11:18:28	60.14	6499	2.191	2.537
643	11:19:28	60.12	6499	2.191	2.537
644	11:20:28	60.10	6499	2.19	2.537
645	11:21:28	60.09	6499	2.19	2.537
646	11:22:28	60.12	6499	2.19	2.537
647	11:23:28	60.16	6499	2.19	2.537
648	11:24:28	60.12	6499	2.19	2.537
649	11:25:28	10.01	6499	2.19	2.537
650	11:25:38	60.43	6499	2.19	2.537
651	11:26:39	60.09	6499	2.19	2.537
652	11:27:39	60.13	6499	2.189	2.537
653	11:28:39	60.11	6499	2.189	2.537
654	11:29:39	60.13	6499	2.189	2.536
655	11:30:39	60.12	6499	2.189	2.536
656	11:31:39	60.09	6499	2.189	2.536
657	11:32:40	60.08	6499	2.188	2.535
658	11:33:40	60.12	6499	2.185	2.533
659	11:34:40	60.16	6499	2.18	2.531
660	11:35:40	60.09	6499	2.177	2.531
661	11:36:40	60.17	6499	2.175	2.529
662	11:37:40	60.11	6499	2.172	2.525
663	11:38:40	60.10	6499	2.171	2.524
664	11:39:40	60.16	6499	2.171	2.524
665	11:40:41	60.19	6499	2.171	2.524
666	11:41:41	10.02	6499	2.171	2.524
667	11:41:51	60.40	6499	2.17	2.524
668	11:42:51	60.12	6499	2.17	2.524
669	11:43:51	60.17	6499	2.17	2.524
670	11:44:51	60.17	6499	2.17	2.524
671	11:45:52	60.12	6499	2.17	2.524
672	11:46:52	60.17	6499	2.17	2.524
673	11:47:52	60.16	6499	2.17	2.524
674	11:48:52	60.18	6499	2.17	2.524
675	11:49:52	36.04	6499	2.17	2.524
676	11:50:28	60.21	6499	2.17	2.524
677	11:51:29	60.10	6499	2.17	2.524
678	11:52:29	60.14	6499	2.17	2.524
679	11:53:29	60.11	6499	2.169	2.524
680	11:54:29	60.11	6499	2.169	2.524
681	11:55:29	60.14	6499	2.169	2.524
682	11:56:29	60.09	6499	2.169	2.524
683	11:57:29	60.17	6499	2.169	2.524
684	11:58:29	60.13	6499	2.169	2.524
685	11:59:30	60.31	6499	2.169	2.524
686	12:00:30	60.25	6499	2.169	2.524
687	12:01:30	60.11	6499	2.169	2.523
688	12:02:30	60.14	6499	2.169	2.523
689	12:03:30	60.13	6499	2.169	2.523
690	12:04:30	60.13	6499	2.169	2.523
691	12:05:31	60.15	6499	2.169	2.523
692	12:06:31	60.10	6499	2.168	2.523
693	12:07:31	60.18	6499	2.168	2.523
694	12:08:31	60.09	6499	2.168	2.523
695	12:09:31	60.14	6499	2.168	2.523
696	12:10:31	60.15	6499	2.168	2.523
697	12:11:31	60.18	6499	2.168	2.523
698	12:12:32	60.13	6499	2.168	2.523
699	12:13:32	60.14	6499	2.168	2.523
700	12:14:32	60.13	6499	2.168	2.523
701	12:15:32	60.14	6499	2.168	2.523
702	12:16:32	60.16	6499	2.168	2.523
703	12:17:32	60.19	6499	2.168	2.523
704	12:18:32	60.14	6499	2.168	2.523
705	12:19:33	60.08	6499	2.168	2.523
706	12:20:33	60.35	6499	2.168	2.523
707	12:21:33	60.15	6499	2.168	2.523
708	12:22:33	60.14	6499	2.167	2.522
709	12:23:33	60.13	6499	2.163	2.519
710	12:24:33	60.12	6499	2.167	2.522
711	12:25:34	60.13	6499	2.167	2.522
712	12:26:34	60.14	6499	2.167	2.522
713	12:27:34	60.12	6499	2.167	2.522
714	12:28:34	60.11	6499	2.167	2.522
715	12:29:34	60.15	6499	2.167	2.522
716	12:30:34	60.10	6499	2.167	2.522
717	12:31:34	60.18	6499	2.167	2.522
718	12:32:35	60.18	6499	2.167	2.522
719	12:33:35	60.14	6499	2.167	2.522
720	12:34:35	60.11	6499	2.166	2.522
721	12:35:35	59.76	6499	2.166	2.522
722	12:36:35	60.52	6499	2.166	2.522
723	12:37:35	60.17	6499	2.166	2.522
724	12:38:35	60.11	6499	2.166	2.522
725	12:39:36	60.10	6499	2.164	2.519
726	12:40:36	60.13	6499	2.162	2.516
727	12:41:36	60.11	6499	2.159	2.513
728	12:42:36	60.10	6499	2.153	2.51
729	12:43:36	60.17	6499	2.148	2.509
730	12:44:36	60.12	6499	2.148	2.509
731	12:45:36	60.13	6499	2.148	2.509
732	12:46:36	45.23	6499	2.148	2.509
733	12:47:22	60.50	6499	2.148	2.509
734	12:48:22	60.13	6499	2.148	2.509
735	12:49:22	60.16	6499	2.148	2.509
736	12:50:22	60.24	6499	2.148	2.508
737	12:51:23	60.13	6499	2.148	2.509
738	12:52:23	60.14	6499	2.147	2.508
739	12:53:23	60.14	6499	2.147	2.508
740	12:54:23	60.16	6499	2.147	2.508
741	12:55:23	60.13	6499	2.147	2.508
742	12:56:23	60.10	6499	2.147	2.508
743	12:57:23	60.15	6499	2.147	2.508
744	12:58:24	60.11	6499	2.147	2.508
745	12:59:24	60.16	6499	2.147	2.508
746	13:00:24	60.17	6499	2.147	2.508
747	13:01:24	60.14	6499	2.147	2.508
748	13:02:24	60.13	6499	2.147	2.508
749	13:03:24	60.12	6499	2.147	2.508
750	13:04:24	60.17	6499	2.147	2.508
751	13:05:25	60.09	6499	2.147	2.508
752	13:06:25	60.09	6499	2.147	2.508
753	13:07:25	60.13	6499	2.147	2.508
754	13:08:25	60.09	6499	2.147	2.508
755	13:09:25	60.14	6499	2.147	2.508
756	13:10:25	60.14	6499	2.147	2.508
757	13:11:25	60.14	6499	2.147	2.508
758	13:12:25	60.12	6499	2.147	2.508
759	13:13:26	60.09	6499	2.142	2.503
760	13:14:26	60.14	6499	2.147	2.508
761	13:15:26	60.11	6499	2.146	2.508
762	13:16:26	60.15	6499	2.146	2.507
763	13:17:26	60.11	6499	2.146	2.507
764	13:18:26	60.11	6499	2.146	2.507
765	13:19:26	60.14	6499	2.146	2.507
766	13:20:26	60.10	6499	2.146	2.507
767	13:21:27	60.15	6499	2.146	2.507
768	13:22:27	60.18	6499	2.146	2.507
769	13:23:27	60.19	6499	2.146	2.507
770	13:24:27	60.13	6499	2.146	2.507
771	13:25:27	60.15	6499	2.146	2.507
772	13:26:27	60.12	6499	2.146	2.507
773	13:27:27	60.14	6499	2.146	2.507
774	13:28:28	60.11	6499	2.146	2.507
775	13:29:28	60.12	6499	2.146	2.507
776	13:30:28	60.14	6499	2.146	2.507
777	13:31:28	60.16	6499	2.146	2.507
778	13:32:28	60.15	6499	2.146	2.507
779	13:33:28	60.11	6499	2.146	2.507
780	13:34:28	60.18	6499	2.146	2.507
781	13:35:29	60.11	6499	2.146	2.507
782	13:36:29	60.13	6499	2.146	2.506
783	13:37:29	60.13	6499	2.146	2.506
784	13:38:29	60.13	6499	2.146	2.506
785	13:39:29	60.15	6499	2.146	2.506
786	13:40:29	60.16	6499	2.145	2.506
787	13:41:29	60.13	6499	2.145	2.506
788	13:42:29	60.12	6499	2.145	2.506
789	13:43:30	60.17	6499	2.145	2.506
790	13:44:30	60.09	6499	2.145	2.506
791	13:45:30	60.17	6499	2.145	2.506
792	13:46:30	60.19	6499	2.145	2.506
793	13:47:30	60.13	6499	2.145	2.506
794	13:48:30	60.13	6499	2.145	2.506
795	13:49:30	60.12	6499	2.145	2.506
796	13:50:31	60.10	6499	2.145	2.506
797	13:51:31	60.11	6499	2.145	2.506
798	13:52:31	60.17	6499	2.145	2.506
799	13:53:31	60.10	6499	2.145	2.505
800	13:54:31	60.08	6499	2.145	2.505
801	13:55:31	60.15	6499	2.144	2.505
802	13:56:31	60.17	6499	2.144	2.505
803	13:57:31	14.34	6499	2.144	2.505
804	13:57:46	60.62	6499	2.144	2.505
805	13:58:46	60.17	6499	2.144	2.505
806	13:59:47	60.14	6499	2.144	2.505
807	14:00:47	60.13	6499	2.143	2.505
808	14:01:47	60.10	6499	2.14	2.504
809	14:02:47	60.18	6499	2.135	2.502
810	14:03:47	60.18	6499	2.13	2.5
811	14:04:47	60.11	6499	2.126	2.496
812	14:05:47	60.14	6499	2.124	2.495
813	14:06:48	62.99	6499	2.124	2.495
814	14:07:51	60.14	6499	2.124	2.495
815	14:08:51	20.85	6499	2.124	2.495
816	14:09:12	60.57	6499	2.124	2.495
817	14:10:12	60.07	6499	2.124	2.495
818	14:11:12	60.16	6499	2.124	2.495
819	14:12:12	60.17	6499	2.124	2.495
820	14:13:13	60.09	6499	2.124	2.495
821	14:14:13	60.15	6499	2.123	2.495
822	14:15:13	60.16	6499	2.123	2.495
823	14:16:13	60.11	6499	2.123	2.495
824	14:17:13	60.18	6499	2.123	2.495
825	14:18:13	60.13	6499	2.123	2.495
826	14:19:13	60.14	6499	2.123	2.495
827	14:20:13	60.10	6499	2.123	2.495
828	14:21:14	60.13	6499	2.123	2.495
829	14:22:14	60.13	6499	2.123	2.495
830	14:23:14	60.13	6499	2.123	2.495
831	14:24:14	60.14	6499	2.123	2.495
832	14:25:14	60.12	6499	2.123	2.494
833	14:26:14	60.18	6499	2.123	2.494
834	14:27:14	60.15	6499	2.123	2.494
835	14:28:15	60.17	6499	2.123	2.494
836	14:29:15	60.14	6499	2.123	2.494
837	14:30:15	60.15	6499	2.123	2.494
838	14:31:15	60.17	6499	2.123	2.494
839	14:32:15	60.12	6499	2.123	2.494
840	14:33:15	60.11	6499	2.123	2.494
841	14:34:15	60.11	6499	2.123	2.494
842	14:35:16	60.16	6499	2.123	2.494
843	14:36:16	60.16	6499	2.122	2.494
844	14:37:16	60.18	6499	2.122	2.494
845	14:38:16	60.15	6499	2.122	2.494
846	14:39:16	60.09	6499	2.122	2.494
847	14:40:16	60.08	6499	2.122	2.494
848	14:41:16	60.15	6499	2.122	2.494
849	14:42:17	60.11	6499	2.119	2.492
850	14:43:17	60.16	6499	2.122	2.494
851	14:44:17	60.13	6499	2.122	2.494
852	14:45:17	60.11	6499	2.122	2.494
853	14:46:17	60.17	6499	2.122	2.493
854	14:47:17	60.08	6499	2.122	2.493
855	14:48:17	60.14	6499	2.122	2.493
856	14:49:17	60.11	6499	2.122	2.493
857	14:50:18	60.16	6499	2.122	2.493
858	14:51:18	60.11	6499	2.122	2.493
859	14:52:18	60.14	6499	2.122	2.493
860	14:53:18	60.15	6499	2.122	2.493
861	14:54:18	60.18	6499	2.122	2.493
862	14:55:18	60.11	6499	2.122	2.493
863	14:56:18	60.13	6499	2.122	2.493
864	14:57:18	60.13	6499	2.122	2.493
865	14:58:19	60.12	6499	2.121	2.493
866	14:59:19	60.08	6499	2.121	2.493
867	15:00:19	60.14	6499	2.121	2.493
868	15:01:19	60.12	6499	2.121	2.493
869	15:02:19	60.12	6499	2.121	2.493
870	15:03:19	60.17	6499	2.121	2.493
871	15:04:19	60.17	6499	2.121	2.493
872	15:05:20	60.13	6499	2.121	2.493
873	15:06:20	60.13	6499	2.121	2.492
874	15:07:20	60.12	6499	2.121	2.492
875	15:08:20	60.12	6499	2.121	2.492
876	15:09:20	60.13	6499	2.121	2.492
877	15:10:20	60.13	6499	2.121	2.492
878	15:11:20	60.15	6499	2.121	2.492
879	15:12:20	60.12	6499	2.121	2.492
880	15:13:21	60.12	6499	2.121	2.492
881	15:14:21	60.13	6499	2.12	2.492
882	15:15:21	60.11	6499	2.12	2.492
883	15:16:21	60.13	6499	2.12	2.492
884	15:17:21	60.14	6499	2.12	2.492
885	15:18:21	10.17	6499	2.12	2.492
886	15:18:31	60.51	6499	2.12	2.492
887	15:19:32	60.15	6499	2.12	2.492
888	15:20:32	60.11	6499	2.12	2.492
889	15:21:32	60.13	6499	2.12	2.492
890	15:22:32	60.16	6499	2.12	2.491
891	15:23:32	60.12	6499	2.12	2.491
892	15:24:33	60.17	6499	2.119	2.491
893	15:25:33	60.16	6499	2.119	2.49
894	15:26:33	60.19	6499	2.117	2.487
895	15:27:33	60.16	6499	2.114	2.486
896	15:28:33	60.18	6499	2.109	2.484
897	15:29:33	60.16	6499	2.105	2.481
898	15:30:34	60.09	6499	2.103	2.48
899	15:31:34	60.13	6499	2.103	2.48
900	15:32:34	60.15	6499	2.103	2.48
901	15:33:34	60.11	6499	2.103	2.48
902	15:34:34	60.18	6499	2.103	2.48
903	15:35:34	60.16	6499	2.103	2.48
904	15:36:34	60.14	6499	2.103	2.48
905	15:37:34	60.12	6499	2.103	2.48
906	15:38:35	60.14	6499	2.103	2.48
907	15:39:35	10.03	6499	2.103	2.48
908	15:39:45	60.15	6499	2.103	2.48
909	15:40:45	16.59	6499	2.103	2.48
910	15:41:02	60.32	6499	2.103	2.48
911	15:42:02	60.16	6499	2.102	2.48
912	15:43:02	60.14	6499	2.102	2.48
913	15:44:02	60.13	6499	2.102	2.48
914	15:45:02	60.12	6499	2.102	2.48
915	15:46:02	60.12	6499	2.102	2.48
916	15:47:03	60.15	6499	2.102	2.48
917	15:48:03	60.12	6499	2.102	2.48
918	15:49:03	60.14	6499	2.102	2.48
919	15:50:03	60.13	6499	2.102	2.48
920	15:51:03	60.15	6499	2.102	2.48
921	15:52:03	60.17	6499	2.102	2.48
922	15:53:03	60.12	6499	2.102	2.48
923	15:54:03	60.12	6499	2.102	2.48
924	15:55:04	60.13	6499	2.102	2.48
925	15:56:04	60.17	6499	2.102	2.48
926	15:57:04	60.15	6499	2.102	2.479
927	15:58:04	60.16	6499	2.102	2.479
928	15:59:04	60.09	6499	2.102	2.479
929	16:00:04	60.14	6499	2.102	2.479
930	16:01:04	60.15	6499	2.102	2.479
931	16:02:05	60.14	6499	2.101	2.479
932	16:03:05	60.12	6499	2.101	2.479
933	16:04:05	60.18	6499	2.101	2.479
934	16:05:05	60.14	6499	2.101	2.479
935	16:06:05	60.18	6499	2.101	2.479
936	16:07:05	60.09	6499	2.101	2.479
937	16:08:05	60.15	6499	2.101	2.479
938	16:09:06	60.11	6499	2.101	2.479
939	16:10:06	60.13	6499	2.101	2.479
940	16:11:06	60.16	6499	2.101	2.479
941	16:12:06	60.11	6499	2.101	2.479
942	16:13:06	60.14	6499	2.101	2.479
943	16:14:06	60.13	6499	2.101	2.479
944	16:15:06	60.12	6499	2.101	2.479
945	16:16:07	60.12	6499	2.101	2.479
946	16:17:07	60.13	6499	2.101	2.479
947	16:18:07	60.15	6499	2.101	2.479
948	16:19:07	60.12	6499	2.101	2.479
949	16:20:07	60.06	6499	2.101	2.478
950	16:21:07	60.11	6499	2.101	2.478
951	16:22:07	60.17	6499	2.101	2.478
952	16:23:07	60.16	6499	2.101	2.478
953	16:24:08	60.13	6499	2.1	2.478
954	16:25:08	60.18	6499	2.1	2.478
955	16:26:08	60.07	6499	2.1	2.478
956	16:27:08	60.16	6499	2.1	2.478
957	16:28:08	60.17	6499	2.1	2.478
958	16:29:08	60.12	6499	2.1	2.478
959	16:30:08	60.18	6499	2.1	2.478
960	16:31:09	60.14	6499	2.1	2.478
961	16:32:09	60.09	6499	2.1	2.478
962	16:33:09	60.14	6499	2.1	2.478
963	16:34:09	60.11	6499	2.1	2.478
964	16:35:09	60.13	6499	2.1	2.478
965	16:36:09	60.09	6499	2.1	2.478
966	16:37:09	60.15	6499	2.1	2.478
967	16:38:09	60.14	6499	2.1	2.478
968	16:39:10	60.16	6499	2.1	2.478
969	16:40:10	60.11	6499	2.1	2.478
970	16:41:10	60.12	6499	2.1	2.478
971	16:42:10	60.12	6499	2.1	2.477
972	16:43:10	60.13	6499	2.1	2.477
973	16:44:10	60.09	6499	2.1	2.477
974	16:45:10	60.08	6499	2.1	2.477
975	16:46:10	60.09	6499	2.1	2.477
976	16:47:10	60.14	6499	2.1	2.477
977	16:48:11	60.13	6499	2.1	2.477
978	16:49:11	60.13	6499	2.1	2.477
979	16:50:11	60.13	6499	2.1	2.477
980	16:51:11	60.10	6499	2.1	2.477
981	16:52:11	60.16	6499	2.099	2.477
982	16:53:11	60.11	6499	2.099	2.477
983	16:54:11	60.11	6499	2.099	2.477
984	16:55:11	60.18	6499	2.099	2.477
985	16:56:12	60.13	6499	2.099	2.477
986	16:57:12	60.16	6499	2.099	2.477
987	16:58:12	60.15	6499	2.099	2.477
988	16:59:12	60.09	6499	2.099	2.476
989	17:00:12	60.11	6499	2.099	2.476
990	17:01:12	60.18	6499	2.099	2.476
991	17:02:12	60.15	6499	2.099	2.476
992	17:03:13	60.17	6499	2.099	2.476
993	17:04:13	50.67	6499	2.099	2.476
994	17:05:03	60.51	6499	2.099	2.476
995	17:06:04	32.02	6499	2.099	2.476
996	17:06:36	60.44	6499	2.099	2.476
997	17:07:36	60.13	6499	2.099	2.476
998	17:08:37	60.15	6499	2.099	2.476
999	17:09:37	60.16	6499	2.099	2.476
1000	17:10:37	60.10	6499	2.099	2.475
1001	17:11:37	60.11	6499	2.098	2.473
1002	17:12:37	60.14	6499	2.096	2.471
1003	17:13:37	60.11	6499	2.094	2.468
1004	17:14:37	60.10	6499	2.091	2.467
1005	17:15:37	60.09	6499	2.09	2.466
1006	17:16:37	60.15	6499	2.09	2.466
1007	17:17:38	60.13	6499	2.09	2.466
1008	17:18:38	60.11	6499	2.09	2.466
1009	17:19:38	60.15	6499	2.09	2.466
1010	17:20:38	60.08	6499	2.09	2.466
1011	17:21:38	60.13	6499	2.09	2.466
1012	17:22:38	60.09	6499	2.089	2.466
1013	17:23:38	60.11	6499	2.089	2.465
1014	17:24:38	60.14	6499	2.089	2.466
1015	17:25:39	60.10	6499	2.089	2.465
1016	17:26:39	60.11	6499	2.089	2.465
1017	17:27:39	60.13	6499	2.089	2.465
1018	17:28:39	60.15	6499	2.089	2.465
1019	17:29:39	60.14	6499	2.089	2.465
1020	17:30:39	60.17	6499	2.089	2.465
1021	17:31:39	60.12	6499	2.089	2.465
1022	17:32:40	60.18	6499	2.089	2.465
1023	17:33:40	60.09	6499	2.089	2.465
1024	17:34:40	60.15	6499	2.089	2.465
1025	17:35:40	60.17	6499	2.089	2.465
1026	17:36:40	60.08	6499	2.089	2.465
1027	17:37:40	60.14	6499	2.089	2.465
1028	17:38:40	60.16	6499	2.089	2.465
1029	17:39:40	60.13	6499	2.089	2.465
1030	17:40:41	60.15	6499	2.089	2.465
1031	17:41:41	60.19	6499	2.089	2.465
1032	17:42:41	60.11	6499	2.089	2.465
1033	17:43:41	60.13	6499	2.089	2.465
1034	17:44:41	60.15	6499	2.089	2.465
1035	17:45:41	60.10	6499	2.089	2.465
1036	17:46:41	60.09	6499	2.089	2.465
1037	17:47:42	60.17	6499	2.089	2.465
1038	17:48:42	60.15	6499	2.088	2.465
1039	17:49:42	60.12	6499	2.088	2.465
1040	17:50:42	60.13	6499	2.088	2.465
1041	17:51:42	60.15	6499	2.088	2.465
1042	17:52:42	60.14	6499	2.088	2.464
1043	17:53:42	60.08	6499	2.088	2.464
1044	17:54:42	60.17	6499	2.088	2.464
1045	17:55:43	60.14	6499	2.088	2.464
1046	17:56:43	60.13	6499	2.088	2.464
1047	17:57:43	60.10	6499	2.088	2.464
1048	17:58:43	60.11	6499	2.088	2.464
1049	17:59:43	60.15	6499	2.088	2.464
1050	18:00:43	60.16	6499	2.088	2.464
1051	18:01:43	60.17	6499	2.088	2.464
1052	18:02:44	60.18	6499	2.088	2.464
1053	18:03:44	60.12	6499	2.088	2.464
1054	18:04:44	60.16	6499	2.088	2.464
1055	18:05:44	60.17	6499	2.088	2.464
1056	18:06:44	60.12	6499	2.088	2.464
1057	18:07:44	60.17	6499	2.088	2.464
1058	18:08:45	60.10	6499	2.087	2.464
1059	18:09:45	60.11	6499	2.087	2.464
1060	18:10:45	60.11	6499	2.087	2.464
1061	18:11:45	60.13	6499	2.087	2.464
1062	18:12:45	60.14	6499	2.087	2.464
1063	18:13:45	60.12	6499	2.087	2.464
1064	18:14:45	60.09	6499	2.087	2.463
1065	18:15:45	60.12	6499	2.087	2.463
1066	18:16:45	60.12	6499	2.087	2.463
1067	18:17:46	60.14	6499	2.087	2.463
1068	18:18:46	60.12	6499	2.087	2.463
1069	18:19:46	60.07	6499	2.087	2.463
1070	18:20:46	60.09	6499	2.087	2.463
1071	18:21:46	60.14	6499	2.087	2.463
1072	18:22:46	60.13	6499	2.087	2.463
1073	18:23:46	60.13	6499	2.087	2.463
1074	18:24:46	60.17	6499	2.087	2.463
1075	18:25:47	60.11	6499	2.086	2.463
1076	18:26:47	60.13	6499	2.086	2.463
1077	18:27:47	60.18	6499	2.086	2.463
1078	18:28:47	60.15	6499	2.086	2.463
1079	18:29:47	60.11	6499	2.086	2.463
1080	18:30:47	60.09	6499	2.086	2.463
1081	18:31:47	60.14	6499	2.086	2.463
1082	18:32:47	60.14	6499	2.086	2.463
1083	18:33:48	60.08	6499	2.086	2.462
1084	18:34:48	60.12	6499	2.086	2.462
1085	18:35:48	60.07	6499	2.086	2.462
1086	18:36:48	60.13	6499	2.086	2.462
1087	18:37:48	60.11	6499	2.086	2.462
1088	18:38:48	60.10	6499	2.086	2.462
1089	18:39:48	60.11	6499	2.086	2.462
1090	18:40:48	60.11	6499	2.086	2.462
1091	18:41:48	60.12	6499	2.082	2.457
1092	18:42:49	60.11	6499	2.085	2.462
1093	18:43:49	60.13	6499	2.085	2.462
1094	18:44:49	60.16	6499	2.085	2.462
1095	18:45:49	60.09	6499	2.085	2.461
1096	18:46:49	60.12	6499	2.085	2.459
1097	18:47:49	60.13	6499	2.084	2.458
1098	18:48:49	60.18	6499	2.084	2.455
1099	18:49:49	60.09	6499	2.082	2.454
1100	18:50:50	60.17	6499	2.079	2.453
1101	18:51:50	60.16	6499	2.076	2.452
1102	18:52:50	60.12	6499	2.075	2.452
1103	18:53:50	60.10	6499	2.075	2.452
1104	18:54:50	60.13	6499	2.075	2.452
1105	18:55:50	60.17	6499	2.075	2.452
1106	18:56:50	20.43	6499	2.075	2.452
1107	18:57:11	60.25	6499	2.075	2.452
1108	18:58:11	60.18	6499	2.075	2.452
1109	18:59:11	60.17	6499	2.075	2.452
1110	19:00:11	60.12	6499	2.075	2.452
1111	19:01:12	60.10	6499	2.075	2.452
1112	19:02:12	60.13	6499	2.075	2.452
1113	19:03:12	60.12	6499	2.075	2.452
1114	19:04:12	60.12	6499	2.075	2.452
1115	19:05:12	60.11	6499	2.075	2.452
1116	19:06:12	60.15	6499	2.075	2.452
1117	19:07:12	60.14	6499	2.075	2.451
1118	19:08:12	60.18	6499	2.075	2.451
1119	19:09:13	60.13	6499	2.075	2.451
1120	19:10:13	60.16	6499	2.074	2.451
1121	19:11:13	60.14	6499	2.075	2.451
1122	19:12:13	60.13	6499	2.074	2.451
1123	19:13:13	60.10	6499	2.074	2.451
1124	19:14:13	60.14	6499	2.074	2.451
1125	19:15:13	60.16	6499	2.074	2.451
1126	19:16:14	60.14	6499	2.074	2.451
1127	19:17:14	60.10	6499	2.074	2.451
1128	19:18:14	60.15	6499	2.074	2.451
1129	19:19:14	60.10	6499	2.074	2.451
1130	19:20:14	60.06	6499	2.074	2.451
1131	19:21:14	60.20	6499	2.074	2.451
1132	19:22:14	60.16	6499	2.074	2.451
1133	19:23:14	60.11	6499	2.074	2.451
1134	19:24:15	60.16	6499	2.074	2.451
1135	19:25:15	60.11	6499	2.074	2.451
1136	19:26:15	60.11	6499	2.074	2.451
1137	19:27:15	60.16	6499	2.074	2.451
1138	19:28:15	60.15	6499	2.074	2.451
1139	19:29:15	60.17	6499	2.074	2.451
1140	19:30:15	60.18	6499	2.074	2.451
1141	19:31:16	60.13	6499	2.074	2.451
1142	19:32:16	60.12	6499	2.074	2.451
1143	19:33:16	60.15	6499	2.074	2.451
1144	19:34:16	60.11	6499	2.074	2.451
1145	19:35:16	60.13	6499	2.074	2.451
1146	19:36:16	60.12	6499	2.074	2.451
1147	19:37:16	60.08	6499	2.073	2.451
1148	19:38:16	60.14	6499	2.073	2.45
1149	19:39:17	60.11	6499	2.073	2.45
1150	19:40:17	60.12	6499	2.073	2.45
1151	19:41:17	60.12	6499	2.073	2.45
1152	19:42:17	60.15	6499	2.073	2.45
1153	19:43:17	60.15	6499	2.073	2.45
1154	19:44:17	60.08	6499	2.073	2.45
1155	19:45:17	60.15	6499	2.073	2.45
1156	19:46:17	60.14	6499	2.073	2.45
1157	19:47:18	60.11	6499	2.073	2.45
1158	19:48:18	60.09	6499	2.073	2.45
1159	19:49:18	60.13	6499	2.073	2.45
1160	19:50:18	60.08	6499	2.073	2.45
1161	19:51:18	60.13	6499	2.073	2.45
1162	19:52:18	60.12	6499	2.073	2.45
1163	19:53:18	60.14	6499	2.073	2.45
1164	19:54:18	60.12	6499	2.073	2.45
1165	19:55:19	60.13	6499	2.073	2.45
1166	19:56:19	60.16	6499	2.073	2.45
1167	19:57:19	60.09	6499	2.073	2.45
1168	19:58:19	60.13	6499	2.072	2.45
1169	19:59:19	60.12	6499	2.072	2.45
1170	20:00:19	60.15	6499	2.072	2.45
1171	20:01:19	60.13	6499	2.072	2.45
1172	20:02:19	60.12	6499	2.072	2.45
1173	20:03:20	60.14	6499	2.072	2.45
1174	20:04:20	10.01	6499	2.072	2.449
1175	20:04:30	22.83	6499	2.072	2.45
1176	20:04:53	60.33	6499	2.072	2.45
1177	20:05:53	60.12	6499	2.072	2.449
1178	20:06:53	60.10	6499	2.072	2.449
1179	20:07:53	60.13	6499	2.072	2.449
1180	20:08:53	60.16	6499	2.072	2.449
1181	20:09:53	60.13	6499	2.072	2.449
1182	20:10:54	60.09	6499	2.072	2.449
1183	20:11:54	60.13	6499	2.072	2.449
1184	20:12:54	60.14	6499	2.072	2.449
1185	20:13:54	60.12	6499	2.072	2.449
1186	20:14:54	60.09	6499	2.072	2.449
1187	20:15:54	60.18	6499	2.072	2.449
1188	20:16:54	60.14	6499	2.072	2.449
1189	20:17:54	60.08	6499	2.072	2.449
1190	20:18:54	60.13	6499	2.071	2.449
1191	20:19:55	60.14	6499	2.071	2.449
1192	20:20:55	42.35	6499	2.071	2.449
1193	20:21:37	16.33	6499	2.071	2.449
1194	20:21:53	60.34	6499	2.071	2.449
1195	20:22:54	60.10	6499	2.071	2.449
1196	20:23:54	60.10	6499	2.071	2.449
1197	20:24:54	60.13	6499	2.071	2.449
1198	20:25:54	60.14	6499	2.071	2.449
1199	20:26:54	60.16	6499	2.071	2.448
1200	20:27:54	60.19	6499	2.071	2.448
1201	20:28:55	60.16	6499	2.071	2.448
1202	20:29:55	60.12	6499	2.07	2.446
1203	20:30:55	60.09	6499	2.068	2.444
1204	20:31:55	60.11	6499	2.065	2.442
1205	20:32:55	60.15	6499	2.063	2.441
1206	20:33:55	60.17	6499	2.06	2.44
1207	20:34:55	60.15	6499	2.059	2.439
1208	20:35:56	60.11	6499	2.059	2.439
1209	20:36:56	60.14	6499	2.059	2.439
1210	20:37:56	60.16	6499	2.059	2.439
1211	20:38:56	51.49	6499	2.059	2.439
1212	20:39:47	60.24	6499	2.059	2.439
1213	20:40:48	60.10	6499	2.059	2.439
1214	20:41:48	60.12	6499	2.059	2.439
1215	20:42:48	60.16	6499	2.059	2.439
1216	20:43:48	60.08	6499	2.059	2.439
1217	20:44:48	60.16	6499	2.059	2.439
1218	20:45:48	60.16	6499	2.059	2.439
1219	20:46:48	60.16	6499	2.059	2.439
1220	20:47:49	60.12	6499	2.059	2.439
1221	20:48:49	60.17	6499	2.059	2.439
1222	20:49:49	60.10	6499	2.058	2.439
1223	20:50:49	60.10	6499	2.058	2.439
1224	20:51:49	60.08	6499	2.058	2.439
1225	20:52:49	60.12	6499	2.058	2.439
1226	20:53:49	60.11	6499	2.058	2.439
1227	20:54:49	60.10	6499	2.058	2.439
1228	20:55:50	60.14	6499	2.058	2.439
1229	20:56:50	60.01	6499	2.058	2.439
1230	20:57:50	60.13	6499	2.058	2.439
1231	20:58:50	60.14	6499	2.058	2.439
1232	20:59:50	60.16	6499	2.058	2.439
1233	21:00:50	60.11	6499	2.058	2.439
1234	21:01:50	60.11	6499	2.058	2.439
1235	21:02:50	60.14	6499	2.058	2.439
1236	21:03:50	60.18	6499	2.058	2.438
1237	21:04:51	60.11	6499	2.058	2.438
1238	21:05:51	60.10	6499	2.058	2.438
1239	21:06:51	60.16	6499	2.058	2.438
1240	21:07:51	60.13	6499	2.058	2.438
1241	21:08:51	60.14	6499	2.058	2.438
1242	21:09:51	60.13	6499	2.058	2.438
1243	21:10:51	60.15	6499	2.058	2.438
1244	21:11:52	60.11	6499	2.058	2.438
1245	21:12:52	60.10	6499	2.058	2.438
1246	21:13:52	60.14	6499	2.057	2.438
1247	21:14:52	60.09	6499	2.057	2.438
1248	21:15:52	60.17	6499	2.057	2.438
1249	21:16:52	60.09	6499	2.057	2.438
1250	21:17:52	60.09	6499	2.057	2.438
1251	21:18:52	60.13	6499	2.057	2.438
1252	21:19:52	60.14	6499	2.057	2.438
1253	21:20:53	60.09	6499	2.057	2.438
1254	21:21:53	60.09	6499	2.057	2.438
1255	21:22:53	60.10	6499	2.057	2.438
1256	21:23:53	60.18	6499	2.057	2.438
1257	21:24:53	60.10	6499	2.057	2.438
1258	21:25:53	60.11	6499	2.057	2.438
1259	21:26:53	60.17	6499	2.057	2.438
1260	21:27:53	60.13	6499	2.057	2.437
1261	21:28:54	60.17	6499	2.057	2.437
1262	21:29:54	60.14	6499	2.057	2.437
1263	21:30:54	60.12	6499	2.057	2.437
1264	21:31:54	60.13	6499	2.057	2.437
1265	21:32:54	60.09	6499	2.057	2.437
1266	21:33:54	60.17	6499	2.057	2.437
1267	21:34:54	60.14	6499	2.056	2.437
1268	21:35:55	60.10	6499	2.056	2.437
1269	21:36:55	60.12	6499	2.056	2.437
1270	21:37:55	60.14	6499	2.056	2.437
1271	21:38:55	60.14	6499	2.056	2.437
1272	21:39:55	60.09	6499	2.056	2.437
1273	21:40:55	60.16	6499	2.056	2.437
1274	21:41:55	60.13	6499	2.056	2.437
1275	21:42:55	60.14	6499	2.056	2.437
1276	21:43:56	60.10	6499	2.056	2.437
1277	21:44:56	60.11	6499	2.056	2.437
1278	21:45:56	60.11	6499	2.056	2.437
1279	21:46:56	60.13	6499	2.056	2.437
1280	21:47:56	60.12	6499	2.056	2.436
1281	21:48:56	60.12	6499	2.056	2.436
1282	21:49:56	60.10	6499	2.056	2.436
1283	21:50:56	60.18	6499	2.056	2.436
1284	21:51:57	60.13	6499	2.056	2.436
1285	21:52:57	60.16	6499	2.056	2.436
1286	21:53:57	60.17	6499	2.056	2.436
1287	21:54:57	60.14	6499	2.056	2.436
1288	21:55:57	60.08	6499	2.056	2.436
1289	21:56:57	60.15	6499	2.055	2.435
1290	21:57:57	60.14	6499	2.054	2.433
1291	21:58:58	60.16	6499	2.051	2.431
1292	21:59:58	60.11	6499	2.047	2.429
1293	22:00:58	60.16	6499	2.044	2.428
1294	22:01:58	60.11	6499	2.044	2.428
1295	22:02:58	60.14	6499	2.044	2.428
1296	22:03:58	60.18	6499	2.044	2.428
1297	22:04:58	23.08	6499	2.044	2.428
1298	22:05:21	10.32	6499	2.044	2.428
1299	22:05:32	60.44	6499	2.044	2.428
1300	22:06:32	60.08	6499	2.044	2.428
1301	22:07:32	60.13	6499	2.044	2.428
1302	22:08:32	60.13	6499	2.044	2.428
1303	22:09:33	60.17	6499	2.044	2.428
1304	22:10:33	60.09	6499	2.044	2.428
1305	22:11:33	60.12	6499	2.044	2.428
1306	22:12:33	60.12	6499	2.043	2.428
1307	22:13:33	60.10	6499	2.043	2.428
1308	22:14:33	60.15	6499	2.043	2.428
1309	22:15:33	60.16	6499	2.043	2.428
1310	22:16:34	60.13	6499	2.043	2.428
1311	22:17:34	60.15	6499	2.043	2.428
1312	22:18:34	60.10	6499	2.043	2.428
1313	22:19:34	60.13	6499	2.043	2.428
1314	22:20:34	60.11	6499	2.043	2.428
1315	22:21:34	60.15	6499	2.043	2.428
1316	22:22:34	60.12	6499	2.043	2.428
1317	22:23:34	60.09	6499	2.043	2.428
1318	22:24:34	60.18	6499	2.043	2.428
1319	22:25:35	60.13	6499	2.043	2.428
1320	22:26:35	60.17	6499	2.043	2.428
1321	22:27:35	60.17	6499	2.043	2.428
1322	22:28:35	60.16	6499	2.043	2.428
1323	22:29:35	60.10	6499	2.039	2.428
1324	22:30:35	60.16	6499	2.043	2.427
1325	22:31:36	60.15	6499	2.043	2.427
1326	22:32:36	60.16	6499	2.043	2.427
1327	22:33:36	60.19	6499	2.043	2.427
1328	22:34:36	60.18	6499	2.043	2.427
1329	22:35:36	60.11	6499	2.043	2.427
1330	22:36:36	60.16	6499	2.043	2.427
1331	22:37:37	60.11	6499	2.043	2.427
1332	22:38:37	60.17	6499	2.043	2.427
1333	22:39:37	60.13	6499	2.043	2.427
1334	22:40:37	60.16	6499	2.043	2.427
1335	22:41:37	60.13	6499	2.042	2.427
1336	22:42:37	60.12	6499	2.042	2.427
1337	22:43:37	60.17	6499	2.042	2.427
1338	22:44:38	60.17	6499	2.042	2.427
1339	22:45:38	60.12	6499	2.042	2.427
1340	22:46:38	60.18	6499	2.042	2.427
1341	22:47:38	60.13	6499	2.042	2.427
1342	22:48:38	60.17	6499	2.042	2.427
1343	22:49:38	60.16	6499	2.042	2.427
1344	22:50:38	60.13	6499	2.042	2.427
1345	22:51:39	60.10	6499	2.042	2.427
1346	22:52:39	60.12	6499	2.042	2.427
1347	22:53:39	60.09	6499	2.042	2.427
1348	22:54:39	60.13	6499	2.042	2.426
1349	22:55:39	60.10	6499	2.042	2.426
1350	22:56:39	60.15	6499	2.042	2.426
1351	22:57:39	60.16	6499	2.042	2.426
1352	22:58:39	60.16	6499	2.042	2.426
1353	22:59:40	60.09	6499	2.042	2.426
1354	23:00:40	60.17	6499	2.042	2.426
1355	23:01:40	60.11	6499	2.042	2.426
1356	23:02:40	60.17	6499	2.042	2.426
1357	23:03:40	60.15	6499	2.042	2.426
1358	23:04:40	60.11	6499	2.042	2.426
1359	23:05:40	60.18	6499	2.042	2.426
1360	23:06:41	60.12	6499	2.042	2.426
1361	23:07:41	60.11	6499	2.041	2.426
1362	23:08:41	60.17	6499	2.041	2.426
1363	23:09:41	60.15	6499	2.041	2.426
1364	23:10:41	60.10	6499	2.041	2.426
1365	23:11:41	60.15	6499	2.041	2.426
1366	23:12:41	60.17	6499	2.041	2.426
1367	23:13:42	60.09	6499	2.041	2.426
1368	23:14:42	60.15	6499	2.041	2.426
1369	23:15:42	60.12	6499	2.041	2.426
1370	23:16:42	60.16	6499	2.041	2.426
1371	23:17:42	60.14	6499	2.041	2.426
1372	23:18:42	60.11	6499	2.041	2.425
1373	23:19:42	60.08	6499	2.04	2.425
1374	23:20:42	60.12	6499	2.04	2.425
1375	23:21:42	60.13	6499	2.04	2.425
1376	23:22:43	60.08	6499	2.04	2.425
1377	23:23:43	60.17	6499	2.04	2.425
1378	23:24:43	60.09	6499	2.04	2.425
1379	23:25:43	10.04	6499	2.04	2.425
1380	23:25:53	10.31	6499	2.04	2.425
1381	23:26:03	60.45	6499	2.04	2.425
1382	23:27:04	60.13	6499	2.04	2.425
1383	23:28:04	60.11	6499	2.04	2.425
1384	23:29:04	60.10	6499	2.04	2.425
1385	23:30:04	60.16	6499	2.04	2.425
1386	23:31:04	60.10	6499	2.04	2.425
1387	23:32:04	60.11	6499	2.036	2.425
1388	23:33:04	60.16	6499	2.033	2.423
1389	23:34:05	60.14	6499	2.03	2.422
1390	23:35:05	60.14	6499	2.027	2.421
1391	23:36:05	60.17	6499	2.023	2.42
1392	23:37:05	60.10	6499	2.022	2.419
1393	23:38:05	60.09	6499	2.021	2.418
1394	23:39:05	60.14	6499	2.021	2.418
1395	23:40:05	60.09	6499	2.021	2.418
1396	23:41:05	60.11	6499	2.021	2.418
1397	23:42:06	60.15	6499	2.021	2.418
1398	23:43:06	60.14	6499	2.02	2.418
1399	23:44:06	60.15	6499	2.02	2.418
1400	23:45:06	60.17	6499	2.02	2.418
1401	23:46:06	60.13	6499	2.02	2.418
1402	23:47:06	60.08	6499	2.02	2.418
1403	23:48:06	60.08	6499	2.02	2.418
1404	23:49:06	60.17	6499	2.02	2.418
1405	23:50:07	60.16	6499	2.02	2.418
1406	23:51:07	60.08	6499	2.02	2.418
1407	23:52:07	60.14	6499	2.02	2.418
1408	23:53:07	60.19	6499	2.02	2.418
1409	23:54:07	60.13	6499	2.02	2.418
1410	23:55:07	60.09	6499	2.02	2.418
1411	23:56:07	60.15	6499	2.02	2.418
1412	23:57:08	60.12	6499	2.02	2.418
1413	23:58:08	60.09	6499	2.02	2.418
1414	23:59:08	60.16	6499	2.02	2.417
1415	00:00:08	60.13	6499	2.02	2.418
1416	00:01:08	60.18	6499	2.02	2.417
1417	00:02:08	60.14	6499	2.02	2.417
1418	00:03:08	60.12	6499	2.02	2.417
1419	00:04:09	60.15	6499	2.019	2.417
1420	00:05:09	60.15	6499	2.019	2.417
1421	00:06:09	60.12	6499	2.019	2.417
1422	00:07:09	60.11	6499	2.019	2.417
1423	00:08:09	60.14	6499	2.019	2.417
1424	00:09:09	60.13	6499	2.019	2.417
1425	00:10:09	60.16	6499	2.019	2.417
1426	00:11:09	60.17	6499	2.019	2.417
1427	00:12:10	60.13	6499	2.019	2.417
1428	00:13:10	60.16	6499	2.019	2.417
1429	00:14:10	60.15	6499	2.019	2.417
1430	00:15:10	60.14	6499	2.019	2.417
1431	00:16:10	60.13	6499	2.019	2.417
1432	00:17:10	60.15	6499	2.019	2.417
1433	00:18:11	60.12	6499	2.019	2.417
1434	00:19:11	60.16	6499	2.019	2.417
1435	00:20:11	60.11	6499	2.019	2.417
1436	00:21:11	60.11	6499	2.019	2.417
1437	00:22:11	60.15	6499	2.019	2.417
1438	00:23:11	60.09	6499	2.019	2.417
1439	00:24:11	60.12	6499	2.019	2.417
1440	00:25:11	60.18	6499	2.019	2.417
1441	00:26:12	60.11	6499	2.018	2.417
1442	00:27:12	60.12	6499	2.018	2.417
1443	00:28:12	60.17	6499	2.018	2.417
1444	00:29:12	60.14	6499	2.018	2.417
1445	00:30:12	60.11	6499	2.018	2.417
1446	00:31:12	60.16	6499	2.018	2.417
1447	00:32:12	60.08	6499	2.018	2.416
1448	00:33:12	60.12	6499	2.018	2.416
1449	00:34:13	60.13	6499	2.018	2.416
1450	00:35:13	60.14	6499	2.018	2.416
1451	00:36:13	60.14	6499	2.018	2.416
1452	00:37:13	60.12	6499	2.018	2.416
1453	00:38:13	60.17	6499	2.018	2.416
1454	00:39:13	60.17	6499	2.018	2.416
1455	00:40:13	60.13	6499	2.018	2.416
1456	00:41:14	60.11	6499	2.018	2.416
1457	00:42:14	60.11	6499	2.018	2.416
1458	00:43:14	60.18	6499	2.018	2.416
1459	00:44:14	60.17	6499	2.018	2.416
1460	00:45:14	60.16	6499	2.018	2.416
1461	00:46:14	60.14	6499	2.018	2.416
1462	00:47:14	60.16	6499	2.018	2.416
1463	00:48:15	60.12	6499	2.017	2.416
1464	00:49:15	60.13	6499	2.017	2.416
1465	00:50:15	60.11	6499	2.017	2.416
1466	00:51:15	60.16	6499	2.017	2.416
1467	00:52:15	60.16	6499	2.017	2.416
1468	00:53:15	60.09	6499	2.017	2.416
1469	00:54:15	60.14	6499	2.017	2.416
1470	00:55:16	60.14	6499	2.017	2.415
1471	00:56:16	60.14	6499	2.017	2.415
1472	00:57:16	60.13	6499	2.017	2.415
1473	00:58:16	60.14	6499	2.017	2.415
1474	00:59:16	60.14	6499	2.017	2.415
1475	01:00:16	60.09	6499	2.017	2.415
1476	01:01:16	60.15	6499	2.017	2.415
1477	01:02:16	60.16	6499	2.017	2.415
1478	01:03:17	60.18	6499	2.017	2.415
1479	01:04:17	60.10	6499	2.017	2.415
1480	01:05:17	60.09	6499	2.016	2.415
1481	01:06:17	13.41	6499	2.011	2.414
Created by AtlRunQuery on: 2018-08-31 11:42:12.383055
