LHC beam energy and intensities during run 309166:
(Begin/end of run: Fri Sep 23 2016 08:02:59 − 14:22:50)

LB	   Start time
(CEST)	   Duration
(sec)	   Beam energy
(GeV)	   Intensity Beam-1
(1e11 protons)	   Intensity Beam-2
(1e11 protons)
1	08:02:59	60.11	6499	2.342	2.634
2	08:03:59	60.13	6499	2.342	2.634
3	08:04:59	43.83	6499	2.342	2.634
4	08:05:43	60.15	6499	2.342	2.634
5	08:06:43	60.11	6499	2.342	2.634
6	08:07:43	60.17	6499	2.342	2.634
7	08:08:43	18.97	6499	2.342	2.634
8	08:09:02	60.18	6499	2.342	2.634
9	08:10:03	60.14	6499	2.342	2.634
10	08:11:03	60.08	6499	2.342	2.634
11	08:12:03	60.16	6499	2.342	2.634
12	08:13:03	60.18	6499	2.342	2.634
13	08:14:03	60.14	6499	2.342	2.634
14	08:15:03	60.12	6499	2.342	2.634
15	08:16:03	60.13	6499	2.342	2.634
16	08:17:04	60.17	6499	2.342	2.634
17	08:18:04	60.15	6499	2.342	2.634
18	08:19:04	60.14	6499	2.341	2.634
19	08:20:04	60.08	6499	2.341	2.634
20	08:21:04	60.16	6499	2.341	2.634
21	08:22:04	60.14	6499	2.341	2.634
22	08:23:04	60.13	6499	2.341	2.634
23	08:24:05	60.16	6499	2.341	2.634
24	08:25:05	60.14	6499	2.341	2.634
25	08:26:05	60.09	6499	2.341	2.634
26	08:27:05	60.19	6499	2.341	2.634
27	08:28:05	60.14	6499	2.341	2.634
28	08:29:05	60.16	6499	2.341	2.634
29	08:30:05	60.11	6499	2.341	2.633
30	08:31:06	60.17	6499	2.341	2.633
31	08:32:06	60.13	6499	2.341	2.633
32	08:33:06	60.13	6499	2.341	2.633
33	08:34:06	60.17	6499	2.341	2.633
34	08:35:06	60.15	6499	2.341	2.633
35	08:36:06	60.15	6499	2.34	2.633
36	08:37:06	60.17	6499	2.34	2.633
37	08:38:07	60.13	6499	2.34	2.633
38	08:39:07	60.13	6499	2.34	2.633
39	08:40:07	60.15	6499	2.34	2.633
40	08:41:07	60.17	6499	2.34	2.633
41	08:42:07	60.15	6499	2.34	2.633
42	08:43:07	60.15	6499	2.34	2.633
43	08:44:07	60.09	6499	2.34	2.633
44	08:45:08	60.10	6499	2.34	2.633
45	08:46:08	60.11	6499	2.34	2.633
46	08:47:08	60.13	6499	2.34	2.633
47	08:48:08	60.12	6499	2.34	2.633
48	08:49:08	60.11	6499	2.34	2.633
49	08:50:08	60.11	6499	2.339	2.633
50	08:51:08	60.11	6499	2.339	2.633
51	08:52:08	60.11	6499	2.339	2.633
52	08:53:08	60.13	6499	2.339	2.633
53	08:54:09	60.13	6499	2.339	2.633
54	08:55:09	60.14	6499	2.339	2.633
55	08:56:09	60.15	6499	2.339	2.633
56	08:57:09	60.12	6499	2.339	2.632
57	08:58:09	60.15	6499	2.339	2.633
58	08:59:09	60.11	6499	2.339	2.632
59	09:00:09	60.09	6499	2.339	2.632
60	09:01:09	60.08	6499	2.339	2.632
61	09:02:10	60.15	6499	2.338	2.632
62	09:03:10	60.14	6499	2.338	2.632
63	09:04:10	60.13	6499	2.338	2.632
64	09:05:10	60.11	6499	2.338	2.632
65	09:06:10	60.18	6499	2.338	2.632
66	09:07:10	60.17	6499	2.338	2.632
67	09:08:10	60.19	6499	2.338	2.632
68	09:09:11	60.15	6499	2.338	2.632
69	09:10:11	60.12	6499	2.338	2.632
70	09:11:11	60.09	6499	2.338	2.632
71	09:12:11	60.18	6499	2.338	2.632
72	09:13:11	60.13	6499	2.338	2.632
73	09:14:11	60.17	6499	2.338	2.632
74	09:15:11	60.13	6499	2.337	2.632
75	09:16:12	60.14	6499	2.337	2.632
76	09:17:12	60.16	6499	2.337	2.632
77	09:18:12	60.15	6499	2.337	2.632
78	09:19:12	60.10	6499	2.337	2.632
79	09:20:12	60.12	6499	2.337	2.632
80	09:21:12	60.12	6499	2.337	2.631
81	09:22:12	60.10	6499	2.337	2.631
82	09:23:13	60.14	6499	2.337	2.631
83	09:24:13	60.09	6499	2.337	2.631
84	09:25:13	60.17	6499	2.337	2.631
85	09:26:13	60.09	6499	2.336	2.631
86	09:27:13	60.16	6499	2.336	2.631
87	09:28:13	60.20	6499	2.336	2.631
88	09:29:13	60.18	6499	2.336	2.631
89	09:30:14	60.11	6499	2.336	2.631
90	09:31:14	60.18	6499	2.336	2.631
91	09:32:14	60.17	6499	2.336	2.631
92	09:33:14	60.11	6499	2.336	2.631
93	09:34:14	60.14	6499	2.336	2.631
94	09:35:14	60.13	6499	2.335	2.631
95	09:36:14	60.10	6499	2.335	2.631
96	09:37:14	60.15	6499	2.335	2.631
97	09:38:15	60.14	6499	2.335	2.631
98	09:39:15	60.10	6499	2.335	2.631
99	09:40:15	60.13	6499	2.335	2.631
100	09:41:15	60.13	6499	2.335	2.631
101	09:42:15	60.09	6499	2.335	2.631
102	09:43:15	60.10	6499	2.335	2.631
103	09:44:15	60.17	6499	2.335	2.631
104	09:45:16	60.25	6499	2.335	2.631
105	09:46:16	60.16	6499	2.334	2.631
106	09:47:16	60.11	6499	2.334	2.63
107	09:48:16	35.21	6499	2.334	2.63
108	09:48:51	60.21	6499	2.334	2.63
109	09:49:51	60.13	6499	2.334	2.63
110	09:50:52	60.11	6499	2.334	2.63
111	09:51:52	60.19	6499	2.334	2.63
112	09:52:52	60.09	6499	2.333	2.63
113	09:53:52	60.09	6499	2.33	2.625
114	09:54:52	60.11	6499	2.325	2.628
115	09:55:52	60.09	6499	2.321	2.628
116	09:56:52	60.18	6499	2.316	2.626
117	09:57:52	60.09	6499	2.311	2.624
118	09:58:53	60.12	6499	2.307	2.621
119	09:59:53	60.16	6499	2.305	2.62
120	10:00:53	60.10	6499	2.305	2.619
121	10:01:53	60.17	6499	2.305	2.619
122	10:02:53	60.18	6499	2.305	2.619
123	10:03:53	60.14	6499	2.305	2.619
124	10:04:53	60.09	6499	2.305	2.619
125	10:05:53	60.13	6499	2.305	2.619
126	10:06:54	60.11	6499	2.305	2.619
127	10:07:54	60.12	6499	2.305	2.619
128	10:08:54	60.19	6499	2.305	2.619
129	10:09:54	60.12	6499	2.305	2.619
130	10:10:54	60.13	6499	2.305	2.619
131	10:11:54	60.10	6499	2.305	2.619
132	10:12:54	60.14	6499	2.304	2.619
133	10:13:55	60.11	6499	2.304	2.619
134	10:14:55	60.11	6499	2.304	2.619
135	10:15:55	60.13	6499	2.304	2.619
136	10:16:55	60.12	6499	2.304	2.619
137	10:17:55	60.14	6499	2.304	2.619
138	10:18:55	60.17	6499	2.304	2.619
139	10:19:55	60.11	6499	2.304	2.619
140	10:20:55	60.15	6499	2.304	2.619
141	10:21:56	60.16	6499	2.304	2.619
142	10:22:56	60.10	6499	2.304	2.619
143	10:23:56	60.07	6499	2.304	2.619
144	10:24:56	60.14	6499	2.304	2.619
145	10:25:56	60.12	6499	2.304	2.618
146	10:26:56	60.12	6499	2.304	2.618
147	10:27:56	60.17	6499	2.304	2.618
148	10:28:56	60.16	6499	2.304	2.618
149	10:29:57	60.10	6499	2.304	2.618
150	10:30:57	60.13	6499	2.304	2.618
151	10:31:57	60.11	6499	2.304	2.618
152	10:32:57	60.09	6499	2.304	2.618
153	10:33:57	60.13	6499	2.303	2.618
154	10:34:57	60.12	6499	2.303	2.618
155	10:35:57	60.09	6499	2.303	2.618
156	10:36:57	60.14	6499	2.303	2.618
157	10:37:58	60.12	6499	2.303	2.618
158	10:38:58	60.17	6499	2.303	2.618
159	10:39:58	60.16	6499	2.303	2.618
160	10:40:58	60.14	6499	2.303	2.618
161	10:41:58	60.12	6499	2.303	2.618
162	10:42:58	60.14	6499	2.303	2.618
163	10:43:58	60.12	6499	2.303	2.618
164	10:44:59	60.17	6499	2.303	2.618
165	10:45:59	60.08	6499	2.303	2.618
166	10:46:59	60.08	6499	2.303	2.618
167	10:47:59	60.10	6499	2.303	2.618
168	10:48:59	60.16	6499	2.302	2.618
169	10:49:59	60.13	6499	2.302	2.618
170	10:50:59	60.09	6499	2.302	2.618
171	10:51:59	60.12	6499	2.302	2.618
172	10:52:59	60.13	6499	2.302	2.618
173	10:54:00	60.12	6499	2.302	2.618
174	10:55:00	60.12	6499	2.302	2.618
175	10:56:00	60.10	6499	2.302	2.618
176	10:57:00	60.13	6499	2.302	2.618
177	10:58:00	60.16	6499	2.302	2.617
178	10:59:00	60.11	6499	2.302	2.617
179	11:00:00	60.15	6499	2.302	2.617
180	11:01:00	60.12	6499	2.302	2.617
181	11:02:01	60.13	6499	2.302	2.617
182	11:03:01	60.12	6499	2.301	2.617
183	11:04:01	60.13	6499	2.301	2.617
184	11:05:01	60.13	6499	2.301	2.617
185	11:06:01	60.13	6499	2.301	2.617
186	11:07:01	60.16	6499	2.301	2.617
187	11:08:01	60.17	6499	2.301	2.617
188	11:09:02	60.11	6499	2.301	2.617
189	11:10:02	60.14	6499	2.301	2.617
190	11:11:02	60.14	6499	2.301	2.617
191	11:12:02	60.10	6499	2.301	2.617
192	11:13:02	60.09	6499	2.301	2.617
193	11:14:02	60.13	6499	2.3	2.617
194	11:15:02	60.09	6499	2.3	2.617
195	11:16:02	60.15	6499	2.3	2.617
196	11:17:02	60.19	6499	2.3	2.617
197	11:18:03	60.15	6499	2.3	2.617
198	11:19:03	60.15	6499	2.3	2.617
199	11:20:03	60.12	6499	2.3	2.617
200	11:21:03	60.18	6499	2.3	2.617
201	11:22:03	60.14	6499	2.296	2.615
202	11:23:03	60.17	6499	2.3	2.616
203	11:24:04	60.17	6499	2.3	2.616
204	11:25:04	60.13	6499	2.3	2.616
205	11:26:04	60.12	6499	2.3	2.616
206	11:27:04	60.09	6499	2.299	2.616
207	11:28:04	60.09	6499	2.299	2.616
208	11:29:04	60.13	6499	2.299	2.616
209	11:30:04	60.11	6499	2.299	2.616
210	11:31:04	60.13	6499	2.299	2.616
211	11:32:05	60.19	6499	2.299	2.616
212	11:33:05	60.09	6499	2.299	2.616
213	11:34:05	60.10	6499	2.299	2.616
214	11:35:05	60.11	6499	2.299	2.616
215	11:36:05	60.13	6499	2.298	2.616
216	11:37:05	60.14	6499	2.298	2.615
217	11:38:05	60.13	6499	2.297	2.615
218	11:39:05	60.09	6499	2.294	2.614
219	11:40:06	60.14	6499	2.292	2.612
220	11:41:06	60.16	6499	2.289	2.609
221	11:42:06	60.14	6499	2.285	2.606
222	11:43:06	60.24	6499	2.28	2.605
223	11:44:06	60.12	6499	2.272	2.605
224	11:45:06	60.11	6499	2.268	2.604
225	11:46:06	60.17	6499	2.268	2.604
226	11:47:07	60.14	6499	2.268	2.604
227	11:48:07	60.16	6499	2.268	2.604
228	11:49:07	51.78	6499	2.268	2.604
229	11:49:59	60.02	6499	2.268	2.604
230	11:50:59	60.16	6499	2.267	2.604
231	11:51:59	60.14	6499	2.267	2.604
232	11:52:59	60.09	6499	2.267	2.604
233	11:53:59	60.13	6499	2.267	2.604
234	11:54:59	60.13	6499	2.267	2.604
235	11:55:59	60.12	6499	2.267	2.604
236	11:56:59	60.14	6499	2.267	2.604
237	11:58:00	60.09	6499	2.267	2.604
238	11:59:00	60.15	6499	2.267	2.604
239	12:00:00	60.13	6499	2.267	2.604
240	12:01:00	60.09	6499	2.267	2.604
241	12:02:00	60.10	6499	2.267	2.603
242	12:03:00	60.14	6499	2.267	2.603
243	12:04:00	60.33	6499	2.267	2.603
244	12:05:01	60.05	6499	2.267	2.603
245	12:06:01	60.08	6499	2.267	2.603
246	12:07:01	60.12	6499	2.267	2.603
247	12:08:01	60.09	6499	2.267	2.603
248	12:09:01	60.26	6499	2.267	2.603
249	12:10:01	60.18	6499	2.267	2.603
250	12:11:01	60.15	6499	2.267	2.603
251	12:12:02	60.14	6499	2.267	2.603
252	12:13:02	60.13	6499	2.267	2.603
253	12:14:02	60.12	6499	2.267	2.603
254	12:15:02	60.10	6499	2.266	2.603
255	12:16:02	60.17	6499	2.266	2.603
256	12:17:02	60.15	6499	2.266	2.603
257	12:18:02	60.16	6499	2.266	2.603
258	12:19:03	60.13	6499	2.266	2.603
259	12:20:03	60.13	6499	2.266	2.603
260	12:21:03	60.13	6499	2.266	2.603
261	12:22:03	60.10	6499	2.266	2.603
262	12:23:03	60.14	6499	2.266	2.603
263	12:24:03	60.17	6499	2.266	2.603
264	12:25:03	60.16	6499	2.266	2.603
265	12:26:03	60.16	6499	2.266	2.603
266	12:27:04	60.11	6499	2.266	2.603
267	12:28:04	60.13	6499	2.266	2.603
268	12:29:04	60.10	6499	2.266	2.603
269	12:30:04	60.11	6499	2.266	2.603
270	12:31:04	60.14	6499	2.266	2.602
271	12:32:04	60.10	6499	2.266	2.602
272	12:33:04	60.13	6499	2.266	2.602
273	12:34:04	60.15	6499	2.265	2.602
274	12:35:05	60.19	6499	2.265	2.602
275	12:36:05	60.09	6499	2.265	2.602
276	12:37:05	60.18	6499	2.265	2.602
277	12:38:05	60.14	6499	2.265	2.602
278	12:39:05	60.16	6499	2.265	2.602
279	12:40:05	60.12	6499	2.261	2.597
280	12:41:05	60.08	6499	2.265	2.602
281	12:42:06	60.14	6499	2.265	2.602
282	12:43:06	60.17	6499	2.265	2.602
283	12:44:06	60.20	6499	2.265	2.602
284	12:45:06	60.17	6499	2.265	2.602
285	12:46:06	60.19	6499	2.265	2.602
286	12:47:06	60.15	6499	2.265	2.602
287	12:48:07	60.14	6499	2.264	2.602
288	12:49:07	60.15	6499	2.264	2.602
289	12:50:07	60.10	6499	2.264	2.602
290	12:51:07	60.14	6499	2.264	2.602
291	12:52:07	60.16	6499	2.264	2.602
292	12:53:07	60.14	6499	2.264	2.602
293	12:54:07	60.11	6499	2.264	2.602
294	12:55:08	60.14	6499	2.264	2.602
295	12:56:08	60.13	6499	2.264	2.601
296	12:57:08	60.17	6499	2.264	2.601
297	12:58:08	60.17	6499	2.264	2.601
298	12:59:08	60.18	6499	2.264	2.601
299	13:00:08	10.27	6499	2.264	2.601
300	13:00:19	60.12	6499	2.264	2.601
301	13:01:19	60.13	6499	2.263	2.601
302	13:02:19	60.17	6499	2.263	2.601
303	13:03:19	60.12	6499	2.263	2.601
304	13:04:19	60.11	6499	2.263	2.601
305	13:05:19	60.16	6499	2.263	2.601
306	13:06:19	60.13	6499	2.263	2.601
307	13:07:20	60.13	6499	2.263	2.601
308	13:08:20	60.11	6499	2.262	2.601
309	13:09:20	60.14	6499	2.262	2.601
310	13:10:20	60.12	6499	2.262	2.6
311	13:11:20	60.10	6499	2.262	2.6
312	13:12:20	60.15	6499	2.259	2.6
313	13:13:20	60.17	6499	2.255	2.599
314	13:14:20	60.16	6499	2.249	2.597
315	13:15:21	60.15	6499	2.24	2.594
316	13:16:21	60.12	6499	2.229	2.592
317	13:17:21	60.15	6499	2.224	2.591
318	13:18:21	60.15	6499	2.224	2.591
319	13:19:21	60.15	6499	2.224	2.591
320	13:20:21	60.07	6499	2.224	2.591
321	13:21:21	60.16	6499	2.224	2.591
322	13:22:22	60.15	6499	2.224	2.591
323	13:23:22	60.14	6499	2.224	2.591
324	13:24:22	60.17	6499	2.223	2.591
325	13:25:22	60.08	6499	2.223	2.591
326	13:26:22	60.13	6499	2.223	2.591
327	13:27:22	60.17	6499	2.223	2.591
328	13:28:22	60.13	6499	2.223	2.591
329	13:29:23	60.13	6499	2.223	2.591
330	13:30:23	60.14	6499	2.223	2.591
331	13:31:23	60.15	6499	2.223	2.591
332	13:32:23	60.12	6499	2.223	2.591
333	13:33:23	60.11	6499	2.223	2.591
334	13:34:23	60.12	6499	2.223	2.591
335	13:35:23	60.12	6499	2.223	2.591
336	13:36:23	60.17	6499	2.223	2.591
337	13:37:24	60.12	6499	2.223	2.591
338	13:38:24	60.13	6499	2.223	2.591
339	13:39:24	60.11	6499	2.223	2.591
340	13:40:24	19.15	6499	2.223	2.591
341	13:40:43	60.51	6499	2.223	2.591
342	13:41:44	30.54	6499	2.223	2.591
343	13:42:14	60.40	6499	2.223	2.591
344	13:43:15	60.14	6499	2.223	2.591
345	13:44:15	60.13	6499	2.223	2.59
346	13:45:15	60.09	6499	2.223	2.59
347	13:46:15	60.09	6499	2.223	2.59
348	13:47:15	60.10	6499	2.223	2.59
349	13:48:15	60.16	6499	2.222	2.59
350	13:49:15	60.11	6499	2.222	2.59
351	13:50:15	60.17	6499	2.222	2.59
352	13:51:16	60.11	6499	2.222	2.59
353	13:52:16	60.12	6499	2.222	2.59
354	13:53:16	60.10	6499	2.222	2.59
355	13:54:16	60.09	6499	2.222	2.59
356	13:55:16	60.12	6499	2.222	2.59
357	13:56:16	60.18	6499	2.222	2.59
358	13:57:16	60.13	6499	2.222	2.59
359	13:58:16	60.13	6499	2.222	2.59
360	13:59:17	60.13	6499	2.222	2.59
361	14:00:17	60.12	6499	2.222	2.59
362	14:01:17	60.10	6499	2.222	2.59
363	14:02:17	60.17	6499	0.9525	1.11
364	14:03:17	60.15	6499	0	0
365	14:04:17	60.17	6499	0	0
366	14:05:17	43.73	6499	0	0
367	14:06:01	60.24	6499	0	0
368	14:07:01	60.13	6501	0	0
369	14:08:01	60.15	6501	0	0
370	14:09:02	60.15	6501	0	0
371	14:10:02	60.19	6501	0	0
372	14:11:02	60.15	6501	0	0
373	14:12:02	60.13	6501	0	0
374	14:13:02	60.16	6454	0	0
375	14:14:02	60.15	6283	0	0
376	14:15:03	60.09	5979	0	0
377	14:16:03	60.09	5627	0	0
378	14:17:03	60.16	5274	0	0
379	14:18:03	60.14	4920	0	0
380	14:19:03	60.15	4565	0	0
381	14:20:03	60.10	4209	0	0
382	14:21:03	60.15	3853	0	0
383	14:22:03	46.41	3497	0	0
Created by AtlRunQuery on: 2018-08-31 11:45:24.919133
