LHC beam energy and intensities during run 309346:
(Begin/end of run: Sun Sep 25 2016 14:34:09 − 18:41:07)

LB	   Start time
(CEST)	   Duration
(sec)	   Beam energy
(GeV)	   Intensity Beam-1
(1e11 protons)	   Intensity Beam-2
(1e11 protons)
1	14:34:09	60.13	450	0.08302	0.08536
2	14:35:09	60.10	450	0.08298	0.08534
3	14:36:09	50.78	450	0.08295	0.08532
4	14:37:00	22.28	450	0.08293	0.08531
5	14:37:22	31.44	450	0.08293	0.08529
6	14:37:54	60.40	450	0.08289	0.08527
7	14:38:54	60.15	450	0.08286	0.08525
8	14:39:54	10.02	450	0.08285	0.08523
9	14:40:04	60.37	450	0.08268	0.08521
10	14:41:05	60.16	450	0.08073	0.4213
11	14:42:05	60.15	450	0.7221	1.375
12	14:43:05	60.12	450	1.178	1.374
13	14:44:05	60.14	450	1.16	1.374
14	14:45:05	60.18	450	1.1	5.342
15	14:46:05	60.14	450	8.298	13.82
16	14:47:06	60.15	450	15.82	25.95
17	14:48:06	60.12	450	56.36	26.25
18	14:49:06	60.19	450	104.3	76.77
19	14:50:06	60.14	450	183	142.1
20	14:51:06	60.09	449	230.2	201.6
21	14:52:06	60.09	450	292.6	245.6
22	14:53:06	60.16	450	350.2	339.4
23	14:54:07	60.11	450	394.3	382
24	14:55:07	60.16	450	479.1	410.1
25	14:56:07	60.17	450	523.9	410.1
26	14:57:07	60.16	450	563.9	494.1
27	14:58:07	60.13	450	657.7	542.7
28	14:59:07	60.08	450	657.5	655.3
29	15:00:07	60.16	450	657.3	683.4
30	15:01:08	60.13	450	657.1	683.3
31	15:02:08	60.16	450	656.8	683.3
32	15:03:08	60.15	450	656.6	683.2
33	15:04:08	60.14	450	656.3	683.1
34	15:05:08	60.16	450	656	683
35	15:06:08	60.12	450	655.7	682.9
36	15:07:08	60.14	450	655.4	682.8
37	15:08:09	60.16	450	655.1	682.7
38	15:09:09	60.15	451	654.7	682.3
39	15:10:09	10.80	502	654.5	682
40	15:10:20	60.11	519	654.4	682
41	15:11:20	60.10	656	654.4	681.9
42	15:12:20	60.09	857	654.3	681.8
43	15:13:20	10.04	1120	654.3	681.9
44	15:13:30	60.16	1171	654.3	681.9
45	15:14:30	60.13	1512	654.3	681.9
46	15:15:30	53.25	1859	654.3	681.8
47	15:16:24	37.32	2172	641.1	667.4
48	15:17:01	60.51	2386	643	669.3
49	15:18:01	60.14	2733	642.8	669.1
50	15:19:01	60.09	3081	642.8	669.1
51	15:20:02	16.23	3434	642.8	669.1
52	15:20:18	60.50	3527	642.8	669.1
53	15:21:18	60.13	3874	642.8	669.1
54	15:22:18	60.17	4221	642.8	669.2
55	15:23:19	60.12	4575	642.8	669.2
56	15:24:19	60.14	4922	642.7	669.2
57	15:25:19	60.18	5270	642.7	669.2
58	15:26:19	60.16	5617	642.7	669.3
59	15:27:19	60.10	5964	642.7	669.3
60	15:28:19	60.17	6312	642.7	669.3
61	15:29:19	10.57	6499	642.8	669.3
62	15:29:30	60.40	6499	642.8	669.3
63	15:30:30	60.34	6499	642.9	669.3
64	15:31:31	60.21	6499	642.8	669.3
65	15:32:31	60.14	6499	642.7	669.3
66	15:33:31	60.16	6499	642.6	669.3
67	15:34:31	60.19	6499	642.4	669.3
68	15:35:31	60.14	6499	642.4	669.3
69	15:36:32	60.13	6499	642.4	669.3
70	15:37:32	60.15	6499	642.4	669.3
71	15:38:32	60.13	6499	642.4	669.3
72	15:39:32	60.12	6499	642.3	669.3
73	15:40:32	60.16	6499	642.3	669.2
74	15:41:32	60.17	6499	642.3	669.2
75	15:42:32	60.12	6499	642.3	669.2
76	15:43:33	60.17	6499	642.2	669.2
77	15:44:33	60.18	6499	642.2	669.2
78	15:45:33	60.22	6499	642.2	669.2
79	15:46:33	60.17	6499	642.1	669.2
80	15:47:33	60.15	6499	642.1	669.2
81	15:48:33	60.22	6499	642	669.2
82	15:49:34	58.53	6499	641.8	669.2
83	15:50:32	60.37	6499	641.5	669.1
84	15:51:33	60.09	6499	640.7	669.1
85	15:52:33	60.15	6499	639.5	669.1
86	15:53:33	60.17	6499	638.6	669.1
87	15:54:33	60.19	6499	637.9	669.1
88	15:55:33	60.14	6499	637.1	669.1
89	15:56:33	60.17	6499	636.6	669.1
90	15:57:34	60.13	6499	636.1	669.1
91	15:58:34	60.09	6499	635.5	669.1
92	15:59:34	60.11	6499	633.4	669.1
93	16:00:34	60.08	6499	631.5	669
94	16:01:34	60.09	6499	628	668.9
95	16:02:34	60.09	6499	624.3	668.5
96	16:03:34	60.15	6499	621.8	668.2
97	16:04:34	60.17	6499	619.6	667.8
98	16:05:34	60.16	6499	617.8	667.5
99	16:06:35	60.18	6499	616.4	667
100	16:07:35	60.15	6499	614.5	666.5
101	16:08:35	60.17	6499	612.9	666.1
102	16:09:35	60.10	6499	611.1	665.5
103	16:10:35	60.12	6499	609.4	664.9
104	16:11:35	60.16	6499	607.8	664.4
105	16:12:35	60.18	6499	606.3	663.9
106	16:13:36	60.17	6499	604.8	663.3
107	16:14:36	60.13	6499	603.5	662.8
108	16:15:36	60.13	6499	602.1	662.3
109	16:16:36	39.48	6499	600.9	661.8
110	16:17:16	60.54	6499	599.8	661.5
111	16:18:16	60.18	6499	598.6	661
112	16:19:16	60.17	6499	597.4	660.5
113	16:20:16	60.09	6499	596.3	660.1
114	16:21:17	10.01	6499	595.5	659.8
115	16:21:27	60.64	6499	594.9	659.5
116	16:22:27	60.12	6499	593.7	659.1
117	16:23:27	60.11	6499	592.5	658.6
118	16:24:27	60.14	6499	591.3	658.2
119	16:25:28	60.14	6499	590.2	657.7
120	16:26:28	60.11	6499	589.2	657.3
121	16:27:28	60.11	6499	588.2	656.9
122	16:28:28	42.40	6499	587.3	656.5
123	16:29:10	60.33	6499	586.4	656.1
124	16:30:11	60.17	6499	585.5	655.7
125	16:31:11	60.09	6499	584.5	655.3
126	16:32:11	60.14	6499	583.5	654.9
127	16:33:11	60.11	6499	582.5	654.5
128	16:34:11	60.15	6499	581.5	654.1
129	16:35:11	60.16	6499	580.6	653.7
130	16:36:11	60.11	6499	579.7	653.3
131	16:37:12	60.14	6499	578.8	652.9
132	16:38:12	60.13	6499	578	652.6
133	16:39:12	60.16	6499	577.2	652.2
134	16:40:12	60.12	6499	576.4	651.8
135	16:41:12	60.15	6499	575.5	651.4
136	16:42:12	60.14	6499	574.7	651.1
137	16:43:12	60.12	6499	573.9	650.7
138	16:44:13	60.11	6499	573.1	650.3
139	16:45:13	60.16	6499	572.3	650
140	16:46:13	60.08	6499	571.5	649.6
141	16:47:13	60.13	6499	570.8	649.3
142	16:48:13	20.91	6499	570.2	649
143	16:48:34	60.51	6499	569.7	648.8
144	16:49:34	60.18	6499	568.9	648.4
145	16:50:35	60.17	6499	568.2	648.1
146	16:51:35	60.13	6499	567.4	647.7
147	16:52:35	60.11	6499	566.7	647.4
148	16:53:35	48.94	6499	566	647.1
149	16:54:24	10.45	6499	565.7	646.9
150	16:54:34	60.10	6499	565.3	646.7
151	16:55:34	60.16	6499	564.6	646.4
152	16:56:35	60.13	6499	563.9	646
153	16:57:35	60.15	6499	563.2	645.7
154	16:58:35	60.09	6499	562.6	645.4
155	16:59:35	60.11	6499	561.9	645.1
156	17:00:35	60.12	6499	561.3	644.7
157	17:01:35	60.10	6499	560.7	644.4
158	17:02:35	60.12	6499	560.2	644.2
159	17:03:35	60.13	6499	559.8	644.1
160	17:04:36	60.12	6499	559.5	644
161	17:05:36	60.14	6499	559.1	643.9
162	17:06:36	60.14	6499	558.8	643.9
163	17:07:36	60.09	6499	558.6	643.8
164	17:08:36	60.18	6499	558.3	643.8
165	17:09:36	60.14	6499	558.1	643.7
166	17:10:36	60.10	6499	557.9	643.7
167	17:11:37	60.14	6499	557.6	643.6
168	17:12:37	60.14	6499	557.4	643.6
169	17:13:37	60.12	6499	557.2	643.5
170	17:14:37	60.10	6499	557	643.5
171	17:15:37	60.16	6499	556.8	643.5
172	17:16:37	60.11	6499	556.6	643.4
173	17:17:37	60.15	6499	556.4	643.4
174	17:18:37	60.18	6499	556.2	643.3
175	17:19:38	60.13	6499	556	643.3
176	17:20:38	60.16	6499	555.8	643.2
177	17:21:38	60.15	6499	555.6	643.2
178	17:22:38	60.15	6499	555.4	643.2
179	17:23:38	60.16	6499	555.3	643.1
180	17:24:38	60.14	6499	555.1	643.1
181	17:25:38	60.18	6499	554.9	643.1
182	17:26:39	60.14	6499	554.7	643
183	17:27:39	60.19	6499	554.6	643
184	17:28:39	60.11	6499	554.4	643
185	17:29:39	60.17	6499	554.3	642.9
186	17:30:39	60.14	6499	554.1	642.9
187	17:31:39	60.17	6499	553.9	642.8
188	17:32:40	60.16	6499	553.8	642.8
189	17:33:40	60.18	6499	553.7	642.8
190	17:34:40	25.88	6499	553.5	642.8
191	17:35:06	60.33	6499	553.4	642.7
192	17:36:06	60.16	6499	553.3	642.7
193	17:37:06	60.10	6499	553.2	642.6
194	17:38:06	60.14	6499	553	642.6
195	17:39:07	60.13	6499	552.9	642.6
196	17:40:07	60.17	6499	552.7	642.5
197	17:41:07	35.90	6499	552.6	642.5
198	17:41:43	60.33	6499	552.5	642.5
199	17:42:43	60.13	6499	552.4	642.4
200	17:43:43	60.13	6499	552.3	642.4
201	17:44:43	60.16	6499	552.1	642.4
202	17:45:43	60.15	6499	552	642.3
203	17:46:44	60.17	6499	551.9	642.3
204	17:47:44	60.14	6499	551.8	642.3
205	17:48:44	60.12	6499	551.7	642.2
206	17:49:44	52.12	6499	551.5	642.2
207	17:50:36	60.45	6499	551.4	642.2
208	17:51:37	60.14	6499	551.3	642.2
209	17:52:37	10.02	6499	551.3	642.1
210	17:52:47	60.49	6499	551.2	642.1
211	17:53:47	60.18	6499	551.1	642.1
212	17:54:47	60.19	6499	551	642
213	17:55:48	60.13	6499	550.9	642
214	17:56:48	60.14	6499	550.8	642
215	17:57:48	60.17	6499	550.7	642
216	17:58:48	60.17	6499	550.6	641.9
217	17:59:48	60.17	6499	550.5	641.9
218	18:00:48	60.09	6499	550.4	641.9
219	18:01:49	36.97	6499	550.3	641.8
220	18:02:26	60.49	6499	550.2	641.8
221	18:03:26	60.16	6499	550.2	641.7
222	18:04:26	60.10	6499	550.1	641.7
223	18:05:26	60.16	6499	550	641.7
224	18:06:26	60.16	6499	549.9	641.7
225	18:07:27	60.12	6499	549.8	641.7
226	18:08:27	60.14	6499	549.7	641.6
227	18:09:27	60.13	6499	549.6	641.6
228	18:10:27	41.60	6499	549.5	641.5
229	18:11:09	60.16	6499	549.4	641.5
230	18:12:09	60.13	6499	549.3	641.5
231	18:13:09	60.16	6499	549.2	641.4
232	18:14:09	60.16	6499	549.1	641.4
233	18:15:09	60.16	6499	549	641.4
234	18:16:09	60.17	6499	549	641.4
235	18:17:10	60.17	6499	548.9	641.3
236	18:18:10	60.12	6499	548.8	641.3
237	18:19:10	60.15	6499	548.7	641.3
238	18:20:10	60.12	6499	548.6	641.2
239	18:21:10	60.09	6499	548.5	641.2
240	18:22:10	60.16	6499	548.4	641.2
241	18:23:10	60.17	6499	548.3	641.2
242	18:24:11	60.16	6499	548.2	641.1
243	18:25:11	60.12	6499	548.1	641.1
244	18:26:11	60.17	6499	548	641.1
245	18:27:11	60.14	6499	548	641
246	18:28:11	60.13	6499	547.9	641
247	18:29:11	60.14	6499	547.8	641
248	18:30:11	60.15	6499	547.7	640.9
249	18:31:12	60.09	6499	547.6	640.9
250	18:32:12	60.16	6499	547.5	640.9
251	18:33:12	22.73	6499	547.5	640.8
252	18:33:34	60.72	6499	1.076	1.26
253	18:34:35	60.19	6499	0	0
254	18:35:35	60.09	6499	0	0
255	18:36:35	60.15	6499	0	0
256	18:37:36	60.16	6499	0	0
257	18:38:36	60.16	6501	0	0
258	18:39:36	60.13	6501	-1	-1
259	18:40:36	30.83	6501	0.01621	0.01271
Created by AtlRunQuery on: 2018-08-31 11:30:28.946049
