LHC beam energy and intensities during run 309640:
(Begin/end of run: Thu Sep 29 2016 19:43:29 − Fri Sep 30, 20:58:02)

LB	   Start time
(CEST)	   Duration
(sec)	   Beam energy
(GeV)	   Intensity Beam-1
(1e11 protons)	   Intensity Beam-2
(1e11 protons)
1	19:43:29	60.10	-1	0	0
2	19:44:30	60.13	-1	0	0
3	19:45:30	44.48	-1	0	0
4	19:46:14	60.03	-1	0	0
5	19:47:14	60.10	-1	0	0
6	19:48:14	60.14	-1	0	0
7	19:49:14	60.15	-1	0	0
8	19:50:15	60.12	-1	0	0
9	19:51:15	60.18	-1	0	0
10	19:52:15	60.10	-1	0	0
11	19:53:15	60.11	-1	0	0
12	19:54:15	60.13	-1	0	0
13	19:55:15	60.14	-1	0	0
14	19:56:15	60.11	-1	0	0
15	19:57:15	60.17	-1	0	0
16	19:58:16	60.09	-1	0	0
17	19:59:16	60.12	-1	0	0
18	20:00:16	60.11	-1	0	0
19	20:01:16	60.14	-1	0	0
20	20:02:16	60.12	-1	0	0
21	20:03:16	60.15	-1	0	0
22	20:04:16	60.16	-1	0	0
23	20:05:16	60.15	-1	0	0
24	20:06:17	60.17	-1	0	0
25	20:07:17	60.11	-1	0	0
26	20:08:17	60.14	-1	0	0
27	20:09:17	60.18	-1	0	0
28	20:10:17	60.09	-1	0	0
29	20:11:17	60.13	-1	0	0
30	20:12:17	60.16	-1	0	0
31	20:13:18	60.11	-1	0	0
32	20:14:18	60.18	-1	0	0
33	20:15:18	60.11	-1	0	0
34	20:16:18	60.15	-1	0	0
35	20:17:18	60.10	-1	0	0
36	20:18:18	60.19	-1	0	0
37	20:19:18	60.13	-1	0	0
38	20:20:19	60.10	-1	0	0
39	20:21:19	60.17	-1	0	0
40	20:22:19	60.12	-1	0	0
41	20:23:19	60.08	-1	0	0
42	20:24:19	60.11	-1	0	0
43	20:25:19	60.10	-1	0	0
44	20:26:19	60.13	-1	0	0
45	20:27:19	60.17	-1	0	0
46	20:28:20	60.13	-1	0	0
47	20:29:20	60.16	-1	0	0
48	20:30:20	60.20	-1	0	0
49	20:31:20	60.14	-1	0	0
50	20:32:20	60.11	-1	0	0
51	20:33:20	60.14	-1	0	0
52	20:34:20	60.15	-1	0	0
53	20:35:21	60.12	-1	0	0
54	20:36:21	60.15	-1	0	0
55	20:37:21	60.13	-1	0	0
56	20:38:21	60.16	-1	0	0
57	20:39:21	60.13	-1	0	0
58	20:40:21	60.15	-1	0	0
59	20:41:21	60.16	-1	0	0
60	20:42:22	60.17	-1	0	0
61	20:43:22	60.11	-1	0	0
62	20:44:22	60.13	-1	0	0
63	20:45:22	60.11	-1	0	0
64	20:46:22	60.15	-1	0	0
65	20:47:22	60.17	-1	0	0
66	20:48:22	60.10	-1	0	0
67	20:49:22	60.09	-1	0	0
68	20:50:23	60.09	-1	0	0
69	20:51:23	60.16	-1	0	0
70	20:52:23	60.11	-1	0	0
71	20:53:23	60.13	-1	0	0
72	20:54:23	60.09	-1	0	0
73	20:55:23	60.16	-1	0	0
74	20:56:23	60.14	-1	0	0
75	20:57:23	60.11	-1	0	0
76	20:58:24	60.14	-1	0	0
77	20:59:24	60.17	-1	0	0
78	21:00:24	60.15	-1	0	0
79	21:01:24	60.16	-1	0	0
80	21:02:24	60.14	-1	0	0
81	21:03:24	60.12	-1	0	0
82	21:04:24	60.17	-1	0	0
83	21:05:25	60.15	-1	0	0
84	21:06:25	60.14	-1	0	0
85	21:07:25	60.11	-1	0	0
86	21:08:25	60.15	59	0	0
87	21:09:25	60.15	59	0	0
88	21:10:25	60.14	59	0	0
89	21:11:25	60.14	59	0	0
90	21:12:26	60.08	59	0	0
91	21:13:26	60.12	59	0	0
92	21:14:26	60.09	59	0	0
93	21:15:26	60.18	59	0	0
94	21:16:26	60.15	59	0	0
95	21:17:26	60.14	59	0	0
96	21:18:26	60.14	59	0	0
97	21:19:26	60.12	59	0	0
98	21:20:27	60.09	59	0	0
99	21:21:27	60.14	59	0	0
100	21:22:27	60.13	59	0	0
101	21:23:27	60.15	59	0	0
102	21:24:27	60.12	59	0	0
103	21:25:27	60.16	59	0	0
104	21:26:27	60.17	60	0	0
105	21:27:28	60.14	402	0	0
106	21:28:28	60.12	450	0	0
107	21:29:28	60.11	450	0	0
108	21:30:28	60.14	450	0	0
109	21:31:28	60.12	450	0	0
110	21:32:28	60.14	450	0	0
111	21:33:28	60.08	450	0	0
112	21:34:28	60.12	450	0	0
113	21:35:29	60.14	450	0	0
114	21:36:29	60.12	450	0	0
115	21:37:29	60.15	450	0	0
116	21:38:29	60.15	450	0	0
117	21:39:29	60.15	450	0	0
118	21:40:29	60.17	450	0	0
119	21:41:29	60.13	450	0	0
120	21:42:30	60.10	450	0	0
121	21:43:30	60.11	450	0	0
122	21:44:30	60.15	450	0	0
123	21:45:30	60.09	450	0	0
124	21:46:30	60.08	450	0	0
125	21:47:30	60.17	450	0	0
126	21:48:30	60.12	450	0	0
127	21:49:30	60.16	450	0	0
128	21:50:31	60.10	450	0	0
129	21:51:31	60.14	450	0	0
130	21:52:31	60.17	450	0	0
131	21:53:31	60.18	450	0	0
132	21:54:31	60.12	450	0	0
133	21:55:31	60.11	450	0	0
134	21:56:31	60.13	450	0	0
135	21:57:31	60.10	450	0	0
136	21:58:32	60.15	450	0	0
137	21:59:32	60.13	450	0	0
138	22:00:32	60.13	450	0	0
139	22:01:32	60.12	450	0	0
140	22:02:32	60.12	450	0	0
141	22:03:32	60.11	450	0	0
142	22:04:32	60.13	450	0	0
143	22:05:32	60.12	450	0	0
144	22:06:33	60.15	450	0	0
145	22:07:33	60.14	450	0	0
146	22:08:33	60.20	450	0	0
147	22:09:33	60.14	450	0	0
148	22:10:33	60.12	450	0	0
149	22:11:33	60.12	450	0	0
150	22:12:33	60.12	450	0	0
151	22:13:34	60.11	450	0	0
152	22:14:34	60.15	450	0	0
153	22:15:34	60.13	450	0	0
154	22:16:34	60.13	450	0	0
155	22:17:34	60.12	450	0	0
156	22:18:34	60.17	450	0	0
157	22:19:34	60.14	450	0	0
158	22:20:34	60.11	450	0	0
159	22:21:35	60.16	450	0	0
160	22:22:35	60.15	450	0	0
161	22:23:35	60.15	450	0	0
162	22:24:35	60.09	450	0	0
163	22:25:35	60.19	449	0	0
164	22:26:35	60.13	450	0	0
165	22:27:35	60.20	450	0	0
166	22:28:36	60.11	450	0	0
167	22:29:36	60.15	450	0	0
168	22:30:36	60.11	450	0	0
169	22:31:36	60.12	450	0	0
170	22:32:36	60.11	450	0	0
171	22:33:36	60.07	450	0	0
172	22:34:36	60.14	450	0	0
173	22:35:36	60.15	450	0	0
174	22:36:37	60.17	450	0	0
175	22:37:37	60.13	450	0	0
176	22:38:37	60.11	450	0	0
177	22:39:37	60.13	450	0	0
178	22:40:37	60.18	450	0	0
179	22:41:37	60.11	450	0	0
180	22:42:37	60.18	450	0	0
181	22:43:38	60.13	450	0	0
182	22:44:38	60.17	450	0	0
183	22:45:38	60.16	450	0	0
184	22:46:38	60.14	450	0	0
185	22:47:38	60.13	450	0	0
186	22:48:38	60.09	450	0	0
187	22:49:38	60.18	450	0	0
188	22:50:39	60.11	450	0	0
189	22:51:39	60.13	450	0	0
190	22:52:39	60.13	450	0	0
191	22:53:39	60.17	450	0	0
192	22:54:39	60.16	450	0	0
193	22:55:39	60.11	450	0	0
194	22:56:39	60.16	450	0	0
195	22:57:40	60.14	450	0	0
196	22:58:40	60.18	450	0	0
197	22:59:40	60.12	450	0	0
198	23:00:40	60.17	450	0	0
199	23:01:40	60.14	450	0	0
200	23:02:40	60.12	450	0	0
201	23:03:40	60.10	450	0	0
202	23:04:41	60.18	449	0	0
203	23:05:41	60.09	450	0	0
204	23:06:41	60.16	450	0	0
205	23:07:41	60.13	450	0	0
206	23:08:41	60.18	450	0	0
207	23:09:41	60.15	450	0	0
208	23:10:41	60.15	450	0	0
209	23:11:42	60.11	450	0	0
210	23:12:42	60.12	450	0	0
211	23:13:42	60.13	450	0	0
212	23:14:42	60.19	450	0	0
213	23:15:42	60.13	450	0	0
214	23:16:42	60.18	450	0	0
215	23:17:42	60.15	450	0	0
216	23:18:43	60.12	450	0	0
217	23:19:43	60.11	450	0	0
218	23:20:43	60.12	450	0	0
219	23:21:43	60.09	449	0	0
220	23:22:43	60.09	450	0	0
221	23:23:43	60.10	450	0	0
222	23:24:43	60.13	450	0	0
223	23:25:43	60.13	450	0	0
224	23:26:44	60.15	450	0	0
225	23:27:44	60.17	450	0	0
226	23:28:44	60.16	450	0	0
227	23:29:44	60.13	450	0	0
228	23:30:44	60.13	450	0	0
229	23:31:44	60.13	450	0	0
230	23:32:44	60.12	450	0	0
231	23:33:45	60.15	450	0	0
232	23:34:45	60.13	450	0	0
233	23:35:45	60.12	450	0	0
234	23:36:45	60.18	450	0	0
235	23:37:45	60.14	450	0	0
236	23:38:45	60.13	450	0	0
237	23:39:45	60.13	450	0	0
238	23:40:46	60.12	449	0	0
239	23:41:46	60.12	450	0	0
240	23:42:46	60.16	450	0	0
241	23:43:46	60.17	450	0	0
242	23:44:46	60.16	450	0	0
243	23:45:46	60.14	450	0	0
244	23:46:46	60.17	450	0	0
245	23:47:47	60.13	450	0	0
246	23:48:47	60.09	450	0	0
247	23:49:47	60.08	450	0	0
248	23:50:47	60.12	450	0	0
249	23:51:47	60.14	450	0	0
250	23:52:47	60.13	450	0	0
251	23:53:47	60.16	450	0	0
252	23:54:47	60.12	450	0	0
253	23:55:48	60.11	450	0	0
254	23:56:48	60.18	450	0	0
255	23:57:48	60.14	450	0	0
256	23:58:48	60.15	450	0	0
257	23:59:48	60.14	450	0	0
258	00:00:48	60.14	450	0	0
259	00:01:48	60.13	450	0	0
260	00:02:48	60.17	450	0	0
261	00:03:49	60.13	450	0	0
262	00:04:49	60.14	450	0	0
263	00:05:49	60.15	450	0	0
264	00:06:49	60.11	450	0	0
265	00:07:49	60.10	450	0	0
266	00:08:49	60.13	450	0	0
267	00:09:49	60.12	449	0	0
268	00:10:50	60.12	450	0	0
269	00:11:50	60.12	450	0	0
270	00:12:50	60.10	450	0	0
271	00:13:50	60.16	450	0	0
272	00:14:50	60.18	450	0	0
273	00:15:50	60.14	450	0.02295	0
274	00:16:50	60.09	450	0.07131	0.05212
275	00:17:50	60.11	450	0.07121	0.06833
276	00:18:51	60.10	450	0.07109	0.06829
277	00:19:51	60.12	450	0.07088	0.06825
278	00:20:51	60.15	450	0.0708	0.06822
279	00:21:51	60.19	450	0.07076	0.0682
280	00:22:51	60.17	450	0.07073	0.06818
281	00:23:51	60.14	450	0.07069	0.06814
282	00:24:51	60.16	450	0.07065	0.06812
283	00:25:52	60.11	450	0.07061	0.0681
284	00:26:52	60.12	450	0.07056	0.06807
285	00:27:52	60.15	450	0.07051	0.06805
286	00:28:52	60.13	450	0.07046	0.06802
287	00:29:52	60.17	450	0.0704	0.068
288	00:30:52	60.13	450	0.07034	0.06797
289	00:31:52	60.13	450	0.07026	0.06793
290	00:32:53	60.11	450	0.07017	0.06791
291	00:33:53	60.16	450	0.07009	0.06788
292	00:34:53	60.10	450	0.07003	0.06785
293	00:35:53	60.11	450	0.06994	0.06782
294	00:36:53	60.18	450	0.06987	0.06778
295	00:37:53	60.13	450	0.06979	0.06774
296	00:38:53	60.16	450	0.06971	0.06771
297	00:39:53	60.14	450	0.06965	0.06766
298	00:40:54	60.14	450	0.06957	0.06762
299	00:41:54	60.09	450	0.0695	0.06758
300	00:42:54	60.10	450	0.06942	0.06754
301	00:43:54	60.18	450	0.06934	0.06749
302	00:44:54	60.17	450	0.06926	0.06745
303	00:45:54	60.11	450	0.06916	0.0674
304	00:46:54	60.15	450	0.06908	0.06735
305	00:47:55	60.12	450	0.06899	0.0673
306	00:48:55	60.14	450	0.06889	0.06725
307	00:49:55	60.17	450	0.06878	0.06719
308	00:50:55	60.14	450	0.06866	0.06714
309	00:51:55	60.14	450	0.06858	0.06709
310	00:52:55	60.10	450	0.06848	0.06704
311	00:53:55	60.17	450	0.06837	0.06699
312	00:54:56	60.14	450	0.06826	0.06692
313	00:55:56	60.13	450	0.06816	0.06686
314	00:56:56	60.12	450	0.068	0.0668
315	00:57:56	60.16	450	0.06747	0.06671
316	00:58:56	60.17	450	3.074	0.06662
317	00:59:56	60.14	450	13.11	9.04
318	01:00:56	60.10	450	13.11	13.41
319	01:01:56	60.16	450	25.79	19.12
320	01:02:57	60.10	450	25.78	26.14
321	01:03:57	60.12	450	25.77	26.14
322	01:04:57	60.12	450	25.77	26.14
323	01:05:57	60.10	450	32.57	26.14
324	01:06:57	60.16	450	38.76	26.14
325	01:07:57	60.14	450	38.75	26.14
326	01:08:57	60.16	450	38.74	26.14
327	01:09:58	60.15	450	46.89	26.14
328	01:10:58	60.17	450	51.73	32.63
329	01:11:58	60.13	450	51.72	39.26
330	01:12:58	60.14	450	62.02	39.26
331	01:13:58	60.17	450	64.11	41.2
332	01:14:58	60.17	450	34.62	27.98
333	01:15:58	60.10	450	0	0
334	01:16:59	60.10	450	0	0
335	01:17:59	60.11	450	0	0
336	01:18:59	60.13	450	0	0
337	01:19:59	60.12	450	0	0
338	01:20:59	60.12	450	0	0
339	01:21:59	10.02	450	0	0
340	01:22:09	60.16	450	0.04567	0
341	01:23:09	60.12	450	0.08217	0.07212
342	01:24:09	60.17	450	0.08208	0.07236
343	01:25:10	60.14	450	0.082	0.07234
344	01:26:10	60.11	450	0.08196	0.07231
345	01:27:10	60.15	450	0.08191	0.07229
346	01:28:10	60.18	450	0.08187	0.07226
347	01:29:10	60.14	450	0.08181	0.07224
348	01:30:10	60.16	450	0.08176	0.07221
349	01:31:11	60.14	450	0.08171	0.07218
350	01:32:11	60.16	450	0.08166	0.07215
351	01:33:11	60.18	450	0.08161	0.07211
352	01:34:11	60.16	450	0.08156	0.07207
353	01:35:11	60.15	450	0.0815	0.07204
354	01:36:11	60.10	450	0.08144	0.072
355	01:37:11	60.12	450	0.08139	0.07196
356	01:38:12	60.22	450	0.08133	0.07191
357	01:39:12	60.11	450	0.08111	0.07183
358	01:40:12	60.14	450	0.08088	0.07175
359	01:41:12	60.13	450	0.08072	0.07168
360	01:42:12	60.14	450	0.08056	0.0716
361	01:43:12	60.15	450	3.535	0.07153
362	01:44:12	60.12	450	12.54	8.848
363	01:45:13	60.18	450	12.54	12.59
364	01:46:13	60.17	450	12.54	63.32
365	01:47:13	60.15	450	12.54	120.8
366	01:48:13	60.11	450	39.82	120.8
367	01:49:13	60.13	450	120.4	120.8
368	01:50:13	60.13	450	182.3	121.4
369	01:51:13	60.10	450	227.8	229.2
370	01:52:14	60.16	450	227.8	229.2
371	01:53:14	60.13	450	227.7	229.2
372	01:54:14	60.16	450	227.7	229.2
373	01:55:14	60.15	450	227.7	229.1
374	01:56:14	60.10	450	227.6	229.1
375	01:57:14	60.14	450	227.6	259
376	01:58:14	60.14	450	302.3	351.6
377	01:59:14	60.11	450	393.4	444.6
378	02:00:15	60.16	450	485.7	541.9
379	02:01:15	60.14	450	577.7	644.3
380	02:02:15	60.17	450	670.3	732.9
381	02:03:15	60.19	450	762.1	825.2
382	02:04:15	60.17	450	852.4	916.6
383	02:05:15	60.12	449	953.6	1009
384	02:06:16	60.17	450	1051	1102
385	02:07:16	60.13	450	1141	1193
386	02:08:16	60.15	450	1235	1287
387	02:09:16	60.09	450	1268	1437
388	02:10:16	60.11	450	1267	1525
389	02:11:16	60.13	449	1266	1610
390	02:12:16	60.14	450	1342	1697
391	02:13:16	60.19	450	1364	1850
392	02:14:17	60.13	450	1364	2031
393	02:15:17	60.17	449	1408	2179
394	02:16:17	60.14	450	1497	2270
395	02:17:17	60.16	450	1587	2361
396	02:18:17	60.11	450	1743	2386
397	02:19:17	60.09	450	1927	2385
398	02:20:17	60.06	450	2119	2386
399	02:21:18	60.10	450	2297	2386
400	02:22:18	60.14	450	2389	2386
401	02:23:18	60.16	450	2387	2385
402	02:24:18	60.13	450	2385	2385
403	02:25:18	60.13	450	2384	2385
404	02:26:18	60.17	453	2381	2384
405	02:27:18	10.02	510	2380	2383
406	02:27:28	36.70	526	2380	2383
407	02:28:05	13.75	605	2368	2371
408	02:28:19	60.55	642	2367	2371
409	02:29:19	60.14	838	2367	2371
410	02:30:20	10.02	1100	2367	2371
411	02:30:30	60.18	1150	2367	2370
412	02:31:30	60.14	1489	2367	2371
413	02:32:30	60.15	1836	2367	2370
414	02:33:30	60.12	2184	1645	1645
415	02:34:30	60.15	2531	0	0
416	02:35:30	60.15	2878	0	0
417	02:36:30	60.12	3226	0	0
418	02:37:31	60.15	3579	0	0
419	02:38:31	60.17	3926	0	0
420	02:39:31	60.14	4274	0	0
421	02:40:31	60.14	4621	0	0
422	02:41:31	60.14	4969	0	0
423	02:42:31	60.11	5316	0	0
424	02:43:31	60.17	5664	0	0
425	02:44:32	60.09	6017	0	0
426	02:45:32	60.08	6364	0	0
427	02:46:32	10.02	6499	0	0
428	02:46:42	10.01	6499	0	0
429	02:46:52	21.17	6499	0	0
430	02:47:13	10.17	6499	0	0
431	02:47:23	60.43	6499	0	0
432	02:48:24	60.12	6501	0	0
433	02:49:24	60.13	6501	0	0
434	02:50:24	60.09	6501	0	0
435	02:51:24	60.12	6501	0	0
436	02:52:24	60.11	6501	0	0
437	02:53:24	60.12	6501	0	0
438	02:54:24	60.16	6479	0	0
439	02:55:24	60.12	6342	0	0
440	02:56:24	60.13	6079	0	0
441	02:57:25	60.10	5724	0	0
442	02:58:25	60.12	5371	0	0
443	02:59:25	60.12	5017	0	0
444	03:00:25	60.13	4662	0	0
445	03:01:25	60.14	4306	0	0
446	03:02:25	60.10	3950	0	0
447	03:03:25	60.12	3594	0	0
448	03:04:25	60.12	3237	0	0
449	03:05:26	60.13	2875	0	0
450	03:06:26	60.14	2518	0	0
451	03:07:26	60.15	2162	0	0
452	03:08:26	60.11	1805	0	0
453	03:09:26	60.10	1449	0	0
454	03:10:26	60.10	1092	0	0
455	03:11:26	60.15	735	0	0
456	03:12:26	60.14	394	0	0
457	03:13:27	60.16	162	0	0
458	03:14:27	60.13	64	0	0
459	03:15:27	60.16	59	0	0
460	03:16:27	60.16	59	0	0
461	03:17:27	60.13	59	0	0
462	03:18:27	60.16	59	0	0
463	03:19:27	60.14	59	0	0
464	03:20:28	60.10	59	0	0
465	03:21:28	60.13	59	0	0
466	03:22:28	60.13	59	0	0
467	03:23:28	60.13	59	0	0
468	03:24:28	60.18	59	0	0
469	03:25:28	60.13	59	0	0
470	03:26:28	60.13	59	0	0
471	03:27:29	60.19	59	0	0
472	03:28:29	60.08	232	0	0
473	03:29:29	60.17	450	0	0
474	03:30:29	60.15	450	0	0
475	03:31:29	60.17	450	0	0
476	03:32:29	60.16	450	0	0
477	03:33:29	60.13	450	0	0
478	03:34:30	60.11	450	0	0
479	03:35:30	60.14	449	0	0
480	03:36:30	60.12	450	0	0
481	03:37:30	60.17	450	0	0
482	03:38:30	60.14	450	0	0
483	03:39:30	60.04	450	0	0
484	03:40:30	60.13	450	0	0
485	03:41:30	60.18	450	0	0
486	03:42:31	60.13	450	0	0
487	03:43:31	60.16	450	0	0
488	03:44:31	60.15	450	0	0
489	03:45:31	60.12	450	0	0
490	03:46:31	60.17	450	0	0
491	03:47:31	60.15	450	0	0
492	03:48:32	60.13	450	0	0
493	03:49:32	60.13	449	19.07	0
494	03:50:32	60.19	450	103.2	65.92
495	03:51:32	60.13	450	103.1	105.2
496	03:52:32	60.15	450	202.8	145.7
497	03:53:32	60.19	450	289.8	210.8
498	03:54:32	60.14	450	382.4	229.2
499	03:55:33	60.12	450	472.5	319.6
500	03:56:33	60.17	450	564.6	419.2
501	03:57:33	60.14	450	655.1	516.9
502	03:58:33	60.15	450	746.4	605.9
503	03:59:33	60.09	450	840	698.5
504	04:00:33	60.16	450	929.3	789.9
505	04:01:33	60.18	450	1028	880.2
506	04:02:34	60.12	450	1120	971.8
507	04:03:34	60.14	450	1211	1061
508	04:04:34	60.17	450	1301	1153
509	04:05:34	60.16	450	1392	1246
510	04:06:34	60.19	450	1484	1246
511	04:07:34	60.14	450	1542	1337
512	04:08:35	60.17	450	1541	1350
513	04:09:35	60.10	450	1540	1423
514	04:10:35	60.15	450	1592	1556
515	04:11:35	60.13	450	1683	1658
516	04:12:35	60.15	450	1774	1746
517	04:13:35	60.18	450	1866	1836
518	04:14:35	60.16	450	1955	1928
519	04:15:36	60.11	450	2053	2019
520	04:16:36	60.12	450	2152	2110
521	04:17:36	60.13	450	2239	2200
522	04:18:36	60.11	450	2330	2291
523	04:19:36	60.11	450	2361	2380
524	04:20:36	60.11	450	2360	2380
525	04:21:36	60.11	450	2358	2380
526	04:22:36	60.13	450	2357	2380
527	04:23:37	39.44	459	2354	2379
528	04:24:16	60.24	499	2353	2379
529	04:25:16	60.18	619	2353	2379
530	04:26:16	60.13	807	2353	2379
531	04:27:17	12.01	1059	2353	2379
532	04:27:29	60.16	1117	2353	2379
533	04:28:29	60.18	1451	2353	2379
534	04:29:29	60.10	1798	2353	2379
535	04:30:29	60.11	2145	2352	2379
536	04:31:29	60.13	2493	2352	2378
537	04:32:29	60.13	2840	2352	2378
538	04:33:29	60.12	3188	2352	2378
539	04:34:29	60.18	3535	2352	2378
540	04:35:30	60.13	3888	2352	2378
541	04:36:30	60.10	4236	2352	2378
542	04:37:30	60.12	4583	2351	2378
543	04:38:30	60.18	4931	2351	2378
544	04:39:30	60.15	5278	2351	2378
545	04:40:30	60.13	5625	2351	2378
546	04:41:30	60.14	5973	2351	2378
547	04:42:31	60.14	6326	2350	2378
548	04:43:31	10.02	6499	2350	2378
549	04:43:41	10.04	6499	2350	2378
550	04:43:51	60.44	6499	2350	2378
551	04:44:51	60.12	6499	2350	2378
552	04:45:51	60.14	6499	2350	2378
553	04:46:51	60.15	6499	2350	2378
554	04:47:52	60.16	6499	2350	2378
555	04:48:52	60.18	6499	2349	2378
556	04:49:52	60.12	6499	2349	2378
557	04:50:52	60.18	6499	2349	2378
558	04:51:52	60.16	6499	2349	2378
559	04:52:52	60.15	6499	2349	2378
560	04:53:53	60.13	6499	2349	2378
561	04:54:53	60.15	6499	2349	2378
562	04:55:53	60.12	6499	2349	2378
563	04:56:53	60.13	6499	2349	2378
564	04:57:53	60.19	6499	2349	2378
565	04:58:53	60.10	6499	2348	2378
566	04:59:53	60.12	6499	2348	2378
567	05:00:54	60.15	6499	2348	2378
568	05:01:54	60.12	6499	2348	2377
569	05:02:54	60.13	6499	2347	2377
570	05:03:54	60.13	6499	2347	2377
571	05:04:54	52.98	6499	2346	2377
572	05:05:47	60.65	6499	2346	2377
573	05:06:48	60.14	6499	2346	2377
574	05:07:48	60.17	6499	2345	2377
575	05:08:48	60.13	6499	2344	2377
576	05:09:48	60.14	6499	2342	2377
577	05:10:48	60.15	6499	2341	2377
578	05:11:48	30.84	6499	2338	2377
579	05:12:19	60.35	6499	2333	2376
580	05:13:20	60.18	6499	2327	2375
581	05:14:20	60.14	6499	2322	2373
582	05:15:20	60.18	6499	2318	2372
583	05:16:20	60.13	6499	2313	2370
584	05:17:20	60.19	6499	2308	2363
585	05:18:20	50.41	6499	2304	2365
586	05:19:11	60.10	6499	2300	2363
587	05:20:11	60.12	6499	2295	2360
588	05:21:11	60.15	6499	2290	2357
589	05:22:11	57.91	6499	2285	2354
590	05:23:09	60.45	6499	2279	2351
591	05:24:10	60.15	6499	2274	2348
592	05:25:10	60.13	6499	2270	2345
593	05:26:10	47.24	6499	2266	2343
594	05:26:57	60.47	6499	2263	2341
595	05:27:58	60.14	6499	2259	2338
596	05:28:58	60.14	6499	2255	2336
597	05:29:58	60.18	6499	2251	2333
598	05:30:58	60.12	6499	2248	2330
599	05:31:58	44.64	6499	2244	2328
600	05:32:43	52.81	6499	2241	2326
601	05:33:36	55.93	6499	2238	2324
602	05:34:32	60.43	6499	2234	2321
603	05:35:32	60.14	6499	2230	2319
604	05:36:32	60.18	6499	2226	2317
605	05:37:32	60.10	6499	2223	2314
606	05:38:32	60.11	6499	2220	2312
607	05:39:32	60.17	6499	2217	2310
608	05:40:33	60.12	6499	2214	2308
609	05:41:33	60.14	6499	2212	2306
610	05:42:33	10.02	6499	2210	2305
611	05:42:43	60.49	6499	2209	2303
612	05:43:43	28.66	6499	2206	2302
613	05:44:12	60.05	6499	2205	2300
614	05:45:12	60.10	6499	2202	2298
615	05:46:12	60.13	6499	2200	2296
616	05:47:12	60.12	6499	2197	2294
617	05:48:12	60.13	6499	2195	2292
618	05:49:13	60.17	6499	2192	2290
619	05:50:13	60.14	6499	2190	2288
620	05:51:13	60.14	6499	2187	2287
621	05:52:13	60.15	6499	2185	2285
622	05:53:13	60.09	6499	2183	2283
623	05:54:13	46.65	6499	2181	2281
624	05:55:00	60.10	6499	2179	2280
625	05:56:00	60.11	6499	2177	2278
626	05:57:00	11.16	6499	2175	2277
627	05:57:11	60.44	6499	2174	2276
628	05:58:12	60.11	6499	2172	2274
629	05:59:12	60.14	6499	2170	2273
630	06:00:12	60.19	6499	2168	2271
631	06:01:12	60.08	6499	2165	2270
632	06:02:12	60.16	6499	2163	2268
633	06:03:12	60.16	6499	2161	2266
634	06:04:13	10.01	6499	2160	2265
635	06:04:23	60.48	6499	2159	2264
636	06:05:23	60.16	6499	2156	2263
637	06:06:23	60.16	6499	2154	2261
638	06:07:23	60.14	6499	2152	2256
639	06:08:24	32.73	6499	2151	2258
640	06:08:56	60.25	6499	2149	2257
641	06:09:57	60.13	6499	2147	2256
642	06:10:57	60.13	6499	2145	2254
643	06:11:57	10.01	6499	2144	2254
644	06:12:07	60.41	6499	2143	2253
645	06:13:07	60.15	6499	2140	2251
646	06:14:07	60.17	6499	2138	2250
647	06:15:08	60.16	6499	2137	2248
648	06:16:08	60.10	6499	2135	2247
649	06:17:08	60.13	6499	2133	2245
650	06:18:08	60.12	6499	2131	2244
651	06:19:08	60.17	6499	2129	2242
652	06:20:08	60.15	6499	2127	2241
653	06:21:08	60.17	6499	2126	2240
654	06:22:09	60.18	6499	2124	2238
655	06:23:09	60.16	6499	2122	2237
656	06:24:09	60.10	6499	2120	2235
657	06:25:09	60.13	6499	2118	2234
658	06:26:09	60.15	6499	2116	2233
659	06:27:09	60.12	6499	2114	2231
660	06:28:09	60.13	6499	2112	2230
661	06:29:10	60.18	6499	2110	2229
662	06:30:10	60.12	6499	2109	2227
663	06:31:10	60.14	6499	2107	2226
664	06:32:10	60.12	6499	2105	2224
665	06:33:10	60.10	6499	2103	2223
666	06:34:10	60.18	6499	2101	2222
667	06:35:10	60.13	6499	2099	2221
668	06:36:10	10.02	6499	2098	2220
669	06:36:21	10.06	6499	2098	2220
670	06:36:31	10.01	6499	2097	2219
671	06:36:41	60.39	6499	2096	2219
672	06:37:41	60.13	6499	2094	2217
673	06:38:41	60.15	6499	2092	2216
674	06:39:41	60.16	6499	2090	2215
675	06:40:41	60.12	6499	2088	2214
676	06:41:42	60.15	6499	2086	2212
677	06:42:42	60.11	6499	2084	2211
678	06:43:42	60.14	6499	2082	2210
679	06:44:42	60.16	6499	2080	2208
680	06:45:42	60.20	6499	2078	2207
681	06:46:42	60.13	6499	2076	2206
682	06:47:42	60.09	6499	2074	2205
683	06:48:43	60.08	6499	2072	2203
684	06:49:43	60.16	6499	2070	2202
685	06:50:43	60.17	6499	2069	2201
686	06:51:43	60.15	6499	2067	2200
687	06:52:43	60.16	6499	2065	2199
688	06:53:43	60.11	6499	2064	2197
689	06:54:43	60.15	6499	2062	2196
690	06:55:43	60.11	6499	2060	2195
691	06:56:44	60.11	6499	2058	2194
692	06:57:44	60.10	6499	2057	2192
693	06:58:44	60.13	6499	2055	2191
694	06:59:44	60.11	6499	2053	2190
695	07:00:44	60.14	6499	2052	2189
696	07:01:44	60.13	6499	2050	2188
697	07:02:44	60.17	6499	2048	2186
698	07:03:44	60.10	6499	2046	2185
699	07:04:45	60.15	6499	2044	2184
700	07:05:45	10.01	6499	2043	2184
701	07:05:55	60.40	6499	2042	2183
702	07:06:55	60.17	6499	2040	2182
703	07:07:55	60.16	6499	2038	2180
704	07:08:55	60.10	6499	2036	2179
705	07:09:56	60.17	6499	2035	2178
706	07:10:56	40.17	6499	2033	2177
707	07:11:36	60.53	6499	2032	2176
708	07:12:36	60.13	6499	2030	2175
709	07:13:37	60.19	6499	2028	2174
710	07:14:37	60.11	6499	2027	2173
711	07:15:37	60.11	6499	2025	2172
712	07:16:37	60.15	6499	2024	2171
713	07:17:37	60.14	6499	2022	2169
714	07:18:37	60.09	6499	2020	2168
715	07:19:37	60.15	6499	2019	2167
716	07:20:37	60.11	6499	2017	2166
717	07:21:38	60.11	6499	2015	2165
718	07:22:38	60.12	6499	2013	2164
719	07:23:38	60.13	6499	2012	2163
720	07:24:38	60.12	6499	2010	2162
721	07:25:38	60.17	6499	2008	2160
722	07:26:38	60.12	6499	2007	2159
723	07:27:38	60.12	6499	2005	2158
724	07:28:39	60.13	6499	2004	2157
725	07:29:39	60.11	6499	2002	2156
726	07:30:39	60.18	6499	2001	2155
727	07:31:39	60.14	6499	1999	2154
728	07:32:39	60.16	6499	1998	2153
729	07:33:39	60.16	6499	1996	2152
730	07:34:39	60.13	6499	1995	2151
731	07:35:40	60.19	6499	1993	2150
732	07:36:40	60.14	6499	1992	2145
733	07:37:40	60.13	6499	1990	2147
734	07:38:40	60.12	6499	1989	2146
735	07:39:40	33.59	6499	1988	2146
736	07:40:14	60.34	6499	1987	2145
737	07:41:14	60.16	6499	1985	2144
738	07:42:14	60.13	6499	1984	2143
739	07:43:14	60.12	6499	1982	2142
740	07:44:14	60.15	6499	1981	2140
741	07:45:15	60.11	6499	1980	2139
742	07:46:15	60.16	6499	1978	2138
743	07:47:15	60.18	6499	1977	2137
744	07:48:15	60.17	6499	1976	2136
745	07:49:15	60.14	6499	1974	2135
746	07:50:15	60.19	6499	1973	2134
747	07:51:16	60.12	6499	1971	2133
748	07:52:16	60.13	6499	1970	2132
749	07:53:16	60.13	6499	1969	2131
750	07:54:16	60.12	6499	1967	2130
751	07:55:16	60.09	6499	1966	2129
752	07:56:16	60.14	6499	1964	2128
753	07:57:16	60.13	6499	1963	2127
754	07:58:16	60.17	6499	1961	2126
755	07:59:17	60.11	6499	1960	2125
756	08:00:17	60.11	6499	1958	2124
757	08:01:17	60.14	6499	1957	2123
758	08:02:17	60.17	6499	1955	2122
759	08:03:17	60.09	6499	1954	2121
760	08:04:17	60.13	6499	1953	2120
761	08:05:17	33.52	6499	1952	2119
762	08:05:51	31.13	6499	1951	2119
763	08:06:22	60.52	6499	1950	2118
764	08:07:22	60.14	6499	1948	2117
765	08:08:23	60.08	6499	1947	2116
766	08:09:23	60.12	6499	1945	2115
767	08:10:23	60.09	6499	1944	2114
768	08:11:23	60.13	6499	1943	2113
769	08:12:23	60.12	6499	1941	2112
770	08:13:23	60.15	6499	1939	2111
771	08:14:23	60.12	6499	1938	2110
772	08:15:23	60.20	6499	1937	2109
773	08:16:24	55.75	6499	1935	2108
774	08:17:19	60.45	6499	1934	2107
775	08:18:20	60.14	6499	1932	2106
776	08:19:20	60.16	6499	1931	2105
777	08:20:20	60.11	6499	1930	2104
778	08:21:20	60.10	6499	1928	2103
779	08:22:20	60.14	6499	1927	2102
780	08:23:20	60.14	6499	1925	2101
781	08:24:21	60.14	6499	1924	2100
782	08:25:21	60.16	6499	1923	2099
783	08:26:21	35.36	6499	1922	2098
784	08:26:56	60.15	6499	1921	2098
785	08:27:56	60.13	6499	1920	2097
786	08:28:57	54.66	6499	1918	2096
787	08:29:51	27.62	6499	1917	2095
788	08:30:19	10.12	6499	1916	2094
789	08:30:29	60.12	6499	1915	2093
790	08:31:29	60.14	6499	1914	2092
791	08:32:29	60.15	6499	1913	2091
792	08:33:29	60.15	6499	1911	2090
793	08:34:29	60.12	6499	1910	2089
794	08:35:30	60.08	6499	1909	2088
795	08:36:30	60.13	6499	1907	2088
796	08:37:30	60.15	6499	1906	2087
797	08:38:30	60.18	6499	1905	2086
798	08:39:30	60.07	6499	1903	2085
799	08:40:30	60.15	6499	1902	2084
800	08:41:30	60.11	6499	1901	2083
801	08:42:30	60.14	6499	1900	2082
802	08:43:31	60.15	6499	1898	2081
803	08:44:31	50.42	6499	1897	2080
804	08:45:21	60.04	6499	1896	2079
805	08:46:21	47.14	6499	1895	2078
806	08:47:08	60.09	6499	1894	2078
807	08:48:08	12.16	6499	1893	2077
808	08:48:21	10.15	6499	1892	2077
809	08:48:31	60.12	6499	1892	2076
810	08:49:31	10.01	6499	1891	2076
811	08:49:41	10.43	6499	1890	2075
812	08:49:51	60.02	6499	1889	2074
813	08:50:51	60.13	6499	1887	2073
814	08:51:51	60.16	6499	1886	2072
815	08:52:52	60.10	6499	1884	2071
816	08:53:52	60.10	6499	1883	2070
817	08:54:52	60.15	6499	1882	2069
818	08:55:52	10.04	6499	1881	2068
819	08:56:02	60.51	6499	1880	2067
820	08:57:03	60.14	6499	1878	2067
821	08:58:03	60.14	6499	1877	2066
822	08:59:03	52.91	6499	1876	2065
823	08:59:56	54.02	6499	1875	2064
824	09:00:50	60.20	6499	1874	2063
825	09:01:50	60.11	6499	1872	2062
826	09:02:50	60.10	6499	1871	2061
827	09:03:50	60.10	6499	1870	2060
828	09:04:50	60.11	6499	1869	2059
829	09:05:50	60.15	6499	1867	2058
830	09:06:51	60.13	6499	1866	2057
831	09:07:51	60.12	6499	1865	2056
832	09:08:51	60.08	6499	1863	2056
833	09:09:51	60.15	6499	1862	2055
834	09:10:51	60.12	6499	1861	2054
835	09:11:51	60.12	6499	1860	2053
836	09:12:51	60.15	6499	1859	2052
837	09:13:51	60.17	6499	1857	2051
838	09:14:52	60.11	6499	1856	2050
839	09:15:52	60.16	6499	1855	2049
840	09:16:52	60.16	6499	1854	2048
841	09:17:52	60.12	6499	1853	2047
842	09:18:52	60.14	6499	1851	2046
843	09:19:52	60.06	6499	1850	2046
844	09:20:52	60.11	6499	1849	2045
845	09:21:52	60.17	6499	1848	2044
846	09:22:53	60.12	6499	1847	2043
847	09:23:53	60.16	6499	1846	2042
848	09:24:53	60.11	6499	1845	2041
849	09:25:53	60.14	6499	1844	2040
850	09:26:53	60.11	6499	1843	2039
851	09:27:53	60.13	6499	1841	2039
852	09:28:53	60.13	6499	1840	2038
853	09:29:53	60.14	6499	1839	2037
854	09:30:54	60.12	6499	1838	2036
855	09:31:54	60.12	6499	1837	2035
856	09:32:54	60.11	6499	1835	2034
857	09:33:54	60.16	6499	1834	2033
858	09:34:54	60.17	6499	1833	2032
859	09:35:54	60.13	6499	1832	2032
860	09:36:54	60.13	6499	1830	2031
861	09:37:55	60.16	6499	1829	2030
862	09:38:55	60.14	6499	1828	2029
863	09:39:55	60.14	6499	1827	2028
864	09:40:55	60.12	6499	1825	2027
865	09:41:55	60.17	6499	1824	2026
866	09:42:55	60.18	6499	1823	2026
867	09:43:55	60.16	6499	1823	2026
868	09:44:56	48.75	6499	1822	2025
869	09:45:44	10.12	6499	1821	2024
870	09:45:55	10.05	6499	1820	2023
871	09:46:05	17.89	6499	1818	2022
872	09:46:22	60.30	6499	1817	2022
873	09:47:23	60.14	6499	1816	2021
874	09:48:23	60.16	6499	1815	2020
875	09:49:23	60.09	6499	1813	2019
876	09:50:23	60.15	6499	1812	2018
877	09:51:23	60.14	6499	1811	2017
878	09:52:23	60.17	6499	1810	2016
879	09:53:24	60.10	6499	1809	2016
880	09:54:24	60.15	6499	1808	2015
881	09:55:24	60.17	6499	1807	2014
882	09:56:24	60.10	6499	1806	2013
883	09:57:24	60.16	6499	1805	2012
884	09:58:24	60.12	6499	1804	2011
885	09:59:24	60.18	6499	1803	2011
886	10:00:25	60.16	6499	1803	2010
887	10:01:25	60.11	6499	1802	2010
888	10:02:25	31.38	6499	1801	2009
889	10:02:56	60.08	6499	1800	2008
890	10:03:56	10.06	6499	1799	2007
891	10:04:06	60.12	6499	1798	2006
892	10:05:06	60.15	6499	1797	2005
893	10:06:07	60.15	6499	1796	2005
894	10:07:07	60.12	6499	1796	2005
895	10:08:07	60.08	6499	1795	2004
896	10:09:07	60.12	6499	1794	2003
897	10:10:07	24.36	6499	1793	2002
898	10:10:31	20.78	6499	1792	2001
899	10:10:52	60.10	6499	1791	2001
900	10:11:52	60.11	6499	1790	2000
901	10:12:52	60.15	6499	1789	1999
902	10:13:53	60.18	6499	1788	1999
903	10:14:53	60.12	6499	1788	1998
904	10:15:53	60.14	6499	1788	1998
905	10:16:53	60.15	6499	1787	1998
906	10:17:53	11.00	6499	1786	1997
907	10:18:04	11.47	6499	1785	1996
908	10:18:16	10.11	6499	1784	1995
909	10:18:26	60.13	6499	1783	1994
910	10:19:26	60.11	6499	1783	1993
911	10:20:26	60.09	6499	1782	1993
912	10:21:26	60.15	6499	1781	1992
913	10:22:26	60.13	6499	1781	1992
914	10:23:26	60.14	6499	1780	1991
915	10:24:27	51.06	6499	1779	1990
916	10:25:18	40.12	6499	1778	1990
917	10:25:58	26.37	6499	1777	1989
918	10:26:24	36.32	6499	1776	1988
919	10:27:00	60.03	6499	1775	1987
920	10:28:00	56.66	6499	1775	1987
921	10:28:57	60.05	6499	1774	1986
922	10:29:57	60.18	6499	1773	1985
923	10:30:57	60.19	6499	1772	1984
924	10:31:57	15.67	6499	1771	1984
925	10:32:13	60.01	6499	1770	1983
926	10:33:13	60.18	6499	1769	1982
927	10:34:13	60.16	6499	1768	1981
928	10:35:14	60.16	6499	1768	1981
929	10:36:14	60.14	6499	1767	1980
930	10:37:14	60.17	6499	1766	1979
931	10:38:14	41.88	6499	1765	1978
932	10:38:56	60.57	6499	1764	1977
933	10:39:56	60.17	6499	1763	1977
934	10:40:57	60.13	6499	1762	1976
935	10:41:57	60.16	6499	1761	1975
936	10:42:57	60.09	6499	1760	1974
937	10:43:57	60.17	6499	1759	1973
938	10:44:57	60.10	6499	1758	1973
939	10:45:57	60.18	6499	1757	1972
940	10:46:57	60.12	6499	1756	1971
941	10:47:58	60.08	6499	1755	1970
942	10:48:58	60.18	6499	1754	1969
943	10:49:58	60.19	6499	1753	1968
944	10:50:58	60.14	6499	1752	1968
945	10:51:58	60.08	6499	1751	1967
946	10:52:58	60.11	6499	1750	1966
947	10:53:58	60.14	6499	1749	1965
948	10:54:58	60.18	6499	1748	1964
949	10:55:59	60.15	6499	1747	1964
950	10:56:59	60.15	6499	1746	1963
951	10:57:59	60.14	6499	1745	1962
952	10:58:59	60.13	6499	1744	1961
953	10:59:59	60.16	6499	1743	1961
954	11:00:59	60.12	6499	1743	1960
955	11:02:00	60.10	6499	1742	1959
956	11:03:00	60.09	6499	1742	1959
957	11:04:00	56.17	6499	1741	1958
958	11:04:56	31.14	6499	1740	1957
959	11:05:27	31.07	6499	1739	1957
960	11:05:58	60.50	6499	1738	1956
961	11:06:59	60.09	6499	1737	1955
962	11:07:59	60.16	6499	1736	1954
963	11:08:59	60.08	6499	1735	1953
964	11:09:59	60.14	6499	1734	1953
965	11:10:59	60.12	6499	1733	1952
966	11:11:59	60.11	6499	1732	1951
967	11:12:59	60.11	6499	1731	1950
968	11:13:59	60.17	6499	1730	1949
969	11:15:00	60.11	6499	1729	1949
970	11:16:00	60.14	6499	1728	1948
971	11:17:00	60.14	6499	1728	1947
972	11:18:00	60.15	6499	1727	1946
973	11:19:00	60.12	6499	1726	1945
974	11:20:00	60.06	6499	1725	1945
975	11:21:00	60.11	6499	1724	1944
976	11:22:00	60.13	6499	1723	1943
977	11:23:01	60.14	6499	1722	1942
978	11:24:01	60.14	6499	1721	1942
979	11:25:01	60.10	6499	1721	1941
980	11:26:01	60.14	6499	1720	1940
981	11:27:01	60.16	6499	1719	1939
982	11:28:01	60.15	6499	1718	1939
983	11:29:01	60.16	6499	1717	1938
984	11:30:01	60.19	6499	1716	1937
985	11:31:02	60.12	6499	1716	1936
986	11:32:02	60.13	6499	1715	1936
987	11:33:02	60.19	6499	1713	1934
988	11:34:02	60.18	6499	1713	1934
989	11:35:02	60.14	6499	1712	1933
990	11:36:02	60.10	6499	1711	1932
991	11:37:03	60.15	6499	1710	1932
992	11:38:03	10.29	6499	1710	1931
993	11:38:13	60.44	6499	1709	1930
994	11:39:13	60.09	6499	1708	1929
995	11:40:14	60.17	6499	1707	1929
996	11:41:14	60.13	6499	1706	1928
997	11:42:14	60.15	6499	1705	1927
998	11:43:14	60.10	6499	1704	1926
999	11:44:14	60.15	6499	1704	1925
1000	11:45:14	60.10	6499	1703	1925
1001	11:46:14	60.19	6499	1702	1924
1002	11:47:15	60.13	6499	1701	1923
1003	11:48:15	60.14	6499	1700	1922
1004	11:49:15	60.12	6499	1699	1922
1005	11:50:15	60.13	6499	1698	1921
1006	11:51:15	60.11	6499	1697	1920
1007	11:52:15	60.10	6499	1697	1919
1008	11:53:15	60.07	6499	1696	1919
1009	11:54:15	60.18	6499	1695	1918
1010	11:55:15	60.15	6499	1694	1917
1011	11:56:16	60.17	6499	1693	1916
1012	11:57:16	60.15	6499	1692	1916
1013	11:58:16	60.13	6499	1692	1915
1014	11:59:16	60.16	6499	1691	1914
1015	12:00:16	60.13	6499	1690	1913
1016	12:01:16	60.11	6499	1688	1912
1017	12:02:16	60.16	6499	1688	1912
1018	12:03:17	60.13	6499	1687	1911
1019	12:04:17	60.11	6499	1686	1910
1020	12:05:17	60.15	6499	1685	1910
1021	12:06:17	60.14	6499	1684	1909
1022	12:07:17	10.02	6499	1684	1908
1023	12:07:27	60.12	6499	1683	1907
1024	12:08:27	60.14	6499	1682	1907
1025	12:09:27	60.15	6499	1681	1906
1026	12:10:28	60.14	6499	1680	1905
1027	12:11:28	60.11	6499	1679	1904
1028	12:12:28	60.14	6499	1678	1904
1029	12:13:28	60.16	6499	1677	1903
1030	12:14:28	60.14	6499	1676	1902
1031	12:15:28	60.12	6499	1676	1901
1032	12:16:28	60.14	6499	1675	1901
1033	12:17:29	60.15	6499	1674	1900
1034	12:18:29	60.28	6499	1673	1899
1035	12:19:29	60.22	6499	1672	1898
1036	12:20:29	60.07	6499	1671	1898
1037	12:21:29	60.14	6499	1670	1897
1038	12:22:29	60.15	6499	1669	1896
1039	12:23:30	60.38	6499	1669	1896
1040	12:24:30	60.16	6499	1669	1896
1041	12:25:30	60.12	6499	1669	1895
1042	12:26:30	60.17	6499	1668	1895
1043	12:27:30	60.14	6499	1667	1894
1044	12:28:31	60.15	6499	1667	1894
1045	12:29:31	10.01	6499	1666	1893
1046	12:29:41	10.06	6499	1665	1893
1047	12:29:51	10.01	6499	1664	1892
1048	12:30:01	13.44	6499	1664	1891
1049	12:30:14	60.01	6499	1663	1890
1050	12:31:14	10.01	6499	1662	1890
1051	12:31:24	11.32	6499	1661	1889
1052	12:31:36	60.07	6499	1660	1888
1053	12:32:36	60.10	6499	1659	1887
1054	12:33:36	60.09	6499	1658	1887
1055	12:34:36	60.11	6499	1658	1886
1056	12:35:36	60.14	6499	1657	1885
1057	12:36:36	60.10	6499	1656	1884
1058	12:37:36	60.13	6499	1655	1884
1059	12:38:36	60.16	6499	1654	1883
1060	12:39:36	60.11	6499	1653	1882
1061	12:40:37	60.09	6499	1653	1882
1062	12:41:37	60.16	6499	1652	1880
1063	12:42:37	60.14	6499	1651	1880
1064	12:43:37	60.12	6499	1650	1879
1065	12:44:37	60.16	6499	1649	1879
1066	12:45:37	60.12	6499	1647	1874
1067	12:46:37	60.14	6499	1648	1877
1068	12:47:38	60.14	6499	1647	1876
1069	12:48:38	60.12	6499	1646	1876
1070	12:49:38	60.10	6499	1645	1875
1071	12:50:38	10.02	6499	1644	1874
1072	12:50:48	60.40	6499	1643	1874
1073	12:51:48	60.14	6499	1643	1873
1074	12:52:48	60.15	6499	1642	1872
1075	12:53:49	60.11	6499	1641	1872
1076	12:54:49	60.15	6499	1640	1871
1077	12:55:49	60.13	6499	1639	1870
1078	12:56:49	60.12	6499	1639	1869
1079	12:57:49	60.16	6499	1638	1869
1080	12:58:49	60.09	6499	1637	1868
1081	12:59:49	60.12	6499	1636	1867
1082	13:00:49	60.09	6499	1635	1867
1083	13:01:50	60.13	6499	1634	1866
1084	13:02:50	60.15	6499	1634	1865
1085	13:03:50	60.48	6499	1633	1864
1086	13:04:50	60.12	6499	1632	1864
1087	13:05:50	60.16	6499	1631	1863
1088	13:06:51	60.09	6499	1631	1862
1089	13:07:51	60.09	6499	1630	1862
1090	13:08:51	60.13	6499	1629	1861
1091	13:09:51	60.17	6499	1628	1860
1092	13:10:51	60.10	6499	1627	1859
1093	13:11:51	60.11	6499	1627	1859
1094	13:12:51	60.16	6499	1626	1858
1095	13:13:51	60.15	6499	1625	1857
1096	13:14:52	60.17	6499	1624	1857
1097	13:15:52	60.16	6499	1624	1856
1098	13:16:52	60.12	6499	1623	1855
1099	13:17:52	60.17	6499	1622	1855
1100	13:18:52	60.13	6499	1621	1854
1101	13:19:52	60.14	6499	1621	1853
1102	13:20:52	60.09	6499	1620	1853
1103	13:21:53	60.09	6499	1619	1852
1104	13:22:53	60.13	6499	1618	1851
1105	13:23:53	60.07	6499	1617	1850
1106	13:24:53	60.16	6499	1617	1850
1107	13:25:53	60.14	6499	1616	1849
1108	13:26:53	60.18	6499	1615	1848
1109	13:27:53	60.14	6499	1614	1848
1110	13:28:53	60.13	6499	1614	1847
1111	13:29:54	60.14	6499	1613	1846
1112	13:30:54	60.14	6499	1612	1846
1113	13:31:54	60.18	6499	1611	1845
1114	13:32:54	60.17	6499	1610	1844
1115	13:33:54	60.13	6499	1610	1844
1116	13:34:54	60.18	6499	1609	1843
1117	13:35:55	60.08	6499	1608	1842
1118	13:36:55	60.12	6499	1607	1842
1119	13:37:55	60.09	6499	1607	1841
1120	13:38:55	60.12	6499	1606	1840
1121	13:39:55	60.15	6499	1605	1840
1122	13:40:55	60.10	6499	1604	1839
1123	13:41:55	60.09	6499	1603	1838
1124	13:42:55	60.18	6499	1602	1838
1125	13:43:55	60.12	6499	1602	1837
1126	13:44:56	60.09	6499	1601	1836
1127	13:45:56	60.13	6499	1600	1836
1128	13:46:56	60.10	6499	1599	1835
1129	13:47:56	60.12	6499	1598	1834
1130	13:48:56	60.11	6499	1597	1833
1131	13:49:56	60.15	6499	1597	1833
1132	13:50:56	60.13	6499	1596	1832
1133	13:51:56	60.12	6499	1595	1831
1134	13:52:57	60.15	6499	1594	1831
1135	13:53:57	60.09	6499	1593	1830
1136	13:54:57	60.12	6499	1592	1829
1137	13:55:57	60.15	6499	1592	1829
1138	13:56:57	60.11	6499	1591	1828
1139	13:57:57	60.10	6499	1590	1827
1140	13:58:57	60.14	6499	1589	1827
1141	13:59:57	60.17	6499	1588	1826
1142	14:00:58	60.17	6499	1588	1825
1143	14:01:58	60.13	6499	1587	1825
1144	14:02:58	60.15	6499	1586	1824
1145	14:03:58	60.13	6499	1585	1823
1146	14:04:58	60.14	6499	1585	1823
1147	14:05:58	60.11	6499	1584	1822
1148	14:06:58	60.11	6499	1583	1822
1149	14:07:59	60.08	6499	1582	1821
1150	14:08:59	60.15	6499	1582	1820
1151	14:09:59	60.19	6499	1581	1820
1152	14:10:59	60.17	6499	1580	1819
1153	14:11:59	60.15	6499	1579	1818
1154	14:12:59	33.09	6499	1579	1818
1155	14:13:32	60.56	6499	1578	1817
1156	14:14:33	60.10	6499	1577	1816
1157	14:15:33	60.14	6499	1576	1816
1158	14:16:33	60.12	6499	1576	1815
1159	14:17:33	60.11	6499	1575	1814
1160	14:18:33	60.13	6499	1574	1814
1161	14:19:33	60.17	6499	1573	1813
1162	14:20:34	60.10	6499	1572	1812
1163	14:21:34	60.12	6499	1572	1812
1164	14:22:34	60.10	6499	1571	1811
1165	14:23:34	60.12	6499	1570	1811
1166	14:24:34	60.19	6499	1569	1810
1167	14:25:34	60.14	6499	1568	1809
1168	14:26:34	60.12	6499	1568	1809
1169	14:27:35	60.14	6499	1567	1808
1170	14:28:35	60.14	6499	1566	1807
1171	14:29:35	60.17	6499	1565	1807
1172	14:30:35	60.18	6499	1565	1806
1173	14:31:35	60.13	6499	1564	1805
1174	14:32:35	60.12	6499	1563	1805
1175	14:33:35	60.13	6499	1562	1804
1176	14:34:36	60.14	6499	1562	1803
1177	14:35:36	60.19	6499	1561	1803
1178	14:36:36	60.15	6499	1560	1802
1179	14:37:36	60.11	6499	1559	1801
1180	14:38:36	60.13	6499	1559	1801
1181	14:39:36	60.15	6499	1558	1800
1182	14:40:36	60.12	6499	1557	1800
1183	14:41:37	60.13	6499	1556	1799
1184	14:42:37	60.14	6499	1556	1798
1185	14:43:37	60.15	6499	1555	1798
1186	14:44:37	60.17	6499	1554	1797
1187	14:45:37	60.11	6499	1553	1796
1188	14:46:37	60.18	6499	1553	1796
1189	14:47:37	60.13	6499	1552	1795
1190	14:48:38	60.09	6499	1551	1794
1191	14:49:38	60.12	6499	1550	1794
1192	14:50:38	60.11	6499	1550	1793
1193	14:51:38	60.12	6499	1549	1793
1194	14:52:38	60.11	6499	1548	1792
1195	14:53:38	60.11	6499	1547	1791
1196	14:54:38	60.20	6499	1546	1791
1197	14:55:38	60.17	6499	1546	1790
1198	14:56:39	60.16	6499	1545	1789
1199	14:57:39	51.20	6499	1544	1789
1200	14:58:30	60.08	6499	1543	1788
1201	14:59:30	60.15	6499	1543	1787
1202	15:00:30	60.13	6499	1542	1787
1203	15:01:30	60.14	6499	1541	1786
1204	15:02:30	60.12	6499	1540	1786
1205	15:03:31	60.19	6499	1540	1783
1206	15:04:31	60.16	6499	1539	1784
1207	15:05:31	60.13	6499	1538	1783
1208	15:06:31	60.10	6499	1538	1783
1209	15:07:31	60.13	6499	1538	1783
1210	15:08:31	60.14	6499	1537	1783
1211	15:09:31	60.14	6499	1537	1783
1212	15:10:32	60.16	6499	1536	1782
1213	15:11:32	60.12	6499	1536	1781
1214	15:12:32	60.17	6499	1535	1781
1215	15:13:32	60.16	6499	1533	1780
1216	15:14:32	49.19	6499	1532	1779
1217	15:15:21	10.20	6499	1530	1779
1218	15:15:32	10.01	6499	1529	1778
1219	15:15:42	10.02	6499	1528	1778
1220	15:15:52	12.44	6499	1527	1777
1221	15:16:04	60.01	6499	1525	1776
1222	15:17:04	60.10	6499	1525	1776
1223	15:18:04	60.09	6499	1524	1775
1224	15:19:04	60.15	6499	1523	1774
1225	15:20:04	60.12	6499	1522	1774
1226	15:21:04	60.13	6499	1521	1773
1227	15:22:05	60.17	6499	1520	1773
1228	15:23:05	60.14	6499	1519	1772
1229	15:24:05	60.14	6499	1518	1771
1230	15:25:05	60.12	6499	1517	1771
1231	15:26:05	60.17	6499	1516	1770
1232	15:27:05	10.48	6499	1515	1770
1233	15:27:16	60.47	6499	1514	1769
1234	15:28:16	60.16	6499	1513	1769
1235	15:29:16	60.16	6499	1512	1768
1236	15:30:17	60.16	6499	1511	1767
1237	15:31:17	60.15	6499	1510	1767
1238	15:32:17	60.13	6499	1509	1766
1239	15:33:17	60.15	6499	1509	1766
1240	15:34:17	60.09	6499	1508	1765
1241	15:35:17	60.13	6499	1507	1764
1242	15:36:17	60.18	6499	1506	1764
1243	15:37:18	60.14	6499	1505	1763
1244	15:38:18	60.17	6499	1504	1763
1245	15:39:18	60.17	6499	1503	1762
1246	15:40:18	60.14	6499	1502	1762
1247	15:41:18	60.14	6499	1501	1761
1248	15:42:18	60.14	6499	1500	1760
1249	15:43:19	60.13	6499	1500	1760
1250	15:44:19	60.17	6499	1499	1759
1251	15:45:19	60.18	6499	1499	1759
1252	15:46:19	60.13	6499	1498	1758
1253	15:47:19	60.14	6499	1497	1758
1254	15:48:19	60.11	6499	1496	1757
1255	15:49:19	60.16	6499	1496	1757
1256	15:50:20	60.14	6499	1495	1756
1257	15:51:20	60.13	6499	1494	1756
1258	15:52:20	60.14	6499	1493	1753
1259	15:53:20	60.13	6499	1493	1754
1260	15:54:20	60.12	6499	1492	1754
1261	15:55:20	20.97	6499	1491	1753
1262	15:55:41	60.43	6499	1490	1753
1263	15:56:42	60.17	6499	1490	1752
1264	15:57:42	60.13	6499	1489	1752
1265	15:58:42	60.17	6499	1488	1751
1266	15:59:42	60.17	6499	1487	1750
1267	16:00:42	60.12	6499	1487	1750
1268	16:01:42	60.13	6499	1486	1749
1269	16:02:42	60.18	6499	1485	1749
1270	16:03:43	60.15	6499	1484	1748
1271	16:04:43	60.18	6499	1484	1748
1272	16:05:43	60.16	6499	1483	1747
1273	16:06:43	60.11	6499	1482	1746
1274	16:07:43	60.14	6499	1481	1746
1275	16:08:43	60.17	6499	1480	1745
1276	16:09:44	60.14	6499	1480	1745
1277	16:10:44	60.12	6499	1479	1744
1278	16:11:44	60.14	6499	1478	1744
1279	16:12:44	60.14	6499	1477	1743
1280	16:13:44	60.12	6499	1477	1743
1281	16:14:44	60.14	6499	1476	1742
1282	16:15:44	60.15	6499	1475	1741
1283	16:16:44	60.12	6499	1474	1741
1284	16:17:45	60.15	6499	1474	1740
1285	16:18:45	60.14	6499	1473	1740
1286	16:19:45	60.11	6499	1472	1739
1287	16:20:45	60.12	6499	1471	1739
1288	16:21:45	60.15	6499	1470	1738
1289	16:22:45	60.12	6499	1470	1738
1290	16:23:45	60.16	6499	1469	1737
1291	16:24:46	60.13	6499	1468	1736
1292	16:25:46	60.14	6499	1467	1736
1293	16:26:46	60.12	6499	1466	1735
1294	16:27:46	60.17	6499	1466	1735
1295	16:28:46	60.15	6499	1465	1734
1296	16:29:46	60.09	6499	1464	1734
1297	16:30:46	60.15	6499	1463	1733
1298	16:31:47	60.12	6499	1463	1733
1299	16:32:47	60.08	6499	1462	1732
1300	16:33:47	60.10	6499	1461	1732
1301	16:34:47	60.21	6499	1460	1731
1302	16:35:47	60.10	6499	1460	1730
1303	16:36:47	60.14	6499	1459	1730
1304	16:37:47	60.18	6499	1458	1729
1305	16:38:47	60.10	6499	1457	1729
1306	16:39:48	60.08	6499	1457	1728
1307	16:40:48	60.11	6499	1456	1728
1308	16:41:48	60.10	6499	1455	1727
1309	16:42:48	60.10	6499	1454	1727
1310	16:43:48	60.12	6499	1454	1726
1311	16:44:48	60.12	6499	1453	1725
1312	16:45:48	60.14	6499	1452	1725
1313	16:46:48	60.08	6499	1452	1724
1314	16:47:48	60.08	6499	1451	1724
1315	16:48:48	60.12	6499	1450	1723
1316	16:49:49	60.09	6499	1449	1723
1317	16:50:49	60.16	6499	1449	1722
1318	16:51:49	60.18	6499	1448	1722
1319	16:52:49	60.12	6499	1447	1721
1320	16:53:49	60.11	6499	1446	1720
1321	16:54:49	60.15	6499	1446	1720
1322	16:55:49	60.14	6499	1445	1719
1323	16:56:50	60.11	6499	1444	1719
1324	16:57:50	60.13	6499	1443	1718
1325	16:58:50	60.10	6499	1443	1718
1326	16:59:50	60.14	6499	1442	1717
1327	17:00:50	60.17	6499	1441	1717
1328	17:01:50	60.12	6499	1440	1716
1329	17:02:50	60.11	6499	1440	1716
1330	17:03:50	60.14	6499	1439	1715
1331	17:04:51	60.14	6499	1439	1715
1332	17:05:51	60.13	6499	1438	1715
1333	17:06:51	60.14	6499	1438	1714
1334	17:07:51	60.12	6499	1437	1714
1335	17:08:51	60.11	6499	1436	1713
1336	17:09:51	60.14	6499	1436	1713
1337	17:10:51	60.15	6499	1435	1712
1338	17:11:52	60.12	6499	1434	1711
1339	17:12:52	60.17	6499	1433	1711
1340	17:13:52	60.14	6499	1433	1710
1341	17:14:52	60.13	6499	1432	1710
1342	17:15:52	13.50	6499	1431	1709
1343	17:16:06	31.09	6499	1431	1709
1344	17:16:37	60.50	6499	1430	1708
1345	17:17:37	60.15	6499	1429	1708
1346	17:18:37	60.13	6499	1429	1707
1347	17:19:37	60.07	6499	1428	1706
1348	17:20:38	60.07	6499	1427	1706
1349	17:21:38	60.17	6499	1427	1706
1350	17:22:38	60.16	6499	1426	1705
1351	17:23:38	60.18	6499	1425	1704
1352	17:24:38	60.18	6499	1424	1704
1353	17:25:38	60.14	6499	1424	1703
1354	17:26:38	60.15	6499	1423	1703
1355	17:27:39	60.13	6499	1422	1702
1356	17:28:39	60.11	6499	1422	1702
1357	17:29:39	60.12	6499	1421	1701
1358	17:30:39	60.11	6499	1421	1701
1359	17:31:39	60.17	6499	1420	1700
1360	17:32:39	60.15	6499	1419	1700
1361	17:33:39	60.11	6499	1419	1699
1362	17:34:39	60.10	6499	1418	1699
1363	17:35:40	60.13	6499	1417	1698
1364	17:36:40	60.14	6499	1417	1698
1365	17:37:40	60.12	6499	1416	1697
1366	17:38:40	60.15	6499	1415	1696
1367	17:39:40	60.11	6499	1415	1696
1368	17:40:40	60.16	6499	1414	1696
1369	17:41:40	60.13	6499	1414	1695
1370	17:42:41	60.12	6499	1414	1695
1371	17:43:41	60.12	6499	1413	1694
1372	17:44:41	60.11	6499	1412	1694
1373	17:45:41	60.11	6499	1412	1693
1374	17:46:41	60.16	6499	1411	1693
1375	17:47:41	60.12	6499	1410	1692
1376	17:48:41	60.17	6499	1410	1692
1377	17:49:41	60.12	6499	1409	1691
1378	17:50:42	60.13	6499	1408	1691
1379	17:51:42	14.40	6499	1408	1690
1380	17:51:56	60.48	6499	1407	1690
1381	17:52:57	60.17	6499	1407	1689
1382	17:53:57	60.16	6499	1406	1688
1383	17:54:57	60.13	6499	1405	1688
1384	17:55:57	60.14	6499	1405	1688
1385	17:56:57	60.14	6499	1404	1687
1386	17:57:57	60.14	6499	1404	1687
1387	17:58:57	60.08	6499	1403	1686
1388	17:59:58	60.17	6499	1402	1686
1389	18:00:58	60.13	6499	1402	1685
1390	18:01:58	60.13	6499	1401	1684
1391	18:02:58	60.13	6499	1400	1684
1392	18:03:58	60.17	6499	1400	1683
1393	18:04:58	60.11	6499	1399	1683
1394	18:05:58	60.10	6499	1399	1682
1395	18:06:58	10.16	6499	1398	1682
1396	18:07:09	31.11	6499	1397	1681
1397	18:07:40	60.45	6499	1397	1681
1398	18:08:40	60.17	6499	1396	1680
1399	18:09:40	60.18	6499	1396	1680
1400	18:10:41	60.12	6499	1395	1679
1401	18:11:41	60.13	6499	1394	1679
1402	18:12:41	60.17	6499	1394	1678
1403	18:13:41	60.15	6499	1393	1678
1404	18:14:41	60.18	6499	1392	1677
1405	18:15:41	60.14	6499	1392	1677
1406	18:16:41	60.13	6499	1391	1676
1407	18:17:42	60.10	6499	1391	1676
1408	18:18:42	60.13	6499	1390	1675
1409	18:19:42	60.12	6499	1389	1675
1410	18:20:42	60.09	6499	1389	1674
1411	18:21:42	60.12	6499	1388	1674
1412	18:22:42	60.18	6499	1387	1673
1413	18:23:42	60.08	6499	1387	1673
1414	18:24:42	60.15	6499	1386	1672
1415	18:25:43	60.12	6499	1385	1672
1416	18:26:43	60.13	6499	1385	1671
1417	18:27:43	60.13	6499	1384	1671
1418	18:28:43	60.13	6499	1383	1670
1419	18:29:43	60.13	6499	1383	1670
1420	18:30:43	60.09	6499	1382	1669
1421	18:31:43	60.16	6499	1382	1669
1422	18:32:43	60.15	6499	1381	1668
1423	18:33:44	60.09	6499	1380	1668
1424	18:34:44	60.17	6499	1380	1667
1425	18:35:44	60.13	6499	1379	1667
1426	18:36:44	60.16	6499	1379	1666
1427	18:37:44	60.09	6499	1378	1666
1428	18:38:44	60.15	6499	1377	1665
1429	18:39:44	60.20	6499	1377	1665
1430	18:40:45	60.12	6499	1376	1664
1431	18:41:45	60.14	6499	1376	1664
1432	18:42:45	60.14	6499	1375	1663
1433	18:43:45	60.12	6499	1375	1663
1434	18:44:45	60.12	6499	1375	1663
1435	18:45:45	60.17	6499	1374	1663
1436	18:46:45	60.14	6499	1374	1662
1437	18:47:45	60.16	6499	1373	1662
1438	18:48:46	60.14	6499	1372	1661
1439	18:49:46	60.17	6499	1372	1661
1440	18:50:46	60.13	6499	1371	1657
1441	18:51:46	60.15	6499	1371	1660
1442	18:52:46	60.16	6499	1370	1659
1443	18:53:46	60.14	6499	1369	1659
1444	18:54:47	30.22	6499	1369	1658
1445	18:55:17	13.19	6499	1368	1658
1446	18:55:30	10.22	6499	1368	1657
1447	18:55:40	60.14	6499	1367	1657
1448	18:56:40	60.14	6499	1366	1656
1449	18:57:40	60.18	6499	1366	1656
1450	18:58:41	60.17	6499	1365	1655
1451	18:59:41	60.12	6499	1365	1655
1452	19:00:41	60.17	6499	1364	1654
1453	19:01:41	60.15	6499	1364	1654
1454	19:02:41	60.12	6499	1363	1653
1455	19:03:41	60.12	6499	1362	1653
1456	19:04:41	60.15	6499	1362	1652
1457	19:05:42	60.19	6499	1361	1652
1458	19:06:42	60.13	6499	1361	1652
1459	19:07:42	60.16	6499	1360	1651
1460	19:08:42	60.18	6499	1360	1651
1461	19:09:42	60.16	6499	1360	1650
1462	19:10:42	60.16	6499	1359	1650
1463	19:11:43	60.16	6499	1358	1649
1464	19:12:43	60.16	6499	1358	1649
1465	19:13:43	60.09	6499	1357	1648
1466	19:14:43	60.15	6499	1357	1648
1467	19:15:43	60.08	6499	1356	1647
1468	19:16:43	60.11	6499	1355	1647
1469	19:17:43	27.66	6499	1355	1646
1470	19:18:11	60.30	6499	1354	1646
1471	19:19:11	30.76	6499	1354	1645
1472	19:19:42	60.42	6499	1353	1645
1473	19:20:42	60.10	6499	1353	1645
1474	19:21:43	60.16	6499	1352	1644
1475	19:22:43	60.13	6499	1352	1644
1476	19:23:43	60.11	6499	1351	1643
1477	19:24:43	60.12	6499	1351	1643
1478	19:25:43	60.14	6499	1350	1642
1479	19:26:43	60.12	6499	1349	1642
1480	19:27:43	60.17	6499	1349	1641
1481	19:28:44	60.14	6499	1348	1641
1482	19:29:44	60.26	6499	1348	1640
1483	19:30:44	41.44	6499	1347	1640
1484	19:31:25	60.22	6499	1347	1639
1485	19:32:26	60.12	6499	1346	1639
1486	19:33:26	60.15	6499	1345	1638
1487	19:34:26	60.15	6499	1345	1638
1488	19:35:26	60.12	6499	1344	1637
1489	19:36:26	60.12	6499	1344	1637
1490	19:37:26	60.17	6499	1343	1636
1491	19:38:26	60.11	6499	1340	1636
1492	19:39:27	60.12	6499	1342	1635
1493	19:40:27	60.12	6499	1341	1635
1494	19:41:27	60.19	6499	1341	1634
1495	19:42:27	60.13	6499	1340	1634
1496	19:43:27	60.15	6499	1340	1633
1497	19:44:27	60.16	6499	1339	1633
1498	19:45:27	60.13	6499	1338	1633
1499	19:46:28	60.11	6499	1338	1632
1500	19:47:28	60.10	6499	1337	1632
1501	19:48:28	60.15	6499	1337	1631
1502	19:49:28	60.13	6499	1336	1631
1503	19:50:28	60.15	6499	1336	1631
1504	19:51:28	60.08	6499	1335	1630
1505	19:52:28	60.13	6499	1335	1630
1506	19:53:28	60.16	6499	1334	1629
1507	19:54:29	60.11	6499	1334	1629
1508	19:55:29	60.18	6499	1333	1628
1509	19:56:29	60.17	6499	1333	1628
1510	19:57:29	60.17	6499	1332	1627
1511	19:58:29	60.16	6499	1332	1627
1512	19:59:29	60.17	6499	1331	1626
1513	20:00:29	60.14	6499	1330	1626
1514	20:01:30	20.35	6499	1330	1625
1515	20:01:50	40.64	6499	1329	1625
1516	20:02:31	60.24	6499	1329	1625
1517	20:03:31	60.09	6499	1328	1624
1518	20:04:31	60.14	6499	1328	1624
1519	20:05:31	60.13	6499	1327	1623
1520	20:06:31	60.14	6499	1327	1623
1521	20:07:31	60.09	6499	1326	1622
1522	20:08:31	60.14	6499	1326	1622
1523	20:09:32	60.13	6499	1325	1621
1524	20:10:32	60.12	6499	1325	1621
1525	20:11:32	60.09	6499	1324	1620
1526	20:12:32	60.14	6499	1324	1620
1527	20:13:32	60.10	6499	1323	1620
1528	20:14:32	60.09	6499	1323	1619
1529	20:15:32	60.14	6499	1322	1619
1530	20:16:32	60.13	6499	1322	1618
1531	20:17:32	60.12	6499	1321	1616
1532	20:18:33	60.17	6499	1320	1617
1533	20:19:33	60.07	6499	1320	1617
1534	20:20:33	60.11	6499	1319	1617
1535	20:21:33	60.16	6499	1319	1616
1536	20:22:33	60.14	6499	1318	1616
1537	20:23:33	32.34	6499	1318	1615
1538	20:24:06	60.34	6499	1317	1615
1539	20:25:06	60.10	6499	1317	1614
1540	20:26:06	60.09	6499	1316	1614
1541	20:27:06	60.11	6499	1316	1613
1542	20:28:06	60.14	6499	1315	1613
1543	20:29:06	60.16	6499	1315	1612
1544	20:30:07	60.08	6499	1314	1612
1545	20:31:07	60.11	6499	1314	1612
1546	20:32:07	60.11	6499	1313	1611
1547	20:33:07	60.11	6499	1313	1611
1548	20:34:07	60.12	6499	1312	1611
1549	20:35:07	60.17	6499	1312	1610
1550	20:36:07	60.12	6499	1311	1610
1551	20:37:07	60.17	6499	1310	1609
1552	20:38:08	60.13	6499	1310	1609
1553	20:39:08	60.11	6499	1309	1608
1554	20:40:08	60.13	6499	1309	1608
1555	20:41:08	60.16	6499	25.49	31.32
1556	20:42:08	60.16	6499	0	0
1557	20:43:08	60.18	6499	0	0
1558	20:44:08	60.12	6499	-1	-1
1559	20:45:09	60.13	6499	623.3	631.4
1560	20:46:09	60.17	6499	0	0
1561	20:47:09	60.14	6499	0	0
1562	20:48:09	60.17	6499	0	0
1563	20:49:09	60.15	6499	0	0
1564	20:50:09	60.14	6499	0	0
1565	20:51:09	60.17	6499	0	0
1566	20:52:10	38.48	6499	0	0
1567	20:52:48	60.28	6499	0	0
1568	20:53:48	60.12	6499	0	0
1569	20:54:49	60.15	6499	0	0
1570	20:55:49	60.17	6499	0	0
1571	20:56:49	73.55	6501	0	0
Created by AtlRunQuery on: 2018-08-31 11:55:58.277032
