LHC beam energy and intensities during run 309674:
(Begin/end of run: Fri Sep 30 2016 22:44:49 − Sat Oct 01, 12:34:04)

LB	   Start time
(CEST)	   Duration
(sec)	   Beam energy
(GeV)	   Intensity Beam-1
(1e11 protons)	   Intensity Beam-2
(1e11 protons)
1	22:44:49	60.11	3494	2365	2398
2	22:45:49	60.14	3841	2365	2398
3	22:46:49	44.30	4189	2365	2398
4	22:47:33	22.74	4444	2365	2398
5	22:47:56	60.22	4577	2365	2398
6	22:48:56	10.01	4924	2365	2398
7	22:49:06	11.81	4982	2351	2383
8	22:49:18	39.08	5052	2351	2383
9	22:49:57	60.14	5277	2351	2383
10	22:50:57	60.14	5625	2351	2383
11	22:51:58	60.10	5978	2351	2383
12	22:52:58	60.18	6325	2351	2383
13	22:53:58	20.65	6499	2351	2383
14	22:54:18	60.29	6499	2351	2383
15	22:55:19	60.13	6499	2350	2383
16	22:56:19	60.19	6499	2350	2383
17	22:57:19	60.17	6499	2350	2383
18	22:58:19	60.10	6499	2350	2383
19	22:59:19	60.15	6499	2350	2383
20	23:00:20	60.15	6499	2350	2383
21	23:01:20	60.09	6499	2350	2383
22	23:02:20	60.11	6499	2350	2383
23	23:03:20	60.15	6499	2350	2383
24	23:04:20	60.13	6499	2350	2383
25	23:05:20	60.12	6499	2350	2383
26	23:06:20	60.14	6499	2349	2383
27	23:07:20	60.18	6499	2349	2383
28	23:08:21	60.14	6499	2349	2383
29	23:09:21	60.16	6499	2349	2383
30	23:10:21	60.12	6499	2349	2383
31	23:11:21	60.14	6499	2349	2383
32	23:12:21	60.14	6499	2349	2383
33	23:13:21	60.18	6499	2348	2383
34	23:14:21	60.18	6499	2348	2382
35	23:15:22	58.51	6499	2347	2382
36	23:16:20	60.51	6499	2347	2383
37	23:17:21	60.25	6499	2347	2382
38	23:18:21	60.12	6499	2347	2382
39	23:19:21	60.12	6499	2345	2382
40	23:20:21	60.06	6499	2344	2382
41	23:21:21	60.10	6499	2343	2382
42	23:22:21	30.44	6499	2340	2382
43	23:22:52	60.54	6499	2335	2381
44	23:23:52	60.11	6499	2330	2379
45	23:24:52	60.09	6499	2325	2377
46	23:25:52	60.15	6499	2321	2375
47	23:26:53	60.14	6499	2317	2372
48	23:27:53	60.10	6499	2313	2370
49	23:28:53	60.11	6499	2308	2367
50	23:29:53	60.10	6499	2303	2364
51	23:30:53	60.13	6499	2298	2361
52	23:31:53	60.15	6499	2293	2357
53	23:32:53	32.77	6499	2289	2354
54	23:33:26	60.49	6499	2285	2351
55	23:34:27	60.14	6499	2280	2348
56	23:35:27	55.87	6499	2276	2345
57	23:36:23	60.07	6499	2273	2342
58	23:37:23	60.14	6499	2269	2339
59	23:38:23	36.00	6499	2266	2336
60	23:38:59	60.47	6499	2263	2334
61	23:39:59	60.13	6499	2259	2331
62	23:40:59	60.12	6499	2255	2327
63	23:42:00	60.13	6499	2252	2324
64	23:43:00	49.41	6499	2248	2322
65	23:43:49	59.50	6499	2245	2319
66	23:44:49	60.43	6499	2242	2316
67	23:45:49	60.13	6499	2239	2314
68	23:46:49	60.13	6499	2236	2311
69	23:47:49	60.17	6499	2233	2308
70	23:48:49	60.13	6499	2230	2306
71	23:49:50	60.11	6499	2228	2303
72	23:50:50	60.14	6499	2225	2301
73	23:51:50	60.15	6499	2222	2299
74	23:52:50	60.11	6499	2220	2296
75	23:53:50	60.08	6499	2217	2294
76	23:54:50	60.16	6499	2215	2292
77	23:55:50	60.06	6499	2212	2290
78	23:56:50	60.13	6499	2210	2287
79	23:57:51	60.12	6499	2208	2285
80	23:58:51	60.14	6499	2205	2283
81	23:59:51	55.90	6499	2203	2281
82	00:00:47	60.37	6499	2201	2279
83	00:01:47	60.16	6499	2199	2277
84	00:02:47	60.13	6499	2197	2276
85	00:03:47	60.16	6499	2195	2274
86	00:04:48	60.14	6499	2193	2272
87	00:05:48	60.15	6499	2190	2270
88	00:06:48	60.12	6499	2188	2268
89	00:07:48	60.14	6499	2186	2266
90	00:08:48	60.16	6499	2184	2264
91	00:09:48	60.17	6499	2182	2263
92	00:10:48	60.14	6499	2180	2261
93	00:11:49	60.18	6499	2179	2259
94	00:12:49	60.14	6499	2177	2258
95	00:13:49	60.14	6499	2175	2256
96	00:14:49	60.14	6499	2173	2254
97	00:15:49	60.13	6499	2171	2253
98	00:16:49	60.15	6499	2169	2251
99	00:17:49	60.12	6499	2168	2249
100	00:18:50	41.25	6499	2166	2248
101	00:19:31	60.49	6499	2165	2246
102	00:20:31	60.11	6499	2163	2245
103	00:21:31	60.14	6499	2161	2243
104	00:22:31	60.17	6499	2160	2242
105	00:23:32	60.11	6499	2158	2240
106	00:24:32	60.12	6499	2156	2239
107	00:25:32	60.17	6499	2155	2237
108	00:26:32	14.51	6499	2154	2236
109	00:26:47	60.09	6499	2153	2235
110	00:27:47	60.16	6499	2151	2234
111	00:28:47	60.09	6499	2149	2233
112	00:29:47	10.02	6499	2149	2232
113	00:29:57	10.03	6499	2148	2232
114	00:30:07	10.03	6499	2148	2231
115	00:30:17	60.11	6499	2147	2230
116	00:31:17	60.12	6499	2145	2229
117	00:32:17	60.12	6499	2144	2227
118	00:33:17	60.13	6499	2142	2226
119	00:34:17	60.17	6499	2141	2225
120	00:35:18	60.12	6499	2139	2223
121	00:36:18	60.09	6499	2138	2222
122	00:37:18	20.41	6499	2136	2221
123	00:37:38	15.25	6499	2136	2220
124	00:37:54	60.05	6499	2135	2220
125	00:38:54	60.17	6499	2134	2218
126	00:39:54	60.15	6499	2132	2217
127	00:40:54	60.11	6499	2130	2216
128	00:41:54	60.11	6499	2129	2214
129	00:42:54	60.12	6499	2127	2213
130	00:43:54	60.12	6499	2126	2211
131	00:44:54	60.14	6499	2125	2210
132	00:45:54	60.16	6499	2123	2209
133	00:46:55	60.09	6499	2122	2207
134	00:47:55	60.12	6499	2120	2206
135	00:48:55	60.13	6499	2119	2205
136	00:49:55	60.10	6499	2117	2203
137	00:50:55	60.13	6499	2116	2202
138	00:51:55	60.11	6499	2114	2201
139	00:52:55	60.13	6499	2113	2200
140	00:53:55	60.14	6499	2112	2198
141	00:54:56	60.19	6499	2110	2197
142	00:55:56	60.08	6499	2109	2196
143	00:56:56	60.11	6499	2107	2194
144	00:57:56	60.13	6499	2106	2193
145	00:58:56	60.13	6499	2104	2192
146	00:59:56	60.11	6499	2103	2191
147	01:00:56	60.09	6499	2102	2189
148	01:01:56	60.14	6499	2100	2188
149	01:02:57	60.14	6499	2099	2187
150	01:03:57	60.13	6499	2097	2186
151	01:04:57	60.17	6499	2096	2184
152	01:05:57	60.13	6499	2095	2183
153	01:06:57	60.14	6499	2093	2182
154	01:07:57	60.15	6499	2092	2181
155	01:08:57	60.17	6499	2090	2179
156	01:09:58	60.15	6499	2089	2178
157	01:10:58	60.15	6499	2088	2177
158	01:11:58	60.13	6499	2086	2176
159	01:12:58	60.14	6499	2085	2175
160	01:13:58	33.96	6499	2084	2174
161	01:14:32	60.45	6499	2083	2173
162	01:15:33	60.17	6499	2081	2172
163	01:16:33	60.13	6499	2080	2170
164	01:17:33	60.15	6499	2078	2169
165	01:18:33	60.17	6499	2077	2168
166	01:19:33	60.11	6499	2076	2167
167	01:20:33	60.11	6499	2074	2166
168	01:21:33	60.14	6499	2073	2164
169	01:22:34	60.09	6499	2072	2163
170	01:23:34	60.12	6499	2070	2162
171	01:24:34	60.13	6499	2069	2161
172	01:25:34	42.66	6499	2068	2160
173	01:26:17	57.51	6499	2067	2159
174	01:27:14	60.11	6499	2066	2158
175	01:28:14	60.15	6499	2064	2157
176	01:29:14	60.17	6499	2063	2156
177	01:30:15	60.14	6499	2062	2155
178	01:31:15	60.07	6499	2061	2153
179	01:32:15	60.20	6499	2059	2152
180	01:33:15	60.08	6499	2058	2151
181	01:34:15	60.11	6499	2057	2150
182	01:35:15	60.09	6499	2055	2149
183	01:36:15	60.14	6499	2054	2148
184	01:37:15	60.10	6499	2053	2147
185	01:38:15	60.12	6499	2052	2146
186	01:39:16	55.46	6499	2050	2144
187	01:40:11	60.03	6499	2049	2144
188	01:41:11	60.18	6499	2048	2143
189	01:42:11	10.02	6499	2047	2142
190	01:42:21	57.95	6499	2047	2141
191	01:43:19	60.07	6499	2045	2140
192	01:44:19	60.19	6499	2044	2139
193	01:45:19	60.13	6499	2043	2138
194	01:46:20	11.08	6499	2042	2137
195	01:46:31	60.07	6499	2041	2137
196	01:47:31	60.12	6499	2040	2136
197	01:48:31	60.12	6499	2039	2134
198	01:49:31	60.15	6499	2038	2133
199	01:50:31	37.06	6499	2037	2133
200	01:51:08	60.43	6499	2036	2132
201	01:52:09	60.15	6499	2034	2131
202	01:53:09	60.08	6499	2033	2130
203	01:54:09	60.08	6499	2032	2128
204	01:55:09	60.14	6499	2031	2127
205	01:56:09	60.16	6499	2029	2126
206	01:57:09	60.11	6499	2026	2122
207	01:58:09	60.17	6499	2027	2124
208	01:59:10	60.13	6499	2026	2123
209	02:00:10	60.17	6499	2025	2122
210	02:01:10	60.15	6499	2023	2121
211	02:02:10	60.11	6499	2022	2120
212	02:03:10	42.51	6499	2021	2119
213	02:03:53	10.11	6499	2020	2119
214	02:04:03	10.01	6499	2020	2118
215	02:04:13	60.11	6499	2018	2116
216	02:05:13	60.11	6499	2017	2116
217	02:06:13	10.01	6499	2016	2115
218	02:06:23	60.09	6499	2015	2114
219	02:07:23	60.13	6499	2013	2113
220	02:08:23	60.09	6499	2012	2112
221	02:09:23	60.14	6499	2011	2110
222	02:10:23	60.13	6499	2010	2109
223	02:11:24	60.14	6499	2009	2109
224	02:12:24	60.14	6499	2009	2108
225	02:13:24	18.37	6499	2008	2108
226	02:13:42	60.03	6499	2007	2107
227	02:14:42	10.01	6499	2006	2106
228	02:14:52	60.11	6499	2005	2105
229	02:15:52	60.13	6499	2004	2104
230	02:16:52	60.15	6499	2003	2103
231	02:17:53	60.13	6499	2001	2102
232	02:18:53	60.10	6499	2000	2101
233	02:19:53	60.14	6499	1999	2100
234	02:20:53	60.13	6499	1998	2099
235	02:21:53	60.14	6499	1997	2098
236	02:22:53	60.13	6499	1996	2097
237	02:23:53	60.09	6499	1994	2096
238	02:24:53	60.17	6499	1993	2095
239	02:25:54	60.09	6499	1992	2094
240	02:26:54	60.17	6499	1991	2093
241	02:27:54	60.16	6499	1990	2092
242	02:28:54	60.10	6499	1989	2091
243	02:29:54	60.13	6499	1988	2090
244	02:30:54	12.66	6499	1987	2089
245	02:31:07	60.61	6499	1986	2088
246	02:32:08	60.11	6499	1985	2087
247	02:33:08	60.11	6499	1984	2086
248	02:34:08	60.16	6499	1982	2085
249	02:35:08	60.14	6499	1981	2084
250	02:36:08	60.14	6499	1980	2083
251	02:37:08	60.16	6499	1979	2082
252	02:38:08	60.12	6499	1978	2081
253	02:39:09	60.12	6499	1977	2080
254	02:40:09	60.14	6499	1976	2079
255	02:41:09	60.13	6499	1974	2078
256	02:42:09	60.16	6499	1973	2078
257	02:43:09	60.19	6499	1972	2077
258	02:44:09	60.18	6499	1971	2076
259	02:45:09	60.18	6499	1970	2075
260	02:46:10	60.17	6499	1969	2074
261	02:47:10	60.09	6499	1968	2073
262	02:48:10	60.14	6499	1967	2072
263	02:49:10	60.11	6499	1965	2071
264	02:50:10	60.24	6499	1964	2070
265	02:51:10	60.16	6499	1963	2069
266	02:52:11	60.18	6499	1962	2068
267	02:53:11	60.14	6499	1961	2067
268	02:54:11	60.16	6499	1960	2066
269	02:55:11	60.14	6499	1959	2065
270	02:56:11	60.16	6499	1958	2064
271	02:57:11	60.12	6499	1957	2063
272	02:58:11	60.13	6499	1955	2062
273	02:59:12	60.14	6499	1954	2061
274	03:00:12	57.15	6499	1953	2060
275	03:01:09	60.14	6499	1952	2059
276	03:02:09	60.15	6499	1951	2058
277	03:03:09	60.18	6499	1950	2057
278	03:04:09	60.18	6499	1949	2056
279	03:05:09	60.11	6499	1948	2055
280	03:06:10	60.12	6499	1946	2054
281	03:07:10	60.11	6499	1945	2053
282	03:08:10	60.18	6499	1944	2052
283	03:09:10	60.12	6499	1943	2052
284	03:10:10	60.11	6499	1942	2051
285	03:11:10	60.14	6499	1941	2050
286	03:12:10	60.19	6499	1940	2049
287	03:13:11	60.16	6499	1939	2048
288	03:14:11	60.15	6499	1939	2048
289	03:15:11	24.40	6499	1939	2048
290	03:15:35	10.19	6499	1938	2047
291	03:15:45	10.02	6499	1938	2047
292	03:15:55	18.22	6499	1937	2047
293	03:16:14	15.25	6499	1936	2046
294	03:16:29	60.46	6499	1935	2045
295	03:17:29	60.12	6499	1934	2044
296	03:18:29	60.17	6499	1933	2043
297	03:19:30	60.16	6499	1932	2042
298	03:20:30	60.11	6499	1931	2041
299	03:21:30	60.17	6499	1930	2040
300	03:22:30	60.11	6499	1929	2039
301	03:23:30	60.10	6499	1928	2038
302	03:24:30	60.08	6499	1924	2037
303	03:25:30	60.17	6499	1925	2036
304	03:26:31	60.11	6499	1924	2035
305	03:27:31	60.09	6499	1923	2034
306	03:28:31	60.15	6499	1922	2033
307	03:29:31	60.16	6499	1921	2032
308	03:30:31	60.11	6499	1920	2032
309	03:31:31	60.17	6499	1919	2031
310	03:32:31	60.15	6499	1918	2030
311	03:33:32	60.17	6499	1917	2029
312	03:34:32	60.14	6499	1916	2028
313	03:35:32	60.09	6499	1915	2027
314	03:36:32	60.16	6499	1915	2026
315	03:37:32	60.14	6499	1914	2026
316	03:38:32	32.86	6499	1914	2025
317	03:39:05	34.46	6499	1913	2025
318	03:39:40	23.99	6499	1913	2025
319	03:40:04	10.19	6499	1912	2024
320	03:40:14	60.12	6499	1911	2023
321	03:41:14	60.17	6499	1910	2022
322	03:42:14	60.11	6499	1909	2021
323	03:43:14	60.11	6499	1908	2020
324	03:44:14	60.16	6499	1907	2019
325	03:45:14	60.18	6499	1906	2018
326	03:46:15	60.12	6499	1905	2017
327	03:47:15	60.15	6499	1903	2016
328	03:48:15	60.22	6499	1903	2016
329	03:49:15	60.13	6499	1902	2015
330	03:50:15	10.01	6499	1902	2014
331	03:50:25	11.11	6499	1901	2013
332	03:50:36	60.06	6499	1900	2012
333	03:51:36	60.17	6499	1899	2012
334	03:52:37	60.13	6499	1897	2011
335	03:53:37	60.15	6499	1897	2010
336	03:54:37	60.14	6499	1896	2009
337	03:55:37	60.15	6499	1895	2008
338	03:56:37	60.16	6499	1894	2007
339	03:57:37	60.15	6499	1893	2006
340	03:58:37	60.10	6499	1891	2005
341	03:59:38	60.10	6499	1891	2004
342	04:00:38	60.09	6499	1890	2004
343	04:01:38	60.08	6499	1889	2003
344	04:02:38	47.63	6499	1888	2002
345	04:03:25	60.06	6499	1887	2001
346	04:04:25	60.16	6499	1886	2000
347	04:05:26	60.14	6499	1885	2000
348	04:06:26	60.14	6499	1884	1999
349	04:07:26	12.43	6499	1883	1998
350	04:07:38	60.50	6499	1883	1997
351	04:08:39	60.15	6499	1882	1996
352	04:09:39	60.12	6499	1881	1995
353	04:10:39	60.11	6499	1880	1995
354	04:11:39	60.13	6499	1879	1994
355	04:12:39	60.13	6499	1878	1993
356	04:13:39	60.14	6499	1877	1992
357	04:14:40	60.11	6499	1876	1991
358	04:15:40	60.17	6499	1875	1990
359	04:16:40	60.13	6499	1874	1989
360	04:17:40	60.11	6499	1873	1988
361	04:18:40	60.13	6499	1872	1988
362	04:19:40	60.09	6499	1871	1987
363	04:20:40	60.14	6499	1870	1986
364	04:21:41	60.11	6499	1869	1985
365	04:22:41	60.16	6499	1868	1984
366	04:23:41	60.07	6499	1867	1983
367	04:24:41	60.09	6499	1866	1982
368	04:25:41	60.15	6499	1865	1981
369	04:26:41	60.18	6499	1864	1981
370	04:27:41	60.15	6499	1863	1980
371	04:28:41	60.18	6499	1862	1979
372	04:29:42	60.13	6499	1861	1978
373	04:30:42	60.15	6499	1860	1977
374	04:31:42	60.14	6499	1859	1976
375	04:32:42	60.09	6499	1858	1975
376	04:33:42	60.12	6499	1857	1975
377	04:34:42	60.09	6499	1856	1974
378	04:35:42	60.12	6499	1856	1973
379	04:36:42	60.13	6499	1855	1973
380	04:37:43	45.03	6499	1855	1972
381	04:38:28	25.29	6499	1854	1972
382	04:38:53	60.23	6499	1853	1971
383	04:39:53	13.65	6499	1852	1970
384	04:40:07	10.16	6499	1851	1969
385	04:40:17	60.11	6499	1850	1968
386	04:41:17	60.10	6499	1848	1967
387	04:42:17	60.18	6499	1848	1966
388	04:43:17	60.09	6499	1847	1966
389	04:44:17	60.13	6499	1846	1965
390	04:45:18	60.14	6499	1845	1964
391	04:46:18	10.02	6499	1844	1963
392	04:46:28	60.16	6499	1843	1962
393	04:47:28	60.13	6499	1842	1962
394	04:48:28	60.09	6499	1841	1961
395	04:49:28	60.12	6499	1840	1960
396	04:50:28	60.15	6499	1839	1959
397	04:51:28	35.80	6499	1838	1958
398	04:52:04	60.14	6499	1838	1957
399	04:53:04	60.16	6499	1837	1957
400	04:54:04	60.14	6499	1836	1956
401	04:55:05	60.12	6499	1835	1955
402	04:56:05	60.15	6499	1834	1954
403	04:57:05	60.13	6499	1833	1953
404	04:58:05	60.14	6499	1832	1952
405	04:59:05	60.14	6499	1831	1952
406	05:00:05	60.15	6499	1830	1950
407	05:01:05	60.08	6499	1829	1950
408	05:02:06	60.15	6499	1829	1950
409	05:03:06	60.14	6499	1829	1950
410	05:04:06	60.14	6499	1828	1949
411	05:05:06	60.12	6499	1827	1948
412	05:06:06	10.06	6499	1826	1947
413	05:06:16	13.66	6499	1825	1947
414	05:06:30	10.17	6499	1824	1946
415	05:06:40	10.04	6499	1823	1945
416	05:06:50	10.02	6499	1822	1944
417	05:07:00	60.13	6499	1822	1943
418	05:08:00	60.17	6499	1821	1943
419	05:09:00	60.16	6499	1820	1942
420	05:10:00	60.14	6499	1819	1941
421	05:11:01	60.15	6499	1818	1940
422	05:12:01	60.15	6499	1817	1939
423	05:13:01	60.23	6499	1816	1938
424	05:14:01	60.16	6499	1815	1938
425	05:15:01	60.13	6499	1814	1937
426	05:16:01	60.13	6499	1813	1936
427	05:17:02	60.11	6499	1812	1935
428	05:18:02	60.16	6499	1811	1934
429	05:19:02	60.17	6499	1810	1934
430	05:20:02	60.11	6499	1809	1933
431	05:21:02	60.13	6499	1808	1932
432	05:22:02	60.13	6499	1808	1931
433	05:23:02	60.18	6499	1807	1930
434	05:24:03	60.12	6499	1806	1930
435	05:25:03	60.09	6499	1805	1929
436	05:26:03	60.14	6499	1804	1928
437	05:27:03	60.12	6499	1803	1927
438	05:28:03	60.13	6499	1802	1926
439	05:29:03	60.15	6499	1801	1925
440	05:30:03	60.17	6499	1800	1925
441	05:31:03	60.11	6499	1799	1924
442	05:32:04	60.16	6499	1798	1923
443	05:33:04	60.16	6499	1798	1922
444	05:34:04	60.13	6499	1797	1921
445	05:35:04	60.14	6499	1796	1921
446	05:36:04	60.09	6499	1795	1920
447	05:37:04	60.11	6499	1794	1919
448	05:38:04	60.08	6499	1793	1918
449	05:39:04	60.16	6499	1792	1917
450	05:40:05	60.18	6499	1791	1917
451	05:41:05	60.17	6499	1790	1916
452	05:42:05	60.15	6499	1790	1915
453	05:43:05	60.14	6499	1789	1914
454	05:44:05	60.13	6499	1788	1913
455	05:45:05	60.09	6499	1787	1912
456	05:46:05	60.17	6499	1786	1912
457	05:47:06	60.12	6499	1785	1911
458	05:48:06	60.12	6499	1784	1910
459	05:49:06	60.18	6499	1783	1909
460	05:50:06	60.11	6499	1783	1909
461	05:51:06	60.13	6499	1782	1908
462	05:52:06	60.13	6499	1781	1907
463	05:53:06	60.12	6499	1780	1906
464	05:54:07	60.08	6499	1779	1905
465	05:55:07	60.15	6499	1778	1905
466	05:56:07	60.15	6499	1777	1904
467	05:57:07	60.14	6499	1776	1903
468	05:58:07	60.15	6499	1776	1902
469	05:59:07	60.11	6499	1775	1901
470	06:00:07	60.17	6499	1774	1901
471	06:01:08	60.17	6499	1773	1900
472	06:02:08	60.11	6499	1772	1899
473	06:03:08	60.13	6499	1771	1898
474	06:04:08	60.12	6499	1771	1898
475	06:05:08	60.13	6499	1770	1897
476	06:06:08	60.10	6499	1769	1896
477	06:07:08	60.11	6499	1768	1895
478	06:08:08	60.13	6499	1767	1895
479	06:09:09	60.14	6499	1767	1894
480	06:10:09	60.12	6499	1766	1893
481	06:11:09	40.46	6499	1765	1892
482	06:11:49	60.95	6499	1764	1891
483	06:12:50	60.09	6499	1763	1891
484	06:13:50	60.11	6499	1762	1890
485	06:14:50	60.12	6499	1761	1889
486	06:15:50	60.12	6499	1760	1888
487	06:16:51	60.09	6499	1759	1887
488	06:17:51	60.10	6499	1758	1887
489	06:18:51	60.16	6499	1758	1886
490	06:19:51	60.16	6499	1757	1885
491	06:20:51	60.11	6499	1756	1884
492	06:21:51	60.18	6499	1755	1884
493	06:22:51	60.16	6499	1754	1883
494	06:23:52	10.02	6499	1753	1882
495	06:24:02	60.10	6499	1752	1881
496	06:25:02	60.08	6499	1751	1880
497	06:26:02	60.13	6499	1751	1880
498	06:27:02	60.14	6499	1750	1879
499	06:28:02	60.09	6499	1749	1878
500	06:29:02	60.13	6499	1748	1877
501	06:30:02	60.12	6499	1747	1877
502	06:31:02	60.13	6499	1746	1876
503	06:32:02	60.12	6499	1746	1875
504	06:33:03	60.16	6499	1745	1875
505	06:34:03	60.13	6499	1744	1874
506	06:35:03	60.11	6499	1743	1873
507	06:36:03	60.13	6499	1742	1872
508	06:37:03	27.31	6499	1741	1872
509	06:37:30	10.05	6499	1741	1871
510	06:37:40	60.17	6499	1740	1870
511	06:38:41	60.15	6499	1739	1869
512	06:39:41	60.09	6499	1738	1869
513	06:40:41	60.16	6499	1738	1868
514	06:41:41	60.18	6499	1737	1867
515	06:42:41	60.11	6499	1736	1867
516	06:43:41	60.12	6499	1735	1866
517	06:44:41	60.15	6499	1734	1865
518	06:45:42	60.14	6499	1734	1864
519	06:46:42	60.16	6499	1733	1864
520	06:47:42	26.84	6499	1732	1863
521	06:48:09	60.06	6499	1731	1862
522	06:49:09	60.12	6499	1731	1862
523	06:50:09	60.16	6499	1730	1861
524	06:51:09	60.19	6499	1729	1860
525	06:52:09	60.17	6499	1728	1860
526	06:53:09	60.17	6499	1728	1859
527	06:54:10	60.13	6499	1727	1858
528	06:55:10	60.17	6499	1726	1857
529	06:56:10	60.11	6499	1725	1857
530	06:57:10	17.04	6499	1724	1856
531	06:57:27	58.19	6499	1724	1855
532	06:58:25	60.13	6499	1723	1855
533	06:59:25	60.09	6499	1722	1854
534	07:00:25	60.09	6499	1721	1853
535	07:01:26	60.11	6499	1720	1852
536	07:02:26	60.13	6499	1719	1852
537	07:03:26	60.14	6499	1719	1851
538	07:04:26	60.14	6499	1718	1850
539	07:05:26	60.12	6499	1717	1849
540	07:06:26	60.15	6499	1716	1849
541	07:07:26	60.18	6499	1715	1848
542	07:08:27	60.17	6499	1715	1847
543	07:09:27	60.15	6499	1714	1846
544	07:10:27	60.17	6499	1713	1846
545	07:11:27	60.15	6499	1712	1845
546	07:12:27	60.12	6499	1712	1844
547	07:13:27	60.09	6499	1711	1844
548	07:14:27	60.09	6499	1710	1843
549	07:15:28	60.13	6499	1710	1843
550	07:16:28	60.15	6499	1709	1842
551	07:17:28	60.18	6499	1708	1841
552	07:18:28	60.08	6499	1707	1840
553	07:19:28	60.12	6499	1706	1840
554	07:20:28	60.10	6499	1705	1839
555	07:21:28	12.70	6499	1705	1838
556	07:21:41	60.43	6499	1704	1837
557	07:22:41	60.09	6499	1703	1837
558	07:23:41	60.13	6499	1702	1836
559	07:24:42	60.15	6499	1701	1835
560	07:25:42	60.18	6499	1701	1834
561	07:26:42	60.09	6499	1700	1834
562	07:27:42	60.07	6499	1699	1833
563	07:28:42	60.05	6499	1698	1832
564	07:29:42	60.11	6499	1697	1831
565	07:30:42	60.18	6499	1697	1831
566	07:31:42	60.12	6499	1696	1830
567	07:32:43	60.16	6499	1695	1829
568	07:33:43	60.08	6499	1694	1829
569	07:34:43	60.12	6499	1693	1828
570	07:35:43	60.14	6499	1693	1827
571	07:36:43	60.18	6499	1692	1826
572	07:37:43	60.13	6499	1691	1826
573	07:38:43	60.15	6499	1690	1825
574	07:39:44	60.11	6499	1690	1824
575	07:40:44	60.15	6499	1689	1823
576	07:41:44	60.12	6499	1688	1823
577	07:42:44	60.09	6499	1687	1822
578	07:43:44	60.16	6499	1686	1821
579	07:44:44	60.11	6499	1683	1821
580	07:45:44	60.18	6499	1685	1820
581	07:46:44	60.15	6499	1684	1819
582	07:47:45	60.18	6499	1683	1818
583	07:48:45	60.14	6499	1683	1818
584	07:49:45	60.13	6499	1682	1817
585	07:50:45	60.15	6499	1681	1816
586	07:51:45	60.15	6499	1680	1816
587	07:52:45	60.08	6499	1680	1815
588	07:53:45	60.14	6499	1679	1815
589	07:54:46	60.18	6499	1678	1814
590	07:55:46	60.14	6499	1678	1813
591	07:56:46	60.18	6499	1677	1812
592	07:57:46	60.13	6499	1676	1812
593	07:58:46	60.16	6499	1675	1811
594	07:59:46	17.15	6499	1674	1810
595	08:00:04	60.25	6499	1674	1809
596	08:01:04	10.01	6499	1673	1809
597	08:01:14	60.13	6499	1672	1808
598	08:02:14	60.09	6499	1671	1807
599	08:03:14	60.12	6499	1668	1807
600	08:04:14	60.15	6499	1670	1806
601	08:05:14	60.20	6499	1669	1805
602	08:06:14	60.15	6499	1668	1805
603	08:07:15	60.17	6499	1667	1804
604	08:08:15	60.14	6499	1667	1803
605	08:09:15	60.12	6499	1666	1802
606	08:10:15	60.12	6499	1665	1802
607	08:11:15	60.14	6499	1664	1801
608	08:12:15	60.18	6499	1663	1800
609	08:13:15	60.15	6499	1663	1800
610	08:14:16	60.12	6499	1662	1799
611	08:15:16	60.11	6499	1661	1798
612	08:16:16	60.10	6499	1660	1798
613	08:17:16	60.12	6499	1660	1797
614	08:18:16	60.16	6499	1659	1796
615	08:19:16	60.16	6499	1658	1795
616	08:20:16	60.11	6499	1657	1795
617	08:21:17	60.09	6499	1657	1794
618	08:22:17	60.13	6499	1656	1793
619	08:23:17	60.10	6499	1655	1793
620	08:24:17	60.13	6499	1654	1792
621	08:25:17	60.12	6499	1654	1791
622	08:26:17	60.11	6499	1653	1791
623	08:27:17	60.16	6499	1652	1790
624	08:28:17	60.11	6499	1651	1789
625	08:29:17	60.10	6499	1651	1788
626	08:30:18	60.13	6499	1650	1788
627	08:31:18	60.18	6499	1649	1787
628	08:32:18	60.15	6499	1648	1786
629	08:33:18	60.18	6499	1648	1786
630	08:34:18	60.16	6499	1647	1785
631	08:35:18	60.13	6499	1646	1784
632	08:36:18	60.14	6499	1645	1784
633	08:37:19	60.17	6499	1645	1783
634	08:38:19	60.13	6499	1644	1783
635	08:39:19	60.11	6499	1643	1782
636	08:40:19	60.15	6499	1643	1781
637	08:41:19	60.18	6499	1642	1781
638	08:42:19	60.15	6499	1641	1780
639	08:43:20	60.14	6499	1640	1779
640	08:44:20	60.12	6499	1640	1778
641	08:45:20	60.14	6499	1639	1778
642	08:46:20	36.93	6499	1638	1777
643	08:46:57	60.52	6499	1637	1776
644	08:47:57	60.18	6499	1637	1776
645	08:48:58	60.14	6499	1636	1775
646	08:49:58	60.27	6499	1635	1775
647	08:50:58	60.13	6499	1634	1774
648	08:51:58	60.18	6499	1634	1773
649	08:52:58	60.12	6499	1633	1772
650	08:53:58	60.16	6499	1632	1772
651	08:54:59	60.11	6499	1631	1771
652	08:55:59	60.14	6499	1630	1770
653	08:56:59	60.11	6499	1630	1770
654	08:57:59	60.12	6499	1629	1769
655	08:58:59	60.18	6499	1628	1768
656	08:59:59	60.14	6499	1627	1768
657	09:00:59	60.12	6499	1627	1767
658	09:01:59	60.13	6499	1626	1766
659	09:03:00	60.17	6499	1625	1766
660	09:04:00	60.12	6499	1625	1765
661	09:05:00	60.16	6499	1624	1764
662	09:06:00	60.18	6499	1623	1764
663	09:07:00	60.17	6499	1623	1764
664	09:08:00	60.16	6499	1623	1764
665	09:09:01	60.18	6499	1622	1763
666	09:10:01	60.15	6499	1622	1762
667	09:11:01	60.08	6499	1621	1762
668	09:12:01	60.09	6499	1620	1761
669	09:13:01	60.17	6499	1619	1760
670	09:14:01	60.18	6499	1619	1760
671	09:15:01	60.14	6499	1618	1759
672	09:16:02	18.06	6499	1617	1758
673	09:16:20	12.55	6499	1616	1758
674	09:16:32	18.93	6499	1616	1757
675	09:16:51	60.21	6499	1615	1756
676	09:17:51	60.11	6499	1614	1756
677	09:18:51	60.17	6499	1614	1755
678	09:19:52	60.07	6499	1612	1754
679	09:20:52	60.11	6499	1612	1754
680	09:21:52	60.12	6499	1612	1753
681	09:22:52	60.12	6499	1611	1753
682	09:23:52	60.15	6499	1610	1752
683	09:24:52	60.09	6499	1610	1751
684	09:25:52	60.09	6499	1609	1751
685	09:26:52	60.11	6499	1608	1750
686	09:27:52	60.16	6499	1608	1749
687	09:28:53	60.13	6499	1607	1747
688	09:29:53	60.18	6499	1606	1748
689	09:30:53	10.05	6499	1605	1748
690	09:31:03	24.65	6499	1605	1747
691	09:31:28	60.51	6499	1604	1746
692	09:32:28	60.10	6499	1604	1746
693	09:33:28	60.16	6499	1603	1746
694	09:34:28	60.13	6499	1603	1745
695	09:35:29	60.14	6499	1602	1744
696	09:36:29	60.11	6499	1601	1744
697	09:37:29	60.09	6499	1600	1743
698	09:38:29	60.13	6499	1600	1742
699	09:39:29	60.11	6499	1599	1742
700	09:40:29	60.15	6499	1598	1741
701	09:41:29	60.10	6499	1598	1740
702	09:42:29	29.38	6499	1597	1740
703	09:42:59	31.23	6499	1596	1739
704	09:43:30	60.38	6499	1595	1738
705	09:44:30	60.14	6499	1595	1738
706	09:45:30	60.15	6499	1594	1737
707	09:46:31	60.10	6499	1593	1736
708	09:47:31	60.11	6499	1593	1736
709	09:48:31	60.16	6499	1592	1735
710	09:49:31	60.17	6499	1591	1735
711	09:50:31	60.12	6499	1591	1734
712	09:51:31	60.10	6499	1590	1734
713	09:52:31	60.13	6499	1590	1733
714	09:53:31	60.13	6499	1589	1732
715	09:54:32	60.15	6499	1588	1732
716	09:55:32	60.08	6499	1588	1731
717	09:56:32	60.19	6499	1587	1731
718	09:57:32	60.10	6499	1586	1730
719	09:58:32	60.18	6499	1586	1729
720	09:59:32	60.14	6499	1585	1729
721	10:00:32	46.33	6499	1584	1728
722	10:01:19	15.14	6499	1584	1727
723	10:01:34	10.18	6499	1583	1727
724	10:01:44	60.14	6499	1582	1726
725	10:02:44	60.10	6499	1582	1725
726	10:03:44	60.15	6499	1581	1725
727	10:04:44	60.08	6499	1580	1724
728	10:05:45	60.15	6499	1580	1724
729	10:06:45	60.16	6499	1579	1723
730	10:07:45	60.15	6499	1578	1722
731	10:08:45	60.09	6499	1578	1722
732	10:09:45	60.18	6499	1577	1721
733	10:10:45	60.14	6499	1576	1720
734	10:11:45	60.16	6499	1575	1720
735	10:12:46	60.19	6499	1575	1719
736	10:13:46	60.12	6499	1574	1718
737	10:14:46	60.10	6499	1574	1718
738	10:15:46	60.13	6499	1573	1718
739	10:16:46	60.15	6499	1573	1718
740	10:17:46	50.28	6499	1573	1717
741	10:18:37	60.49	6499	1572	1717
742	10:19:37	60.10	6499	1571	1716
743	10:20:37	60.15	6499	1571	1715
744	10:21:37	60.09	6499	1570	1715
745	10:22:37	60.11	6499	1569	1714
746	10:23:38	60.18	6499	1569	1713
747	10:24:38	60.12	6499	1568	1713
748	10:25:38	60.07	6499	1567	1712
749	10:26:38	10.01	6499	1567	1712
750	10:26:48	13.75	6499	1566	1711
751	10:27:02	31.17	6499	1565	1710
752	10:27:33	10.48	6499	1564	1710
753	10:27:43	60.14	6499	1564	1709
754	10:28:43	60.12	6499	1563	1708
755	10:29:44	60.05	6499	1562	1708
756	10:30:44	60.13	6499	1562	1707
757	10:31:44	60.14	6499	1561	1707
758	10:32:44	60.16	6499	1560	1706
759	10:33:44	60.09	6499	1560	1705
760	10:34:44	60.16	6499	1559	1705
761	10:35:44	60.12	6499	1558	1704
762	10:36:44	60.15	6499	1558	1703
763	10:37:45	60.13	6499	1557	1703
764	10:38:45	60.16	6499	1556	1702
765	10:39:45	60.18	6499	1556	1702
766	10:40:45	60.17	6499	1555	1701
767	10:41:45	60.08	6499	1555	1701
768	10:42:45	60.13	6499	1554	1700
769	10:43:45	60.13	6499	1554	1700
770	10:44:46	60.18	6499	1553	1699
771	10:45:46	60.12	6499	1552	1698
772	10:46:46	60.10	6499	1552	1698
773	10:47:46	60.15	6499	1551	1697
774	10:48:46	60.15	6499	1550	1697
775	10:49:46	60.11	6499	1550	1696
776	10:50:46	60.16	6499	1549	1695
777	10:51:46	60.18	6499	1549	1695
778	10:52:47	60.14	6499	1548	1694
779	10:53:47	60.15	6499	1547	1693
780	10:54:47	10.01	6499	1547	1693
781	10:54:57	10.06	6499	1546	1692
782	10:55:07	60.09	6499	1545	1692
783	10:56:07	60.18	6499	1545	1691
784	10:57:07	60.18	6499	1544	1690
785	10:58:07	60.10	6499	1543	1690
786	10:59:08	60.12	6499	1543	1689
787	11:00:08	60.10	6499	1542	1689
788	11:01:08	60.14	6499	1541	1688
789	11:02:08	60.11	6499	1541	1687
790	11:03:08	60.13	6499	1540	1687
791	11:04:08	60.17	6499	1540	1686
792	11:05:08	60.10	6499	1539	1686
793	11:06:08	60.16	6499	1538	1685
794	11:07:09	60.14	6499	1538	1684
795	11:08:09	60.12	6499	1537	1684
796	11:09:09	60.10	6499	1536	1683
797	11:10:09	60.14	6499	1536	1683
798	11:11:09	60.09	6499	1535	1682
799	11:12:09	60.16	6499	1535	1681
800	11:13:09	60.17	6499	1534	1681
801	11:14:10	60.18	6499	1533	1680
802	11:15:10	60.18	6499	1533	1680
803	11:16:10	60.11	6499	1532	1679
804	11:17:10	60.13	6499	1531	1678
805	11:18:10	60.13	6499	1531	1678
806	11:19:10	60.15	6499	1530	1677
807	11:20:10	60.07	6499	1529	1677
808	11:21:10	60.13	6499	1529	1676
809	11:22:11	60.11	6499	1528	1676
810	11:23:11	60.14	6499	1528	1675
811	11:24:11	60.18	6499	1527	1674
812	11:25:11	60.16	6499	1526	1674
813	11:26:11	60.11	6499	1526	1673
814	11:27:11	60.14	6499	1525	1673
815	11:28:11	60.13	6499	1524	1672
816	11:29:12	60.16	6499	1524	1671
817	11:30:12	60.17	6499	1523	1671
818	11:31:12	60.12	6499	1522	1670
819	11:32:12	60.13	6499	1522	1670
820	11:33:12	60.10	6499	1521	1669
821	11:34:12	60.13	6499	1521	1668
822	11:35:12	60.15	6499	1520	1668
823	11:36:13	60.15	6499	1519	1667
824	11:37:13	60.16	6499	1519	1667
825	11:38:13	60.09	6499	1518	1666
826	11:39:13	60.11	6499	1518	1666
827	11:40:13	60.14	6499	1517	1665
828	11:41:13	60.17	6499	1516	1664
829	11:42:13	60.10	6499	1516	1664
830	11:43:13	60.14	6499	1515	1663
831	11:44:14	60.14	6499	1514	1663
832	11:45:14	60.14	6499	1514	1662
833	11:46:14	60.15	6499	1513	1662
834	11:47:14	60.12	6499	1513	1661
835	11:48:14	60.18	6499	1512	1660
836	11:49:14	60.11	6499	1511	1660
837	11:50:14	60.12	6499	1511	1659
838	11:51:15	60.13	6499	1510	1659
839	11:52:15	60.14	6499	1509	1658
840	11:53:15	60.10	6499	1509	1658
841	11:54:15	60.15	6499	1508	1657
842	11:55:15	60.12	6499	1508	1656
843	11:56:15	60.14	6499	1507	1656
844	11:57:15	60.08	6499	1506	1655
845	11:58:15	60.09	6499	1506	1655
846	11:59:16	60.15	6499	1505	1654
847	12:00:16	60.12	6499	1504	1653
848	12:01:16	60.09	6499	1504	1653
849	12:02:16	60.17	6499	1503	1652
850	12:03:16	32.23	6499	1503	1652
851	12:03:48	10.13	6499	1502	1651
852	12:03:58	60.15	6499	1501	1651
853	12:04:59	60.11	6499	1501	1650
854	12:05:59	60.17	6499	1500	1649
855	12:06:59	10.01	6499	1499	1649
856	12:07:09	60.46	6499	1499	1648
857	12:08:09	60.25	6499	1498	1648
858	12:09:10	60.05	6499	1498	1647
859	12:10:10	60.21	6499	1497	1647
860	12:11:10	60.08	6499	1496	1646
861	12:12:10	60.09	6499	1496	1646
862	12:13:10	60.11	6499	25.71	28.29
863	12:14:10	60.13	6499	0	0
864	12:15:10	60.20	6499	0	0
865	12:16:10	60.15	6499	0	0
866	12:17:11	60.10	6499	0	0
867	12:18:11	60.16	6499	-1	-1
868	12:19:11	60.12	6499	0	0
869	12:20:11	60.16	6499	0	0
870	12:21:11	60.13	6499	0	0
871	12:22:11	60.14	6499	0	0
872	12:23:11	60.12	6499	0	0
873	12:24:11	60.14	6499	0	0
874	12:25:12	60.09	6499	0	0
875	12:26:12	60.09	6499	0	0
876	12:27:12	29.71	6499	0	0
877	12:27:42	13.04	6499	0	0
878	12:27:55	29.31	6499	0	0
879	12:28:24	60.20	6499	0	0
880	12:29:24	60.15	6499	0	0
881	12:30:24	60.13	6499	0	0
882	12:31:24	60.19	6501	0	0
883	12:32:25	60.14	6501	0	0
884	12:33:25	39.69	6501	0	0
Created by AtlRunQuery on: 2018-08-31 11:57:30.498660
