LHC beam energy and intensities during run 309759:
(Begin/end of run: Sun Oct 02 2016 13:20:01 − Mon Oct 03, 06:06:39)

LB	   Start time
(CEST)	   Duration
(sec)	   Beam energy
(GeV)	   Intensity Beam-1
(1e11 protons)	   Intensity Beam-2
(1e11 protons)
1	13:20:01	60.12	59	0	0
2	13:21:02	60.13	63	0	0
3	13:22:02	60.17	408	0	0
4	13:23:02	10.01	765	0	0
5	13:23:12	60.12	825	0	0
6	13:24:12	60.15	1181	0	0
7	13:25:12	60.16	1538	0	0
8	13:26:12	60.12	1894	0	0
9	13:27:12	60.09	2251	0	0
10	13:28:13	60.16	2614	0	0
11	13:29:13	60.13	2970	0	0
12	13:30:13	60.11	3327	0	0
13	13:31:13	60.11	3565	0	0
14	13:32:13	60.14	3565	0	0
15	13:33:13	60.14	3566	0	0
16	13:34:13	60.08	3565	0	0
17	13:35:13	60.17	3565	0	0
18	13:36:14	60.14	3565	0	0
19	13:37:14	60.11	3565	0	0
20	13:38:14	60.14	3566	0	0
21	13:39:14	60.15	3566	0	0
22	13:40:14	60.15	3566	0	0
23	13:41:14	60.18	3501	0	0
24	13:42:14	60.09	3145	0	0
25	13:43:15	60.11	2782	0	0
26	13:44:15	60.16	2426	0	0
27	13:45:15	60.18	2069	0	0
28	13:46:15	60.17	1713	0	0
29	13:47:15	60.10	1356	0	0
30	13:48:15	60.13	999	0	0
31	13:49:15	60.16	643	0	0
32	13:50:16	60.18	280	0	0
33	13:51:16	60.13	59	0	0
34	13:52:16	60.11	59	0	0
35	13:53:16	60.10	59	0	0
36	13:54:16	60.21	59	0	0
37	13:55:16	60.24	59	0	0
38	13:56:17	60.03	59	0	0
39	13:57:17	60.11	59	0	0
40	13:58:17	60.11	238	0	0
41	13:59:17	60.16	450	0	0
42	14:00:17	60.16	450	0	0
43	14:01:17	46.59	450	0	0
44	14:02:04	60.16	450	0.06275	0.02153
45	14:03:04	60.13	450	0.07275	0.06959
46	14:04:04	60.13	450	0.07254	0.06951
47	14:05:04	60.16	450	0.07212	0.06944
48	14:06:04	60.13	450	0.02504	0.02418
49	14:07:04	60.12	450	0.06177	0.02023
50	14:08:05	60.14	450	0.07253	0.07061
51	14:09:05	60.12	450	0.0724	0.07055
52	14:10:05	60.11	450	0.07236	0.07051
53	14:11:05	60.10	450	0.07232	0.07045
54	14:12:05	60.16	450	0.07229	0.07041
55	14:13:05	60.12	450	0.9407	0.07033
56	14:14:05	60.10	450	14.06	7.168
57	14:15:05	60.09	450	55.49	13.96
58	14:16:05	60.14	450	118.3	102.5
59	14:17:06	60.12	450	135.9	196
60	14:18:06	60.15	450	227.5	290.1
61	14:19:06	60.13	450	328.1	382.2
62	14:20:06	60.12	450	425.9	474.2
63	14:21:06	60.18	450	518.1	568.3
64	14:22:06	60.14	450	613	664.1
65	14:23:06	60.14	450	705.9	758.1
66	14:24:07	60.15	450	798.2	860.9
67	14:25:07	60.12	450	889.6	955.2
68	14:26:07	60.10	450	980.7	1047
69	14:27:07	60.11	450	1063	1140
70	14:28:07	60.15	450	1062	1234
71	14:29:07	60.18	450	1166	1328
72	14:30:07	60.14	450	1258	1422
73	14:31:08	60.15	450	1349	1515
74	14:32:08	60.15	450	1442	1605
75	14:33:08	60.12	450	1535	1704
76	14:34:08	60.13	450	1627	1806
77	14:35:08	60.10	450	1719	1897
78	14:36:08	60.09	450	1810	1987
79	14:37:08	60.13	450	1899	2017
80	14:38:08	60.11	450	1999	2016
81	14:39:09	60.16	450	2095	2053
82	14:40:09	60.15	450	2186	2144
83	14:41:09	60.15	450	2277	2237
84	14:42:09	60.16	450	2369	2328
85	14:43:09	60.13	450	2411	2430
86	14:44:09	60.18	450	2409	2429
87	14:45:09	60.13	450	2406	2428
88	14:46:10	60.17	450	2404	2428
89	14:47:10	16.73	450	2402	2427
90	14:47:26	17.32	450	2387	2413
91	14:47:44	60.40	454	2384	2412
92	14:48:44	10.02	514	2383	2412
93	14:48:54	60.14	531	2383	2412
94	14:49:54	60.15	675	2383	2412
95	14:50:55	56.07	886	2383	2412
96	14:51:51	60.23	1138	2382	2412
97	14:52:51	60.12	1475	2382	2412
98	14:53:51	60.11	1822	2382	2412
99	14:54:51	60.09	2170	2382	2412
100	14:55:51	60.12	2517	2382	2412
101	14:56:51	60.11	2865	2382	2412
102	14:57:51	60.18	3212	2382	2412
103	14:58:52	60.08	3565	2382	2412
104	14:59:52	60.14	3913	2382	2412
105	15:00:52	60.15	4260	2382	2412
106	15:01:52	60.13	4607	2382	2412
107	15:02:52	60.11	4955	2382	2412
108	15:03:52	60.11	5302	2381	2412
109	15:04:52	60.13	5650	2381	2412
110	15:05:52	60.16	5997	2381	2412
111	15:06:53	58.69	6350	2381	2412
112	15:07:51	22.10	6499	2381	2412
113	15:08:13	60.51	6499	2381	2412
114	15:09:14	60.18	6499	2381	2412
115	15:10:14	60.15	6499	2381	2412
116	15:11:14	60.12	6499	2380	2412
117	15:12:14	60.09	6499	2380	2412
118	15:13:14	60.12	6499	2380	2412
119	15:14:15	60.10	6499	2380	2411
120	15:15:15	60.13	6499	2380	2412
121	15:16:15	60.18	6499	2380	2411
122	15:17:15	60.15	6499	2380	2411
123	15:18:15	60.17	6499	2380	2411
124	15:19:15	60.18	6499	2380	2411
125	15:20:15	60.10	6499	2380	2411
126	15:21:16	60.13	6499	2380	2411
127	15:22:16	60.12	6499	2380	2411
128	15:23:16	60.11	6499	2380	2411
129	15:24:16	60.15	6499	2379	2411
130	15:25:16	60.12	6499	2379	2411
131	15:26:16	60.16	6499	2379	2411
132	15:27:16	60.14	6499	2379	2411
133	15:28:16	60.11	6499	2378	2411
134	15:29:17	29.38	6499	2378	2411
135	15:29:46	60.30	6499	2378	2411
136	15:30:46	60.09	6499	2378	2411
137	15:31:46	60.14	6499	2378	2411
138	15:32:46	60.14	6499	2377	2411
139	15:33:47	60.16	6499	2376	2411
140	15:34:47	60.12	6499	2375	2411
141	15:35:47	60.13	6499	2375	2411
142	15:36:47	60.15	6499	2374	2411
143	15:37:47	60.14	6499	2374	2411
144	15:38:47	60.11	6499	2374	2411
145	15:39:47	60.15	6499	2374	2410
146	15:40:48	29.89	6499	2371	2410
147	15:41:17	60.48	6499	2366	2409
148	15:42:18	60.11	6499	2360	2407
149	15:43:18	60.13	6499	2353	2405
150	15:44:18	60.11	6499	2347	2402
151	15:45:18	60.15	6499	2341	2400
152	15:46:18	60.13	6499	2335	2398
153	15:47:19	60.15	6499	2329	2395
154	15:48:19	60.12	6499	2324	2393
155	15:49:19	60.09	6499	2319	2390
156	15:50:19	54.83	6499	2314	2388
157	15:51:14	60.50	6499	2309	2386
158	15:52:14	60.15	6499	2305	2383
159	15:53:14	12.05	6499	2302	2382
160	15:53:26	52.22	6499	2300	2381
161	15:54:19	32.20	6499	2296	2379
162	15:54:51	53.32	6499	2293	2377
163	15:55:44	60.12	6499	2289	2375
164	15:56:44	16.16	6499	2286	2373
165	15:57:00	59.75	6499	2282	2372
166	15:58:00	60.17	6499	2278	2369
167	15:59:00	15.00	6499	2274	2368
168	15:59:15	60.11	6499	2271	2366
169	16:00:16	60.13	6499	2266	2363
170	16:01:16	36.41	6499	2263	2362
171	16:01:52	60.53	6499	2259	2359
172	16:02:53	52.49	6499	2255	2357
173	16:03:45	60.51	6499	2251	2355
174	16:04:46	60.11	6499	2247	2353
175	16:05:46	60.17	6499	2243	2350
176	16:06:46	37.45	6499	2240	2349
177	16:07:23	10.40	6499	2239	2348
178	16:07:34	20.65	6499	2238	2347
179	16:07:54	60.51	6499	2235	2346
180	16:08:55	60.12	6499	2231	2343
181	16:09:55	60.12	6499	2228	2341
182	16:10:55	60.43	6499	2224	2339
183	16:11:56	60.70	6499	2221	2337
184	16:12:56	23.65	6499	2219	2336
185	16:13:20	15.82	6499	2218	2335
186	16:13:36	26.96	6499	2217	2334
187	16:14:03	24.76	6499	2215	2333
188	16:14:27	31.25	6499	2214	2332
189	16:14:59	60.42	6499	2212	2331
190	16:15:59	60.12	6499	2209	2329
191	16:16:59	60.13	6499	2206	2327
192	16:17:59	60.13	6499	2203	2325
193	16:19:00	60.15	6499	2200	2323
194	16:20:00	10.02	6499	2199	2322
195	16:20:10	60.11	6499	2197	2321
196	16:21:10	60.10	6499	2195	2319
197	16:22:10	60.09	6499	2192	2318
198	16:23:10	40.59	6499	2190	2316
199	16:23:51	60.65	6499	2188	2315
200	16:24:51	38.64	6499	2186	2313
201	16:25:30	18.14	6499	2184	2312
202	16:25:48	12.95	6499	2184	2312
203	16:26:01	10.43	6499	2183	2312
204	16:26:11	20.69	6499	2183	2311
205	16:26:32	31.08	6499	2182	2311
206	16:27:03	31.13	6499	2180	2310
207	16:27:34	10.37	6499	2180	2309
208	16:27:45	20.86	6499	2179	2309
209	16:28:05	60.33	6499	2178	2308
210	16:29:06	10.02	6499	2176	2306
211	16:29:16	60.40	6499	2175	2306
212	16:30:16	21.30	6499	2173	2304
213	16:30:38	60.43	6499	2172	2303
214	16:31:38	10.01	6499	2171	2303
215	16:31:48	21.53	6499	2170	2302
216	16:32:10	60.41	6499	2169	2301
217	16:33:10	60.17	6499	2167	2300
218	16:34:10	60.51	6499	2166	2299
219	16:35:11	31.14	6499	2164	2298
220	16:35:42	60.49	6499	2162	2296
221	16:36:42	30.57	6499	2161	2295
222	16:37:13	31.23	6499	2160	2294
223	16:37:44	60.49	6499	2158	2293
224	16:38:45	60.16	6499	2156	2292
225	16:39:45	60.08	6499	2154	2290
226	16:40:45	60.17	6499	2152	2289
227	16:41:45	60.14	6499	2150	2287
228	16:42:45	60.18	6499	2148	2286
229	16:43:45	54.71	6499	2146	2284
230	16:44:40	59.85	6499	2144	2283
231	16:45:40	36.01	6499	2143	2282
232	16:46:16	60.37	6499	2141	2281
233	16:47:16	60.15	6499	2140	2279
234	16:48:16	60.08	6499	2138	2278
235	16:49:16	60.64	6499	2136	2277
236	16:50:17	31.75	6499	2134	2276
237	16:50:49	60.36	6499	2133	2275
238	16:51:49	60.13	6499	2131	2273
239	16:52:49	60.12	6499	2130	2272
240	16:53:49	60.15	6499	2128	2270
241	16:54:50	60.15	6499	2126	2269
242	16:55:50	60.11	6499	2124	2268
243	16:56:50	60.13	6499	2123	2266
244	16:57:50	60.18	6499	2121	2265
245	16:58:50	60.12	6499	2119	2264
246	16:59:50	60.11	6499	2118	2262
247	17:00:50	60.13	6499	2116	2261
248	17:01:51	60.13	6499	2114	2260
249	17:02:51	60.18	6499	2113	2259
250	17:03:51	60.14	6499	2111	2257
251	17:04:51	60.18	6499	2109	2256
252	17:05:51	32.56	6499	2108	2255
253	17:06:24	60.34	6499	2107	2254
254	17:07:24	30.79	6499	2106	2253
255	17:07:55	60.44	6499	2104	2252
256	17:08:55	60.16	6499	2103	2251
257	17:09:55	52.05	6499	2101	2250
258	17:10:47	60.45	6499	2100	2249
259	17:11:48	60.11	6499	2098	2247
260	17:12:48	60.09	6499	2096	2246
261	17:13:48	60.14	6499	2095	2245
262	17:14:48	60.17	6499	2093	2244
263	17:15:48	60.13	6499	2092	2242
264	17:16:49	60.17	6499	2090	2241
265	17:17:49	60.08	6499	2089	2240
266	17:18:49	60.13	6499	2087	2239
267	17:19:49	60.10	6499	2086	2238
268	17:20:49	60.12	6499	2084	2236
269	17:21:49	60.16	6499	2083	2235
270	17:22:49	60.11	6499	2081	2234
271	17:23:49	60.12	6499	2080	2233
272	17:24:50	60.11	6499	2078	2232
273	17:25:50	60.19	6499	2077	2230
274	17:26:50	60.15	6499	2075	2229
275	17:27:50	60.17	6499	2074	2228
276	17:28:50	60.11	6499	2072	2227
277	17:29:50	60.08	6499	2071	2226
278	17:30:50	60.14	6499	2069	2225
279	17:31:51	60.15	6499	2068	2223
280	17:32:51	60.11	6499	2066	2222
281	17:33:51	60.14	6499	2065	2221
282	17:34:51	60.15	6499	2063	2220
283	17:35:51	60.14	6499	2062	2219
284	17:36:51	60.12	6499	2061	2218
285	17:37:51	60.21	6499	2029	2217
286	17:38:52	60.14	6499	2058	2215
287	17:39:52	60.14	6499	2056	2214
288	17:40:52	60.10	6499	2055	2213
289	17:41:52	60.13	6499	2054	2212
290	17:42:52	60.14	6499	2052	2211
291	17:43:52	60.14	6499	2051	2210
292	17:44:52	47.75	6499	2049	2208
293	17:45:40	10.14	6499	2049	2208
294	17:45:50	55.03	6499	2047	2207
295	17:46:45	60.47	6499	2046	2205
296	17:47:46	60.12	6499	2045	2204
297	17:48:46	60.16	6499	2043	2203
298	17:49:46	60.14	6499	2042	2202
299	17:50:46	60.17	6499	2041	2201
300	17:51:46	60.12	6499	2039	2200
301	17:52:46	60.13	6499	2038	2199
302	17:53:47	60.12	6499	2037	2198
303	17:54:47	60.12	6499	2036	2197
304	17:55:47	11.87	6499	2036	2197
305	17:55:59	14.24	6499	2035	2196
306	17:56:13	24.47	6499	2034	2196
307	17:56:37	60.17	6499	2033	2195
308	17:57:38	60.13	6499	2032	2194
309	17:58:38	60.10	6499	2031	2192
310	17:59:38	60.14	6499	2030	2191
311	18:00:38	60.15	6499	2028	2190
312	18:01:38	60.09	6499	2027	2189
313	18:02:38	60.17	6499	2026	2188
314	18:03:38	60.12	6499	2024	2187
315	18:04:38	60.13	6499	2023	2186
316	18:05:39	60.15	6499	2022	2185
317	18:06:39	60.13	6499	2021	2184
318	18:07:39	60.17	6499	2020	2183
319	18:08:39	60.15	6499	2018	2182
320	18:09:39	60.16	6499	2017	2181
321	18:10:39	60.13	6499	2016	2180
322	18:11:39	60.12	6499	2015	2179
323	18:12:40	60.10	6499	2013	2177
324	18:13:40	60.17	6499	2013	2177
325	18:14:40	17.22	6499	2012	2176
326	18:14:57	31.07	6499	2011	2175
327	18:15:28	60.47	6499	2010	2174
328	18:16:29	10.01	6499	2009	2173
329	18:16:39	60.47	6499	2007	2172
330	18:17:39	60.10	6499	2006	2171
331	18:18:39	50.91	6499	2005	2171
332	18:19:30	60.53	6499	2005	2170
333	18:20:31	30.63	6499	2004	2169
334	18:21:01	60.32	6499	2003	2169
335	18:22:02	10.05	6499	2002	2168
336	18:22:12	60.48	6499	2001	2166
337	18:23:12	60.08	6499	2000	2166
338	18:24:12	60.16	6499	1999	2165
339	18:25:12	51.30	6499	1998	2164
340	18:26:04	31.31	6499	1997	2163
341	18:26:35	43.43	6499	1996	2162
342	18:27:18	60.45	6499	1995	2161
343	18:28:19	60.15	6499	1994	2160
344	18:29:19	60.11	6499	1992	2159
345	18:30:19	60.14	6499	1991	2158
346	18:31:19	60.14	6499	1990	2157
347	18:32:19	60.12	6499	1989	2156
348	18:33:19	60.12	6499	1988	2156
349	18:34:20	50.95	6499	1988	2155
350	18:35:11	25.23	6499	1987	2155
351	18:35:36	10.01	6499	1986	2154
352	18:35:46	16.35	6499	1985	2153
353	18:36:02	60.08	6499	1984	2152
354	18:37:02	60.17	6499	1982	2150
355	18:38:02	60.10	6499	1981	2150
356	18:39:02	60.08	6499	1980	2149
357	18:40:03	60.15	6499	1979	2148
358	18:41:03	60.13	6499	1978	2147
359	18:42:03	60.08	6499	1977	2146
360	18:43:03	60.16	6499	1976	2145
361	18:44:03	60.12	6499	1975	2144
362	18:45:03	60.13	6499	1974	2143
363	18:46:03	60.08	6499	1973	2142
364	18:47:03	60.16	6499	1972	2141
365	18:48:04	60.11	6499	1971	2140
366	18:49:04	37.85	6499	1970	2139
367	18:49:42	60.35	6499	1968	2138
368	18:50:42	60.18	6499	1967	2137
369	18:51:42	60.17	6499	1966	2136
370	18:52:42	60.16	6499	1965	2135
371	18:53:42	60.13	6499	1964	2135
372	18:54:43	60.10	6499	1963	2134
373	18:55:43	60.14	6499	1962	2133
374	18:56:43	60.12	6499	1961	2132
375	18:57:43	60.11	6499	1960	2131
376	18:58:43	60.12	6499	1959	2130
377	18:59:43	60.14	6499	1957	2129
378	19:00:43	60.18	6499	1956	2128
379	19:01:43	60.16	6499	1955	2127
380	19:02:44	60.11	6499	1954	2126
381	19:03:44	60.13	6499	1953	2125
382	19:04:44	60.16	6499	1952	2124
383	19:05:44	60.15	6499	1951	2123
384	19:06:44	60.09	6499	1950	2122
385	19:07:44	60.16	6499	1949	2122
386	19:08:44	60.10	6499	1948	2121
387	19:09:44	40.68	6499	1947	2120
388	19:10:25	60.02	6499	1946	2119
389	19:11:25	60.10	6499	1945	2118
390	19:12:25	60.17	6499	1944	2117
391	19:13:25	60.11	6499	1943	2116
392	19:14:26	60.19	6499	1943	2116
393	19:15:26	60.13	6499	1942	2115
394	19:16:26	10.12	6499	1941	2115
395	19:16:36	60.16	6499	1940	2114
396	19:17:36	10.20	6499	1939	2113
397	19:17:46	60.14	6499	1938	2112
398	19:18:46	46.66	6499	1937	2111
399	19:19:33	10.18	6499	1936	2110
400	19:19:43	60.14	6499	1935	2110
401	19:20:43	60.10	6499	1934	2109
402	19:21:44	60.15	6499	1933	2108
403	19:22:44	49.62	6499	1932	2107
404	19:23:33	60.35	6499	1931	2106
405	19:24:34	60.13	6499	1930	2105
406	19:25:34	60.12	6499	1929	2104
407	19:26:34	60.14	6499	1928	2103
408	19:27:34	60.15	6499	1927	2102
409	19:28:34	60.14	6499	1926	2101
410	19:29:34	60.12	6499	1925	2100
411	19:30:34	60.11	6499	1924	2099
412	19:31:35	60.14	6499	1923	2098
413	19:32:35	44.09	6499	1922	2097
414	19:33:19	60.31	6499	1921	2097
415	19:34:19	60.13	6499	1920	2096
416	19:35:19	60.14	6499	1918	2095
417	19:36:19	60.13	6499	1917	2094
418	19:37:20	60.13	6499	1916	2093
419	19:38:20	60.09	6499	1915	2092
420	19:39:20	60.15	6499	1914	2091
421	19:40:20	60.13	6499	1913	2090
422	19:41:20	60.14	6499	1912	2089
423	19:42:20	60.16	6499	1911	2088
424	19:43:20	60.15	6499	1910	2087
425	19:44:21	60.17	6499	1909	2086
426	19:45:21	60.08	6499	1907	2085
427	19:46:21	60.15	6499	1906	2084
428	19:47:21	60.13	6499	1905	2083
429	19:48:21	60.11	6499	1905	2082
430	19:49:21	60.12	6499	1904	2082
431	19:50:21	60.17	6499	1903	2081
432	19:51:21	45.21	6499	1902	2080
433	19:52:07	31.15	6499	1901	2080
434	19:52:38	60.41	6499	1901	2079
435	19:53:38	60.18	6499	1900	2078
436	19:54:38	30.93	6499	1899	2077
437	19:55:09	31.21	6499	1898	2077
438	19:55:41	60.37	6499	1897	2076
439	19:56:41	60.14	6499	1896	2075
440	19:57:41	33.08	6499	1895	2074
441	19:58:14	28.19	6499	1894	2073
442	19:58:42	60.22	6499	1893	2072
443	19:59:43	10.01	6499	1892	2071
444	19:59:53	60.16	6499	1891	2070
445	20:00:53	60.16	6499	1890	2069
446	20:01:53	60.17	6499	1889	2069
447	20:02:53	60.17	6499	1888	2068
448	20:03:53	60.14	6499	1887	2067
449	20:04:53	60.12	6499	1886	2066
450	20:05:53	60.10	6499	1884	2065
451	20:06:54	60.18	6499	1883	2064
452	20:07:54	60.11	6499	1882	2063
453	20:08:54	60.12	6499	1881	2062
454	20:09:54	60.16	6499	1880	2061
455	20:10:54	60.14	6499	1879	2060
456	20:11:54	60.14	6499	1878	2059
457	20:12:54	60.12	6499	1877	2059
458	20:13:55	60.13	6499	1877	2058
459	20:14:55	60.15	6499	1876	2057
460	20:15:55	60.16	6499	1875	2056
461	20:16:55	60.11	6499	1874	2055
462	20:17:55	17.16	6499	1873	2054
463	20:18:12	60.03	6499	1872	2054
464	20:19:12	60.08	6499	1871	2053
465	20:20:12	60.15	6499	1869	2052
466	20:21:12	60.09	6499	1868	2051
467	20:22:13	60.14	6499	1867	2050
468	20:23:13	60.09	6499	1866	2049
469	20:24:13	60.18	6499	1865	2048
470	20:25:13	60.14	6499	1865	2047
471	20:26:13	60.13	6499	1863	2046
472	20:27:13	60.12	6499	1862	2045
473	20:28:13	60.13	6499	1862	2045
474	20:29:13	60.15	6499	1861	2044
475	20:30:14	60.18	6499	1860	2043
476	20:31:14	60.16	6499	1859	2042
477	20:32:14	60.13	6499	1858	2041
478	20:33:14	60.14	6499	1857	2040
479	20:34:14	60.09	6499	1856	2039
480	20:35:14	46.23	6499	1855	2039
481	20:36:01	58.12	6499	1854	2038
482	20:36:59	60.04	6499	1853	2037
483	20:37:59	60.09	6499	1852	2036
484	20:38:59	60.09	6499	1851	2035
485	20:39:59	44.50	6499	1850	2035
486	20:40:43	55.59	6499	1849	2034
487	20:41:39	60.06	6499	1849	2033
488	20:42:39	60.12	6499	1848	2032
489	20:43:39	60.09	6499	1847	2031
490	20:44:39	60.15	6499	1846	2031
491	20:45:39	60.13	6499	1845	2030
492	20:46:40	60.11	6499	1845	2029
493	20:47:40	60.13	6499	1844	2028
494	20:48:40	24.34	6499	1843	2028
495	20:49:04	60.05	6499	1842	2027
496	20:50:04	39.49	6499	1841	2026
497	20:50:44	60.48	6499	1840	2025
498	20:51:44	60.09	6499	1839	2024
499	20:52:44	60.12	6499	1838	2023
500	20:53:44	60.17	6499	1837	2022
501	20:54:45	60.10	6499	1836	2021
502	20:55:45	60.17	6499	1835	2021
503	20:56:45	60.15	6499	1834	2020
504	20:57:45	60.09	6499	1833	2019
505	20:58:45	60.13	6499	1832	2018
506	20:59:45	60.10	6499	1831	2017
507	21:00:45	60.09	6499	1830	2016
508	21:01:45	60.14	6499	1829	2015
509	21:02:45	60.11	6499	1828	2015
510	21:03:46	60.14	6499	1827	2014
511	21:04:46	60.09	6499	1826	2013
512	21:05:46	60.12	6499	1825	2012
513	21:06:46	60.14	6499	1825	2012
514	21:07:46	24.29	6499	1824	2012
515	21:08:10	60.13	6499	1824	2011
516	21:09:10	60.15	6499	1824	2011
517	21:10:11	60.09	6499	1824	2011
518	21:11:11	10.06	6499	1823	2010
519	21:11:21	10.03	6499	1822	2009
520	21:11:31	10.26	6499	1818	2005
521	21:11:41	32.37	6499	1820	2008
522	21:12:13	10.21	6499	1819	2007
523	21:12:24	10.01	6499	1818	2006
524	21:12:34	10.06	6499	1818	2005
525	21:12:44	60.08	6499	1817	2005
526	21:13:44	60.15	6499	1816	2004
527	21:14:44	60.19	6499	1815	2003
528	21:15:44	60.10	6499	1814	2002
529	21:16:44	60.10	6499	1813	2001
530	21:17:44	60.12	6499	1812	2000
531	21:18:44	30.86	6499	1811	1999
532	21:19:15	60.07	6499	1810	1999
533	21:20:15	60.13	6499	1810	1998
534	21:21:16	60.14	6499	1809	1997
535	21:22:16	60.17	6499	1808	1996
536	21:23:16	60.10	6499	1807	1995
537	21:24:16	60.20	6499	1806	1994
538	21:25:16	60.13	6499	1805	1993
539	21:26:16	60.19	6499	1804	1993
540	21:27:16	60.16	6499	1803	1992
541	21:28:17	60.08	6499	1802	1991
542	21:29:17	60.19	6499	1801	1990
543	21:30:17	60.13	6499	1800	1989
544	21:31:17	60.17	6499	1799	1988
545	21:32:17	60.17	6499	1798	1988
546	21:33:17	60.11	6499	1798	1987
547	21:34:17	60.15	6499	1797	1986
548	21:35:18	60.15	6499	1796	1985
549	21:36:18	60.16	6499	1795	1984
550	21:37:18	60.12	6499	1794	1983
551	21:38:18	60.12	6499	1793	1983
552	21:39:18	60.13	6499	1793	1982
553	21:40:18	60.12	6499	1792	1981
554	21:41:18	60.13	6499	1791	1980
555	21:42:19	60.16	6499	1790	1980
556	21:43:19	60.13	6499	1789	1979
557	21:44:19	60.13	6499	1788	1978
558	21:45:19	35.90	6499	1787	1977
559	21:45:55	60.49	6499	1786	1976
560	21:46:55	60.17	6499	1785	1975
561	21:47:56	60.08	6499	1784	1975
562	21:48:56	60.13	6499	1784	1974
563	21:49:56	60.16	6499	1783	1973
564	21:50:56	60.15	6499	1782	1972
565	21:51:56	60.11	6499	1781	1971
566	21:52:56	60.16	6499	1780	1970
567	21:53:56	60.16	6499	1779	1970
568	21:54:56	60.17	6499	1778	1969
569	21:55:57	60.13	6499	1777	1968
570	21:56:57	60.13	6499	1776	1967
571	21:57:57	60.14	6499	1775	1966
572	21:58:57	60.12	6499	1775	1966
573	21:59:57	60.12	6499	1774	1965
574	22:00:57	60.17	6499	1773	1964
575	22:01:57	60.13	6499	1772	1964
576	22:02:58	60.17	6499	1771	1963
577	22:03:58	60.12	6499	1770	1962
578	22:04:58	60.17	6499	1769	1961
579	22:05:58	23.79	6499	1768	1960
580	22:06:22	60.14	6499	1767	1960
581	22:07:22	60.15	6499	1767	1959
582	22:08:22	60.17	6499	1766	1958
583	22:09:22	60.17	6499	1765	1957
584	22:10:22	60.18	6499	1764	1956
585	22:11:23	60.14	6499	1763	1955
586	22:12:23	60.14	6499	1762	1955
587	22:13:23	60.12	6499	1761	1954
588	22:14:23	60.20	6499	1760	1953
589	22:15:23	60.12	6499	1759	1952
590	22:16:23	60.12	6499	1758	1951
591	22:17:23	60.08	6499	1757	1951
592	22:18:24	60.12	6499	1756	1950
593	22:19:24	60.14	6499	1755	1949
594	22:20:24	60.25	6499	1754	1948
595	22:21:24	60.11	6499	1754	1947
596	22:22:24	60.17	6499	1753	1947
597	22:23:24	60.12	6499	1752	1946
598	22:24:24	60.13	6499	1751	1945
599	22:25:25	60.13	6499	1750	1944
600	22:26:25	60.08	6499	1749	1944
601	22:27:25	60.12	6499	1748	1943
602	22:28:25	60.15	6499	1747	1942
603	22:29:25	60.18	6499	1747	1941
604	22:30:25	60.14	6499	1746	1940
605	22:31:25	60.16	6499	1745	1939
606	22:32:26	60.13	6499	1744	1939
607	22:33:26	60.18	6499	1743	1938
608	22:34:26	60.14	6499	1742	1937
609	22:35:26	60.14	6499	1741	1936
610	22:36:26	60.09	6499	1740	1935
611	22:37:26	60.10	6499	1740	1935
612	22:38:26	60.14	6499	1739	1934
613	22:39:26	60.14	6499	1738	1933
614	22:40:27	60.14	6499	1737	1932
615	22:41:27	60.16	6499	1736	1931
616	22:42:27	60.10	6499	1735	1931
617	22:43:27	60.16	6499	1734	1930
618	22:44:27	10.01	6499	1733	1929
619	22:44:37	60.43	6499	1732	1928
620	22:45:38	60.09	6499	1731	1927
621	22:46:38	60.18	6499	1730	1927
622	22:47:38	60.09	6499	1730	1926
623	22:48:38	60.16	6499	1729	1925
624	22:49:38	60.15	6499	1728	1924
625	22:50:38	60.15	6499	1727	1924
626	22:51:38	60.12	6499	1726	1922
627	22:52:39	60.17	6499	1725	1922
628	22:53:39	60.09	6499	1725	1922
629	22:54:39	60.12	6499	1725	1922
630	22:55:39	60.09	6499	1724	1921
631	22:56:39	60.16	6499	1723	1920
632	22:57:39	60.15	6499	1722	1919
633	22:58:39	60.13	6499	1721	1919
634	22:59:39	60.15	6499	1721	1918
635	23:00:40	10.56	6499	1719	1917
636	23:00:50	10.22	6499	1719	1916
637	23:01:00	10.01	6499	1718	1915
638	23:01:10	60.14	6499	1717	1915
639	23:02:11	60.12	6499	1717	1914
640	23:03:11	60.18	6499	1716	1913
641	23:04:11	60.14	6499	1715	1912
642	23:05:11	60.14	6499	1714	1912
643	23:06:11	60.14	6499	1713	1911
644	23:07:11	60.16	6499	1712	1910
645	23:08:11	10.03	6499	1711	1909
646	23:08:21	51.05	6499	1710	1909
647	23:09:12	60.14	6499	1710	1908
648	23:10:13	60.11	6499	1709	1907
649	23:11:13	60.14	6499	1708	1906
650	23:12:13	60.14	6499	1707	1906
651	23:13:13	60.18	6499	1706	1905
652	23:14:13	60.15	6499	1705	1904
653	23:15:13	60.12	6499	1704	1903
654	23:16:13	60.14	6499	1704	1903
655	23:17:14	60.10	6499	1703	1902
656	23:18:14	60.15	6499	1702	1901
657	23:19:14	60.15	6499	1701	1900
658	23:20:14	60.09	6499	1700	1900
659	23:21:14	60.10	6499	1700	1899
660	23:22:14	60.17	6499	1699	1898
661	23:23:14	60.14	6499	1698	1897
662	23:24:15	60.12	6499	1697	1897
663	23:25:15	60.08	6499	1696	1896
664	23:26:15	60.14	6499	1695	1895
665	23:27:15	60.12	6499	1695	1894
666	23:28:15	60.19	6499	1694	1894
667	23:29:15	60.15	6499	1693	1893
668	23:30:15	60.15	6499	1692	1892
669	23:31:15	60.15	6499	1691	1891
670	23:32:16	60.13	6499	1690	1891
671	23:33:16	60.09	6499	1690	1890
672	23:34:16	60.17	6499	1689	1889
673	23:35:16	60.13	6499	1688	1888
674	23:36:16	60.13	6499	1687	1888
675	23:37:16	60.12	6499	1686	1887
676	23:38:16	60.12	6499	1685	1886
677	23:39:16	60.13	6499	1685	1885
678	23:40:17	60.12	6499	1684	1885
679	23:41:17	60.14	6499	1683	1884
680	23:42:17	60.12	6499	1682	1883
681	23:43:17	60.13	6499	1681	1882
682	23:44:17	60.10	6499	1681	1882
683	23:45:17	60.14	6499	1680	1881
684	23:46:17	60.13	6499	1679	1880
685	23:47:18	60.15	6499	1678	1879
686	23:48:18	60.10	6499	1677	1878
687	23:49:18	60.11	6499	1677	1878
688	23:50:18	60.09	6499	1676	1877
689	23:51:18	60.10	6499	1675	1876
690	23:52:18	60.15	6499	1674	1876
691	23:53:18	60.13	6499	1673	1875
692	23:54:18	60.12	6499	1673	1874
693	23:55:18	60.10	6499	1672	1873
694	23:56:19	60.15	6499	1671	1873
695	23:57:19	60.18	6499	1670	1872
696	23:58:19	60.13	6499	1669	1871
697	23:59:19	10.05	6499	1669	1870
698	23:59:29	60.41	6499	1668	1870
699	00:00:29	60.16	6499	1667	1869
700	00:01:30	60.08	6499	1667	1868
701	00:02:30	60.17	6499	1666	1868
702	00:03:30	60.09	6499	1665	1867
703	00:04:30	60.13	6499	1664	1866
704	00:05:30	60.14	6499	1663	1865
705	00:06:30	60.15	6499	1663	1865
706	00:07:30	60.13	6499	1662	1864
707	00:08:31	60.18	6499	1661	1863
708	00:09:31	60.11	6499	1660	1863
709	00:10:31	34.39	6499	1659	1862
710	00:11:05	60.08	6499	1659	1861
711	00:12:05	10.01	6499	1658	1860
712	00:12:15	60.14	6499	1657	1860
713	00:13:15	60.14	6499	1656	1859
714	00:14:16	60.14	6499	1655	1858
715	00:15:16	60.17	6499	1655	1858
716	00:16:16	60.17	6499	1655	1858
717	00:17:16	60.13	6499	1654	1857
718	00:18:16	60.16	6499	1653	1856
719	00:19:16	60.10	6499	1653	1856
720	00:20:16	60.10	6499	1652	1855
721	00:21:17	60.12	6499	1651	1854
722	00:22:17	60.15	6499	1650	1853
723	00:23:17	60.12	6499	1649	1853
724	00:24:17	60.15	6499	1648	1852
725	00:25:17	60.17	6499	1647	1851
726	00:26:17	60.14	6499	1647	1851
727	00:27:17	10.04	6499	1646	1850
728	00:27:27	17.43	6499	1645	1849
729	00:27:45	10.14	6499	1644	1848
730	00:27:55	60.19	6499	1643	1848
731	00:28:55	60.11	6499	1642	1847
732	00:29:55	60.13	6499	1641	1846
733	00:30:55	60.13	6499	1641	1846
734	00:31:56	60.12	6499	1640	1845
735	00:32:56	60.12	6499	1639	1844
736	00:33:56	60.16	6499	1638	1843
737	00:34:56	60.15	6499	1637	1843
738	00:35:56	60.13	6499	1636	1842
739	00:36:56	60.15	6499	1636	1841
740	00:37:56	60.17	6499	1635	1841
741	00:38:57	60.17	6499	1634	1840
742	00:39:57	60.09	6499	1633	1839
743	00:40:57	60.11	6499	1632	1838
744	00:41:57	60.09	6499	1632	1838
745	00:42:57	60.09	6499	1631	1837
746	00:43:57	60.12	6499	1630	1836
747	00:44:57	60.13	6499	1629	1836
748	00:45:57	60.14	6499	1628	1835
749	00:46:57	60.13	6499	1628	1834
750	00:47:58	60.13	6499	1627	1834
751	00:48:58	60.13	6499	1626	1833
752	00:49:58	60.14	6499	1625	1832
753	00:50:58	60.12	6499	1624	1831
754	00:51:58	60.16	6499	1624	1831
755	00:52:58	60.08	6499	1623	1830
756	00:53:58	60.15	6499	1622	1829
757	00:54:59	60.13	6499	1621	1829
758	00:55:59	60.16	6499	1621	1828
759	00:56:59	60.16	6499	1620	1827
760	00:57:59	60.12	6499	1619	1827
761	00:58:59	60.15	6499	1618	1826
762	00:59:59	60.16	6499	1617	1825
763	01:00:59	60.11	6499	1616	1825
764	01:02:00	60.15	6499	1616	1824
765	01:03:00	60.13	6499	1615	1823
766	01:04:00	60.14	6499	1614	1822
767	01:05:00	60.13	6499	1613	1822
768	01:06:00	60.15	6499	1612	1821
769	01:07:00	60.16	6499	1612	1820
770	01:08:00	60.17	6499	1611	1820
771	01:09:01	60.12	6499	1610	1819
772	01:10:01	60.10	6499	1609	1818
773	01:11:01	60.16	6499	1608	1818
774	01:12:01	60.12	6499	1608	1817
775	01:13:01	60.14	6499	1606	1816
776	01:14:01	60.18	6499	1606	1816
777	01:15:01	60.15	6499	1605	1815
778	01:16:02	60.08	6499	1604	1814
779	01:17:02	60.10	6499	1604	1813
780	01:18:02	60.15	6499	1603	1813
781	01:19:02	60.16	6499	1602	1812
782	01:20:02	60.08	6499	1601	1811
783	01:21:02	60.14	6499	1601	1811
784	01:22:02	60.12	6499	1600	1810
785	01:23:02	60.16	6499	1599	1809
786	01:24:03	60.14	6499	1598	1809
787	01:25:03	60.13	6499	1598	1808
788	01:26:03	60.16	6499	1597	1807
789	01:27:03	10.01	6499	1596	1807
790	01:27:13	60.43	6499	1596	1806
791	01:28:13	60.12	6499	1595	1805
792	01:29:14	60.11	6499	1594	1805
793	01:30:14	60.12	6499	1593	1804
794	01:31:14	60.16	6499	1593	1803
795	01:32:14	60.14	6499	1592	1802
796	01:33:14	60.14	6499	1591	1802
797	01:34:14	60.13	6499	1591	1801
798	01:35:14	60.14	6499	1590	1800
799	01:36:14	60.12	6499	1589	1800
800	01:37:15	60.10	6499	1588	1799
801	01:38:15	60.15	6499	1588	1797
802	01:39:15	60.12	6499	1587	1798
803	01:40:15	60.11	6499	1586	1797
804	01:41:15	60.23	6499	1586	1796
805	01:42:15	60.08	6499	1585	1796
806	01:43:15	60.16	6499	1584	1795
807	01:44:16	60.14	6499	1583	1794
808	01:45:16	60.10	6499	1583	1794
809	01:46:16	60.08	6499	1582	1793
810	01:47:16	60.17	6499	1581	1792
811	01:48:16	60.13	6499	1581	1792
812	01:49:16	60.15	6499	1580	1791
813	01:50:16	60.16	6499	1579	1790
814	01:51:16	60.14	6499	1578	1790
815	01:52:17	60.16	6499	1578	1789
816	01:53:17	60.13	6499	1577	1788
817	01:54:17	60.18	6499	1576	1788
818	01:55:17	60.15	6499	1576	1787
819	01:56:17	60.16	6499	1575	1786
820	01:57:17	60.13	6499	1574	1786
821	01:58:18	60.13	6499	1573	1785
822	01:59:18	60.18	6499	1573	1784
823	02:00:18	60.16	6499	1572	1784
824	02:01:18	60.09	6499	1571	1783
825	02:02:18	60.08	6499	1571	1782
826	02:03:18	60.18	6499	1570	1782
827	02:04:18	60.16	6499	1569	1781
828	02:05:18	60.11	6499	1568	1780
829	02:06:19	60.10	6499	1568	1780
830	02:07:19	60.14	6499	1567	1779
831	02:08:19	60.16	6499	1566	1778
832	02:09:19	60.14	6499	1565	1778
833	02:10:19	60.12	6499	1565	1777
834	02:11:19	60.17	6499	1564	1776
835	02:12:19	60.12	6499	1563	1776
836	02:13:20	60.12	6499	1562	1775
837	02:14:20	60.18	6499	1562	1774
838	02:15:20	60.15	6499	1561	1774
839	02:16:20	60.11	6499	1560	1773
840	02:17:20	60.18	6499	1560	1773
841	02:18:20	60.15	6499	1559	1772
842	02:19:20	60.12	6499	1558	1771
843	02:20:21	60.12	6499	1557	1771
844	02:21:21	60.09	6499	1556	1770
845	02:22:21	60.15	6499	1556	1769
846	02:23:21	60.09	6499	1555	1769
847	02:24:21	60.13	6499	1555	1768
848	02:25:21	60.15	6499	1554	1768
849	02:26:21	60.13	6499	1553	1767
850	02:27:21	60.14	6499	1552	1766
851	02:28:22	60.11	6499	1552	1766
852	02:29:22	60.14	6499	1551	1765
853	02:30:22	60.12	6499	1550	1764
854	02:31:22	60.16	6499	1549	1764
855	02:32:22	60.09	6499	1549	1763
856	02:33:22	60.16	6499	1548	1762
857	02:34:22	60.16	6499	1547	1762
858	02:35:22	60.16	6499	1547	1761
859	02:36:23	28.23	6499	1546	1761
860	02:36:51	60.02	6499	1545	1760
861	02:37:51	10.26	6499	1545	1759
862	02:38:01	60.16	6499	1544	1759
863	02:39:01	60.12	6499	1543	1758
864	02:40:01	60.13	6499	1542	1757
865	02:41:02	60.18	6499	1542	1757
866	02:42:02	60.15	6499	1541	1756
867	02:43:02	60.10	6499	1540	1755
868	02:44:02	60.19	6499	1540	1755
869	02:45:02	60.18	6499	1539	1754
870	02:46:02	60.12	6499	1538	1754
871	02:47:02	60.15	6499	1538	1753
872	02:48:03	60.09	6499	1537	1753
873	02:49:03	60.12	6499	1536	1752
874	02:50:03	60.10	6499	1536	1751
875	02:51:03	60.14	6499	1535	1751
876	02:52:03	60.11	6499	1535	1751
877	02:53:03	60.12	6499	1535	1750
878	02:54:03	60.11	6499	1534	1750
879	02:55:03	60.14	6499	1533	1749
880	02:56:04	60.13	6499	1532	1749
881	02:57:04	60.18	6499	1532	1748
882	02:58:04	60.14	6499	1531	1747
883	02:59:04	34.93	6499	1530	1747
884	02:59:39	60.50	6499	1530	1746
885	03:00:39	60.15	6499	1529	1745
886	03:01:40	60.14	6499	1528	1745
887	03:02:40	60.12	6499	1527	1744
888	03:03:40	60.21	6499	1527	1744
889	03:04:40	20.75	6499	1526	1743
890	03:05:01	56.26	6499	1525	1742
891	03:05:57	13.44	6499	1525	1742
892	03:06:11	58.42	6499	1524	1741
893	03:07:09	60.09	6499	1523	1740
894	03:08:09	60.13	6499	1523	1740
895	03:09:09	60.13	6499	1522	1740
896	03:10:09	60.15	6499	1522	1739
897	03:11:09	60.10	6499	1522	1739
898	03:12:10	60.15	6499	1521	1739
899	03:13:10	60.09	6499	1520	1738
900	03:14:10	60.16	6499	1520	1737
901	03:15:10	60.16	6499	1519	1737
902	03:16:10	60.11	6499	1518	1736
903	03:17:10	60.10	6499	1518	1736
904	03:18:10	60.14	6499	1517	1735
905	03:19:10	60.10	6499	1516	1734
906	03:20:11	60.13	6499	1516	1734
907	03:21:11	60.15	6499	1515	1733
908	03:22:11	60.19	6499	1514	1733
909	03:23:11	10.02	6499	1514	1732
910	03:23:21	23.56	6499	1513	1731
911	03:23:45	31.11	6499	1512	1731
912	03:24:16	31.06	6499	1512	1730
913	03:24:47	31.03	6499	1511	1730
914	03:25:18	60.47	6499	1510	1729
915	03:26:18	60.12	6499	1510	1728
916	03:27:18	60.15	6499	1509	1728
917	03:28:19	60.17	6499	1508	1727
918	03:29:19	60.11	6499	1508	1727
919	03:30:19	60.17	6499	1507	1726
920	03:31:19	60.17	6499	1506	1725
921	03:32:19	60.09	6499	1506	1725
922	03:33:19	60.16	6499	1505	1724
923	03:34:19	60.13	6499	1504	1724
924	03:35:20	60.12	6499	1504	1723
925	03:36:20	60.07	6499	1503	1722
926	03:37:20	60.19	6499	1502	1722
927	03:38:20	60.09	6499	1502	1721
928	03:39:20	60.11	6499	1502	1721
929	03:40:20	60.13	6499	1501	1720
930	03:41:20	60.09	6499	1500	1720
931	03:42:20	60.14	6499	1500	1719
932	03:43:20	60.16	6499	1500	1719
933	03:44:21	60.16	6499	1499	1719
934	03:45:21	60.18	6499	1499	1718
935	03:46:21	60.12	6499	1498	1718
936	03:47:21	60.08	6499	1498	1717
937	03:48:21	60.16	6499	1497	1717
938	03:49:21	60.14	6499	1496	1716
939	03:50:21	60.12	6499	1496	1715
940	03:51:22	60.09	6499	1495	1715
941	03:52:22	60.11	6499	1495	1714
942	03:53:22	60.13	6499	1494	1714
943	03:54:22	60.14	6499	1493	1713
944	03:55:22	11.21	6499	1493	1712
945	03:55:33	60.13	6499	1492	1712
946	03:56:33	60.13	6499	1491	1711
947	03:57:34	13.95	6499	1491	1711
948	03:57:47	57.93	6499	1490	1710
949	03:58:45	14.37	6499	1490	1710
950	03:59:00	10.01	6499	1489	1709
951	03:59:10	60.09	6499	1488	1708
952	04:00:10	60.10	6499	1488	1708
953	04:01:10	60.14	6499	1487	1707
954	04:02:10	60.14	6499	1486	1707
955	04:03:10	58.18	6499	1486	1706
956	04:04:08	59.91	6499	1485	1705
957	04:05:08	60.06	6499	1484	1705
958	04:06:08	60.13	6499	1484	1704
959	04:07:09	60.13	6499	1483	1704
960	04:08:09	60.39	6499	1482	1703
961	04:09:09	60.13	6499	1482	1703
962	04:10:09	60.14	6499	1481	1702
963	04:11:09	60.07	6499	1481	1701
964	04:12:09	60.12	6499	1480	1701
965	04:13:10	60.17	6499	1479	1700
966	04:14:10	60.09	6499	1479	1700
967	04:15:10	60.11	6499	1478	1699
968	04:16:10	60.14	6499	1477	1699
969	04:17:10	60.16	6499	1477	1698
970	04:18:10	60.09	6499	1476	1697
971	04:19:10	60.14	6499	1475	1697
972	04:20:10	60.09	6499	1475	1696
973	04:21:11	60.12	6499	1474	1696
974	04:22:11	60.13	6499	1473	1695
975	04:23:11	60.13	6499	1473	1695
976	04:24:11	60.18	6499	1472	1694
977	04:25:11	60.17	6499	1471	1693
978	04:26:11	60.17	6499	1471	1693
979	04:27:11	60.16	6499	1470	1692
980	04:28:12	51.79	6499	1469	1692
981	04:29:03	60.17	6499	1469	1691
982	04:30:04	10.02	6499	1468	1690
983	04:30:14	60.13	6499	1468	1690
984	04:31:14	60.12	6499	1467	1689
985	04:32:14	60.15	6499	1466	1689
986	04:33:14	60.17	6499	1466	1688
987	04:34:14	60.16	6499	1465	1688
988	04:35:14	60.13	6499	1464	1687
989	04:36:14	60.17	6499	1464	1686
990	04:37:15	60.18	6499	1463	1686
991	04:38:15	60.11	6499	1463	1685
992	04:39:15	60.12	6499	1462	1685
993	04:40:15	60.18	6499	1461	1684
994	04:41:15	60.68	6499	1461	1684
995	04:42:16	60.15	6499	1460	1683
996	04:43:16	10.01	6499	1460	1682
997	04:43:26	60.39	6499	1459	1682
998	04:44:26	60.10	6499	1458	1681
999	04:45:27	60.18	6499	1458	1681
1000	04:46:27	60.17	6499	1457	1680
1001	04:47:27	60.11	6499	1457	1680
1002	04:48:27	60.19	6499	1456	1680
1003	04:49:27	60.13	6499	1456	1679
1004	04:50:27	60.08	6499	1455	1678
1005	04:51:27	60.10	6499	1455	1678
1006	04:52:27	60.15	6499	1454	1677
1007	04:53:28	60.16	6499	1453	1677
1008	04:54:28	60.15	6499	1453	1676
1009	04:55:28	60.14	6499	1452	1676
1010	04:56:28	60.16	6499	1452	1675
1011	04:57:28	60.14	6499	1451	1675
1012	04:58:28	60.13	6499	1450	1674
1013	04:59:29	60.12	6499	1450	1673
1014	05:00:29	60.19	6499	1449	1673
1015	05:01:29	60.13	6499	1449	1672
1016	05:02:29	60.15	6499	1448	1672
1017	05:03:29	50.00	6499	1447	1671
1018	05:04:19	60.01	6499	1447	1671
1019	05:05:19	24.71	6499	1446	1670
1020	05:05:44	60.21	6499	1446	1670
1021	05:06:44	60.13	6499	1446	1670
1022	05:07:44	60.09	6499	1445	1669
1023	05:08:44	60.10	6499	1445	1669
1024	05:09:44	60.10	6499	1444	1668
1025	05:10:44	60.14	6499	1443	1668
1026	05:11:45	60.19	6499	1443	1667
1027	05:12:45	60.14	6499	1442	1667
1028	05:13:45	60.15	6499	1442	1666
1029	05:14:45	60.18	6499	1441	1666
1030	05:15:45	60.14	6499	1440	1665
1031	05:16:45	60.16	6499	1440	1664
1032	05:17:46	60.11	6499	1439	1664
1033	05:18:46	60.12	6499	1438	1663
1034	05:19:46	60.06	6499	1438	1663
1035	05:20:46	60.07	6499	1437	1662
1036	05:21:46	60.16	6499	1437	1662
1037	05:22:46	60.12	6499	1436	1661
1038	05:23:46	60.14	6499	1435	1661
1039	05:24:46	17.25	6499	1435	1660
1040	05:25:04	10.08	6499	1434	1660
1041	05:25:14	10.02	6499	1434	1659
1042	05:25:24	60.09	6499	1433	1659
1043	05:26:24	60.13	6499	1433	1658
1044	05:27:24	60.12	6499	1432	1658
1045	05:28:24	60.15	6499	1431	1657
1046	05:29:24	60.13	6499	1431	1657
1047	05:30:24	60.12	6499	1430	1656
1048	05:31:24	60.14	6499	1430	1654
1049	05:32:25	60.15	6499	1429	1655
1050	05:33:25	60.14	6499	1428	1655
1051	05:34:25	60.13	6499	1428	1654
1052	05:35:25	60.16	6499	1427	1654
1053	05:36:25	60.11	6499	1427	1653
1054	05:37:25	60.13	6499	1426	1652
1055	05:38:25	60.11	6499	1425	1652
1056	05:39:26	60.12	6499	1425	1651
1057	05:40:26	60.16	6499	1424	1651
1058	05:41:26	60.15	6499	1424	1650
1059	05:42:26	60.14	6499	1423	1650
1060	05:43:26	60.15	6499	1422	1649
1061	05:44:26	60.10	6499	30.01	34.81
1062	05:45:26	60.14	6499	-1	-1
1063	05:46:26	60.14	6499	0.04222	0.04208
1064	05:47:27	60.18	6499	0	0
1065	05:48:27	60.18	6499	0	0
1066	05:49:27	60.14	6499	0	0
1067	05:50:27	60.12	6499	0	0
1068	05:51:27	60.17	6499	0	0
1069	05:52:27	60.12	6499	0	0
1070	05:53:28	60.11	6499	0	0
1071	05:54:28	60.12	6499	0	0
1072	05:55:28	60.14	6499	0	0
1073	05:56:28	60.17	6499	0	0
1074	05:57:28	60.25	6499	0	0
1075	05:58:28	60.18	6499	0	0
1076	05:59:29	60.08	6499	0	0
1077	06:00:29	60.17	6499	0	0
1078	06:01:29	60.12	6499	0	0
1079	06:02:29	60.14	6499	0	0
1080	06:03:29	27.14	6499	0	0
1081	06:03:56	60.29	6499	0	0
1082	06:04:56	60.16	6499	0	0
1083	06:05:57	41.96	6499	0	0
Created by AtlRunQuery on: 2018-08-31 11:58:32.862277
