LHC beam energy and intensities during run 310473:
(Begin/end of run: Thu Oct 13 2016 05:34:48 − 14:06:59)

LB	   Start time
(CEST)	   Duration
(sec)	   Beam energy
(GeV)	   Intensity Beam-1
(1e11 protons)	   Intensity Beam-2
(1e11 protons)
1	05:34:48	60.12	450	116.9	85.45
2	05:35:48	60.13	449	174	119.2
3	05:36:48	33.41	450	322.9	119.2
4	05:37:21	10.04	449	323.2	224.4
5	05:37:31	60.10	450	385.5	228.5
6	05:38:31	60.16	450	475.1	328.4
7	05:39:31	60.14	450	567.1	425.1
8	05:40:32	60.13	450	659.4	516.9
9	05:41:32	60.08	450	736.8	608.2
10	05:42:32	60.07	450	736.5	701.1
11	05:43:32	60.13	450	736.2	792.1
12	05:44:32	60.13	450	829.1	886
13	05:45:32	60.16	450	919.9	954.9
14	05:46:32	60.14	450	943.2	966.6
15	05:47:32	60.08	450	1000	1059
16	05:48:33	60.13	450	1092	1161
17	05:49:33	60.12	450	1182	1253
18	05:50:33	60.15	450	1274	1344
19	05:51:33	60.08	450	1365	1437
20	05:52:33	60.19	450	1461	1528
21	05:53:33	60.15	450	1563	1620
22	05:54:33	60.15	450	1651	1709
23	05:55:34	60.13	450	1742	1802
24	05:56:34	60.14	450	1833	1892
25	05:57:34	60.13	450	1922	1992
26	05:58:34	60.17	450	2015	2089
27	05:59:34	60.12	450	2105	2179
28	06:00:34	60.14	450	2197	2270
29	06:01:34	60.14	450	2287	2363
30	06:02:34	60.13	450	2390	2407
31	06:03:35	60.12	450	2389	2406
32	06:04:35	60.17	450	2388	2406
33	06:05:35	60.10	450	2385	2405
34	06:06:35	60.15	450	2383	2404
35	06:07:35	60.12	450	2382	2404
36	06:08:35	60.13	450	2379	2402
37	06:09:35	60.13	462	2375	2401
38	06:10:36	59.43	543	2374	2401
39	06:11:35	13.42	692	2361	2388
40	06:11:48	60.48	733	2361	2388
41	06:12:49	60.14	962	2361	2388
42	06:13:49	14.12	1258	2361	2388
43	06:14:03	60.11	1338	2361	2388
44	06:15:03	60.13	1686	2361	2388
45	06:16:03	60.14	2033	2361	2388
46	06:17:04	60.17	2386	2361	2386
47	06:18:04	60.17	2733	2361	2388
48	06:19:04	60.14	3081	2361	2388
49	06:20:04	60.10	3428	2361	2388
50	06:21:04	60.16	3776	2361	2388
51	06:22:04	60.08	4123	2361	2387
52	06:23:04	60.12	4470	2361	2387
53	06:24:04	60.10	4818	2361	2388
54	06:25:05	60.13	5171	2361	2388
55	06:26:05	60.13	5518	2360	2388
56	06:27:05	60.14	5866	2360	2387
57	06:28:05	60.15	6213	2360	2387
58	06:29:05	19.66	6499	2360	2387
59	06:29:25	10.44	6499	2360	2387
60	06:29:35	60.13	6499	2360	2387
61	06:30:35	60.12	6499	2360	2387
62	06:31:35	60.19	6499	2360	2387
63	06:32:36	60.11	6499	2360	2387
64	06:33:36	60.17	6499	2360	2387
65	06:34:36	60.13	6499	2360	2387
66	06:35:36	60.11	6499	2360	2387
67	06:36:36	60.16	6499	2360	2387
68	06:37:36	60.11	6499	2360	2387
69	06:38:36	60.19	6499	2360	2387
70	06:39:37	60.08	6499	2360	2387
71	06:40:37	60.14	6499	2360	2387
72	06:41:37	60.13	6499	2360	2387
73	06:42:37	60.10	6499	2359	2387
74	06:43:37	60.12	6499	2359	2387
75	06:44:37	60.09	6499	2359	2387
76	06:45:37	60.11	6499	2359	2387
77	06:46:37	60.16	6499	2359	2387
78	06:47:38	60.14	6499	2359	2387
79	06:48:38	60.12	6499	2359	2387
80	06:49:38	13.02	6499	2359	2387
81	06:49:51	10.33	6499	2359	2387
82	06:50:01	55.31	6499	2359	2387
83	06:50:56	60.48	6499	2358	2386
84	06:51:57	60.14	6499	2358	2387
85	06:52:57	60.12	6499	2358	2386
86	06:53:57	60.17	6499	2357	2386
87	06:54:57	60.17	6499	2356	2386
88	06:55:58	60.10	6499	2356	2386
89	06:56:58	59.92	6499	2354	2386
90	06:57:58	60.36	6499	2348	2385
91	06:58:58	60.14	6499	2343	2383
92	06:59:58	60.08	6499	2339	2380
93	07:00:58	60.15	6499	2335	2378
94	07:01:58	60.10	6499	2332	2376
95	07:02:58	60.15	6499	2329	2373
96	07:03:59	60.16	6499	2326	2371
97	07:04:59	60.14	6499	2323	2368
98	07:05:59	60.15	6499	2320	2366
99	07:06:59	60.14	6499	2318	2363
100	07:07:59	10.02	6499	2316	2361
101	07:08:09	60.49	6499	2314	2360
102	07:09:10	60.09	6499	2312	2357
103	07:10:10	60.14	6499	2309	2355
104	07:11:10	60.16	6499	2307	2352
105	07:12:10	60.09	6499	2304	2349
106	07:13:10	60.11	6499	2302	2347
107	07:14:10	60.13	6499	2300	2344
108	07:15:10	60.13	6499	2297	2342
109	07:16:11	60.09	6499	2295	2340
110	07:17:11	60.12	6499	2293	2337
111	07:18:11	60.12	6499	2291	2335
112	07:19:11	60.15	6499	2289	2333
113	07:20:11	60.13	6499	2287	2331
114	07:21:11	60.14	6499	2286	2329
115	07:22:11	60.16	6499	2284	2328
116	07:23:11	60.12	6499	2283	2326
117	07:24:12	60.11	6499	2281	2324
118	07:25:12	60.18	6499	2279	2322
119	07:26:12	60.13	6499	2277	2320
120	07:27:12	60.17	6499	2275	2318
121	07:28:12	60.16	6499	2273	2316
122	07:29:12	60.17	6499	2271	2313
123	07:30:12	60.12	6499	2270	2311
124	07:31:13	60.10	6499	2268	2309
125	07:32:13	60.17	6499	2266	2307
126	07:33:13	60.10	6499	2264	2306
127	07:34:13	60.11	6499	2263	2304
128	07:35:13	60.15	6499	2261	2302
129	07:36:13	60.14	6499	2259	2300
130	07:37:13	60.13	6499	2258	2298
131	07:38:13	60.15	6499	2256	2296
132	07:39:14	60.15	6499	2254	2294
133	07:40:14	60.13	6499	2253	2293
134	07:41:14	60.13	6499	2251	2291
135	07:42:14	60.10	6499	2250	2289
136	07:43:14	60.15	6499	2248	2287
137	07:44:14	60.11	6499	2247	2286
138	07:45:14	28.94	6499	2245	2284
139	07:45:43	60.01	6499	2244	2283
140	07:46:43	60.18	6499	2243	2282
141	07:47:44	60.10	6499	2241	2280
142	07:48:44	45.99	6499	2237	2279
143	07:49:30	60.53	6499	2239	2277
144	07:50:30	60.16	6499	2237	2276
145	07:51:30	60.13	6499	2236	2274
146	07:52:30	60.17	6499	2234	2272
147	07:53:31	60.17	6499	2233	2271
148	07:54:31	60.08	6499	2231	2269
149	07:55:31	60.10	6499	2230	2267
150	07:56:31	60.11	6499	2228	2266
151	07:57:31	60.14	6499	2227	2264
152	07:58:31	60.16	6499	2225	2263
153	07:59:31	60.15	6499	2224	2261
154	08:00:32	60.08	6499	2223	2260
155	08:01:32	60.13	6499	2221	2258
156	08:02:32	60.12	6499	2220	2257
157	08:03:32	60.16	6499	2218	2255
158	08:04:32	60.11	6499	2217	2254
159	08:05:32	60.11	6499	2216	2252
160	08:06:32	60.17	6499	2214	2251
161	08:07:32	60.16	6499	2213	2249
162	08:08:33	60.13	6499	2211	2248
163	08:09:33	60.10	6499	2210	2246
164	08:10:33	60.13	6499	2209	2241
165	08:11:33	60.14	6499	2207	2243
166	08:12:33	60.11	6499	2206	2242
167	08:13:33	60.16	6499	2205	2241
168	08:14:33	60.10	6499	2203	2239
169	08:15:33	60.15	6499	2202	2238
170	08:16:34	60.12	6499	2201	2236
171	08:17:34	27.36	6499	2200	2235
172	08:18:01	60.52	6499	2199	2234
173	08:19:02	60.18	6499	2197	2233
174	08:20:02	60.15	6499	2196	2231
175	08:21:02	54.61	6499	2195	2230
176	08:21:57	60.22	6499	2193	2229
177	08:22:57	60.17	6499	2192	2227
178	08:23:57	60.15	6499	2191	2226
179	08:24:57	60.14	6499	2190	2225
180	08:25:57	60.19	6499	2188	2223
181	08:26:57	60.15	6499	2187	2222
182	08:27:58	60.12	6499	2186	2221
183	08:28:58	60.13	6499	2184	2219
184	08:29:58	60.13	6499	2183	2218
185	08:30:58	60.15	6499	2182	2217
186	08:31:58	60.10	6499	2181	2215
187	08:32:58	60.14	6499	2179	2214
188	08:33:58	60.11	6499	2178	2213
189	08:34:58	60.14	6499	2177	2211
190	08:35:59	60.09	6499	2176	2210
191	08:36:59	26.48	6499	2175	2209
192	08:37:25	10.07	6499	2175	2209
193	08:37:35	10.05	6499	2174	2209
194	08:37:45	60.09	6499	2174	2208
195	08:38:45	60.14	6499	2172	2207
196	08:39:45	60.09	6499	2171	2205
197	08:40:46	60.15	6499	2170	2204
198	08:41:46	35.72	6499	2169	2203
199	08:42:21	60.53	6499	2168	2202
200	08:43:22	60.13	6499	2167	2201
201	08:44:22	60.10	6499	2165	2199
202	08:45:22	60.12	6499	2164	2198
203	08:46:22	60.16	6499	2163	2197
204	08:47:22	60.10	6499	2162	2195
205	08:48:23	60.14	6499	2161	2194
206	08:49:23	30.33	6499	2160	2193
207	08:49:53	60.01	6499	2159	2192
208	08:50:53	60.02	6499	2158	2191
209	08:51:53	60.13	6499	2156	2190
210	08:52:53	60.15	6499	2155	2189
211	08:53:53	60.15	6499	2154	2187
212	08:54:54	60.14	6499	2153	2186
213	08:55:54	60.09	6499	2152	2185
214	08:56:54	60.14	6499	2150	2184
215	08:57:54	60.15	6499	2149	2182
216	08:58:54	60.12	6499	2148	2181
217	08:59:54	60.09	6499	2147	2180
218	09:00:54	60.11	6499	2146	2179
219	09:01:54	60.17	6499	2144	2178
220	09:02:55	60.13	6499	2143	2176
221	09:03:55	60.13	6499	2142	2175
222	09:04:55	60.14	6499	2141	2174
223	09:05:55	60.11	6499	2140	2173
224	09:06:55	60.18	6499	2138	2172
225	09:07:55	60.09	6499	2137	2171
226	09:08:55	60.17	6499	2136	2170
227	09:09:56	60.08	6499	2135	2168
228	09:10:56	60.17	6499	2134	2167
229	09:11:56	60.17	6499	2133	2166
230	09:12:56	60.15	6499	2131	2165
231	09:13:56	49.63	6499	2130	2164
232	09:14:46	22.91	6499	2130	2163
233	09:15:09	10.12	6499	2129	2163
234	09:15:19	60.17	6499	2129	2162
235	09:16:19	60.14	6499	2127	2161
236	09:17:19	60.13	6499	2126	2160
237	09:18:19	13.81	6499	2126	2159
238	09:18:33	60.32	6499	2125	2158
239	09:19:33	60.15	6499	2124	2157
240	09:20:33	60.07	6499	2122	2156
241	09:21:34	60.11	6499	2121	2155
242	09:22:34	60.13	6499	2120	2154
243	09:23:34	18.44	6499	2119	2153
244	09:23:52	57.01	6499	2119	2152
245	09:24:49	60.12	6499	2118	2151
246	09:25:49	60.07	6499	2116	2150
247	09:26:49	58.94	6499	2115	2149
248	09:27:48	60.05	6499	2114	2148
249	09:28:48	60.16	6499	2113	2147
250	09:29:49	60.13	6499	2112	2145
251	09:30:49	25.30	6499	2111	2145
252	09:31:14	60.15	6499	2110	2144
253	09:32:14	60.16	6499	2109	2143
254	09:33:14	60.17	6499	2108	2142
255	09:34:14	60.14	6499	2107	2140
256	09:35:15	36.21	6499	2106	2140
257	09:35:51	60.03	6499	2105	2139
258	09:36:51	60.15	6499	2104	2138
259	09:37:51	60.13	6499	2103	2137
260	09:38:51	60.10	6499	2102	2135
261	09:39:51	60.10	6499	2101	2134
262	09:40:51	60.09	6499	2099	2133
263	09:41:51	60.14	6499	2098	2132
264	09:42:52	60.19	6499	2097	2131
265	09:43:52	60.15	6499	2096	2130
266	09:44:52	60.12	6499	2095	2129
267	09:45:52	60.12	6499	2094	2128
268	09:46:52	60.12	6499	2093	2127
269	09:47:52	60.17	6499	2092	2126
270	09:48:52	60.17	6499	2091	2125
271	09:49:53	60.12	6499	2090	2124
272	09:50:53	43.59	6499	2089	2123
273	09:51:36	60.42	6499	2088	2122
274	09:52:37	60.16	6499	2087	2121
275	09:53:37	60.09	6499	2085	2119
276	09:54:37	60.14	6499	2084	2118
277	09:55:37	60.10	6499	2083	2117
278	09:56:37	60.16	6499	2082	2116
279	09:57:37	60.15	6499	2081	2115
280	09:58:38	60.11	6499	2080	2114
281	09:59:38	60.20	6499	2079	2113
282	10:00:38	60.11	6499	2078	2112
283	10:01:38	10.05	6499	2077	2111
284	10:01:48	60.16	6499	2077	2111
285	10:02:48	60.11	6499	2075	2110
286	10:03:48	60.16	6499	2074	2109
287	10:04:48	60.15	6499	2073	2108
288	10:05:49	60.13	6499	2072	2107
289	10:06:49	60.16	6499	2071	2106
290	10:07:49	60.09	6499	2070	2104
291	10:08:49	60.18	6499	2069	2103
292	10:09:49	60.11	6499	2068	2102
293	10:10:49	60.15	6499	2067	2101
294	10:11:49	60.15	6499	2066	2098
295	10:12:50	51.25	6499	2065	2099
296	10:13:41	60.20	6499	2064	2098
297	10:14:41	60.11	6499	2063	2097
298	10:15:41	60.08	6499	2062	2096
299	10:16:41	60.12	6499	2060	2095
300	10:17:41	60.11	6499	2059	2094
301	10:18:41	60.18	6499	2058	2093
302	10:19:42	60.15	6499	2057	2092
303	10:20:42	60.10	6499	2056	2091
304	10:21:42	60.11	6499	2055	2090
305	10:22:42	60.11	6499	2054	2089
306	10:23:42	60.09	6499	2053	2088
307	10:24:42	60.11	6499	2052	2087
308	10:25:42	60.13	6499	2051	2086
309	10:26:42	60.13	6499	2050	2085
310	10:27:43	60.15	6499	2049	2084
311	10:28:43	60.19	6499	2048	2083
312	10:29:43	60.14	6499	2047	2082
313	10:30:43	60.13	6499	2046	2081
314	10:31:43	59.10	6499	2045	2080
315	10:32:42	60.40	6499	2044	2079
316	10:33:43	60.15	6499	2043	2078
317	10:34:43	60.11	6499	2042	2077
318	10:35:43	30.99	6499	2041	2076
319	10:36:14	10.10	6499	2041	2076
320	10:36:24	10.03	6499	2040	2075
321	10:36:34	60.18	6499	2040	2075
322	10:37:34	60.12	6499	2039	2074
323	10:38:34	60.15	6499	2038	2073
324	10:39:34	60.13	6499	2037	2072
325	10:40:35	60.11	6499	2035	2071
326	10:41:35	60.14	6499	2034	2070
327	10:42:35	60.25	6499	2033	2069
328	10:43:35	60.11	6499	2032	2068
329	10:44:35	60.07	6499	2031	2067
330	10:45:35	60.17	6499	2030	2066
331	10:46:35	60.09	6499	2029	2065
332	10:47:36	60.14	6499	2028	2064
333	10:48:36	60.16	6499	2027	2063
334	10:49:36	60.16	6499	2026	2062
335	10:50:36	60.13	6499	2025	2061
336	10:51:36	60.13	6499	2024	2060
337	10:52:36	60.18	6499	2023	2059
338	10:53:36	60.10	6499	2022	2058
339	10:54:37	45.58	6499	2022	2057
340	10:55:22	10.06	6499	2021	2057
341	10:55:32	10.01	6499	2021	2056
342	10:55:42	17.83	6499	2021	2056
343	10:56:00	60.08	6499	2020	2056
344	10:57:00	60.15	6499	2019	2054
345	10:58:00	60.14	6499	2018	2053
346	10:59:00	60.16	6499	2017	2053
347	11:00:01	60.09	6499	2016	2051
348	11:01:01	60.12	6499	2015	2051
349	11:02:01	60.11	6499	2014	2050
350	11:03:01	60.14	6499	2013	2048
351	11:04:01	60.14	6499	2012	2048
352	11:05:01	60.12	6499	2011	2047
353	11:06:01	42.77	6499	2010	2046
354	11:06:44	47.07	6499	2009	2045
355	11:07:31	10.39	6499	2009	2045
356	11:07:42	60.13	6499	2008	2044
357	11:08:42	50.61	6499	2007	2043
358	11:09:32	10.32	6499	2007	2042
359	11:09:43	60.15	6499	2005	2041
360	11:10:43	60.17	6499	2004	2040
361	11:11:43	60.11	6499	2003	2039
362	11:12:43	60.15	6499	2002	2038
363	11:13:43	60.16	6499	2001	2037
364	11:14:43	60.11	6499	2000	2036
365	11:15:43	56.27	6499	2000	2035
366	11:16:40	60.52	6499	1999	2034
367	11:17:40	60.11	6499	1998	2034
368	11:18:40	60.13	6499	1997	2032
369	11:19:40	60.11	6499	1996	2032
370	11:20:41	60.09	6499	1995	2031
371	11:21:41	60.08	6499	1994	2030
372	11:22:41	60.12	6499	1993	2029
373	11:23:41	60.12	6499	1992	2028
374	11:24:41	60.17	6499	1991	2027
375	11:25:41	60.11	6499	1989	2025
376	11:26:41	60.17	6499	1989	2025
377	11:27:41	10.03	6499	1988	2024
378	11:27:51	60.12	6499	1987	2023
379	11:28:52	60.18	6499	1986	2022
380	11:29:52	60.16	6499	1985	2021
381	11:30:52	60.15	6499	1984	2020
382	11:31:52	60.13	6499	1983	2019
383	11:32:52	60.11	6499	1982	2018
384	11:33:52	60.13	6499	1981	2017
385	11:34:52	60.14	6499	1980	2016
386	11:35:53	60.13	6499	1979	2015
387	11:36:53	60.13	6499	1978	2014
388	11:37:53	60.14	6499	1977	2013
389	11:38:53	60.13	6499	1976	2012
390	11:39:53	60.13	6499	1975	2011
391	11:40:53	60.17	6499	1974	2010
392	11:41:53	60.13	6499	1973	2010
393	11:42:54	60.18	6499	1972	2009
394	11:43:54	60.09	6499	1971	2008
395	11:44:54	60.14	6499	1971	2007
396	11:45:54	60.13	6499	1970	2006
397	11:46:54	60.17	6499	1969	2005
398	11:47:54	60.13	6499	1968	2004
399	11:48:54	60.15	6499	1967	2003
400	11:49:55	60.13	6499	1966	2002
401	11:50:55	60.19	6499	1965	2001
402	11:51:55	60.14	6499	1964	2000
403	11:52:55	60.16	6499	1963	1999
404	11:53:55	60.12	6499	1962	1998
405	11:54:55	60.17	6499	1961	1997
406	11:55:55	60.12	6499	1960	1997
407	11:56:56	60.14	6499	1959	1996
408	11:57:56	60.11	6499	1958	1995
409	11:58:56	60.10	6499	1957	1994
410	11:59:56	60.16	6499	1957	1993
411	12:00:56	60.13	6499	1956	1993
412	12:01:56	10.34	6499	1955	1992
413	12:02:07	60.07	6499	1954	1991
414	12:03:07	60.11	6499	1954	1990
415	12:04:07	57.82	6499	1953	1990
416	12:05:05	31.50	6499	1953	1989
417	12:05:36	60.52	6499	1952	1989
418	12:06:37	10.26	6499	1951	1988
419	12:06:47	41.78	6499	1950	1987
420	12:07:29	60.05	6499	1949	1986
421	12:08:29	60.16	6499	1948	1985
422	12:09:29	60.15	6499	1948	1984
423	12:10:29	60.08	6499	1947	1983
424	12:11:29	60.09	6499	1946	1982
425	12:12:29	60.14	6499	1945	1981
426	12:13:29	60.16	6499	1944	1980
427	12:14:29	60.16	6499	1943	1980
428	12:15:30	60.14	6499	1943	1979
429	12:16:30	28.45	6499	1942	1978
430	12:16:58	60.46	6499	1941	1977
431	12:17:59	60.14	6499	1940	1977
432	12:18:59	60.14	6499	1939	1976
433	12:19:59	60.09	6499	1938	1975
434	12:20:59	60.15	6499	1937	1974
435	12:21:59	60.16	6499	1936	1973
436	12:22:59	60.13	6499	1935	1972
437	12:23:59	60.13	6499	1934	1971
438	12:25:00	60.11	6499	1933	1970
439	12:26:00	60.15	6499	1932	1969
440	12:27:00	60.16	6499	1932	1968
441	12:28:00	60.14	6499	1931	1968
442	12:29:00	60.15	6499	1930	1967
443	12:30:00	60.11	6499	1929	1966
444	12:31:00	60.15	6499	1928	1965
445	12:32:01	60.12	6499	1927	1964
446	12:33:01	60.20	6499	1926	1963
447	12:34:01	60.15	6499	1925	1962
448	12:35:01	60.20	6499	1924	1961
449	12:36:01	60.15	6499	1924	1961
450	12:37:01	60.20	6499	1923	1960
451	12:38:02	60.12	6499	1922	1959
452	12:39:02	60.13	6499	1921	1958
453	12:40:02	60.12	6499	1920	1957
454	12:41:02	60.15	6499	1919	1956
455	12:42:02	60.12	6499	1918	1955
456	12:43:02	60.13	6499	1917	1955
457	12:44:02	60.14	6499	1916	1954
458	12:45:02	60.11	6499	1916	1953
459	12:46:03	60.11	6499	1915	1952
460	12:47:03	60.11	6499	1914	1951
461	12:48:03	60.16	6499	1913	1950
462	12:49:03	60.13	6499	1912	1949
463	12:50:03	60.12	6499	1911	1948
464	12:51:03	60.15	6499	1910	1948
465	12:52:03	60.16	6499	1909	1947
466	12:53:04	60.14	6499	1909	1946
467	12:54:04	60.14	6499	1908	1945
468	12:55:04	60.14	6499	1907	1944
469	12:56:04	60.16	6499	1906	1943
470	12:57:04	60.10	6499	1905	1942
471	12:58:04	60.14	6499	1904	1942
472	12:59:04	60.17	6499	1903	1941
473	13:00:05	10.01	6499	1903	1941
474	13:00:15	60.44	6499	1903	1940
475	13:01:15	16.79	6499	1902	1939
476	13:01:32	10.25	6499	1901	1938
477	13:01:42	10.02	6499	1900	1938
478	13:01:52	60.12	6499	1899	1937
479	13:02:52	60.14	6499	1898	1936
480	13:03:52	60.13	6499	1898	1935
481	13:04:52	60.13	6499	1897	1934
482	13:05:53	60.11	6499	1896	1934
483	13:06:53	60.12	6499	1896	1933
484	13:07:53	60.16	6499	1895	1933
485	13:08:53	34.63	6499	1894	1932
486	13:09:28	31.37	6499	1893	1931
487	13:09:59	60.06	6499	1892	1930
488	13:10:59	60.08	6499	1891	1929
489	13:11:59	60.16	6499	1890	1928
490	13:12:59	60.13	6499	1890	1928
491	13:13:59	60.11	6499	1890	1928
492	13:14:59	60.11	6499	1889	1927
493	13:16:00	60.18	6499	1889	1927
494	13:17:00	16.34	6499	1889	1927
495	13:17:16	12.29	6499	1889	1927
496	13:17:28	11.76	6499	1889	1927
497	13:17:40	11.77	6499	1889	1927
498	13:17:52	12.05	6499	1888	1926
499	13:18:04	11.74	6499	1888	1926
500	13:18:16	11.77	6499	1888	1926
501	13:18:28	11.76	6499	1888	1926
502	13:18:39	11.78	6499	1888	1926
503	13:18:51	11.79	6499	1888	1925
504	13:19:03	11.77	6499	1887	1925
505	13:19:15	11.76	6499	1887	1925
506	13:19:26	11.77	6499	1887	1925
507	13:19:38	11.75	6499	1887	1925
508	13:19:50	11.77	6499	1887	1925
509	13:20:02	11.78	6499	1886	1924
510	13:20:13	11.78	6499	1885	1923
511	13:20:25	11.77	6499	1885	1922
512	13:20:37	11.74	6499	1884	1922
513	13:20:49	60.14	6499	1883	1921
514	13:21:49	60.11	6499	1883	1921
515	13:22:49	10.03	6499	1882	1920
516	13:22:59	60.10	6499	1881	1919
517	13:23:59	17.94	6499	1880	1919
518	13:24:17	60.01	6499	1880	1918
519	13:25:17	22.29	6499	1879	1917
520	13:25:39	60.23	6499	1878	1916
521	13:26:40	60.10	6499	1877	1915
522	13:27:40	60.14	6499	1876	1914
523	13:28:40	60.17	6499	1876	1914
524	13:29:40	60.15	6499	1876	1914
525	13:30:40	60.12	6499	1875	1914
526	13:31:40	60.11	6499	1874	1913
527	13:32:40	31.66	6499	1874	1912
528	13:33:12	10.18	6499	1873	1911
529	13:33:22	10.03	6499	1872	1910
530	13:33:32	10.01	6499	1871	1909
531	13:33:42	60.13	6499	1870	1909
532	13:34:42	60.11	6499	1870	1908
533	13:35:43	60.13	6499	1869	1908
534	13:36:43	60.13	6499	1869	1907
535	13:37:43	60.12	6499	1868	1906
536	13:38:43	60.13	6499	1867	1906
537	13:39:43	60.13	6499	1867	1905
538	13:40:43	28.86	6499	1866	1904
539	13:41:12	32.65	6499	1865	1904
540	13:41:45	60.02	6499	1865	1903
541	13:42:45	60.13	6499	1864	1902
542	13:43:45	25.95	6499	1863	1902
543	13:44:11	60.21	6499	1862	1901
544	13:45:11	60.16	6499	1861	1900
545	13:46:11	60.16	6499	1860	1899
546	13:47:11	60.12	6499	1860	1898
547	13:48:11	60.16	6499	1859	1898
548	13:49:12	10.02	6499	1858	1897
549	13:49:22	60.15	6499	1857	1896
550	13:50:22	60.14	6499	1857	1895
551	13:51:22	60.12	6499	1856	1894
552	13:52:22	60.11	6499	1855	1894
553	13:53:22	60.15	6499	1854	1893
554	13:54:22	41.64	6499	1853	1892
555	13:55:04	60.11	6499	1853	1891
556	13:56:04	60.12	6499	19.94	19.32
557	13:57:04	60.18	6499	0	0
558	13:58:04	60.17	6499	0	0
559	13:59:04	60.13	6499	0	0
560	14:00:05	60.10	6499	0	0
561	14:01:05	60.12	6499	0	0
562	14:02:05	23.08	6499	0	0
563	14:02:28	60.32	6499	0	0
564	14:03:28	60.19	6499	0	0
565	14:04:28	60.17	6499	0	0
566	14:05:29	60.16	6499	0	0
567	14:06:29	29.97	6499	0	0
Created by AtlRunQuery on: 2018-11-29 09:13:11.886123
