LHC beam energy and intensities during run 310634:
(Begin/end of run: Fri Oct 14 2016 20:00:39 − Sat Oct 15, 20:10:24)

LB	   Start time
(CEST)	   Duration
(sec)	   Beam energy
(GeV)	   Intensity Beam-1
(1e11 protons)	   Intensity Beam-2
(1e11 protons)
1	20:00:39	32.17	6486	2407	2423
2	20:01:11	10.15	6499	2407	2423
3	20:01:21	60.38	6499	2407	2423
4	20:02:22	60.13	6499	2407	2423
5	20:03:22	17.64	6499	2407	2423
6	20:03:39	60.01	6499	2407	2423
7	20:04:39	60.14	6499	2406	2423
8	20:05:39	60.12	6499	2406	2423
9	20:06:40	60.16	6499	2406	2423
10	20:07:40	60.16	6499	2406	2423
11	20:08:40	60.11	6499	2406	2423
12	20:09:40	60.11	6499	2406	2423
13	20:10:40	60.10	6499	2406	2423
14	20:11:40	60.12	6499	2406	2423
15	20:12:40	60.13	6499	2406	2423
16	20:13:40	60.13	6499	2406	2423
17	20:14:41	60.14	6499	2406	2423
18	20:15:41	60.14	6499	2406	2423
19	20:16:41	60.10	6499	2406	2423
20	20:17:41	60.10	6499	2406	2423
21	20:18:41	60.11	6499	2406	2423
22	20:19:41	60.13	6499	2405	2423
23	20:20:41	60.12	6499	2405	2423
24	20:21:41	60.15	6499	2405	2423
25	20:22:42	45.22	6499	2405	2422
26	20:23:27	60.44	6499	2405	2422
27	20:24:27	60.14	6499	2405	2422
28	20:25:27	60.16	6499	2404	2422
29	20:26:28	60.14	6499	2403	2422
30	20:27:28	60.16	6499	2401	2422
31	20:28:28	60.14	6499	2400	2422
32	20:29:28	31.26	6499	2397	2422
33	20:29:59	60.51	6499	2392	2421
34	20:31:00	60.10	6499	2388	2419
35	20:32:00	60.18	6499	2384	2418
36	20:33:00	60.22	6499	2381	2416
37	20:34:00	60.07	6499	2379	2414
38	20:35:00	60.13	6499	2376	2411
39	20:36:00	60.13	6499	2373	2409
40	20:37:01	60.13	6499	2370	2407
41	20:38:01	60.10	6499	2367	2404
42	20:39:01	60.14	6499	2364	2402
43	20:40:01	60.13	6499	2362	2399
44	20:41:01	60.16	6499	2359	2397
45	20:42:01	58.69	6499	2357	2394
46	20:43:00	60.32	6499	2355	2392
47	20:44:00	23.02	6499	2353	2390
48	20:44:23	60.18	6499	2352	2388
49	20:45:23	60.17	6499	2349	2386
50	20:46:24	60.15	6499	2347	2383
51	20:47:24	60.13	6499	2345	2381
52	20:48:24	40.43	6499	2343	2379
53	20:49:04	60.07	6499	2342	2377
54	20:50:04	60.10	6499	2340	2375
55	20:51:05	60.12	6499	2338	2372
56	20:52:05	60.12	6499	2336	2370
57	20:53:05	60.17	6499	2334	2368
58	20:54:05	60.16	6499	2332	2366
59	20:55:05	41.02	6499	2330	2364
60	20:55:46	60.19	6499	2329	2362
61	20:56:46	32.28	6499	2327	2361
62	20:57:19	60.50	6499	2326	2359
63	20:58:19	23.19	6499	2325	2358
64	20:58:42	60.03	6499	2323	2356
65	20:59:42	60.10	6499	2322	2354
66	21:00:42	24.76	6499	2320	2353
67	21:01:07	60.88	6499	2319	2352
68	21:02:08	60.16	6499	2318	2350
69	21:03:08	60.15	6499	2316	2348
70	21:04:08	60.18	6499	2315	2347
71	21:05:09	25.08	6499	2314	2346
72	21:05:34	60.13	6499	2313	2345
73	21:06:34	60.17	6499	2311	2343
74	21:07:34	60.16	6499	2310	2341
75	21:08:34	60.13	6499	2308	2339
76	21:09:34	60.12	6499	2306	2337
77	21:10:34	60.15	6499	2305	2335
78	21:11:34	60.10	6499	2303	2334
79	21:12:35	60.16	6499	2302	2332
80	21:13:35	60.13	6499	2300	2330
81	21:14:35	60.08	6499	2298	2328
82	21:15:35	60.13	6499	2297	2326
83	21:16:35	60.14	6499	2295	2325
84	21:17:35	60.13	6499	2294	2323
85	21:18:35	60.14	6499	2292	2321
86	21:19:35	60.09	6499	2291	2319
87	21:20:36	60.07	6499	2289	2318
88	21:21:36	60.11	6499	2288	2316
89	21:22:36	60.17	6499	2286	2314
90	21:23:36	10.01	6499	2286	2313
91	21:23:46	10.65	6499	2285	2313
92	21:23:57	60.23	6499	2284	2312
93	21:24:57	60.12	6499	2283	2310
94	21:25:57	60.12	6499	2281	2309
95	21:26:57	39.60	6499	2280	2307
96	21:27:37	56.99	6499	2279	2306
97	21:28:34	60.49	6499	2278	2304
98	21:29:34	60.12	6499	2276	2303
99	21:30:34	60.13	6499	2275	2301
100	21:31:34	60.14	6499	2273	2300
101	21:32:35	60.18	6499	2272	2298
102	21:33:35	60.13	6499	2270	2296
103	21:34:35	60.12	6499	2269	2295
104	21:35:35	10.02	6499	2268	2294
105	21:35:45	60.15	6499	2267	2293
106	21:36:45	60.16	6499	2266	2291
107	21:37:45	60.13	6499	2265	2290
108	21:38:45	33.97	6499	2263	2289
109	21:39:19	60.21	6499	2262	2288
110	21:40:20	60.13	6499	2261	2286
111	21:41:20	30.64	6499	2260	2285
112	21:41:50	15.91	6499	2259	2284
113	21:42:06	10.08	6499	2259	2284
114	21:42:16	60.19	6499	2258	2283
115	21:43:17	60.15	6499	2257	2282
116	21:44:17	60.25	6499	2256	2280
117	21:45:17	60.11	6499	2254	2279
118	21:46:17	60.14	6499	2253	2277
119	21:47:17	60.13	6499	2252	2276
120	21:48:17	60.11	6499	2250	2274
121	21:49:17	60.11	6499	2249	2273
122	21:50:18	60.12	6499	2248	2272
123	21:51:18	60.16	6499	2247	2270
124	21:52:18	60.12	6499	2245	2269
125	21:53:18	60.17	6499	2244	2267
126	21:54:18	60.12	6499	2243	2266
127	21:55:18	60.16	6499	2241	2264
128	21:56:18	60.16	6499	2240	2263
129	21:57:19	60.09	6499	2239	2262
130	21:58:19	60.10	6499	2238	2260
131	21:59:19	60.15	6499	2236	2259
132	22:00:19	60.14	6499	2235	2258
133	22:01:19	10.02	6499	2234	2257
134	22:01:29	20.45	6499	2234	2256
135	22:01:50	60.04	6499	2233	2255
136	22:02:50	60.12	6499	2232	2254
137	22:03:50	60.14	6499	2231	2253
138	22:04:50	60.08	6499	2229	2251
139	22:05:50	60.08	6499	2228	2250
140	22:06:50	60.16	6499	2227	2249
141	22:07:50	60.16	6499	2226	2247
142	22:08:50	60.16	6499	2224	2246
143	22:09:50	60.15	6499	2222	2244
144	22:10:51	10.01	6499	2222	2243
145	22:11:01	60.11	6499	2220	2242
146	22:12:01	60.12	6499	2219	2240
147	22:13:01	60.11	6499	2218	2239
148	22:14:01	60.14	6499	2217	2238
149	22:15:01	60.13	6499	2216	2237
150	22:16:01	60.18	6499	2214	2235
151	22:17:01	60.26	6499	2213	2234
152	22:18:02	60.16	6499	2212	2233
153	22:19:02	60.16	6499	2211	2231
154	22:20:02	60.09	6499	2210	2230
155	22:21:02	60.17	6499	2208	2229
156	22:22:02	60.15	6499	2207	2227
157	22:23:02	60.09	6499	2206	2226
158	22:24:02	60.15	6499	2205	2225
159	22:25:03	60.17	6499	2204	2224
160	22:26:03	60.14	6499	2202	2222
161	22:27:03	60.14	6499	2202	2222
162	22:28:03	13.52	6499	2201	2221
163	22:28:17	60.47	6499	2200	2220
164	22:29:17	60.12	6499	2199	2218
165	22:30:17	60.16	6499	2197	2217
166	22:31:17	60.14	6499	2196	2216
167	22:32:17	49.30	6499	2195	2215
168	22:33:07	60.73	6499	2194	2214
169	22:34:08	30.75	6499	2194	2213
170	22:34:38	31.08	6499	2193	2212
171	22:35:09	60.48	6499	2192	2211
172	22:36:10	60.15	6499	2191	2210
173	22:37:10	60.15	6499	2190	2209
174	22:38:10	30.31	6499	2189	2208
175	22:38:40	60.43	6499	2188	2207
176	22:39:41	60.14	6499	2187	2206
177	22:40:41	54.06	6499	2185	2204
178	22:41:35	60.15	6499	2184	2203
179	22:42:35	60.14	6499	2183	2202
180	22:43:35	60.10	6499	2182	2201
181	22:44:35	60.10	6499	2181	2200
182	22:45:36	60.14	6499	2180	2198
183	22:46:36	60.13	6499	2179	2197
184	22:47:36	60.16	6499	2177	2196
185	22:48:36	60.13	6499	2176	2195
186	22:49:36	26.58	6499	2176	2195
187	22:50:03	10.01	6499	2176	2195
188	22:50:13	10.01	6499	2175	2194
189	22:50:23	60.16	6499	2174	2193
190	22:51:23	60.19	6499	2173	2192
191	22:52:23	60.14	6499	2172	2190
192	22:53:23	60.18	6499	2171	2189
193	22:54:23	60.18	6499	2170	2188
194	22:55:24	60.19	6499	2169	2187
195	22:56:24	60.09	6499	2167	2186
196	22:57:24	60.18	6499	2166	2184
197	22:58:24	60.16	6499	2165	2183
198	22:59:24	60.14	6499	2164	2182
199	23:00:24	60.13	6499	2163	2181
200	23:01:24	60.10	6499	2162	2180
201	23:02:25	60.15	6499	2161	2179
202	23:03:25	60.15	6499	2160	2178
203	23:04:25	60.14	6499	2159	2176
204	23:05:25	60.12	6499	2158	2176
205	23:06:25	10.10	6499	2157	2175
206	23:06:35	60.54	6499	2156	2174
207	23:07:36	60.12	6499	2155	2173
208	23:08:36	60.19	6499	2154	2172
209	23:09:36	60.13	6499	2153	2170
210	23:10:36	60.09	6499	2152	2169
211	23:11:36	60.16	6499	2151	2168
212	23:12:36	60.12	6499	2150	2167
213	23:13:37	60.15	6499	2148	2166
214	23:14:37	60.14	6499	2147	2165
215	23:15:37	60.14	6499	2146	2164
216	23:16:37	60.14	6499	2145	2162
217	23:17:37	60.15	6499	2144	2161
218	23:18:37	60.13	6499	2143	2160
219	23:19:37	60.08	6499	2142	2159
220	23:20:38	60.07	6499	2141	2158
221	23:21:38	60.11	6499	2140	2157
222	23:22:38	60.14	6499	2139	2156
223	23:23:38	60.11	6499	2138	2155
224	23:24:38	51.79	6499	2137	2154
225	23:25:30	60.18	6499	2136	2153
226	23:26:30	60.16	6499	2134	2151
227	23:27:30	60.16	6499	2133	2150
228	23:28:30	60.15	6499	2132	2149
229	23:29:30	60.12	6499	2131	2148
230	23:30:31	60.10	6499	2130	2147
231	23:31:31	60.09	6499	2129	2146
232	23:32:31	60.09	6499	2128	2145
233	23:33:31	11.86	6499	2128	2145
234	23:33:43	31.60	6499	2128	2144
235	23:34:14	31.15	6499	2127	2144
236	23:34:45	31.28	6499	2126	2143
237	23:35:17	31.08	6499	2126	2143
238	23:35:48	60.50	6499	2125	2142
239	23:36:48	10.02	6499	2125	2142
240	23:36:58	21.49	6499	2124	2141
241	23:37:20	31.11	6499	2123	2140
242	23:37:51	60.38	6499	2122	2139
243	23:38:51	60.15	6499	2121	2138
244	23:39:51	60.11	6499	2120	2137
245	23:40:52	60.19	6499	2119	2136
246	23:41:52	60.13	6499	2118	2135
247	23:42:52	60.16	6499	2117	2134
248	23:43:52	60.16	6499	2116	2133
249	23:44:52	60.14	6499	2115	2132
250	23:45:52	60.12	6499	2114	2131
251	23:46:52	50.21	6499	2113	2130
252	23:47:43	60.57	6499	2112	2129
253	23:48:43	60.15	6499	2111	2128
254	23:49:43	60.19	6499	2110	2127
255	23:50:44	60.17	6499	2109	2126
256	23:51:44	60.11	6499	2108	2124
257	23:52:44	60.09	6499	2107	2123
258	23:53:44	60.18	6499	2106	2122
259	23:54:44	60.14	6499	2104	2121
260	23:55:44	56.61	6499	2104	2120
261	23:56:41	60.11	6499	2102	2119
262	23:57:41	60.13	6499	2102	2118
263	23:58:41	47.91	6499	2101	2117
264	23:59:29	60.10	6499	2100	2116
265	00:00:29	60.11	6499	2098	2115
266	00:01:29	60.13	6499	2097	2114
267	00:02:29	60.13	6499	2096	2113
268	00:03:29	60.14	6499	2095	2112
269	00:04:30	60.15	6499	2094	2111
270	00:05:30	60.16	6499	2093	2110
271	00:06:30	60.15	6499	2092	2109
272	00:07:30	60.13	6499	2091	2108
273	00:08:30	60.12	6499	2090	2107
274	00:09:30	60.13	6499	2089	2106
275	00:10:30	60.15	6499	2088	2105
276	00:11:31	60.12	6499	2087	2104
277	00:12:31	60.12	6499	2086	2103
278	00:13:31	60.13	6499	2085	2102
279	00:14:31	60.17	6499	2084	2101
280	00:15:31	60.10	6499	2083	2100
281	00:16:31	60.12	6499	2082	2099
282	00:17:31	60.15	6499	2081	2098
283	00:18:31	60.16	6499	2080	2097
284	00:19:32	60.12	6499	2079	2096
285	00:20:32	60.10	6499	2078	2095
286	00:21:32	60.10	6499	2077	2094
287	00:22:32	60.13	6499	2076	2093
288	00:23:32	60.11	6499	2075	2092
289	00:24:32	60.15	6499	2074	2091
290	00:25:32	60.10	6499	2073	2090
291	00:26:32	60.13	6499	2072	2088
292	00:27:33	60.13	6499	2071	2088
293	00:28:33	60.10	6499	2066	2087
294	00:29:33	60.14	6499	2069	2085
295	00:30:33	60.13	6499	2068	2085
296	00:31:33	45.15	6499	2067	2084
297	00:32:18	60.37	6499	2066	2083
298	00:33:19	60.12	6499	2065	2082
299	00:34:19	60.09	6499	2064	2081
300	00:35:19	60.14	6499	2063	2080
301	00:36:19	60.12	6499	2062	2079
302	00:37:19	60.12	6499	2062	2078
303	00:38:19	10.27	6499	2061	2078
304	00:38:29	24.30	6499	2061	2077
305	00:38:54	31.06	6499	2060	2077
306	00:39:25	60.47	6499	2059	2076
307	00:40:25	60.13	6499	2058	2075
308	00:41:25	60.15	6499	2057	2074
309	00:42:26	60.13	6499	2056	2073
310	00:43:26	60.13	6499	2055	2072
311	00:44:26	60.13	6499	2054	2071
312	00:45:26	60.15	6499	2053	2070
313	00:46:26	60.12	6499	2052	2069
314	00:47:26	60.13	6499	2051	2068
315	00:48:26	60.14	6499	2050	2067
316	00:49:27	24.80	6499	2050	2067
317	00:49:51	10.03	6499	2050	2066
318	00:50:01	10.04	6499	2049	2066
319	00:50:11	10.25	6499	2048	2065
320	00:50:22	60.14	6499	2047	2064
321	00:51:22	60.19	6499	2046	2063
322	00:52:22	60.08	6499	2045	2062
323	00:53:22	60.16	6499	2044	2061
324	00:54:22	60.10	6499	2043	2060
325	00:55:22	60.13	6499	2043	2059
326	00:56:22	60.18	6499	2042	2058
327	00:57:23	33.59	6499	2041	2057
328	00:57:56	60.38	6499	2040	2056
329	00:58:57	60.15	6499	2039	2056
330	00:59:57	60.14	6499	2038	2055
331	01:00:57	60.09	6499	2037	2053
332	01:01:57	60.11	6499	2036	2053
333	01:02:57	60.13	6499	2036	2052
334	01:03:57	33.37	6499	2035	2051
335	01:04:31	60.04	6499	2034	2050
336	01:05:31	60.13	6499	2033	2049
337	01:06:31	60.18	6499	2032	2045
338	01:07:31	60.15	6499	2031	2047
339	01:08:31	60.15	6499	2030	2046
340	01:09:31	41.88	6499	2029	2045
341	01:10:13	60.02	6499	2028	2045
342	01:11:13	10.06	6499	2027	2044
343	01:11:23	60.08	6499	2027	2043
344	01:12:23	31.34	6499	2026	2042
345	01:12:55	60.41	6499	2025	2041
346	01:13:55	60.17	6499	2024	2040
347	01:14:55	60.19	6499	2023	2039
348	01:15:55	60.13	6499	2022	2038
349	01:16:56	60.09	6499	2021	2038
350	01:17:56	60.17	6499	2021	2037
351	01:18:56	60.15	6499	2020	2036
352	01:19:56	22.98	6499	2019	2035
353	01:20:19	57.06	6499	2018	2035
354	01:21:16	60.10	6499	2017	2034
355	01:22:16	26.46	6499	2017	2033
356	01:22:43	57.39	6499	2016	2033
357	01:23:40	60.10	6499	2015	2032
358	01:24:40	20.19	6499	2014	2031
359	01:25:00	51.02	6499	2013	2030
360	01:25:51	60.09	6499	2013	2029
361	01:26:51	60.09	6499	2012	2028
362	01:27:51	60.12	6499	2011	2027
363	01:28:52	60.15	6499	2010	2026
364	01:29:52	60.16	6499	2009	2025
365	01:30:52	60.12	6499	2008	2024
366	01:31:52	60.14	6499	2007	2023
367	01:32:52	60.09	6499	2006	2022
368	01:33:52	60.14	6499	2005	2022
369	01:34:52	60.18	6499	2004	2021
370	01:35:53	60.15	6499	2003	2020
371	01:36:53	60.12	6499	2002	2019
372	01:37:53	60.14	6499	2001	2018
373	01:38:53	60.16	6499	2000	2017
374	01:39:53	60.15	6499	1999	2016
375	01:40:53	60.14	6499	1999	2015
376	01:41:53	60.08	6499	1998	2014
377	01:42:53	60.12	6499	1997	2013
378	01:43:54	60.08	6499	1996	2012
379	01:44:54	60.10	6499	1995	2011
380	01:45:54	60.16	6499	1994	2010
381	01:46:54	60.16	6499	1993	2009
382	01:47:54	60.12	6499	1992	2009
383	01:48:54	60.13	6499	1991	2008
384	01:49:54	60.15	6499	1990	2007
385	01:50:54	60.13	6499	1989	2006
386	01:51:55	60.13	6499	1988	2004
387	01:52:55	60.14	6499	1988	2004
388	01:53:55	60.11	6499	1987	2004
389	01:54:55	60.14	6499	1986	2003
390	01:55:55	10.02	6499	1986	2002
391	01:56:05	10.72	6499	1985	2001
392	01:56:16	60.23	6499	1984	2000
393	01:57:16	60.14	6499	1983	1999
394	01:58:16	60.15	6499	1982	1998
395	01:59:16	60.12	6499	1981	1997
396	02:00:17	60.13	6499	1981	1997
397	02:01:17	60.15	6499	1980	1996
398	02:02:17	60.11	6499	1979	1995
399	02:03:17	27.29	6499	1978	1994
400	02:03:44	60.18	6499	1977	1993
401	02:04:44	60.14	6499	1976	1992
402	02:05:45	60.15	6499	1975	1991
403	02:06:45	60.14	6499	1974	1990
404	02:07:45	60.14	6499	1973	1990
405	02:08:45	60.12	6499	1972	1989
406	02:09:45	60.18	6499	1972	1988
407	02:10:45	60.11	6499	1971	1987
408	02:11:45	60.11	6499	1970	1986
409	02:12:45	60.14	6499	1969	1985
410	02:13:46	60.09	6499	1968	1984
411	02:14:46	60.11	6499	1967	1983
412	02:15:46	60.12	6499	1967	1983
413	02:16:46	60.13	6499	1966	1982
414	02:17:46	60.15	6499	1966	1982
415	02:18:46	12.44	6499	1965	1981
416	02:18:59	56.55	6499	1964	1980
417	02:19:55	35.08	6499	1964	1980
418	02:20:30	60.44	6499	1963	1979
419	02:21:31	60.15	6499	1962	1978
420	02:22:31	14.74	6499	1961	1977
421	02:22:46	60.14	6499	1961	1977
422	02:23:46	60.18	6499	1960	1976
423	02:24:46	60.12	6499	1959	1975
424	02:25:46	15.46	6499	1958	1974
425	02:26:02	60.50	6499	1957	1973
426	02:27:02	60.13	6499	1956	1972
427	02:28:02	60.14	6499	1955	1972
428	02:29:02	60.16	6499	1954	1971
429	02:30:02	60.16	6499	1954	1970
430	02:31:03	60.11	6499	1953	1969
431	02:32:03	60.13	6499	1952	1968
432	02:33:03	60.09	6499	1951	1967
433	02:34:03	60.17	6499	1950	1966
434	02:35:03	60.12	6499	1949	1966
435	02:36:03	60.19	6499	1948	1965
436	02:37:03	60.18	6499	1947	1964
437	02:38:04	60.11	6499	1947	1963
438	02:39:04	60.09	6499	1946	1963
439	02:40:04	60.18	6499	1946	1962
440	02:41:04	60.08	6499	1945	1961
441	02:42:04	28.78	6499	1944	1960
442	02:42:33	31.02	6499	1943	1960
443	02:43:04	60.47	6499	1942	1959
444	02:44:04	60.13	6499	1942	1958
445	02:45:04	60.12	6499	1941	1958
446	02:46:05	60.13	6499	1941	1958
447	02:47:05	60.13	6499	1941	1957
448	02:48:05	23.11	6499	1940	1957
449	02:48:28	10.23	6499	1939	1956
450	02:48:38	27.69	6499	1939	1956
451	02:49:06	31.34	6499	1939	1955
452	02:49:37	60.49	6499	1938	1954
453	02:50:38	10.02	6499	1937	1954
454	02:50:48	10.34	6499	1936	1953
455	02:50:58	16.06	6499	1935	1952
456	02:51:14	60.06	6499	1935	1951
457	02:52:14	40.04	6499	1934	1951
458	02:52:54	60.16	6499	1933	1950
459	02:53:54	60.16	6499	1933	1949
460	02:54:55	60.14	6499	1932	1948
461	02:55:55	14.64	6499	1931	1948
462	02:56:09	60.50	6499	1930	1947
463	02:57:10	60.12	6499	1929	1946
464	02:58:10	60.15	6499	1929	1946
465	02:59:10	60.16	6499	1929	1945
466	03:00:10	60.09	6499	1928	1945
467	03:01:10	60.21	6499	1927	1944
468	03:02:11	31.13	6499	1927	1943
469	03:02:42	31.07	6499	1926	1942
470	03:03:13	31.15	6499	1925	1942
471	03:03:44	45.46	6499	1924	1941
472	03:04:29	45.73	6499	1923	1940
473	03:05:15	56.61	6499	1923	1939
474	03:06:12	60.32	6499	1922	1939
475	03:07:12	60.08	6499	1922	1939
476	03:08:12	60.16	6499	1922	1938
477	03:09:12	60.11	6499	1921	1938
478	03:10:12	33.90	6499	1920	1937
479	03:10:46	30.30	6499	1919	1936
480	03:11:17	10.21	6499	1918	1935
481	03:11:27	39.58	6499	1918	1934
482	03:12:06	60.03	6499	1917	1933
483	03:13:06	60.13	6499	1916	1932
484	03:14:07	60.13	6499	1915	1932
485	03:15:07	60.14	6499	1914	1931
486	03:16:07	60.08	6499	1914	1930
487	03:17:07	60.11	6499	1913	1930
488	03:18:07	60.14	6499	1912	1929
489	03:19:07	60.18	6499	1912	1928
490	03:20:07	60.16	6499	1911	1927
491	03:21:07	11.00	6499	1910	1926
492	03:21:18	60.41	6499	1910	1926
493	03:22:19	60.15	6499	1909	1926
494	03:23:19	60.15	6499	1905	1925
495	03:24:19	60.39	6499	1907	1924
496	03:25:20	60.40	6499	1906	1923
497	03:26:20	10.02	6499	1906	1922
498	03:26:30	60.41	6499	1905	1921
499	03:27:30	60.12	6499	1904	1920
500	03:28:31	60.17	6499	1903	1920
501	03:29:31	60.10	6499	1902	1919
502	03:30:31	60.12	6499	1902	1918
503	03:31:31	50.75	6499	1901	1917
504	03:32:22	60.49	6499	1900	1917
505	03:33:22	10.06	6499	1900	1916
506	03:33:32	60.60	6499	1899	1916
507	03:34:33	50.77	6499	1899	1916
508	03:35:24	60.44	6499	1899	1915
509	03:36:24	60.69	6499	1898	1914
510	03:37:25	60.33	6499	1897	1913
511	03:38:25	10.03	6499	1896	1913
512	03:38:35	10.29	6499	1895	1912
513	03:38:45	10.02	6499	1894	1911
514	03:38:55	10.04	6499	1894	1910
515	03:39:05	60.47	6499	1893	1909
516	03:40:06	60.14	6499	1892	1909
517	03:41:06	60.13	6499	1891	1908
518	03:42:06	60.13	6499	1890	1907
519	03:43:06	60.12	6499	1890	1906
520	03:44:06	60.10	6499	1889	1906
521	03:45:06	60.12	6499	1888	1905
522	03:46:07	60.14	6499	1887	1904
523	03:47:07	60.14	6499	1886	1903
524	03:48:07	60.25	6499	1886	1902
525	03:49:07	60.19	6499	1884	1901
526	03:50:07	60.08	6499	1884	1901
527	03:51:07	60.34	6499	1883	1900
528	03:52:08	60.52	6499	1883	1900
529	03:53:08	60.19	6499	1883	1899
530	03:54:08	60.36	6499	1882	1899
531	03:55:09	60.37	6499	1882	1898
532	03:56:09	60.13	6499	1881	1897
533	03:57:09	10.01	6499	1880	1897
534	03:57:19	19.93	6499	1879	1896
535	03:57:39	60.06	6499	1879	1895
536	03:58:39	18.88	6499	1878	1895
537	03:58:58	31.05	6499	1877	1894
538	03:59:29	31.08	6499	1877	1894
539	04:00:00	60.32	6499	1876	1893
540	04:01:01	60.13	6499	1875	1892
541	04:02:01	60.13	6499	1874	1891
542	04:03:01	30.66	6499	1874	1890
543	04:03:32	60.68	6499	1873	1890
544	04:04:32	60.17	6499	1872	1889
545	04:05:32	20.80	6499	1871	1888
546	04:05:53	60.14	6499	1870	1887
547	04:06:53	60.15	6499	1870	1887
548	04:07:54	60.16	6499	1869	1886
549	04:08:54	60.09	6499	1869	1886
550	04:09:54	60.16	6499	1868	1885
551	04:10:54	60.13	6499	1864	1885
552	04:11:54	60.12	6499	1867	1884
553	04:12:54	60.13	6499	1866	1883
554	04:13:54	48.77	6499	1865	1882
555	04:14:43	50.21	6499	1865	1882
556	04:15:33	31.16	6499	1864	1881
557	04:16:04	31.12	6499	1863	1880
558	04:16:36	31.09	6499	1862	1879
559	04:17:07	60.33	6499	1861	1878
560	04:18:07	60.11	6499	1861	1878
561	04:19:07	60.19	6499	1860	1877
562	04:20:07	60.12	6499	1859	1876
563	04:21:07	60.36	6499	1858	1875
564	04:22:08	60.43	6499	1858	1874
565	04:23:08	60.60	6499	1857	1874
566	04:24:09	60.42	6499	1856	1873
567	04:25:09	60.10	6499	1855	1872
568	04:26:09	60.13	6499	1854	1871
569	04:27:09	60.20	6499	1854	1871
570	04:28:10	60.11	6499	1853	1870
571	04:29:10	60.13	6499	1852	1870
572	04:30:10	60.14	6499	1852	1869
573	04:31:10	60.15	6499	1851	1868
574	04:32:10	60.18	6499	1850	1867
575	04:33:10	60.09	6499	1850	1867
576	04:34:10	60.08	6499	1849	1866
577	04:35:10	29.51	6499	1848	1865
578	04:35:40	60.44	6499	1848	1865
579	04:36:40	60.16	6499	1847	1864
580	04:37:41	60.46	6499	1846	1863
581	04:38:41	60.31	6499	1845	1863
582	04:39:41	60.10	6499	1845	1862
583	04:40:41	10.01	6499	1844	1861
584	04:40:51	21.46	6499	1843	1860
585	04:41:13	60.48	6499	1842	1859
586	04:42:13	38.52	6499	1842	1859
587	04:42:52	60.17	6499	1841	1858
588	04:43:52	60.12	6499	1840	1857
589	04:44:52	60.14	6499	1839	1856
590	04:45:52	60.11	6499	1838	1856
591	04:46:52	60.18	6499	1838	1855
592	04:47:53	60.14	6499	1837	1854
593	04:48:53	60.15	6499	1836	1853
594	04:49:53	60.10	6499	1835	1853
595	04:50:53	60.18	6499	1835	1852
596	04:51:53	60.12	6499	1834	1851
597	04:52:53	60.16	6499	1833	1850
598	04:53:54	60.09	6499	1832	1850
599	04:54:54	60.16	6499	1832	1849
600	04:55:54	60.18	6499	1831	1848
601	04:56:54	60.11	6499	1830	1848
602	04:57:54	60.13	6499	1829	1847
603	04:58:54	60.13	6499	1829	1846
604	04:59:54	60.15	6499	1828	1845
605	05:00:54	60.14	6499	1827	1845
606	05:01:55	60.16	6499	1826	1844
607	05:02:55	60.11	6499	1826	1843
608	05:03:55	60.16	6499	1825	1842
609	05:04:55	60.11	6499	1824	1842
610	05:05:55	42.06	6499	1823	1841
611	05:06:37	60.19	6499	1823	1840
612	05:07:37	60.12	6499	1822	1839
613	05:08:38	60.11	6499	1821	1839
614	05:09:38	60.18	6499	1821	1838
615	05:10:38	60.10	6499	1820	1837
616	05:11:38	60.15	6499	1819	1837
617	05:12:38	60.14	6499	1818	1836
618	05:13:38	60.10	6499	1818	1835
619	05:14:38	60.16	6499	1817	1834
620	05:15:38	60.16	6499	1816	1834
621	05:16:39	60.09	6499	1815	1833
622	05:17:39	51.46	6499	1815	1832
623	05:18:30	60.47	6499	1814	1831
624	05:19:31	60.07	6499	1813	1831
625	05:20:31	60.06	6499	1812	1830
626	05:21:31	60.16	6499	1812	1829
627	05:22:31	60.14	6499	1811	1828
628	05:23:31	60.13	6499	1810	1828
629	05:24:31	60.18	6499	1809	1827
630	05:25:31	60.17	6499	1809	1826
631	05:26:32	60.13	6499	1808	1825
632	05:27:32	60.17	6499	1807	1825
633	05:28:32	60.16	6499	1807	1824
634	05:29:32	60.11	6499	1806	1824
635	05:30:32	60.14	6499	1805	1823
636	05:31:32	60.12	6499	1805	1822
637	05:32:32	60.14	6499	1804	1821
638	05:33:33	60.18	6499	1803	1821
639	05:34:33	60.12	6499	1802	1820
640	05:35:33	60.12	6499	1802	1819
641	05:36:33	60.11	6499	1801	1819
642	05:37:33	22.62	6499	1800	1818
643	05:37:56	60.02	6499	1800	1817
644	05:38:56	60.13	6499	1799	1816
645	05:39:56	60.15	6499	1798	1816
646	05:40:56	60.14	6499	1797	1815
647	05:41:56	60.13	6499	1796	1814
648	05:42:56	60.14	6499	1796	1813
649	05:43:56	60.13	6499	1795	1813
650	05:44:57	60.17	6499	1794	1812
651	05:45:57	60.12	6499	1793	1811
652	05:46:57	60.17	6499	1793	1810
653	05:47:57	60.16	6499	1792	1810
654	05:48:57	60.15	6499	1791	1809
655	05:49:57	60.14	6499	1791	1809
656	05:50:57	10.06	6499	1791	1808
657	05:51:07	60.09	6499	1789	1807
658	05:52:08	60.15	6499	1789	1807
659	05:53:08	60.14	6499	1788	1806
660	05:54:08	60.18	6499	1788	1806
661	05:55:08	60.11	6499	1788	1805
662	05:56:08	60.11	6499	1787	1805
663	05:57:08	39.14	6499	1787	1804
664	05:57:47	60.07	6499	1786	1804
665	05:58:47	16.95	6499	1786	1803
666	05:59:04	60.34	6499	1785	1803
667	06:00:05	60.10	6499	1784	1802
668	06:01:05	10.26	6499	1784	1801
669	06:01:15	60.07	6499	1783	1801
670	06:02:15	11.90	6499	1783	1800
671	06:02:27	60.22	6499	1782	1800
672	06:03:27	19.32	6499	1782	1799
673	06:03:47	60.16	6499	1781	1799
674	06:04:47	12.83	6499	1781	1798
675	06:05:00	60.07	6499	1780	1798
676	06:06:00	60.13	6499	1780	1798
677	06:07:00	60.09	6499	1779	1797
678	06:08:00	60.19	6499	1779	1796
679	06:09:00	14.15	6499	1778	1796
680	06:09:14	60.48	6499	1777	1795
681	06:10:15	10.01	6499	1776	1794
682	06:10:25	60.44	6499	1776	1793
683	06:11:25	52.64	6499	1775	1793
684	06:12:18	60.13	6499	1774	1792
685	06:13:18	13.48	6499	1773	1791
686	06:13:31	60.12	6499	1773	1791
687	06:14:32	11.84	6499	1772	1790
688	06:14:43	60.05	6499	1772	1790
689	06:15:43	60.12	6499	1771	1789
690	06:16:44	60.08	6499	1771	1789
691	06:17:44	60.12	6499	1770	1788
692	06:18:44	60.23	6499	1769	1787
693	06:19:44	60.07	6499	1769	1787
694	06:20:44	60.07	6499	1768	1786
695	06:21:44	60.16	6499	1767	1785
696	06:22:44	60.09	6499	1766	1785
697	06:23:44	10.01	6499	1766	1784
698	06:23:54	22.80	6499	1765	1783
699	06:24:17	31.11	6499	1764	1782
700	06:24:48	60.38	6499	1764	1782
701	06:25:49	10.02	6499	1763	1781
702	06:25:59	60.38	6499	1762	1780
703	06:26:59	60.10	6499	1762	1780
704	06:27:59	56.96	6499	1761	1779
705	06:28:56	60.49	6499	1760	1778
706	06:29:57	60.16	6499	1759	1778
707	06:30:57	60.16	6499	1759	1777
708	06:31:57	60.13	6499	1758	1776
709	06:32:57	60.15	6499	1757	1776
710	06:33:57	60.14	6499	1757	1776
711	06:34:57	60.15	6499	1757	1775
712	06:35:58	60.14	6499	1757	1775
713	06:36:58	60.16	6499	1756	1774
714	06:37:58	60.08	6499	1755	1774
715	06:38:58	60.18	6499	1755	1773
716	06:39:58	60.18	6499	1754	1772
717	06:40:58	60.09	6499	1753	1771
718	06:41:58	60.11	6499	1753	1771
719	06:42:59	60.17	6499	1752	1770
720	06:43:59	60.13	6499	1751	1769
721	06:44:59	17.90	6499	1751	1769
722	06:45:17	10.14	6499	1750	1768
723	06:45:27	10.01	6499	1749	1767
724	06:45:37	10.05	6499	1749	1767
725	06:45:47	60.18	6499	1748	1766
726	06:46:47	60.12	6499	1747	1765
727	06:47:47	60.18	6499	1746	1765
728	06:48:47	60.15	6499	1746	1764
729	06:49:48	60.20	6499	1745	1763
730	06:50:48	60.13	6499	1744	1763
731	06:51:48	60.17	6499	1744	1762
732	06:52:48	60.10	6499	1743	1761
733	06:53:48	60.13	6499	1742	1761
734	06:54:48	60.11	6499	1742	1760
735	06:55:48	60.17	6499	1741	1759
736	06:56:49	60.10	6499	1740	1759
737	06:57:49	60.13	6499	1740	1758
738	06:58:49	60.14	6499	1739	1757
739	06:59:49	60.15	6499	1738	1757
740	07:00:49	60.11	6499	1738	1756
741	07:01:49	60.17	6499	1737	1755
742	07:02:49	60.15	6499	1736	1755
743	07:03:50	60.12	6499	1736	1754
744	07:04:50	60.13	6499	1735	1753
745	07:05:50	60.16	6499	1734	1753
746	07:06:50	60.17	6499	1734	1752
747	07:07:50	60.11	6499	1733	1751
748	07:08:50	60.08	6499	1732	1750
749	07:09:50	60.16	6499	1732	1750
750	07:10:50	44.09	6499	1732	1750
751	07:11:35	60.07	6499	1731	1749
752	07:12:35	10.01	6499	1731	1749
753	07:12:45	60.14	6499	1730	1748
754	07:13:45	60.10	6499	1729	1748
755	07:14:45	60.09	6499	1729	1747
756	07:15:45	60.18	6499	1728	1746
757	07:16:45	60.12	6499	1728	1746
758	07:17:45	60.15	6499	1727	1745
759	07:18:45	60.04	6499	1726	1744
760	07:19:45	60.12	6499	1726	1744
761	07:20:46	34.87	6499	1725	1743
762	07:21:20	60.29	6499	1725	1743
763	07:22:21	10.01	6499	1724	1743
764	07:22:31	21.69	6499	1724	1742
765	07:22:52	31.06	6499	1724	1742
766	07:23:23	31.25	6499	1724	1742
767	07:23:55	10.47	6499	1724	1742
768	07:24:05	60.14	6499	1723	1741
769	07:25:05	60.13	6499	1723	1741
770	07:26:05	60.13	6499	1722	1740
771	07:27:06	60.10	6499	1722	1740
772	07:28:06	60.09	6499	1721	1739
773	07:29:06	10.06	6499	1720	1738
774	07:29:16	42.33	6499	1720	1738
775	07:29:58	60.09	6499	1719	1737
776	07:30:58	60.18	6499	1719	1737
777	07:31:58	60.14	6499	1718	1736
778	07:32:59	21.30	6499	1718	1736
779	07:33:20	60.41	6499	1717	1735
780	07:34:20	10.02	6499	1717	1735
781	07:34:30	11.33	6499	1716	1734
782	07:34:42	10.07	6499	1716	1733
783	07:34:52	35.16	6499	1715	1733
784	07:35:27	24.43	6499	1714	1732
785	07:35:51	60.22	6499	1714	1731
786	07:36:52	10.02	6499	1713	1731
787	07:37:02	57.35	6499	1713	1731
788	07:37:59	60.40	6499	1712	1730
789	07:38:59	60.14	6499	1712	1730
790	07:39:59	60.09	6499	1711	1729
791	07:41:00	60.11	6499	1710	1728
792	07:42:00	30.38	6499	1710	1728
793	07:42:30	60.55	6499	1710	1728
794	07:43:31	10.01	6499	1709	1727
795	07:43:41	60.36	6499	1709	1727
796	07:44:41	51.11	6499	1708	1726
797	07:45:32	60.37	6499	1708	1726
798	07:46:32	60.11	6499	1707	1725
799	07:47:33	60.13	6499	1707	1725
800	07:48:33	60.18	6499	1706	1724
801	07:49:33	60.08	6499	1705	1723
802	07:50:33	60.09	6499	1705	1723
803	07:51:33	30.20	6499	1704	1722
804	07:52:03	31.15	6499	1704	1719
805	07:52:34	60.48	6499	1703	1721
806	07:53:35	10.06	6499	1702	1720
807	07:53:45	21.40	6499	1702	1720
808	07:54:06	60.34	6499	1701	1719
809	07:55:07	60.15	6499	1701	1718
810	07:56:07	10.04	6499	1700	1718
811	07:56:17	21.35	6499	1699	1717
812	07:56:38	31.20	6499	1699	1716
813	07:57:09	60.52	6499	1698	1716
814	07:58:10	30.58	6499	1697	1715
815	07:58:41	31.16	6499	1697	1714
816	07:59:12	60.51	6499	1696	1714
817	08:00:12	60.14	6499	1695	1713
818	08:01:12	60.20	6499	1695	1713
819	08:02:13	60.18	6499	1694	1712
820	08:03:13	60.11	6499	1694	1711
821	08:04:13	30.30	6499	1693	1711
822	08:04:43	60.37	6499	1692	1710
823	08:05:43	10.26	6499	1692	1709
824	08:05:54	60.49	6499	1691	1709
825	08:06:54	60.14	6499	1691	1708
826	08:07:54	60.17	6499	1690	1707
827	08:08:55	60.13	6499	1689	1707
828	08:09:55	60.14	6499	1689	1706
829	08:10:55	60.12	6499	1688	1705
830	08:11:55	60.14	6499	1687	1705
831	08:12:55	60.17	6499	1687	1704
832	08:13:55	60.13	6499	1686	1704
833	08:14:55	60.13	6499	1686	1703
834	08:15:56	60.13	6499	1685	1702
835	08:16:56	60.17	6499	1684	1702
836	08:17:56	60.17	6499	1684	1701
837	08:18:56	60.15	6499	1683	1700
838	08:19:56	60.12	6499	1683	1700
839	08:20:56	60.12	6499	1682	1699
840	08:21:56	60.14	6499	1681	1699
841	08:22:57	60.11	6499	1681	1698
842	08:23:57	60.17	6499	1680	1697
843	08:24:57	60.11	6499	1680	1697
844	08:25:57	60.13	6499	1679	1696
845	08:26:57	60.13	6499	1678	1695
846	08:27:57	60.10	6499	1678	1695
847	08:28:57	60.14	6499	1677	1694
848	08:29:57	60.18	6499	1677	1694
849	08:30:58	60.15	6499	1676	1693
850	08:31:58	60.19	6499	1675	1692
851	08:32:58	60.15	6499	1675	1692
852	08:33:58	60.18	6499	1674	1691
853	08:34:58	60.12	6499	1673	1690
854	08:35:58	60.12	6499	1673	1690
855	08:36:58	60.13	6499	1672	1689
856	08:37:59	60.17	6499	1672	1689
857	08:38:59	60.12	6499	1671	1688
858	08:39:59	60.16	6499	1670	1687
859	08:40:59	60.08	6499	1670	1687
860	08:41:59	60.09	6499	1669	1686
861	08:42:59	60.11	6499	1669	1686
862	08:43:59	60.09	6499	1668	1685
863	08:44:59	60.14	6499	1667	1684
864	08:46:00	60.15	6499	1667	1684
865	08:47:00	60.12	6499	1666	1683
866	08:48:00	60.11	6499	1665	1682
867	08:49:00	60.09	6499	1665	1682
868	08:50:00	60.16	6499	1664	1681
869	08:51:00	60.10	6499	1664	1681
870	08:52:00	60.14	6499	1663	1680
871	08:53:00	60.13	6499	1662	1679
872	08:54:01	60.19	6499	1662	1679
873	08:55:01	60.18	6499	1661	1678
874	08:56:01	60.12	6499	1661	1677
875	08:57:01	60.12	6499	1660	1677
876	08:58:01	60.14	6499	1659	1676
877	08:59:01	60.13	6499	1659	1676
878	09:00:01	60.09	6499	1658	1675
879	09:01:02	60.17	6499	1658	1674
880	09:02:02	60.16	6499	1657	1674
881	09:03:02	60.14	6499	1656	1673
882	09:04:02	60.12	6499	1656	1673
883	09:05:02	60.09	6499	1655	1672
884	09:06:02	60.14	6499	1655	1671
885	09:07:02	60.18	6499	1654	1671
886	09:08:03	60.18	6499	1653	1670
887	09:09:03	10.03	6499	1653	1670
888	09:09:13	60.40	6499	1652	1669
889	09:10:13	60.14	6499	1652	1668
890	09:11:13	60.17	6499	1651	1668
891	09:12:13	60.14	6499	1650	1667
892	09:13:14	60.11	6499	1650	1667
893	09:14:14	60.09	6499	1649	1666
894	09:15:14	60.17	6499	1649	1665
895	09:16:14	60.16	6499	1648	1665
896	09:17:14	60.18	6499	1647	1664
897	09:18:14	60.09	6499	1647	1664
898	09:19:14	60.13	6499	1646	1663
899	09:20:15	60.09	6499	1646	1662
900	09:21:15	60.16	6499	1645	1662
901	09:22:15	60.14	6499	1644	1661
902	09:23:15	60.11	6499	1644	1661
903	09:24:15	60.14	6499	1643	1660
904	09:25:15	60.19	6499	1643	1659
905	09:26:15	60.17	6499	1642	1659
906	09:27:16	60.12	6499	1641	1658
907	09:28:16	60.14	6499	1641	1658
908	09:29:16	60.08	6499	1640	1657
909	09:30:16	60.08	6499	1640	1656
910	09:31:16	60.12	6499	1639	1656
911	09:32:16	60.12	6499	1639	1655
912	09:33:16	60.13	6499	1638	1654
913	09:34:16	60.12	6499	1637	1654
914	09:35:16	60.14	6499	1637	1653
915	09:36:17	60.13	6499	1636	1653
916	09:37:17	60.17	6499	1636	1652
917	09:38:17	60.14	6499	1635	1652
918	09:39:17	60.11	6499	1634	1651
919	09:40:17	60.14	6499	1634	1650
920	09:41:17	60.12	6499	1633	1650
921	09:42:17	60.12	6499	1633	1649
922	09:43:17	60.12	6499	1632	1649
923	09:44:18	60.12	6499	1632	1648
924	09:45:18	60.14	6499	1631	1647
925	09:46:18	60.13	6499	1630	1647
926	09:47:18	60.12	6499	1630	1646
927	09:48:18	60.12	6499	1629	1646
928	09:49:18	10.03	6499	1629	1645
929	09:49:28	60.16	6499	1628	1644
930	09:50:28	60.14	6499	1627	1644
931	09:51:29	60.12	6499	1627	1643
932	09:52:29	60.18	6499	1626	1643
933	09:53:29	60.12	6499	1626	1642
934	09:54:29	60.15	6499	1625	1641
935	09:55:29	60.12	6499	1625	1641
936	09:56:29	60.11	6499	1624	1640
937	09:57:29	60.11	6499	1623	1640
938	09:58:29	60.15	6499	1623	1639
939	09:59:30	60.10	6499	1622	1638
940	10:00:30	60.13	6499	1622	1638
941	10:01:30	60.10	6499	1621	1637
942	10:02:30	60.14	6499	1621	1637
943	10:03:30	60.13	6499	1620	1636
944	10:04:30	60.16	6499	1620	1636
945	10:05:30	60.13	6499	1619	1635
946	10:06:31	60.16	6499	1618	1635
947	10:07:31	60.13	6499	1618	1634
948	10:08:31	60.15	6499	1617	1633
949	10:09:31	60.11	6499	1617	1633
950	10:10:31	60.15	6499	1616	1632
951	10:11:31	60.13	6499	1616	1632
952	10:12:31	60.08	6499	1615	1631
953	10:13:31	60.08	6499	1614	1631
954	10:14:32	60.17	6499	1614	1630
955	10:15:32	60.11	6499	1613	1629
956	10:16:32	60.15	6499	1613	1629
957	10:17:32	60.17	6499	1612	1628
958	10:18:32	60.17	6499	1612	1628
959	10:19:32	60.18	6499	1611	1627
960	10:20:32	60.09	6499	1610	1627
961	10:21:33	60.08	6499	1610	1626
962	10:22:33	46.74	6499	1609	1625
963	10:23:19	60.01	6499	1609	1625
964	10:24:19	60.11	6499	1608	1624
965	10:25:19	60.11	6499	1608	1624
966	10:26:20	60.18	6499	1607	1623
967	10:27:20	60.12	6499	1607	1623
968	10:28:20	60.09	6499	1606	1622
969	10:29:20	60.13	6499	1606	1622
970	10:30:20	60.15	6499	1605	1621
971	10:31:20	60.15	6499	1605	1621
972	10:32:20	60.07	6499	1604	1620
973	10:33:20	60.12	6499	1603	1619
974	10:34:21	60.13	6499	1603	1619
975	10:35:21	60.09	6499	1602	1618
976	10:36:21	60.09	6499	1601	1617
977	10:37:21	60.18	6499	1601	1617
978	10:38:21	60.13	6499	1601	1617
979	10:39:21	60.16	6499	1600	1616
980	10:40:21	60.12	6499	1600	1616
981	10:41:22	60.13	6499	1600	1616
982	10:42:22	60.12	6499	1600	1616
983	10:43:22	60.14	6499	1599	1615
984	10:44:22	60.09	6499	1599	1615
985	10:45:22	60.11	6499	1599	1615
986	10:46:22	60.16	6499	1598	1614
987	10:47:22	54.25	6499	1597	1613
988	10:48:17	60.53	6499	1597	1613
989	10:49:17	60.11	6499	1596	1612
990	10:50:17	30.46	6499	1596	1612
991	10:50:48	60.51	6499	1595	1611
992	10:51:48	60.14	6499	1595	1611
993	10:52:48	60.10	6499	1594	1610
994	10:53:48	60.19	6499	1594	1609
995	10:54:49	60.13	6499	1593	1609
996	10:55:49	60.14	6499	1593	1608
997	10:56:49	60.38	6499	1592	1608
998	10:57:49	60.14	6499	1591	1607
999	10:58:49	10.05	6499	1591	1607
1000	10:58:59	60.47	6499	1590	1606
1001	11:00:00	21.09	6499	1590	1606
1002	11:00:21	31.29	6499	1589	1605
1003	11:00:52	60.33	6499	1589	1604
1004	11:01:53	10.01	6499	1588	1604
1005	11:02:03	21.62	6499	1588	1603
1006	11:02:24	31.27	6499	1587	1603
1007	11:02:55	31.29	6499	1586	1602
1008	11:03:27	60.54	6499	1586	1602
1009	11:04:27	49.74	6499	1585	1601
1010	11:05:17	60.04	6499	1585	1601
1011	11:06:17	10.05	6499	1584	1600
1012	11:06:27	60.18	6499	1584	1600
1013	11:07:27	60.11	6499	1583	1599
1014	11:08:27	60.12	6499	1583	1599
1015	11:09:28	60.12	6499	1582	1598
1016	11:10:28	60.15	6499	1582	1598
1017	11:11:28	60.17	6499	1581	1597
1018	11:12:28	60.13	6499	1581	1596
1019	11:13:28	60.13	6499	1580	1596
1020	11:14:28	60.16	6499	1580	1595
1021	11:15:28	60.10	6499	1579	1595
1022	11:16:28	60.14	6499	1579	1595
1023	11:17:29	60.08	6499	1579	1594
1024	11:18:29	60.17	6499	1578	1594
1025	11:19:29	60.17	6499	1577	1593
1026	11:20:29	60.13	6499	1577	1593
1027	11:21:29	60.13	6499	1576	1592
1028	11:22:29	60.11	6499	1576	1591
1029	11:23:29	60.08	6499	1575	1591
1030	11:24:30	60.15	6499	1575	1590
1031	11:25:30	60.14	6499	1574	1590
1032	11:26:30	60.12	6499	1574	1589
1033	11:27:30	60.18	6499	1573	1589
1034	11:28:30	60.19	6499	1572	1588
1035	11:29:30	60.10	6499	1572	1588
1036	11:30:30	31.35	6499	1571	1587
1037	11:31:02	60.37	6499	1571	1587
1038	11:32:02	60.11	6499	1570	1586
1039	11:33:02	60.15	6499	1570	1585
1040	11:34:02	60.13	6499	1569	1585
1041	11:35:02	60.16	6499	1569	1584
1042	11:36:03	60.10	6499	1568	1584
1043	11:37:03	60.14	6499	1568	1583
1044	11:38:03	57.71	6499	1567	1583
1045	11:39:01	60.11	6499	1566	1582
1046	11:40:01	11.95	6499	1566	1582
1047	11:40:13	60.17	6499	1565	1581
1048	11:41:13	60.11	6499	1565	1581
1049	11:42:13	60.12	6499	1564	1580
1050	11:43:13	60.12	6499	1564	1579
1051	11:44:13	60.09	6499	1563	1579
1052	11:45:13	60.17	6499	1563	1578
1053	11:46:13	60.12	6499	1562	1578
1054	11:47:14	60.12	6499	1562	1577
1055	11:48:14	60.13	6499	1561	1577
1056	11:49:14	60.10	6499	1561	1576
1057	11:50:14	60.15	6499	1560	1576
1058	11:51:14	60.15	6499	1559	1575
1059	11:52:14	60.12	6499	1559	1575
1060	11:53:14	60.12	6499	1558	1574
1061	11:54:14	60.11	6499	1558	1574
1062	11:55:15	60.09	6499	1557	1573
1063	11:56:15	60.13	6499	1557	1572
1064	11:57:15	60.12	6499	1556	1572
1065	11:58:15	60.09	6499	1556	1571
1066	11:59:15	60.14	6499	1555	1571
1067	12:00:15	60.10	6499	1555	1570
1068	12:01:15	60.12	6499	1554	1570
1069	12:02:15	60.11	6499	1554	1569
1070	12:03:15	60.10	6499	1553	1569
1071	12:04:16	60.12	6499	1553	1568
1072	12:05:16	60.08	6499	1552	1568
1073	12:06:16	60.08	6499	1551	1567
1074	12:07:16	60.13	6499	1551	1567
1075	12:08:16	60.11	6499	1550	1566
1076	12:09:16	60.16	6499	1550	1566
1077	12:10:16	60.18	6499	1549	1565
1078	12:11:16	60.10	6499	1549	1564
1079	12:12:16	60.14	6499	1548	1564
1080	12:13:17	60.16	6499	1548	1563
1081	12:14:17	60.12	6499	1547	1563
1082	12:15:17	60.10	6499	1547	1562
1083	12:16:17	60.18	6499	1546	1562
1084	12:17:17	60.14	6499	1546	1561
1085	12:18:17	60.18	6499	1545	1561
1086	12:19:18	60.12	6499	1545	1558
1087	12:20:18	60.10	6499	1544	1560
1088	12:21:18	60.14	6499	1543	1559
1089	12:22:18	60.17	6499	1543	1559
1090	12:23:18	60.16	6499	1543	1559
1091	12:24:18	60.14	6499	1543	1558
1092	12:25:18	60.14	6499	1542	1558
1093	12:26:19	60.11	6499	1542	1558
1094	12:27:19	60.10	6499	1541	1557
1095	12:28:19	60.14	6499	1541	1556
1096	12:29:19	60.15	6499	1540	1556
1097	12:30:19	60.14	6499	1540	1556
1098	12:31:19	60.18	6499	1539	1555
1099	12:32:19	60.15	6499	1539	1554
1100	12:33:19	60.12	6499	1538	1554
1101	12:34:20	60.17	6499	1538	1553
1102	12:35:20	60.12	6499	1537	1553
1103	12:36:20	60.13	6499	1536	1552
1104	12:37:20	60.15	6499	1536	1552
1105	12:38:20	60.18	6499	1535	1551
1106	12:39:20	60.14	6499	1535	1551
1107	12:40:20	60.19	6499	1534	1550
1108	12:41:21	60.09	6499	1534	1550
1109	12:42:21	60.08	6499	1533	1549
1110	12:43:21	60.11	6499	1533	1549
1111	12:44:21	60.11	6499	1532	1548
1112	12:45:21	60.14	6499	1532	1548
1113	12:46:21	10.26	6499	1531	1547
1114	12:46:31	10.02	6499	1531	1547
1115	12:46:41	21.52	6499	1530	1546
1116	12:47:03	60.26	6499	1530	1546
1117	12:48:03	41.21	6499	1529	1545
1118	12:48:44	60.18	6499	1529	1545
1119	12:49:45	60.14	6499	1528	1544
1120	12:50:45	60.16	6499	1528	1544
1121	12:51:45	60.14	6499	1527	1543
1122	12:52:45	60.12	6499	1527	1543
1123	12:53:45	60.22	6499	1526	1542
1124	12:54:45	60.13	6499	1526	1542
1125	12:55:46	60.12	6499	1525	1541
1126	12:56:46	60.14	6499	1525	1540
1127	12:57:46	60.11	6499	1524	1540
1128	12:58:46	60.15	6499	1524	1539
1129	12:59:46	60.12	6499	1523	1539
1130	13:00:46	60.14	6499	1523	1538
1131	13:01:46	60.17	6499	1522	1538
1132	13:02:47	60.15	6499	1521	1537
1133	13:03:47	60.13	6499	1521	1537
1134	13:04:47	60.12	6499	1520	1536
1135	13:05:47	60.13	6499	1520	1536
1136	13:06:47	60.17	6499	1519	1535
1137	13:07:47	60.14	6499	1519	1535
1138	13:08:47	60.10	6499	1518	1534
1139	13:09:47	60.18	6499	1518	1534
1140	13:10:48	60.16	6499	1517	1533
1141	13:11:48	60.15	6499	1517	1533
1142	13:12:48	60.12	6499	1516	1532
1143	13:13:48	60.14	6499	1516	1532
1144	13:14:48	60.16	6499	1515	1531
1145	13:15:48	60.08	6499	1515	1531
1146	13:16:48	60.16	6499	1514	1530
1147	13:17:49	60.09	6499	1514	1530
1148	13:18:49	60.09	6499	1513	1529
1149	13:19:49	60.10	6499	1513	1529
1150	13:20:49	60.13	6499	1512	1528
1151	13:21:49	60.15	6499	1512	1528
1152	13:22:49	60.19	6499	1511	1527
1153	13:23:49	60.12	6499	1511	1527
1154	13:24:49	60.16	6499	1510	1526
1155	13:25:50	60.15	6499	1510	1526
1156	13:26:50	60.18	6499	1509	1525
1157	13:27:50	60.13	6499	1509	1525
1158	13:28:50	60.12	6499	1509	1525
1159	13:29:50	60.14	6499	1508	1524
1160	13:30:50	60.18	6499	1508	1524
1161	13:31:51	60.14	6499	1507	1523
1162	13:32:51	60.16	6499	1507	1523
1163	13:33:51	60.16	6499	1506	1522
1164	13:34:51	60.13	6499	1506	1522
1165	13:35:51	60.14	6499	1505	1521
1166	13:36:51	60.11	6499	1505	1521
1167	13:37:51	60.13	6499	1504	1520
1168	13:38:51	60.12	6499	1504	1520
1169	13:39:52	60.15	6499	1503	1519
1170	13:40:52	60.13	6499	1503	1519
1171	13:41:52	60.13	6499	1502	1518
1172	13:42:52	60.15	6499	1502	1518
1173	13:43:52	60.09	6499	1501	1517
1174	13:44:52	60.13	6499	1501	1517
1175	13:45:52	60.15	6499	1500	1516
1176	13:46:53	60.13	6499	1500	1516
1177	13:47:53	60.13	6499	1499	1515
1178	13:48:53	60.12	6499	1499	1489
1179	13:49:53	60.11	6499	1499	1515
1180	13:50:53	60.14	6499	1498	1514
1181	13:51:53	60.17	6499	1498	1514
1182	13:52:53	60.13	6499	1497	1513
1183	13:53:53	15.00	6499	1497	1513
1184	13:54:08	60.42	6499	1496	1512
1185	13:55:09	60.12	6499	1496	1512
1186	13:56:09	60.16	6499	1495	1511
1187	13:57:09	60.12	6499	1495	1511
1188	13:58:09	60.11	6499	1494	1510
1189	13:59:09	60.12	6499	1494	1510
1190	14:00:10	60.10	6499	1493	1509
1191	14:01:10	60.10	6499	1493	1509
1192	14:02:10	60.14	6499	1492	1508
1193	14:03:10	40.76	6499	1492	1508
1194	14:03:51	60.23	6499	1491	1507
1195	14:04:51	60.12	6499	1491	1507
1196	14:05:51	60.12	6499	1490	1506
1197	14:06:51	60.11	6499	1490	1506
1198	14:07:51	60.09	6499	1489	1505
1199	14:08:51	60.18	6499	1489	1505
1200	14:09:51	60.14	6499	1488	1504
1201	14:10:52	60.15	6499	1488	1504
1202	14:11:52	60.11	6499	1487	1504
1203	14:12:52	60.17	6499	1487	1503
1204	14:13:52	17.16	6499	1486	1502
1205	14:14:09	60.02	6499	1486	1502
1206	14:15:09	60.10	6499	1485	1502
1207	14:16:09	60.11	6499	1485	1501
1208	14:17:09	60.09	6499	1484	1501
1209	14:18:10	60.16	6499	1484	1500
1210	14:19:10	60.12	6499	1483	1500
1211	14:20:10	60.07	6499	1483	1499
1212	14:21:10	60.15	6499	1482	1499
1213	14:22:10	60.12	6499	1482	1498
1214	14:23:10	60.16	6499	1481	1498
1215	14:24:10	60.10	6499	1481	1497
1216	14:25:10	60.11	6499	1480	1497
1217	14:26:11	60.19	6499	1480	1496
1218	14:27:11	60.13	6499	1479	1496
1219	14:28:11	60.17	6499	1479	1495
1220	14:29:11	60.18	6499	1478	1495
1221	14:30:11	60.15	6499	1478	1494
1222	14:31:11	60.13	6499	1477	1494
1223	14:32:11	60.08	6499	1477	1493
1224	14:33:12	60.15	6499	1476	1493
1225	14:34:12	60.14	6499	1476	1492
1226	14:35:12	60.12	6499	1475	1492
1227	14:36:12	60.16	6499	1475	1491
1228	14:37:12	60.08	6499	1474	1491
1229	14:38:12	60.08	6499	1474	1490
1230	14:39:12	60.08	6499	1473	1490
1231	14:40:12	60.17	6499	1473	1490
1232	14:41:13	60.19	6499	1472	1489
1233	14:42:13	60.15	6499	1472	1489
1234	14:43:13	60.13	6499	1471	1488
1235	14:44:13	60.16	6499	1471	1488
1236	14:45:13	60.15	6499	1471	1487
1237	14:46:13	60.08	6499	1470	1487
1238	14:47:13	60.15	6499	1470	1486
1239	14:48:14	60.13	6499	1469	1486
1240	14:49:14	60.15	6499	1469	1485
1241	14:50:14	60.08	6499	1468	1485
1242	14:51:14	60.14	6499	1468	1484
1243	14:52:14	60.09	6499	1467	1484
1244	14:53:14	60.13	6499	1467	1484
1245	14:54:14	60.13	6499	1466	1483
1246	14:55:14	60.18	6499	1466	1483
1247	14:56:15	60.15	6499	1465	1482
1248	14:57:15	60.18	6499	1465	1482
1249	14:58:15	60.16	6499	1464	1481
1250	14:59:15	60.13	6499	1464	1481
1251	15:00:15	60.16	6499	1464	1480
1252	15:01:15	60.18	6499	1463	1480
1253	15:02:16	60.15	6499	1463	1479
1254	15:03:16	60.14	6499	1462	1479
1255	15:04:16	60.12	6499	1462	1478
1256	15:05:16	60.14	6499	1461	1478
1257	15:06:16	60.12	6499	1461	1478
1258	15:07:16	60.12	6499	1460	1477
1259	15:08:16	60.11	6499	1460	1477
1260	15:09:16	60.15	6499	1459	1476
1261	15:10:17	60.14	6499	1459	1476
1262	15:11:17	60.14	6499	1459	1475
1263	15:12:17	60.12	6499	1458	1475
1264	15:13:17	60.14	6499	1457	1474
1265	15:14:17	60.11	6499	1457	1474
1266	15:15:17	60.15	6499	1457	1474
1267	15:16:17	60.14	6499	1457	1473
1268	15:17:18	60.12	6499	1456	1473
1269	15:18:18	60.12	6499	1456	1472
1270	15:19:18	60.15	6499	1455	1472
1271	15:20:18	60.09	6499	1455	1471
1272	15:21:18	60.16	6499	1454	1471
1273	15:22:18	60.18	6499	1454	1471
1274	15:23:18	60.15	6499	1454	1470
1275	15:24:19	60.13	6499	1453	1470
1276	15:25:19	60.17	6499	1453	1469
1277	15:26:19	60.10	6499	1452	1469
1278	15:27:19	60.19	6499	1452	1469
1279	15:28:19	60.14	6499	1451	1468
1280	15:29:19	60.17	6499	1451	1468
1281	15:30:19	60.16	6499	1450	1467
1282	15:31:20	60.18	6499	1450	1467
1283	15:32:20	60.25	6499	1449	1466
1284	15:33:20	60.12	6499	1449	1466
1285	15:34:20	60.13	6499	1449	1465
1286	15:35:20	60.15	6499	1448	1465
1287	15:36:20	60.15	6499	1448	1465
1288	15:37:21	60.13	6499	1448	1464
1289	15:38:21	60.11	6499	1447	1464
1290	15:39:21	10.02	6499	1447	1463
1291	15:39:31	10.72	6499	1446	1463
1292	15:39:42	60.21	6499	1446	1463
1293	15:40:42	60.10	6499	1445	1462
1294	15:41:42	60.10	6499	1445	1462
1295	15:42:42	60.15	6499	1444	1461
1296	15:43:42	60.14	6499	1444	1461
1297	15:44:42	60.19	6499	1443	1460
1298	15:45:42	31.74	6499	1443	1460
1299	15:46:14	60.25	6499	1443	1459
1300	15:47:14	60.16	6499	1442	1459
1301	15:48:15	60.16	6499	1442	1459
1302	15:49:15	60.12	6499	1441	1458
1303	15:50:15	60.18	6499	1441	1458
1304	15:51:15	60.15	6499	1440	1457
1305	15:52:15	60.14	6499	1440	1457
1306	15:53:15	60.09	6499	1439	1456
1307	15:54:15	60.09	6499	1439	1456
1308	15:55:15	60.12	6499	1439	1456
1309	15:56:16	60.09	6499	1438	1455
1310	15:57:16	60.17	6499	1438	1455
1311	15:58:16	60.11	6499	1437	1454
1312	15:59:16	60.15	6499	1437	1454
1313	16:00:16	17.56	6499	1436	1453
1314	16:00:34	60.39	6499	1436	1453
1315	16:01:34	60.17	6499	1435	1452
1316	16:02:34	60.10	6499	1435	1452
1317	16:03:34	60.13	6499	1435	1452
1318	16:04:34	60.16	6499	1434	1451
1319	16:05:35	60.14	6499	1434	1451
1320	16:06:35	60.11	6499	1433	1450
1321	16:07:35	60.14	6499	1433	1450
1322	16:08:35	60.14	6499	1432	1449
1323	16:09:35	60.12	6499	1432	1449
1324	16:10:35	60.16	6499	1431	1448
1325	16:11:35	60.14	6499	1431	1448
1326	16:12:36	60.13	6499	1431	1448
1327	16:13:36	60.12	6499	1430	1447
1328	16:14:36	60.18	6499	1430	1447
1329	16:15:36	60.13	6499	1429	1446
1330	16:16:36	60.12	6499	1429	1446
1331	16:17:36	60.11	6499	1428	1445
1332	16:18:36	60.16	6499	1428	1445
1333	16:19:37	60.14	6499	1427	1444
1334	16:20:37	60.13	6499	1427	1444
1335	16:21:37	60.18	6499	1427	1443
1336	16:22:37	60.14	6499	1426	1443
1337	16:23:37	60.16	6499	1426	1443
1338	16:24:37	60.09	6499	1425	1442
1339	16:25:37	60.10	6499	1425	1442
1340	16:26:37	60.12	6499	1424	1441
1341	16:27:38	60.18	6499	1424	1441
1342	16:28:38	60.10	6499	1423	1440
1343	16:29:38	60.16	6499	1423	1440
1344	16:30:38	60.13	6499	1423	1440
1345	16:31:38	60.10	6499	1422	1439
1346	16:32:38	60.15	6499	1422	1439
1347	16:33:38	60.08	6499	1421	1438
1348	16:34:38	60.19	6499	1421	1438
1349	16:35:39	60.16	6499	1420	1437
1350	16:36:39	60.18	6499	1420	1437
1351	16:37:39	60.23	6499	1419	1436
1352	16:38:39	60.38	6499	1419	1436
1353	16:39:40	60.50	6499	1419	1436
1354	16:40:40	60.22	6499	1418	1435
1355	16:41:40	60.50	6499	1418	1435
1356	16:42:41	60.19	6499	1417	1434
1357	16:43:41	60.43	6499	1417	1434
1358	16:44:41	60.32	6499	1416	1433
1359	16:45:42	10.10	6499	1416	1433
1360	16:45:52	60.14	6499	1416	1432
1361	16:46:52	60.20	6499	1415	1432
1362	16:47:52	60.13	6499	1415	1432
1363	16:48:52	60.13	6499	1414	1431
1364	16:49:52	60.12	6499	1414	1431
1365	16:50:53	60.09	6499	1413	1430
1366	16:51:53	60.17	6499	1413	1430
1367	16:52:53	60.17	6499	1413	1429
1368	16:53:53	60.16	6499	1412	1429
1369	16:54:53	60.18	6499	1412	1429
1370	16:55:53	60.13	6499	1411	1428
1371	16:56:53	60.10	6499	1411	1428
1372	16:57:54	60.14	6499	1410	1427
1373	16:58:54	60.18	6499	1410	1427
1374	16:59:54	60.11	6499	1410	1426
1375	17:00:54	60.10	6499	1409	1426
1376	17:01:54	60.11	6499	1409	1426
1377	17:02:54	60.13	6499	1408	1425
1378	17:03:54	60.14	6499	1408	1425
1379	17:04:54	60.11	6499	1407	1424
1380	17:05:55	60.18	6499	1407	1424
1381	17:06:55	60.15	6499	1407	1423
1382	17:07:55	60.12	6499	1406	1423
1383	17:08:55	60.18	6499	1406	1423
1384	17:09:55	60.15	6499	1405	1422
1385	17:10:55	60.18	6499	1405	1422
1386	17:11:56	60.09	6499	1404	1421
1387	17:12:56	60.13	6499	1404	1421
1388	17:13:56	60.16	6499	1404	1420
1389	17:14:56	60.14	6499	1403	1420
1390	17:15:56	60.17	6499	1403	1420
1391	17:16:56	60.14	6499	1402	1419
1392	17:17:56	60.14	6499	1402	1419
1393	17:18:56	60.12	6499	1402	1418
1394	17:19:57	60.07	6499	1401	1418
1395	17:20:57	60.15	6499	1401	1417
1396	17:21:57	60.17	6499	1400	1417
1397	17:22:57	60.13	6499	1400	1417
1398	17:23:57	60.11	6499	1399	1416
1399	17:24:57	60.12	6499	1399	1416
1400	17:25:57	60.09	6499	1399	1415
1401	17:26:57	60.04	6499	1398	1415
1402	17:27:57	60.16	6499	1398	1414
1403	17:28:58	60.39	6499	1397	1414
1404	17:29:58	60.33	6499	1397	1414
1405	17:30:58	60.25	6499	1396	1413
1406	17:31:59	60.25	6499	1396	1413
1407	17:32:59	60.31	6499	1396	1412
1408	17:33:59	60.76	6499	1395	1412
1409	17:35:00	60.18	6499	1395	1412
1410	17:36:00	60.16	6499	1394	1411
1411	17:37:00	60.35	6499	1394	1411
1412	17:38:01	60.51	6499	1393	1410
1413	17:39:01	60.25	6499	1393	1410
1414	17:40:01	60.35	6499	1393	1409
1415	17:41:02	60.47	6499	1392	1409
1416	17:42:02	60.27	6499	1392	1409
1417	17:43:02	60.33	6499	1391	1408
1418	17:44:03	60.38	6499	1391	1408
1419	17:45:03	60.45	6499	1391	1407
1420	17:46:04	60.24	6499	1390	1407
1421	17:47:04	60.37	6499	1390	1407
1422	17:48:04	60.59	6499	1389	1406
1423	17:49:05	60.33	6499	1389	1406
1424	17:50:05	60.23	6499	1388	1405
1425	17:51:05	60.35	6499	1388	1405
1426	17:52:06	60.58	6499	1388	1404
1427	17:53:06	60.17	6499	1387	1404
1428	17:54:06	60.32	6499	1387	1404
1429	17:55:07	60.35	6499	1387	1403
1430	17:56:07	60.71	6499	1386	1403
1431	17:57:08	60.13	6499	1386	1403
1432	17:58:08	60.53	6499	1385	1402
1433	17:59:09	60.25	6499	1385	1402
1434	18:00:09	60.37	6499	1385	1401
1435	18:01:09	60.23	6499	1384	1401
1436	18:02:09	60.34	6499	1384	1400
1437	18:03:10	60.54	6499	1383	1400
1438	18:04:10	60.22	6499	1383	1400
1439	18:05:10	60.04	6499	1382	1399
1440	18:06:11	60.63	6499	1382	1399
1441	18:07:11	60.53	6499	1382	1398
1442	18:08:12	60.23	6499	1381	1398
1443	18:09:12	60.37	6499	1381	1398
1444	18:10:12	61.30	6499	1380	1397
1445	18:11:14	60.12	6499	1380	1397
1446	18:12:14	60.13	6499	1380	1396
1447	18:13:14	60.16	6499	1379	1396
1448	18:14:14	60.12	6499	1379	1396
1449	18:15:14	60.12	6499	1378	1395
1450	18:16:14	60.09	6499	1378	1395
1451	18:17:14	60.16	6499	1378	1394
1452	18:18:14	60.11	6499	1377	1394
1453	18:19:15	38.61	6499	1377	1394
1454	18:19:53	60.15	6499	1376	1393
1455	18:20:53	60.13	6499	1376	1393
1456	18:21:53	60.11	6499	1376	1392
1457	18:22:54	60.16	6499	1375	1392
1458	18:23:54	60.15	6499	1375	1392
1459	18:24:54	60.09	6499	1374	1391
1460	18:25:54	60.16	6499	1374	1391
1461	18:26:54	60.14	6499	1374	1390
1462	18:27:54	60.18	6499	1373	1390
1463	18:28:54	60.15	6499	1373	1390
1464	18:29:55	60.15	6499	1372	1389
1465	18:30:55	60.15	6499	1372	1389
1466	18:31:55	60.12	6499	1372	1388
1467	18:32:55	60.11	6499	1371	1388
1468	18:33:55	60.18	6499	1371	1388
1469	18:34:55	60.13	6499	1370	1387
1470	18:35:55	60.16	6499	1370	1387
1471	18:36:56	60.19	6499	1370	1386
1472	18:37:56	60.15	6499	1369	1386
1473	18:38:56	60.19	6499	1369	1386
1474	18:39:56	60.14	6499	1368	1385
1475	18:40:56	60.14	6499	1368	1385
1476	18:41:56	60.14	6499	1368	1384
1477	18:42:57	60.16	6499	1367	1384
1478	18:43:57	60.14	6499	1367	1384
1479	18:44:57	60.13	6499	1367	1383
1480	18:45:57	60.09	6499	1366	1383
1481	18:46:57	60.14	6499	1366	1383
1482	18:47:57	60.15	6499	1365	1382
1483	18:48:57	60.13	6499	1365	1382
1484	18:49:58	60.17	6499	1364	1381
1485	18:50:58	60.14	6499	1364	1381
1486	18:51:58	60.17	6499	1364	1381
1487	18:52:58	60.15	6499	1363	1380
1488	18:53:58	60.12	6499	1363	1380
1489	18:54:58	60.14	6499	1363	1379
1490	18:55:58	60.10	6499	1362	1379
1491	18:56:58	60.16	6499	1362	1379
1492	18:57:59	60.15	6499	1361	1378
1493	18:58:59	60.18	6499	1361	1378
1494	18:59:59	60.15	6499	1361	1378
1495	19:00:59	60.13	6499	1360	1377
1496	19:01:59	60.13	6499	1360	1377
1497	19:02:59	60.14	6499	1360	1377
1498	19:04:00	60.13	6499	1357	1376
1499	19:05:00	60.16	6499	1359	1376
1500	19:06:00	60.13	6499	1358	1375
1501	19:07:00	60.16	6499	1358	1375
1502	19:08:00	60.13	6499	1358	1375
1503	19:09:00	60.18	6499	1357	1374
1504	19:10:00	60.12	6499	1357	1374
1505	19:11:01	13.77	6499	1357	1373
1506	19:11:14	60.41	6499	1356	1373
1507	19:12:15	60.08	6499	1356	1373
1508	19:13:15	60.13	6499	1355	1372
1509	19:14:15	60.11	6499	1355	1372
1510	19:15:15	60.11	6499	1355	1372
1511	19:16:15	60.09	6499	1354	1371
1512	19:17:15	60.09	6499	1354	1371
1513	19:18:15	60.12	6499	1354	1371
1514	19:19:15	60.08	6499	1353	1370
1515	19:20:16	60.10	6499	1353	1370
1516	19:21:16	60.15	6499	1353	1370
1517	19:22:16	60.15	6499	1352	1369
1518	19:23:16	60.14	6499	1352	1369
1519	19:24:16	60.13	6499	1351	1368
1520	19:25:16	23.10	6499	1351	1368
1521	19:25:39	60.08	6499	1351	1368
1522	19:26:39	60.35	6499	1350	1367
1523	19:27:40	60.46	6499	1350	1367
1524	19:28:40	60.30	6499	1350	1366
1525	19:29:40	60.21	6499	1349	1366
1526	19:30:41	60.40	6499	1349	1366
1527	19:31:41	60.19	6499	1349	1366
1528	19:32:41	60.34	6499	1348	1365
1529	19:33:42	60.54	6499	1348	1365
1530	19:34:42	60.10	6499	1348	1364
1531	19:35:42	60.12	6499	1347	1364
1532	19:36:42	60.11	6499	1347	1364
1533	19:37:42	60.11	6499	1346	1363
1534	19:38:43	60.16	6499	1346	1363
1535	19:39:43	60.15	6499	0	0
1536	19:40:43	60.19	6499	0	0
1537	19:41:43	60.19	6499	0	0
1538	19:42:43	60.14	6499	0	0
1539	19:43:43	60.18	6499	-1	-1
1540	19:44:44	60.16	6499	14.27	10.53
1541	19:45:44	60.18	6499	0	0
1542	19:46:44	60.16	6499	0	0
1543	19:47:44	60.17	6499	0	0
1544	19:48:44	60.12	6499	0	0
1545	19:49:44	60.11	6499	0	0
1546	19:50:45	60.11	6499	0	0
1547	19:51:45	60.14	6499	0	0
1548	19:52:45	60.11	6499	0	0
1549	19:53:45	60.09	6499	0	0
1550	19:54:45	60.13	6499	0	0
1551	19:55:45	32.00	6499	0	0
1552	19:56:17	14.95	6499	0	0
1553	19:56:32	10.18	6499	0	0
1554	19:56:42	60.18	6499	0	0
1555	19:57:42	60.19	6499	0	0
1556	19:58:43	60.13	6499	0	0
1557	19:59:43	60.14	6499	0	0
1558	20:00:43	60.16	6499	0	0
1559	20:01:43	60.09	6499	0	0
1560	20:02:43	60.11	6499	0	0
1561	20:03:43	60.09	6499	0	0
1562	20:04:43	44.15	6499	0	0
1563	20:05:27	60.68	6499	0	0
1564	20:06:28	41.59	6499	0	0
1565	20:07:10	60.13	6499	0	0
1566	20:08:10	60.13	6501	0	0
1567	20:09:10	60.11	6501	0	0
1568	20:10:10	13.88	6501	0	0
Created by AtlRunQuery on: 2018-11-29 09:56:15.190656
