LHC beam energy and intensities during run 324781:
(Begin/end of run: Sat May 27 2017 03:29:05 − 16:17:33)

LB	   Start time
(CEST)	   Duration
(sec)	   Beam energy
(GeV)	   Intensity Beam-1
(1e11 protons)	   Intensity Beam-2
(1e11 protons)
1	03:29:05	60.11	59	0	0
2	03:30:05	60.10	59	0	0
3	03:31:05	60.11	59	0	0
4	03:32:05	60.11	59	0	0
5	03:33:05	60.11	59	0	0
6	03:34:06	60.11	59	0	0
7	03:35:06	33.69	59	0	0
8	03:35:39	21.77	59	0	0
9	03:36:01	60.23	59	0	0
10	03:37:01	60.10	59	0	0
11	03:38:01	60.11	59	0	0
12	03:39:02	60.11	59	0	0
13	03:40:02	60.11	59	0	0
14	03:41:02	60.09	59	0	0
15	03:42:02	60.11	387	0	0
16	03:43:02	60.11	744	0	0
17	03:44:02	60.11	1100	0	0
18	03:45:02	60.11	1457	0	0
19	03:46:02	60.10	1814	0	0
20	03:47:02	60.10	2170	0	0
21	03:48:02	60.11	2527	0	0
22	03:49:03	60.12	2889	0	0
23	03:50:03	60.11	3246	0	0
24	03:51:03	60.10	3566	0	0
25	03:52:03	60.11	3566	0	0
26	03:53:03	60.10	3566	0	0
27	03:54:03	60.10	3565	0	0
28	03:55:03	60.11	3566	0	0
29	03:56:03	60.11	3566	0	0
30	03:57:03	60.11	3566	0	0
31	03:58:04	60.11	3566	0	0
32	03:59:04	60.10	3566	0	0
33	04:00:04	60.12	3566	0	0
34	04:01:04	60.11	3564	0	0
35	04:02:04	60.11	3226	0	0
36	04:03:04	60.12	2869	0	0
37	04:04:04	60.10	2513	0	0
38	04:05:04	60.11	2156	0	0
39	04:06:04	60.10	1799	0	0
40	04:07:05	60.12	1437	0	0
41	04:08:05	60.10	1080	0	0
42	04:09:05	60.10	723	0	0
43	04:10:05	60.12	367	0	0
44	04:11:05	60.12	59	0	0
45	04:12:05	60.11	59	0	0
46	04:13:05	60.11	59	0	0
47	04:14:05	60.12	59	0	0
48	04:15:05	60.10	59	0	0
49	04:16:06	60.10	59	0	0
50	04:17:06	60.10	59	0	0
51	04:18:06	60.11	59	0	0
52	04:19:06	60.11	59	0	0
53	04:20:06	60.08	147	0	0
54	04:21:06	60.10	450	0	0
55	04:22:06	60.10	450	0	0
56	04:23:06	60.11	450	0	0
57	04:24:06	55.92	450	0	0
58	04:25:02	60.02	450	0	0
59	04:26:02	60.09	450	0	0
60	04:27:02	60.11	450	0	0
61	04:28:03	60.10	450	0	0
62	04:29:03	60.10	450	0	0
63	04:30:03	60.10	450	0	0
64	04:31:03	60.10	450	0	0
65	04:32:03	60.11	450	0	0
66	04:33:03	60.10	450	0	0
67	04:34:03	60.10	450	0	0
68	04:35:03	60.10	450	0	0
69	04:36:03	60.10	450	0	0
70	04:37:03	50.18	450	0.05504	0
71	04:37:54	10.17	450	0.07176	0.05354
72	04:38:04	60.11	450	0.07172	0.07807
73	04:39:04	60.11	450	0.07165	0.07805
74	04:40:04	17.46	450	0.0716	0.07803
75	04:40:21	60.17	450	0.07155	0.07802
76	04:41:22	60.11	450	0.07145	0.07801
77	04:42:22	60.11	450	0.07134	0.07799
78	04:43:22	60.11	450	0.07123	0.07797
79	04:44:22	60.12	450	0.0711	0.07795
80	04:45:22	60.10	450	0.07096	0.07792
81	04:46:22	60.12	450	0.07081	0.07789
82	04:47:22	60.11	450	0.07065	0.07786
83	04:48:22	60.11	450	0.0705	0.07783
84	04:49:23	60.12	450	0.07034	0.07776
85	04:50:23	60.11	450	0.04624	0.0777
86	04:51:23	60.11	450	0	0.7524
87	04:52:23	60.12	450	0	1.109
88	04:53:23	60.12	450	0	1.108
89	04:54:23	60.10	450	0	1.108
90	04:55:23	60.10	450	0.06034	1.107
91	04:56:23	60.11	450	0.06029	1.107
92	04:57:23	60.10	450	0	1.106
93	04:58:24	60.10	450	0	1.105
94	04:59:24	60.11	450	0	1.105
95	05:00:24	60.10	450	0	1.104
96	05:01:24	60.11	450	0	0.8694
97	05:02:24	60.12	450	0	0
98	05:03:24	60.11	450	0	0
99	05:04:24	60.11	450	0.07258	0.02314
100	05:05:24	60.10	450	0.07623	0.08155
101	05:06:24	60.10	450	0.0219	0.1211
102	05:07:25	60.10	450	0	1.062
103	05:08:25	60.10	450	0	1.062
104	05:09:25	60.11	450	0	1.061
105	05:10:25	60.11	450	0	1.061
106	05:11:25	60.11	450	0	1.06
107	05:12:25	60.11	450	0	1.059
108	05:13:25	60.11	450	0	1.058
109	05:14:25	60.12	450	0	1.058
110	05:15:25	60.11	450	0	1.057
111	05:16:26	60.10	450	0	1.056
112	05:17:26	60.11	450	0	1.055
113	05:18:26	60.10	450	0	1.055
114	05:19:26	60.11	450	0	1.054
115	05:20:26	60.09	450	0	1.053
116	05:21:26	60.11	450	0	1.052
117	05:22:26	60.10	450	7.108	1.043
118	05:23:26	60.11	450	12.29	8.805
119	05:24:26	60.11	450	0	0
120	05:25:26	60.11	450	0	0
121	05:26:27	60.10	450	0	0
122	05:27:27	60.11	450	0	0
123	05:28:27	60.11	450	0	0
124	05:29:27	60.11	450	0	0
125	05:30:27	60.11	450	0.03831	0
126	05:31:27	60.10	450	0.08026	0.07112
127	05:32:27	60.11	450	0.0802	0.0863
128	05:33:27	60.11	450	0.03395	0.08625
129	05:34:27	60.11	450	0	0.9318
130	05:35:28	60.11	450	0	1.002
131	05:36:28	60.10	450	0	1.878
132	05:37:28	60.11	450	0	2.405
133	05:38:28	60.11	450	0	2.853
134	05:39:28	60.10	450	0	2.852
135	05:40:28	60.10	450	13.75	4.523
136	05:41:28	60.12	450	17.39	16.55
137	05:42:28	60.11	450	28.36	17.56
138	05:43:28	60.10	450	37.88	31.07
139	05:44:28	60.11	450	47.02	41.54
140	05:45:29	60.11	450	60.73	50.66
141	05:46:29	60.10	450	70.47	59.47
142	05:47:29	60.11	450	79.43	73.21
143	05:48:29	60.11	450	88.6	82.3
144	05:49:29	60.10	450	88.6	87.21
145	05:50:29	60.10	450	88.59	87.2
146	05:51:29	60.10	450	88.58	87.19
147	05:52:29	60.11	450	88.57	87.18
148	05:53:29	60.10	450	88.56	87.17
149	05:54:30	60.11	450	88.56	87.16
150	05:55:30	60.11	450	88.55	87.15
151	05:56:30	60.10	450	88.54	87.14
152	05:57:30	60.11	450	88.53	87.13
153	05:58:30	60.11	450	88.52	87.12
154	05:59:30	60.10	450	88.52	87.11
155	06:00:30	60.11	450	88.51	87.1
156	06:01:30	60.11	450	88.5	87.1
157	06:02:30	60.10	450	88.5	87.09
158	06:03:31	60.11	450	88.49	87.07
159	06:04:31	60.11	450	88.48	87.07
160	06:05:31	60.09	450	88.47	87.05
161	06:06:31	60.11	450	88.46	87.04
162	06:07:31	60.11	450	88.46	87.03
163	06:08:31	60.11	450	88.45	87.02
164	06:09:31	50.75	450	88.44	87.01
165	06:10:22	29.48	453	73.9	73.28
166	06:10:51	60.26	472	73.89	73.28
167	06:11:52	60.11	568	73.89	73.28
168	06:12:52	60.12	733	73.89	73.29
169	06:13:52	38.01	959	73.89	73.28
170	06:14:30	60.17	1136	73.89	73.28
171	06:15:30	60.10	1472	73.89	73.28
172	06:16:30	60.10	1820	73.89	73.28
173	06:17:30	60.11	2167	73.89	73.28
174	06:18:30	60.11	2515	73.89	73.28
175	06:19:30	60.10	2862	73.88	73.28
176	06:20:31	60.09	3215	73.88	73.27
177	06:21:31	60.11	3563	73.87	73.27
178	06:22:31	60.11	3910	73.86	73.27
179	06:23:31	60.11	4258	73.85	73.26
180	06:24:31	60.12	4605	73.84	73.25
181	06:25:31	60.10	4952	73.83	73.24
182	06:26:31	60.10	5300	73.81	73.24
183	06:27:31	60.11	5647	73.78	73.22
184	06:28:31	60.10	5994	73.64	73.2
185	06:29:32	54.90	6348	73.59	73.19
186	06:30:26	10.46	6499	73.56	73.19
187	06:30:37	60.12	6499	73.55	73.19
188	06:31:37	60.11	6499	73.54	73.19
189	06:32:37	60.11	6499	73.53	73.18
190	06:33:37	60.11	6499	73.52	73.18
191	06:34:37	60.10	6499	73.49	73.18
192	06:35:37	60.11	6499	73.47	73.17
193	06:36:38	60.10	6499	73.45	73.17
194	06:37:38	60.10	6499	73.42	73.17
195	06:38:38	60.11	6499	73.39	73.16
196	06:39:38	60.12	6499	73.37	73.16
197	06:40:38	60.10	6499	73.36	73.17
198	06:41:38	60.10	6499	73.35	73.16
199	06:42:38	49.21	6499	73.35	73.16
200	06:43:27	60.24	6499	73.35	73.16
201	06:44:28	60.11	6499	73.34	73.16
202	06:45:28	60.25	6499	73.34	73.16
203	06:46:28	60.20	6499	73.32	73.14
204	06:47:28	60.11	6499	73.29	73.12
205	06:48:28	60.11	6499	73.26	73.09
206	06:49:28	60.10	6499	73.23	73.07
207	06:50:28	60.12	6499	73.2	73.04
208	06:51:29	60.12	6499	73.16	73.01
209	06:52:29	60.10	6499	73.13	72.96
210	06:53:29	60.10	6499	73.09	72.89
211	06:54:29	60.11	6499	73.06	72.85
212	06:55:29	60.11	6499	73.03	72.82
213	06:56:29	60.12	6499	73	72.78
214	06:57:29	60.10	6499	72.98	72.75
215	06:58:29	60.11	6499	72.95	72.72
216	06:59:29	60.11	6499	72.92	72.7
217	07:00:30	60.11	6499	72.89	72.67
218	07:01:30	60.10	6499	72.86	72.64
219	07:02:30	60.12	6499	72.83	72.61
220	07:03:30	24.11	6499	72.81	72.58
221	07:03:54	60.28	6499	72.79	72.56
222	07:04:54	60.11	6499	72.76	72.53
223	07:05:54	60.11	6499	72.73	72.5
224	07:06:55	60.11	6499	72.71	72.48
225	07:07:55	60.11	6499	72.68	72.45
226	07:08:55	60.09	6499	72.66	72.42
227	07:09:55	60.11	6499	72.63	72.39
228	07:10:55	60.09	6499	72.6	72.36
229	07:11:55	60.10	6499	72.57	72.33
230	07:12:55	60.10	6499	72.55	72.31
231	07:13:55	60.11	6499	72.52	72.28
232	07:14:55	60.10	6499	72.49	72.25
233	07:15:55	60.11	6499	72.46	72.22
234	07:16:56	44.36	6499	72.44	72.2
235	07:17:40	60.33	6499	72.41	72.17
236	07:18:40	60.11	6499	72.38	72.15
237	07:19:40	60.11	6499	72.36	72.12
238	07:20:40	60.07	6499	72.33	72.09
239	07:21:41	60.10	6499	72.3	72.06
240	07:22:41	60.11	6499	72.28	72.04
241	07:23:41	60.11	6499	72.25	72.01
242	07:24:41	60.11	6499	72.22	71.98
243	07:25:41	60.11	6499	72.19	71.95
244	07:26:41	60.11	6499	72.16	71.93
245	07:27:41	57.84	6499	72.14	71.9
246	07:28:39	60.41	6499	72.11	71.87
247	07:29:39	60.10	6499	72.08	71.84
248	07:30:40	60.11	6499	72.06	71.82
249	07:31:40	60.12	6499	72.03	71.79
250	07:32:40	60.10	6499	72	71.76
251	07:33:40	60.11	6499	71.97	71.73
252	07:34:40	60.11	6499	71.94	71.71
253	07:35:40	60.10	6499	71.92	71.68
254	07:36:40	60.11	6499	71.89	71.66
255	07:37:40	60.11	6499	71.87	71.63
256	07:38:40	60.10	6499	71.84	71.61
257	07:39:40	60.10	6499	71.81	71.58
258	07:40:41	60.11	6499	71.78	71.55
259	07:41:41	60.11	6499	71.76	71.52
260	07:42:41	60.12	6499	71.73	71.5
261	07:43:41	60.11	6499	71.7	71.47
262	07:44:41	60.12	6499	71.67	71.44
263	07:45:41	60.10	6499	71.64	71.41
264	07:46:41	60.11	6499	71.62	71.39
265	07:47:41	60.10	6499	71.59	71.36
266	07:48:41	60.11	6499	71.56	71.33
267	07:49:42	60.11	6499	71.53	71.3
268	07:50:42	60.12	6499	71.5	71.28
269	07:51:42	60.12	6499	71.48	71.25
270	07:52:42	60.10	6499	71.45	71.22
271	07:53:42	60.10	6499	71.42	71.19
272	07:54:42	60.11	6499	71.39	71.16
273	07:55:42	60.11	6499	71.37	71.14
274	07:56:42	60.11	6499	71.34	71.11
275	07:57:42	60.11	6499	71.31	71.08
276	07:58:43	60.11	6499	71.28	71.05
277	07:59:43	60.11	6499	71.26	71.03
278	08:00:43	60.11	6499	71.23	71
279	08:01:43	60.11	6499	71.21	70.98
280	08:02:43	60.09	6499	71.18	70.95
281	08:03:43	60.11	6499	71.17	70.93
282	08:04:43	60.11	6499	71.14	70.9
283	08:05:43	60.11	6499	71.12	70.87
284	08:06:43	60.11	6499	71.1	70.85
285	08:07:44	60.11	6499	71.07	70.82
286	08:08:44	60.11	6499	71.04	70.79
287	08:09:44	60.11	6499	71	70.77
288	08:10:44	60.10	6499	70.98	70.74
289	08:11:44	60.11	6499	70.95	70.72
290	08:12:44	60.10	6499	70.92	70.69
291	08:13:44	60.11	6499	70.9	70.66
292	08:14:44	60.11	6499	70.87	70.64
293	08:15:44	60.10	6499	70.84	70.61
294	08:16:44	60.11	6499	70.82	70.59
295	08:17:45	60.11	6499	70.79	70.56
296	08:18:45	60.11	6499	70.77	70.54
297	08:19:45	60.10	6499	70.74	70.51
298	08:20:45	60.08	6499	70.72	70.48
299	08:21:45	60.10	6499	70.7	70.46
300	08:22:45	60.11	6499	70.67	70.43
301	08:23:45	60.10	6499	70.65	70.41
302	08:24:45	60.11	6499	70.62	70.38
303	08:25:45	60.12	6499	70.6	70.36
304	08:26:46	60.10	6499	70.57	70.33
305	08:27:46	60.11	6499	70.55	70.31
306	08:28:46	60.09	6499	70.52	70.28
307	08:29:46	60.11	6499	70.5	70.26
308	08:30:46	60.10	6499	70.47	70.23
309	08:31:46	60.11	6499	70.45	70.2
310	08:32:46	60.11	6499	70.43	70.18
311	08:33:46	60.09	6499	70.4	70.15
312	08:34:46	60.10	6499	70.38	70.12
313	08:35:46	60.11	6499	70.35	70.1
314	08:36:47	60.11	6499	70.33	70.07
315	08:37:47	60.12	6499	70.31	70.05
316	08:38:47	60.11	6499	70.28	70.02
317	08:39:47	60.11	6499	70.25	70
318	08:40:47	60.10	6499	70.23	69.97
319	08:41:47	60.10	6499	70.21	69.95
320	08:42:47	60.11	6499	70.18	69.92
321	08:43:47	60.11	6499	70.16	69.9
322	08:44:47	60.12	6499	70.13	69.87
323	08:45:48	60.10	6499	70.11	69.85
324	08:46:48	60.10	6499	70.08	69.82
325	08:47:48	60.12	6499	70.06	69.8
326	08:48:48	60.11	6499	70.03	69.78
327	08:49:48	60.11	6499	70.01	69.75
328	08:50:48	60.11	6499	69.98	69.72
329	08:51:48	60.11	6499	69.96	69.7
330	08:52:48	28.93	6499	69.94	69.68
331	08:53:17	60.23	6499	69.92	69.66
332	08:54:17	60.10	6499	69.89	69.63
333	08:55:18	60.11	6499	69.86	69.61
334	08:56:18	60.10	6499	69.84	69.58
335	08:57:18	60.11	6499	69.81	69.56
336	08:58:18	60.11	6499	69.79	69.53
337	08:59:18	60.10	6499	69.76	69.5
338	09:00:18	60.11	6499	69.74	69.48
339	09:01:18	60.11	6499	69.71	69.46
340	09:02:18	60.10	6499	69.68	69.43
341	09:03:18	60.09	6499	69.66	69.41
342	09:04:18	60.11	6499	69.64	69.38
343	09:05:19	60.11	6499	69.61	69.36
344	09:06:19	60.12	6499	69.58	69.33
345	09:07:19	60.11	6499	69.56	69.31
346	09:08:19	60.10	6499	69.53	69.28
347	09:09:19	60.12	6499	69.51	69.26
348	09:10:19	60.10	6499	69.48	69.23
349	09:11:19	60.10	6499	69.46	69.21
350	09:12:19	60.11	6499	69.43	69.18
351	09:13:19	60.11	6499	69.41	69.16
352	09:14:20	60.11	6499	69.38	69.13
353	09:15:20	60.12	6499	69.35	69.11
354	09:16:20	60.10	6499	69.33	69.09
355	09:17:20	60.11	6499	69.3	69.06
356	09:18:20	60.10	6499	69.28	69.04
357	09:19:20	60.11	6499	69.25	69.01
358	09:20:20	60.08	6499	69.23	68.99
359	09:21:20	60.11	6499	69.21	68.96
360	09:22:20	60.11	6499	69.18	68.94
361	09:23:21	60.10	6499	69.16	68.91
362	09:24:21	60.10	6499	69.13	68.89
363	09:25:21	60.10	6499	69.11	68.86
364	09:26:21	60.10	6499	69.08	68.84
365	09:27:21	60.11	6499	69.06	68.81
366	09:28:21	60.10	6499	69.03	68.79
367	09:29:21	60.10	6499	69.01	68.77
368	09:30:21	60.11	6499	68.99	68.74
369	09:31:21	60.11	6499	68.96	68.72
370	09:32:21	60.11	6499	68.94	68.69
371	09:33:22	60.11	6499	68.91	68.67
372	09:34:22	60.11	6499	68.89	68.64
373	09:35:22	60.11	6499	68.86	68.62
374	09:36:22	60.11	6499	68.84	68.6
375	09:37:22	60.10	6499	68.81	68.57
376	09:38:22	60.09	6499	68.79	68.55
377	09:39:22	41.63	6499	68.77	68.53
378	09:40:04	10.20	6499	68.76	68.51
379	09:40:14	60.10	6499	68.74	68.5
380	09:41:14	60.10	6499	68.72	68.48
381	09:42:14	60.11	6499	68.69	68.46
382	09:43:14	60.10	6499	68.67	68.43
383	09:44:14	60.11	6499	68.65	68.41
384	09:45:15	43.79	6499	68.63	68.38
385	09:45:58	60.15	6499	68.61	68.36
386	09:46:58	60.10	6499	68.58	68.34
387	09:47:59	60.11	6499	68.56	68.31
388	09:48:59	60.09	6499	68.53	68.29
389	09:49:59	60.11	6499	68.51	68.27
390	09:50:59	60.11	6499	68.48	68.24
391	09:51:59	60.11	6499	68.46	68.22
392	09:52:59	60.10	6499	68.44	68.2
393	09:53:59	60.11	6499	68.41	68.17
394	09:54:59	60.11	6499	68.39	68.15
395	09:55:59	60.11	6499	68.36	68.12
396	09:57:00	60.11	6499	68.34	68.1
397	09:58:00	60.10	6499	68.31	68.07
398	09:59:00	60.09	6499	68.29	68.05
399	10:00:00	60.11	6499	68.27	68.03
400	10:01:00	60.09	6499	68.24	68
401	10:02:00	10.26	6499	68.23	67.99
402	10:02:10	60.10	6499	68.21	67.98
403	10:03:10	60.11	6499	68.19	67.95
404	10:04:11	60.11	6499	68.16	67.93
405	10:05:11	60.10	6499	68.14	67.9
406	10:06:11	60.11	6499	68.12	67.88
407	10:07:11	60.12	6499	68.09	67.86
408	10:08:11	60.11	6499	68.07	67.83
409	10:09:11	60.11	6499	68.04	67.81
410	10:10:11	18.68	6499	68.02	67.79
411	10:10:30	30.91	6499	68.01	67.79
412	10:11:01	60.34	6499	68	67.77
413	10:12:01	30.66	6499	67.98	67.75
414	10:12:32	60.25	6499	67.96	67.73
415	10:13:32	60.09	6499	67.93	67.71
416	10:14:32	60.10	6499	67.91	67.68
417	10:15:32	60.11	6499	67.89	67.66
418	10:16:32	60.11	6499	67.86	67.64
419	10:17:32	60.12	6499	67.84	67.61
420	10:18:33	60.11	6499	67.81	67.59
421	10:19:33	60.10	6499	67.79	67.57
422	10:20:33	60.07	6499	67.77	67.54
423	10:21:33	59.14	6499	67.74	67.52
424	10:22:32	60.30	6499	67.72	67.49
425	10:23:32	60.10	6499	67.7	67.47
426	10:24:32	60.10	6499	67.67	67.45
427	10:25:33	60.10	6499	67.65	67.42
428	10:26:33	60.12	6499	67.62	67.4
429	10:27:33	60.09	6499	67.6	67.38
430	10:28:33	60.10	6499	67.58	67.35
431	10:29:33	60.10	6499	67.55	67.33
432	10:30:33	60.11	6499	67.53	67.31
433	10:31:33	60.10	6499	67.51	67.28
434	10:32:33	60.10	6499	67.49	67.26
435	10:33:33	60.11	6499	67.46	67.24
436	10:34:33	60.11	6499	67.44	67.22
437	10:35:34	60.11	6499	67.41	67.19
438	10:36:34	60.11	6499	67.39	67.17
439	10:37:34	60.09	6499	67.37	67.14
440	10:38:34	60.11	6499	67.34	67.12
441	10:39:34	60.11	6499	67.32	67.1
442	10:40:34	60.11	6499	67.3	67.07
443	10:41:34	60.11	6499	67.27	67.05
444	10:42:34	60.10	6499	67.25	67.03
445	10:43:34	60.11	6499	67.23	67.01
446	10:44:35	60.10	6499	67.2	66.98
447	10:45:35	60.10	6499	67.18	66.96
448	10:46:35	60.12	6499	67.16	66.94
449	10:47:35	60.10	6499	67.13	66.91
450	10:48:35	60.12	6499	67.11	66.89
451	10:49:35	60.09	6499	67.08	66.87
452	10:50:35	60.10	6499	67.06	66.84
453	10:51:35	60.11	6499	67.04	66.82
454	10:52:35	60.11	6499	67.01	66.8
455	10:53:36	60.11	6499	66.99	66.77
456	10:54:36	60.10	6499	66.97	66.75
457	10:55:36	60.11	6499	66.94	66.73
458	10:56:36	60.11	6499	66.92	66.71
459	10:57:36	60.10	6499	66.9	66.68
460	10:58:36	60.11	6499	66.87	66.66
461	10:59:36	60.10	6499	66.85	66.64
462	11:00:36	60.10	6499	66.82	66.61
463	11:01:36	60.11	6499	66.8	66.59
464	11:02:36	60.10	6499	66.78	66.57
465	11:03:37	60.11	6499	66.75	66.54
466	11:04:37	60.11	6499	66.73	66.52
467	11:05:37	60.11	6499	66.71	66.5
468	11:06:37	60.11	6499	66.68	66.47
469	11:07:37	60.10	6499	66.66	66.45
470	11:08:37	60.11	6499	66.63	66.43
471	11:09:37	60.11	6499	66.61	66.41
472	11:10:37	60.10	6499	66.59	66.38
473	11:11:37	60.11	6499	66.57	66.36
474	11:12:38	60.10	6499	66.54	66.34
475	11:13:38	60.10	6499	66.52	66.31
476	11:14:38	60.10	6499	66.5	66.29
477	11:15:38	60.11	6499	66.47	66.27
478	11:16:38	60.11	6499	66.45	66.25
479	11:17:38	60.10	6499	66.43	66.22
480	11:18:38	30.44	6499	66.41	66.21
481	11:19:09	60.21	6499	66.39	66.19
482	11:20:09	10.26	6499	66.38	66.18
483	11:20:19	24.21	6499	66.37	66.17
484	11:20:43	10.08	6499	66.36	66.17
485	11:20:53	60.08	6499	66.35	66.15
486	11:21:53	16.95	6499	66.34	66.14
487	11:22:10	60.43	6499	66.32	66.13
488	11:23:11	60.10	6499	66.3	66.1
489	11:24:11	59.80	6499	66.28	66.08
490	11:25:11	60.17	6499	66.25	66.06
491	11:26:11	60.12	6499	66.23	66.03
492	11:27:11	60.10	6499	66.2	66.01
493	11:28:11	60.11	6499	66.18	65.99
494	11:29:11	60.12	6499	66.16	65.96
495	11:30:11	60.11	6499	66.14	65.94
496	11:31:11	60.10	6499	66.11	65.92
497	11:32:12	60.11	6499	66.09	65.9
498	11:33:12	60.11	6499	66.06	65.87
499	11:34:12	60.12	6499	66.04	65.85
500	11:35:12	60.11	6499	66.02	65.83
501	11:36:12	60.12	6499	66	65.81
502	11:37:12	60.11	6499	65.97	65.79
503	11:38:12	60.10	6499	65.95	65.76
504	11:39:12	60.09	6499	65.93	65.74
505	11:40:12	60.10	6499	65.9	65.72
506	11:41:13	60.78	6499	65.88	65.7
507	11:42:13	60.09	6499	65.86	65.67
508	11:43:13	60.10	6499	65.83	65.65
509	11:44:14	60.12	6499	65.81	65.63
510	11:45:14	60.12	6499	65.79	65.61
511	11:46:14	60.10	6499	65.76	65.59
512	11:47:14	35.08	6499	65.75	65.57
513	11:47:49	60.35	6499	65.73	65.55
514	11:48:49	60.12	6499	65.71	65.53
515	11:49:49	60.11	6499	65.68	65.5
516	11:50:49	60.11	6499	65.66	65.48
517	11:51:50	60.11	6499	65.64	65.46
518	11:52:50	60.12	6499	65.61	65.44
519	11:53:50	60.11	6499	65.59	65.42
520	11:54:50	60.11	6499	65.57	65.39
521	11:55:50	60.11	6499	65.55	65.37
522	11:56:50	60.11	6499	65.52	65.35
523	11:57:50	60.11	6499	65.5	65.33
524	11:58:50	60.11	6499	65.48	65.31
525	11:59:50	60.10	6499	65.45	65.28
526	12:00:51	60.12	6499	65.43	65.26
527	12:01:51	60.10	6499	65.41	65.24
528	12:02:51	60.10	6499	65.39	65.22
529	12:03:51	60.12	6499	65.36	65.2
530	12:04:51	60.11	6499	65.34	65.17
531	12:05:51	60.10	6499	65.32	65.15
532	12:06:51	60.11	6499	65.3	65.13
533	12:07:51	60.10	6499	65.28	65.11
534	12:08:51	60.09	6499	65.25	65.09
535	12:09:52	60.12	6499	65.23	65.07
536	12:10:52	60.10	6499	65.21	65.04
537	12:11:52	60.11	6499	65.18	65.02
538	12:12:52	60.10	6499	65.16	65
539	12:13:52	60.12	6499	65.14	64.98
540	12:14:52	60.10	6499	65.12	64.96
541	12:15:52	60.11	6499	65.09	64.94
542	12:16:52	60.11	6499	65.07	64.91
543	12:17:52	60.11	6499	65.05	64.89
544	12:18:53	60.10	6499	65.02	64.87
545	12:19:53	60.10	6499	65	64.84
546	12:20:53	60.08	6499	64.98	64.82
547	12:21:53	60.10	6499	64.96	64.8
548	12:22:53	60.11	6499	64.93	64.78
549	12:23:53	60.11	6499	64.91	64.76
550	12:24:53	60.09	6499	64.89	64.74
551	12:25:53	60.11	6499	64.87	64.72
552	12:26:53	60.11	6499	64.84	64.69
553	12:27:53	60.11	6499	64.82	64.67
554	12:28:54	60.11	6499	64.8	64.65
555	12:29:54	60.10	6499	64.78	64.63
556	12:30:54	60.11	6499	64.76	64.61
557	12:31:54	60.11	6499	64.74	64.59
558	12:32:54	60.11	6499	64.71	64.57
559	12:33:54	60.11	6499	64.69	64.54
560	12:34:54	60.11	6499	64.67	64.52
561	12:35:54	60.11	6499	64.65	64.5
562	12:36:54	60.11	6499	64.62	64.48
563	12:37:55	60.10	6499	64.6	64.46
564	12:38:55	60.12	6499	64.58	64.44
565	12:39:55	60.12	6499	64.56	64.42
566	12:40:55	60.11	6499	64.54	64.4
567	12:41:55	60.10	6499	64.51	64.37
568	12:42:55	60.10	6499	64.49	64.35
569	12:43:55	60.11	6499	64.47	64.33
570	12:44:55	60.11	6499	64.44	64.3
571	12:45:55	60.10	6499	64.42	64.29
572	12:46:55	60.10	6499	64.4	64.27
573	12:47:56	60.12	6499	64.38	64.24
574	12:48:56	60.11	6499	64.36	64.22
575	12:49:56	60.11	6499	64.33	64.2
576	12:50:56	60.12	6499	64.31	64.18
577	12:51:56	60.11	6499	64.29	64.16
578	12:52:56	60.10	6499	64.27	64.14
579	12:53:56	60.11	6499	64.24	64.12
580	12:54:56	60.12	6499	64.22	64.09
581	12:55:56	60.11	6499	64.2	64.07
582	12:56:57	60.11	6499	64.18	64.05
583	12:57:57	60.11	6499	64.15	64.03
584	12:58:57	60.11	6499	64.13	64.01
585	12:59:57	60.10	6499	64.11	63.98
586	13:00:57	60.10	6499	64.08	63.96
587	13:01:57	60.11	6499	64.06	63.94
588	13:02:57	60.10	6499	64.04	63.92
589	13:03:57	60.10	6499	64.01	63.9
590	13:04:57	60.11	6499	63.99	63.88
591	13:05:58	60.11	6499	63.97	63.86
592	13:06:58	60.11	6499	63.95	63.84
593	13:07:58	60.10	6499	63.92	63.82
594	13:08:58	60.11	6499	63.9	63.79
595	13:09:58	60.11	6499	63.88	63.77
596	13:10:58	60.10	6499	63.86	63.75
597	13:11:58	60.11	6499	63.84	63.73
598	13:12:58	60.11	6499	63.82	63.71
599	13:13:58	60.11	6499	63.8	63.69
600	13:14:59	60.10	6499	63.77	63.67
601	13:15:59	60.09	6499	63.75	63.65
602	13:16:59	60.10	6499	63.73	63.63
603	13:17:59	60.12	6499	63.71	63.6
604	13:18:59	60.11	6499	63.69	63.58
605	13:19:59	60.08	6499	63.66	63.56
606	13:20:59	60.08	6499	63.64	63.54
607	13:21:59	10.27	6499	63.63	63.53
608	13:22:09	60.10	6499	63.62	63.52
609	13:23:10	60.09	6499	63.6	63.49
610	13:24:10	60.11	6499	63.57	63.47
611	13:25:10	60.11	6499	63.55	63.45
612	13:26:10	60.11	6499	63.53	63.43
613	13:27:10	60.11	6499	63.51	63.41
614	13:28:10	60.11	6499	63.49	63.39
615	13:29:10	60.11	6499	63.47	63.37
616	13:30:10	60.10	6499	63.45	63.35
617	13:31:10	60.11	6499	63.42	63.33
618	13:32:11	60.10	6499	63.4	63.31
619	13:33:11	60.11	6499	63.38	63.28
620	13:34:11	60.10	6499	63.36	63.26
621	13:35:11	60.11	6499	63.34	63.24
622	13:36:11	60.11	6499	63.32	63.22
623	13:37:11	60.11	6499	63.29	63.2
624	13:38:11	60.10	6499	63.27	63.18
625	13:39:11	60.11	6499	63.25	63.16
626	13:40:11	60.10	6499	63.23	63.14
627	13:41:11	60.11	6499	63.21	63.12
628	13:42:12	60.11	6499	63.19	63.1
629	13:43:12	60.11	6499	63.17	63.08
630	13:44:12	60.10	6499	63.15	63.05
631	13:45:12	60.11	6499	63.13	63.03
632	13:46:12	60.11	6499	63.11	63.01
633	13:47:12	60.10	6499	63.08	62.99
634	13:48:12	60.11	6499	63.06	62.97
635	13:49:12	60.09	6499	63.04	62.95
636	13:50:12	60.11	6499	63.02	62.93
637	13:51:13	60.11	6499	63	62.91
638	13:52:13	60.09	6499	62.98	62.89
639	13:53:13	60.10	6499	62.96	62.87
640	13:54:13	60.11	6499	62.93	62.85
641	13:55:13	60.11	6499	62.91	62.83
642	13:56:13	60.12	6499	62.89	62.81
643	13:57:13	60.11	6499	62.87	62.79
644	13:58:13	60.12	6499	62.85	62.77
645	13:59:13	60.10	6499	62.83	62.75
646	14:00:14	60.09	6499	62.81	62.73
647	14:01:14	60.10	6499	62.79	62.7
648	14:02:14	60.11	6499	62.76	62.68
649	14:03:14	60.11	6499	62.74	62.66
650	14:04:14	60.11	6499	62.72	62.64
651	14:05:14	60.11	6499	62.7	62.62
652	14:06:14	60.11	6499	62.68	62.6
653	14:07:14	60.11	6499	62.66	62.58
654	14:08:14	60.11	6499	62.64	62.56
655	14:09:14	60.10	6499	62.62	62.54
656	14:10:15	60.11	6499	62.6	62.52
657	14:11:15	60.10	6499	62.57	62.5
658	14:12:15	60.11	6499	62.55	62.48
659	14:13:15	60.10	6499	62.53	62.46
660	14:14:15	60.10	6499	62.51	62.44
661	14:15:15	60.11	6499	62.49	62.42
662	14:16:15	60.10	6499	62.47	62.4
663	14:17:15	60.11	6499	62.44	62.38
664	14:18:15	60.11	6499	62.42	62.36
665	14:19:16	60.11	6499	62.4	62.34
666	14:20:16	60.08	6499	62.38	62.31
667	14:21:16	60.10	6499	62.36	62.29
668	14:22:16	60.11	6499	62.34	62.27
669	14:23:16	60.11	6499	62.31	62.25
670	14:24:16	60.10	6499	62.29	62.23
671	14:25:16	60.11	6499	62.27	62.21
672	14:26:16	60.11	6499	62.25	62.19
673	14:27:16	60.11	6499	62.23	62.17
674	14:28:16	60.11	6499	62.2	62.15
675	14:29:17	60.11	6499	62.18	62.13
676	14:30:17	60.10	6499	62.16	62.11
677	14:31:17	60.10	6499	62.14	62.09
678	14:32:17	60.10	6499	62.12	62.07
679	14:33:17	60.10	6499	62.1	62.05
680	14:34:17	60.10	6499	62.08	62.03
681	14:35:17	60.11	6499	62.06	62
682	14:36:17	60.08	6499	62.04	61.99
683	14:37:17	60.12	6499	62.01	61.97
684	14:38:18	60.10	6499	61.99	61.95
685	14:39:18	60.10	6499	61.97	61.93
686	14:40:18	60.10	6499	61.95	61.91
687	14:41:18	60.11	6499	61.93	61.88
688	14:42:18	60.11	6499	61.91	61.86
689	14:43:18	60.10	6499	61.89	61.84
690	14:44:18	60.10	6499	61.87	61.82
691	14:45:18	60.10	6499	61.85	61.8
692	14:46:18	60.10	6499	61.82	61.78
693	14:47:18	60.12	6499	61.8	61.76
694	14:48:19	60.11	6499	61.78	61.74
695	14:49:19	60.11	6499	61.76	61.72
696	14:50:19	60.11	6499	61.74	61.7
697	14:51:19	60.11	6499	61.72	61.68
698	14:52:19	60.11	6499	61.7	61.66
699	14:53:19	60.10	6499	61.68	61.64
700	14:54:19	60.11	6499	61.66	61.62
701	14:55:19	60.11	6499	61.64	61.6
702	14:56:19	60.10	6499	61.62	61.58
703	14:57:20	60.12	6499	61.6	61.56
704	14:58:20	60.11	6499	61.58	61.54
705	14:59:20	60.10	6499	61.55	61.52
706	15:00:20	60.11	6499	61.53	61.5
707	15:01:20	60.10	6499	61.51	61.48
708	15:02:20	60.12	6499	61.49	61.46
709	15:03:20	60.11	6499	61.47	61.44
710	15:04:20	60.10	6499	61.45	61.42
711	15:05:20	60.11	6499	61.43	61.4
712	15:06:20	60.12	6499	61.41	61.38
713	15:07:21	60.11	6499	61.39	61.36
714	15:08:21	60.12	6499	61.37	61.33
715	15:09:21	60.11	6499	61.34	61.31
716	15:10:21	60.11	6499	61.32	61.3
717	15:11:21	60.11	6499	61.3	61.28
718	15:12:21	60.10	6499	61.28	61.26
719	15:13:21	60.11	6499	61.26	61.24
720	15:14:21	60.11	6499	61.24	61.22
721	15:15:21	60.10	6499	61.22	61.2
722	15:16:22	60.11	6499	61.2	61.18
723	15:17:22	60.11	6499	61.18	61.15
724	15:18:22	58.65	6499	61.16	61.13
725	15:19:20	60.29	6499	61.14	61.11
726	15:20:21	60.06	6499	61.12	61.1
727	15:21:21	60.11	6499	61.09	61.08
728	15:22:21	60.10	6499	61.07	61.06
729	15:23:21	60.11	6499	61.05	61.04
730	15:24:21	60.10	6499	61.03	61.02
731	15:25:21	60.10	6499	61.01	61
732	15:26:21	49.67	6499	60.99	60.98
733	15:27:11	60.29	6499	60.97	60.96
734	15:28:11	60.09	6499	60.95	60.94
735	15:29:11	60.09	6499	60.93	60.92
736	15:30:11	60.10	6499	60.91	60.9
737	15:31:12	60.11	6499	60.89	60.88
738	15:32:12	60.11	6499	60.87	60.86
739	15:33:12	60.11	6499	60.85	60.84
740	15:34:12	60.11	6499	60.83	60.82
741	15:35:12	60.10	6499	60.8	60.8
742	15:36:12	60.10	6499	60.78	60.78
743	15:37:12	60.11	6499	60.76	60.76
744	15:38:12	60.11	6499	60.74	60.74
745	15:39:12	60.11	6499	60.72	60.72
746	15:40:13	60.09	6499	60.7	60.7
747	15:41:13	60.09	6499	60.68	60.68
748	15:42:13	60.10	6499	60.66	60.66
749	15:43:13	60.10	6499	60.64	60.64
750	15:44:13	60.11	6499	60.62	60.62
751	15:45:13	60.11	6499	60.6	60.6
752	15:46:13	60.10	6499	60.57	60.58
753	15:47:13	60.11	6499	60.56	60.56
754	15:48:13	60.10	6499	60.53	60.54
755	15:49:13	60.11	6499	60.51	60.52
756	15:50:14	60.10	6499	60.49	60.5
757	15:51:14	60.11	6499	60.47	60.48
758	15:52:14	60.10	6499	60.45	60.46
759	15:53:14	60.12	6499	60.43	60.44
760	15:54:14	60.10	6499	60.41	60.42
761	15:55:14	60.10	6499	60.39	60.4
762	15:56:14	60.11	6499	60.37	60.38
763	15:57:14	60.11	6499	60.34	60.36
764	15:58:14	60.11	6499	60.32	60.34
765	15:59:15	60.11	6499	60.3	60.32
766	16:00:15	60.10	6499	60.28	60.3
767	16:01:15	60.11	6499	60.26	60.28
768	16:02:15	60.12	6499	60.24	60.26
769	16:03:15	60.11	6499	60.22	60.24
770	16:04:15	60.11	6499	60.2	60.22
771	16:05:15	60.11	6499	60.18	60.2
772	16:06:15	60.11	6499	60.16	60.18
773	16:07:15	60.10	6499	60.14	60.16
774	16:08:16	60.11	6499	60.12	60.14
775	16:09:16	60.11	6499	60.1	60.12
776	16:10:16	60.12	6499	60.07	60.1
777	16:11:16	60.09	6499	60.05	60.08
778	16:12:16	60.10	6499	60.03	60.06
779	16:13:16	60.11	6499	60.01	60.04
780	16:14:16	60.11	6499	59.99	60.02
781	16:15:16	60.11	6499	59.97	60
782	16:16:16	60.11	6499	59.95	59.98
783	16:17:16	16.22	6499	0	0
Created by AtlRunQuery on: 2018-08-24 16:59:09.970744
