LHC beam energy and intensities during run 325028:
(Begin/end of run: Tue May 30 2017 14:02:35 − 15:02:46)

LB	   Start time
(CEST)	   Duration
(sec)	   Beam energy
(GeV)	   Intensity Beam-1
(1e11 protons)	   Intensity Beam-2
(1e11 protons)
1	14:02:35	60.10	6499	297.6	294
2	14:03:35	60.10	6499	297.5	293.8
3	14:04:35	60.11	6499	297.3	293.7
4	14:05:35	60.11	6499	297.2	293.5
5	14:06:35	60.11	6499	297	293.4
6	14:07:35	60.12	6499	296.9	293.2
7	14:08:36	60.11	6499	296.7	293.1
8	14:09:36	10.26	6499	296.7	293
9	14:09:46	21.78	6499	296.6	293
10	14:10:08	10.06	6499	296.6	292.9
11	14:10:18	10.27	6499	296.5	292.9
12	14:10:28	13.06	6499	296.5	292.9
13	14:10:41	10.23	6499	296.5	292.8
14	14:10:51	10.27	6499	296.5	292.8
15	14:11:02	10.26	6499	296.4	292.8
16	14:11:12	10.27	6499	296.4	292.8
17	14:11:22	10.26	6499	296.4	292.7
18	14:11:32	10.27	6499	296.4	292.7
19	14:11:43	11.85	6499	296.3	292.7
20	14:11:54	10.18	6499	296.3	292.7
21	14:12:05	10.27	6499	296.3	292.7
22	14:12:15	10.26	6499	296.3	292.6
23	14:12:25	10.75	6499	296.2	292.6
24	14:12:36	10.04	6499	296.2	292.6
25	14:12:46	10.27	6499	296.2	292.5
26	14:12:56	10.27	6499	296.2	292.5
27	14:13:07	10.27	6499	296.1	292.5
28	14:13:17	10.27	6499	296.1	292.5
29	14:13:27	10.26	6499	296.1	292.4
30	14:13:37	10.27	6499	296.1	292.4
31	14:13:48	10.27	6499	296	292.4
32	14:13:58	10.27	6499	296	292.4
33	14:14:08	10.02	6499	296	292.3
34	14:14:18	10.27	6499	296	292.3
35	14:14:28	10.27	6499	296	292.3
36	14:14:39	10.02	6499	295.9	292.3
37	14:14:49	10.27	6499	295.9	292.3
38	14:14:59	10.27	6499	295.9	292.2
39	14:15:09	10.02	6499	295.8	292.2
40	14:15:19	10.27	6499	295.8	292.2
41	14:15:30	11.90	6499	295.8	292.1
42	14:15:41	10.14	6499	295.8	292.1
43	14:15:52	10.26	6499	295.7	292.1
44	14:16:02	10.26	6499	295.7	292.1
45	14:16:12	10.27	6499	295.7	292.1
46	14:16:22	10.02	6499	295.7	292
47	14:16:32	10.02	6499	295.7	292
48	14:16:42	10.27	6499	295.6	292
49	14:16:53	10.27	6499	295.6	292
50	14:17:03	10.27	6499	295.6	291.9
51	14:17:13	13.27	6499	295.5	291.9
52	14:17:26	22.48	6499	295.5	291.9
53	14:17:49	15.32	6499	295.5	291.8
54	14:18:04	60.12	6499	295.4	291.7
55	14:19:04	60.11	6499	295.2	291.6
56	14:20:04	60.10	6499	295.1	291.4
57	14:21:05	60.10	6499	294.9	291.3
58	14:22:05	60.12	6499	294.8	291.2
59	14:23:05	13.90	6499	294.7	291.1
60	14:23:19	10.14	6499	294.7	291
61	14:23:29	10.26	6499	294.6	291
62	14:23:39	10.26	6499	294.6	291
63	14:23:49	10.26	6499	294.6	291
64	14:24:00	10.27	6499	294.6	290.9
65	14:24:10	10.27	6499	294.6	290.9
66	14:24:20	11.51	6499	294.5	290.9
67	14:24:32	10.03	6499	294.5	290.9
68	14:24:42	10.02	6499	294.5	290.8
69	14:24:52	10.27	6499	294.4	290.8
70	14:25:02	10.02	6499	294.4	290.8
71	14:25:12	10.27	6499	294.4	290.8
72	14:25:22	10.27	6499	294.4	290.8
73	14:25:33	11.65	6499	294.4	290.7
74	14:25:44	10.13	6499	294.3	290.7
75	14:25:54	10.26	6499	294.3	290.7
76	14:26:05	10.26	6499	294.3	290.7
77	14:26:15	10.27	6499	294.2	290.6
78	14:26:25	10.02	6499	294.2	290.6
79	14:26:35	10.07	6499	294.2	290.6
80	14:26:45	13.32	6499	294.2	290.5
81	14:26:59	10.17	6499	294.1	290.5
82	14:27:09	10.26	6499	294.1	290.5
83	14:27:19	10.26	6499	294.1	290.5
84	14:27:29	10.02	6499	294.1	290.5
85	14:27:39	10.02	6499	294	290.4
86	14:27:49	10.27	6499	294	290.4
87	14:28:00	10.27	6499	294	290.4
88	14:28:10	10.26	6499	294	290.4
89	14:28:20	10.27	6499	293.9	290.3
90	14:28:30	12.33	6499	293.9	290.3
91	14:28:43	10.20	6499	293.9	290.3
92	14:28:53	10.02	6499	293.9	290.3
93	14:29:03	60.11	6499	293.8	290.2
94	14:30:03	42.50	6499	293.7	290.1
95	14:30:46	23.31	6499	293.6	290
96	14:31:09	14.21	6499	293.5	289.9
97	14:31:23	60.21	6499	293.4	289.9
98	14:32:23	20.83	6499	293.3	289.8
99	14:32:44	10.22	6499	293.3	289.7
100	14:32:54	10.26	6499	293.3	289.7
101	14:33:05	10.27	6499	293.3	289.7
102	14:33:15	10.01	6499	293.2	289.6
103	14:33:25	14.69	6499	293.2	289.6
104	14:33:40	10.33	6499	293.2	289.6
105	14:33:50	15.01	6499	293.2	289.6
106	14:34:05	10.06	6499	293.1	289.5
107	14:34:15	10.02	6499	293.1	289.5
108	14:34:25	10.27	6499	293.1	289.5
109	14:34:35	10.27	6499	293.1	289.5
110	14:34:45	10.27	6499	293	289.4
111	14:34:56	10.27	6499	293	289.4
112	14:35:06	12.77	6499	293	289.4
113	14:35:19	10.02	6499	293	289.4
114	14:35:29	10.02	6499	292.9	289.3
115	14:35:39	10.27	6499	292.9	289.3
116	14:35:49	10.27	6499	292.9	289.3
117	14:35:59	19.83	6499	292.8	289.3
118	14:36:19	10.22	6499	292.8	289.2
119	14:36:29	10.27	6499	292.8	289.2
120	14:36:40	10.27	6499	292.8	289.2
121	14:36:50	10.26	6499	292.8	289.1
122	14:37:00	10.02	6499	292.7	289.1
123	14:37:10	10.27	6499	292.7	289.1
124	14:37:21	60.12	6499	292.6	289
125	14:38:21	54.76	6499	292.5	288.9
126	14:39:15	10.09	6499	292.4	288.8
127	14:39:25	10.02	6499	292.4	288.8
128	14:39:35	10.27	6499	292.4	288.8
129	14:39:46	10.27	6499	292.3	288.8
130	14:39:56	10.27	6499	292.3	288.7
131	14:40:06	10.27	6499	292.3	288.7
132	14:40:17	12.64	6499	292.2	288.7
133	14:40:29	10.14	6499	292.2	288.7
134	14:40:39	10.26	6499	292.2	288.6
135	14:40:50	10.27	6499	292.2	288.6
136	14:41:00	10.27	6499	292.2	288.6
137	14:41:10	10.27	6499	292.1	288.6
138	14:41:20	10.27	6499	292.1	288.5
139	14:41:31	12.59	6499	292.1	288.5
140	14:41:43	10.19	6499	292.1	288.5
141	14:41:53	10.27	6499	292	288.5
142	14:42:04	10.27	6499	292	288.4
143	14:42:14	10.03	6499	292	288.4
144	14:42:24	10.25	6499	292	288.4
145	14:42:34	10.27	6499	291.9	288.4
146	14:42:45	11.46	6499	291.9	288.4
147	14:42:56	10.07	6499	291.9	288.3
148	14:43:06	10.27	6499	291.9	288.3
149	14:43:16	10.27	6499	291.8	288.3
150	14:43:27	10.26	6499	291.8	288.3
151	14:43:37	10.26	6499	291.8	288.2
152	14:43:47	10.13	6499	291.8	288.2
153	14:43:57	13.49	6499	291.7	288.2
154	14:44:11	10.19	6499	291.7	288.1
155	14:44:21	10.02	6499	291.7	288.1
156	14:44:31	10.27	6499	291.7	288.1
157	14:44:41	11.61	6499	291.6	288.1
158	14:44:53	10.17	6499	291.6	288
159	14:45:03	10.02	6499	291.6	288
160	14:45:13	10.27	6499	291.6	288
161	14:45:23	10.27	6499	291.5	288
162	14:45:34	10.26	6499	291.5	288
163	14:45:44	10.27	6499	291.5	287.9
164	14:45:54	13.32	6499	291.5	287.9
165	14:46:07	10.21	6499	291.4	287.9
166	14:46:18	14.60	6499	291.4	287.9
167	14:46:32	10.19	6499	291.4	287.8
168	14:46:42	28.48	6499	291.3	287.8
169	14:47:11	60.44	6499	291.2	287.7
170	14:48:11	60.09	6499	291.1	287.5
171	14:49:11	60.11	6499	291	287.4
172	14:50:12	60.09	6499	290.8	287.3
173	14:51:12	10.96	6499	290.7	287.2
174	14:51:23	60.42	6499	290.7	287.1
175	14:52:23	10.02	6499	290.6	287
176	14:52:33	60.36	6499	290.5	287
177	14:53:33	28.77	6499	290.4	286.9
178	14:54:02	10.30	6499	290.3	286.8
179	14:54:12	10.27	6499	290.3	286.8
180	14:54:23	10.26	6499	290.3	286.8
181	14:54:33	10.27	6499	290.3	286.7
182	14:54:43	53.86	6499	290.2	286.7
183	14:55:37	60.36	6499	290.1	286.5
184	14:56:37	60.11	6499	289.9	286.4
185	14:57:38	60.11	6499	289.8	286.3
186	14:58:38	60.11	6499	289.6	286.2
187	14:59:38	60.10	6499	289.5	286
188	15:00:38	60.12	6499	289.3	285.9
189	15:01:38	67.96	6499	288.6	285.3
Created by AtlRunQuery on: 2018-08-24 17:16:15.232649
