LHC beam energy and intensities during run 325789:
(Begin/end of run: Mon Jun 05 2017 21:20:33 − Tue Jun 06, 00:24:24)

LB	   Start time
(CEST)	   Duration
(sec)	   Beam energy
(GeV)	   Intensity Beam-1
(1e11 protons)	   Intensity Beam-2
(1e11 protons)
1	21:20:33	60.07	450	0	0
2	21:21:33	60.11	450	0	0
3	21:22:33	60.11	450	0	0
4	21:23:33	60.10	450	0	0
5	21:24:33	60.11	450	0	0
6	21:25:33	60.11	450	0	0
7	21:26:34	32.91	450	0	0
8	21:27:06	60.25	450	0	0
9	21:28:07	60.12	450	0	0
10	21:29:07	60.11	450	0	0
11	21:30:07	60.11	450	0	0
12	21:31:07	60.10	450	0	0
13	21:32:07	60.11	450	0.02577	0
14	21:33:07	60.10	450	0.08233	0.05648
15	21:34:07	60.10	450	0.08229	0.08886
16	21:35:07	60.11	450	0.08225	0.08882
17	21:36:08	60.12	450	0.08218	0.08865
18	21:37:08	60.11	450	0.3529	0.08665
19	21:38:08	60.11	449	0.7929	0.5298
20	21:39:08	60.11	450	0.792	0.7163
21	21:40:08	60.10	450	0.7909	0.7152
22	21:41:08	60.10	450	0.79	0.7142
23	21:42:08	60.11	450	0.7891	0.7133
24	21:43:08	60.10	450	0.7883	0.7125
25	21:44:08	12.48	450	0.7878	0.7121
26	21:44:21	30.92	450	0.7876	0.7119
27	21:44:52	59.05	450	0.7871	0.7114
28	21:45:51	60.07	450	0.7864	0.7108
29	21:46:51	60.11	449	0.7857	0.7102
30	21:47:51	60.12	450	0.7851	0.7097
31	21:48:51	60.11	450	0.7845	0.7092
32	21:49:51	60.11	450	7.971	0.7086
33	21:50:51	60.11	450	12.44	9.884
34	21:51:51	60.10	450	23.12	14.34
35	21:52:52	60.11	450	23.1	22.84
36	21:53:52	60.11	450	23.07	22.83
37	21:54:52	60.11	450	23.05	22.82
38	21:55:52	60.11	450	23.03	22.81
39	21:56:52	60.11	450	23.01	22.79
40	21:57:52	60.11	449	22.99	22.78
41	21:58:52	60.10	450	22.98	22.77
42	21:59:52	60.11	450	22.96	22.76
43	22:00:52	60.11	450	46.18	22.74
44	22:01:53	60.11	450	74.57	56.68
45	22:02:53	60.11	450	119.4	77.38
46	22:03:53	60.10	450	126.8	126.5
47	22:04:53	60.11	450	126.7	126.5
48	22:05:53	60.11	450	126.6	126.4
49	22:06:53	60.10	450	171.3	129.5
50	22:07:53	60.11	450	191.9	177.7
51	22:08:53	60.11	450	230	201.6
52	22:09:53	60.11	450	264.2	229.3
53	22:10:54	60.11	450	285.2	273.8
54	22:11:54	60.11	450	333.3	294.5
55	22:12:54	60.10	450	357.3	332.3
56	22:13:54	60.11	449	384	367.3
57	22:14:54	60.11	449	428.9	387.9
58	22:15:54	60.12	450	449	435.7
59	22:16:54	60.12	450	486.2	460.2
60	22:17:54	60.11	450	521.4	486.8
61	22:18:54	60.11	450	541.4	532
62	22:19:55	60.09	450	588.7	552.6
63	22:20:55	60.09	449	613.1	589.3
64	22:21:55	60.11	450	639.1	624.5
65	22:22:55	60.11	450	638.5	640.4
66	22:23:55	60.10	450	637.8	640.2
67	22:24:55	60.10	449	637.3	639.8
68	22:25:55	60.11	450	636.8	639.6
69	22:26:55	36.19	450	636.4	639.3
70	22:27:31	14.79	450	625.4	628.2
71	22:27:46	60.47	450	625.1	627.9
72	22:28:47	60.11	450	624.5	627.5
73	22:29:47	60.10	450	624	627.1
74	22:30:47	60.12	450	623.3	626.7
75	22:31:47	60.11	450	622.8	626.4
76	22:32:47	60.11	487	622.5	626.2
77	22:33:47	60.11	596	622.3	626.2
78	22:34:47	60.11	775	622.3	626.1
79	22:35:47	10.02	1013	622.2	626.1
80	22:35:57	60.11	1059	622.2	626.1
81	22:36:58	60.11	1387	622.1	626.1
82	22:37:58	10.26	1734	622	626
83	22:38:08	60.11	1792	622	626.1
84	22:39:08	60.10	2140	622	626.1
85	22:40:08	60.11	2487	622	626.1
86	22:41:08	60.10	2834	622	626.1
87	22:42:08	60.12	3182	622	626
88	22:43:08	60.11	3529	621.9	625.9
89	22:44:09	60.11	3882	621.8	625.9
90	22:45:09	60.10	4230	621.8	625.9
91	22:46:09	60.11	4577	621.7	625.9
92	22:47:09	60.12	4925	621.7	625.9
93	22:48:09	60.11	5272	621.6	626
94	22:49:09	60.11	5620	621.5	625.9
95	22:50:09	60.10	5967	621.4	625.9
96	22:51:09	60.11	6314	621	625.9
97	22:52:09	10.27	6499	620.8	625.8
98	22:52:20	10.02	6499	620.8	625.8
99	22:52:30	60.35	6499	620.8	625.8
100	22:53:30	60.11	6499	620.8	625.8
101	22:54:30	60.10	6499	620.8	625.8
102	22:55:30	60.11	6499	620.7	625.8
103	22:56:30	60.11	6499	620.7	625.7
104	22:57:31	60.11	6499	620.5	625.8
105	22:58:31	60.11	6499	620.2	625.8
106	22:59:31	60.10	6499	620	625.8
107	23:00:31	60.11	6499	619.8	625.6
108	23:01:31	60.11	6499	619.6	625.6
109	23:02:31	52.95	6499	619.5	625.7
110	23:03:24	60.50	6499	619.5	625.6
111	23:04:25	60.11	6499	619.5	625.7
112	23:05:25	60.38	6499	619.4	625.6
113	23:06:25	60.34	6499	619.1	625.3
114	23:07:25	60.11	6499	618.7	624.8
115	23:08:25	60.10	6499	618.3	624.3
116	23:09:26	60.11	6499	617.9	623.8
117	23:10:26	60.10	6499	617.4	623.2
118	23:11:26	60.40	6499	617	622.5
119	23:12:26	60.32	6499	616.5	621.9
120	23:13:26	60.11	6499	616.1	621.1
121	23:14:27	60.11	6499	615.7	620.4
122	23:15:27	60.11	6499	615.2	619.8
123	23:16:27	60.10	6499	614.8	619.1
124	23:17:27	55.75	6499	614.4	618.4
125	23:18:23	60.44	6499	614	617.8
126	23:19:23	60.11	6499	613.6	617.2
127	23:20:23	60.06	6499	613.3	616.7
128	23:21:23	60.11	6499	612.9	616.1
129	23:22:23	60.11	6499	612.5	615.5
130	23:23:23	60.11	6499	612	614.7
131	23:24:24	60.12	6499	611.6	614.1
132	23:25:24	60.11	6499	611.2	613.4
133	23:26:24	60.10	6499	610.8	612.8
134	23:27:24	60.11	6499	610.4	612.2
135	23:28:24	10.27	6499	577.9	579.4
136	23:28:34	60.35	6499	0	0
137	23:29:35	60.11	6499	0	0
138	23:30:35	60.10	6499	0	0
139	23:31:35	60.11	6499	0	0
140	23:32:35	60.11	6499	0	0
141	23:33:35	60.11	6499	0	0
142	23:34:35	60.10	6499	0	0
143	23:35:35	60.11	6499	0	0
144	23:36:35	12.23	6499	0	0
145	23:36:48	60.14	6500	0	0
146	23:37:48	60.11	6501	0	0
147	23:38:48	60.09	6501	0	0
148	23:39:48	60.11	6501	0	0
149	23:40:48	60.10	6501	0	0
150	23:41:48	60.11	6501	0	0
151	23:42:48	60.11	6495	0	0
152	23:43:48	60.10	6393	0	0
153	23:44:49	60.11	6160	0	0
154	23:45:49	60.11	5822	0	0
155	23:46:49	60.11	5470	0	0
156	23:47:49	60.11	5116	0	0
157	23:48:49	60.11	4761	0	0
158	23:49:49	60.10	4406	0	0
159	23:50:49	60.10	4050	0	0
160	23:51:49	60.11	3694	0	0
161	23:52:49	60.11	3337	0	0
162	23:53:49	60.10	2981	0	0
163	23:54:50	60.11	2618	0	0
164	23:55:50	60.11	2262	0	0
165	23:56:50	60.10	1905	0	0
166	23:57:50	60.12	1548	0	0
167	23:58:50	60.10	1192	0	0
168	23:59:50	60.12	835	0	0
169	00:00:50	60.11	481	0	0
170	00:01:50	60.11	216	0	0
171	00:02:50	60.11	79	0	0
172	00:03:51	60.11	59	0	0
173	00:04:51	60.11	59	0	0
174	00:05:51	60.12	59	0	0
175	00:06:51	60.11	59	0	0
176	00:07:51	60.11	59	0	0
177	00:08:51	60.10	59	0	0
178	00:09:51	60.11	59	0	0
179	00:10:51	60.11	59	0	0
180	00:11:51	60.11	59	0	0
181	00:12:52	60.12	59	0	0
182	00:13:52	60.11	59	0	0
183	00:14:52	60.11	59	0	0
184	00:15:52	60.12	59	0	0
185	00:16:52	60.10	59	0	0
186	00:17:52	60.12	59	0	0
187	00:18:52	60.11	59	0	0
188	00:19:52	60.10	59	0	0
189	00:20:52	60.09	59	0	0
190	00:21:53	60.11	59	0	0
191	00:22:53	60.12	215	0	0
192	00:23:53	31.37	450	0	0
Created by AtlRunQuery on: 2018-08-27 18:25:22.757907
