LHC beam energy and intensities during run 326834:
(Begin/end of run: Thu Jun 15 2017 21:51:46 − Fri Jun 16, 12:37:30)

LB	   Start time
(CEST)	   Duration
(sec)	   Beam energy
(GeV)	   Intensity Beam-1
(1e11 protons)	   Intensity Beam-2
(1e11 protons)
1	21:51:46	60.11	450	0	0
2	21:52:46	60.11	450	0	0
3	21:53:46	38.83	450	0	0
4	21:54:25	49.30	450	0	0
5	21:55:14	60.39	450	0	0
6	21:56:15	30.51	450	0	0
7	21:56:45	30.90	450	0	0
8	21:57:16	60.31	450	0	0
9	21:58:16	60.12	450	0	0
10	21:59:16	60.12	450	0	0
11	22:00:17	60.12	450	0	0
12	22:01:17	60.11	450	0	0
13	22:02:17	60.11	450	0	0
14	22:03:17	60.11	450	0	0
15	22:04:17	60.13	450	0	0
16	22:05:17	60.11	450	0	0
17	22:06:17	60.11	450	0	0
18	22:07:17	60.12	450	0	0
19	22:08:17	60.12	449	0	0
20	22:09:18	60.11	450	0	0
21	22:10:18	60.12	450	0	0
22	22:11:18	60.13	450	0	0
23	22:12:18	60.11	450	0	0
24	22:13:18	60.11	450	0	0
25	22:14:18	60.11	450	0	0
26	22:15:18	60.11	450	0	0
27	22:16:18	60.13	450	0	0
28	22:17:19	60.11	450	0	0
29	22:18:19	60.11	450	0	0
30	22:19:19	60.12	450	0	0
31	22:20:19	28.54	450	0	0
32	22:20:47	30.89	450	0	0
33	22:21:18	60.46	450	0	0
34	22:22:19	10.26	450	0	0
35	22:22:29	60.37	450	0	0
36	22:23:29	60.12	450	0	0
37	22:24:29	60.12	450	0	0
38	22:25:30	60.11	450	0	0
39	22:26:30	60.12	450	0	0
40	22:27:30	60.11	450	0	0
41	22:28:30	60.11	450	0	0
42	22:29:30	60.11	450	0	0
43	22:30:30	60.13	450	0	0
44	22:31:30	60.13	450	0	0
45	22:32:30	60.12	450	0	0
46	22:33:31	60.12	450	0	0
47	22:34:31	60.11	450	0	0
48	22:35:31	60.11	450	0	0
49	22:36:31	60.12	450	0	0
50	22:37:31	60.12	450	0	0
51	22:38:31	60.11	450	0.09599	0.01318
52	22:39:31	60.11	450	0.103	0.1009
53	22:40:31	60.11	450	0.1029	0.1004
54	22:41:31	60.10	450	7.399	0.1001
55	22:42:32	60.11	450	13.1	0.09987
56	22:43:32	60.12	450	10.9	0.08351
57	22:44:32	60.12	450	0	0
58	22:45:32	60.12	449	0	0
59	22:46:32	60.12	450	0	0
60	22:47:32	60.11	450	0	0
61	22:48:32	60.12	450	0	0
62	22:49:32	60.12	450	0	0
63	22:50:32	60.11	450	0	0
64	22:51:33	60.12	450	0	0
65	22:52:33	60.12	450	0	0
66	22:53:33	60.12	450	0	0
67	22:54:33	60.13	450	0	0
68	22:55:33	60.11	450	0	0
69	22:56:33	60.12	450	0	0
70	22:57:33	60.12	450	0	0
71	22:58:33	60.11	450	0	0
72	22:59:34	60.13	450	0	0
73	23:00:34	60.12	450	0	0
74	23:01:34	60.12	450	0	0
75	23:02:34	60.11	450	0	0
76	23:03:34	60.11	450	0	0
77	23:04:34	60.12	450	0	0
78	23:05:34	60.12	450	0	0
79	23:06:34	60.11	450	0	0
80	23:07:35	60.11	450	0	0
81	23:08:35	60.11	450	0	0
82	23:09:35	60.12	450	0	0
83	23:10:35	60.12	450	0	0
84	23:11:35	60.13	450	0	0
85	23:12:35	60.13	449	0	0
86	23:13:35	60.12	450	0	0
87	23:14:35	60.11	450	0	0
88	23:15:35	60.11	450	0	0
89	23:16:36	60.12	450	0	0
90	23:17:36	60.12	450	0	0
91	23:18:36	60.11	449	0	0
92	23:19:36	60.10	450	0	0
93	23:20:36	60.06	450	0	0
94	23:21:36	44.97	449	0	0.07851
95	23:22:21	60.48	449	0.07542	0.1026
96	23:23:22	60.11	450	0.09754	0.1026
97	23:24:22	60.11	450	0.09749	0.1025
98	23:25:22	60.11	450	0.09745	0.1024
99	23:26:22	60.10	449	0.0974	0.1024
100	23:27:22	60.12	450	0.09736	0.1024
101	23:28:22	60.11	450	0.09731	0.1023
102	23:29:22	60.12	450	0.09726	0.1023
103	23:30:22	60.12	450	0.09715	0.1021
104	23:31:22	60.12	450	0.1076	0.0994
105	23:32:23	60.12	450	1.184	0.3173
106	23:33:23	60.10	450	1.182	1.133
107	23:34:23	60.11	450	1.179	1.129
108	23:35:23	60.12	450	1.176	1.125
109	23:36:23	60.12	450	1.173	1.122
110	23:37:23	60.12	450	1.171	1.119
111	23:38:23	60.11	450	1.168	1.116
112	23:39:23	60.12	450	1.166	1.113
113	23:40:23	60.11	449	1.163	1.111
114	23:41:24	60.11	450	1.161	1.108
115	23:42:24	60.10	450	1.159	1.106
116	23:43:24	60.12	450	1.156	1.104
117	23:44:24	60.11	450	1.154	1.102
118	23:45:24	60.12	450	1.151	1.1
119	23:46:24	60.12	450	1.149	9.505
120	23:47:24	60.13	450	12.43	14.17
121	23:48:24	60.12	450	17.73	14.17
122	23:49:24	60.11	450	27.75	19.95
123	23:50:25	60.13	449	27.74	27.3
124	23:51:25	60.11	450	35.78	27.28
125	23:52:25	60.12	450	190.1	67.91
126	23:53:25	60.12	450	190	188.1
127	23:54:25	60.10	449	189.8	188
128	23:55:25	60.12	450	199.4	325.5
129	23:56:25	60.12	450	351.2	348.4
130	23:57:25	60.10	450	376.3	348.2
131	23:58:26	60.11	450	405.4	383.8
132	23:59:26	60.12	450	545.7	411.8
133	00:00:26	60.11	450	610.3	563.5
134	00:01:26	60.12	450	729.8	639.3
135	00:02:26	60.11	450	839.8	726.2
136	00:03:26	60.13	450	903.6	868.4
137	00:04:26	60.12	450	1054	931.4
138	00:05:26	60.13	450	1129	1048
139	00:06:26	60.12	450	1214	1156
140	00:07:27	60.11	450	1355	1221
141	00:08:27	60.12	450	1373	1369
142	00:09:27	60.12	450	1372	1368
143	00:10:27	60.12	450	1371	1367
144	00:11:27	10.27	450	1370	1366
145	00:11:37	51.75	450	1357	1353
146	00:12:29	60.45	450	1356	1352
147	00:13:30	60.12	450	1355	1351
148	00:14:30	60.12	461	1354	1350
149	00:15:30	60.11	537	1354	1350
150	00:16:30	60.12	685	1354	1350
151	00:17:30	28.02	895	1354	1350
152	00:17:58	60.15	1014	1354	1350
153	00:18:58	60.12	1326	1353	1350
154	00:19:58	60.09	1673	1353	1350
155	00:20:58	60.09	2020	1353	1350
156	00:21:58	60.12	2368	1353	1350
157	00:22:59	60.13	2721	1353	1350
158	00:23:59	60.11	3068	1353	1350
159	00:24:59	60.12	3416	1353	1350
160	00:25:59	60.13	3763	1353	1350
161	00:26:59	60.13	4111	1353	1350
162	00:27:59	60.13	4458	1352	1350
163	00:28:59	60.11	4805	1352	1350
164	00:29:59	60.11	5153	1352	1350
165	00:31:00	60.11	5506	1352	1350
166	00:32:00	60.11	5853	1352	1350
167	00:33:00	60.11	6201	1351	1349
168	00:34:00	19.37	6498	1350	1349
169	00:34:19	10.19	6499	1350	1349
170	00:34:29	60.38	6499	1350	1349
171	00:35:30	60.12	6499	1350	1349
172	00:36:30	60.12	6499	1350	1349
173	00:37:30	60.11	6499	1350	1349
174	00:38:30	60.11	6499	1350	1349
175	00:39:30	60.11	6499	1350	1349
176	00:40:30	60.11	6499	1349	1349
177	00:41:30	60.11	6499	1349	1349
178	00:42:31	60.11	6499	1348	1349
179	00:43:31	60.11	6499	1348	1349
180	00:44:31	60.12	6499	1348	1349
181	00:45:31	52.02	6499	1348	1349
182	00:46:23	60.50	6499	1348	1349
183	00:47:23	60.11	6499	1348	1349
184	00:48:24	60.43	6499	1348	1349
185	00:49:24	60.30	6499	1347	1348
186	00:50:24	60.11	6499	1346	1347
187	00:51:24	60.11	6499	1345	1346
188	00:52:25	30.49	6499	1344	1345
189	00:52:55	60.41	6499	1343	1345
190	00:53:55	60.12	6499	1342	1344
191	00:54:56	42.66	6499	1341	1343
192	00:55:38	17.60	6499	1340	1342
193	00:55:56	32.10	6499	1340	1342
194	00:56:28	31.41	6499	1339	1341
195	00:56:59	60.07	6499	1338	1341
196	00:57:59	60.12	6499	1337	1340
197	00:59:00	60.11	6499	1336	1339
198	01:00:00	60.11	6499	1335	1337
199	01:01:00	60.12	6499	1333	1336
200	01:02:00	23.65	6499	1333	1335
201	01:02:24	60.26	6499	1332	1334
202	01:03:24	60.12	6499	1330	1333
203	01:04:24	60.12	6499	1329	1332
204	01:05:24	60.12	6499	1328	1331
205	01:06:24	60.11	6499	1326	1329
206	01:07:24	60.11	6499	1325	1328
207	01:08:24	47.74	6499	1324	1327
208	01:09:12	60.45	6499	1323	1326
209	01:10:13	26.34	6499	1322	1325
210	01:10:39	60.06	6499	1321	1324
211	01:11:39	60.12	6499	1320	1323
212	01:12:39	60.12	6499	1319	1322
213	01:13:39	60.13	6499	1318	1321
214	01:14:39	60.11	6499	1317	1320
215	01:15:39	60.09	6499	1316	1318
216	01:16:39	60.11	6499	1315	1317
217	01:17:40	60.10	6499	1314	1316
218	01:18:40	60.11	6499	1313	1315
219	01:19:40	60.09	6499	1312	1314
220	01:20:40	54.10	6499	1312	1313
221	01:21:34	60.57	6499	1311	1312
222	01:22:35	60.12	6499	1310	1311
223	01:23:35	17.18	6499	1309	1310
224	01:23:52	39.52	6499	1309	1310
225	01:24:31	60.25	6499	1308	1309
226	01:25:32	60.10	6499	1307	1308
227	01:26:32	60.10	6499	1306	1307
228	01:27:32	60.11	6499	1305	1305
229	01:28:32	60.11	6499	1305	1304
230	01:29:32	60.11	6499	1304	1303
231	01:30:32	17.49	6499	1303	1303
232	01:30:50	60.41	6499	1303	1302
233	01:31:50	60.11	6499	1302	1301
234	01:32:50	60.12	6499	1301	1300
235	01:33:50	60.11	6499	1300	1299
236	01:34:50	23.51	6499	1300	1298
237	01:35:14	60.40	6499	1299	1298
238	01:36:14	60.12	6499	1298	1297
239	01:37:14	60.11	6499	1298	1296
240	01:38:15	60.12	6499	1297	1295
241	01:39:15	60.12	6499	1296	1294
242	01:40:15	60.12	6499	1295	1293
243	01:41:15	60.11	6499	1295	1292
244	01:42:15	60.12	6499	1294	1291
245	01:43:15	60.11	6499	1293	1290
246	01:44:15	60.11	6499	1292	1289
247	01:45:15	39.22	6499	1292	1288
248	01:45:55	60.45	6499	1291	1287
249	01:46:55	60.11	6499	1290	1286
250	01:47:55	60.11	6499	1289	1286
251	01:48:55	60.12	6499	1289	1285
252	01:49:55	60.12	6499	1288	1284
253	01:50:56	60.11	6499	1287	1283
254	01:51:56	23.59	6499	1286	1282
255	01:52:19	40.06	6499	1286	1282
256	01:52:59	60.31	6499	1285	1281
257	01:54:00	60.11	6499	1285	1280
258	01:55:00	60.11	6499	1284	1279
259	01:56:00	29.18	6499	1283	1279
260	01:56:29	40.66	6499	1283	1278
261	01:57:10	60.15	6499	1282	1277
262	01:58:10	60.13	6499	1281	1276
263	01:59:10	60.11	6499	1281	1276
264	02:00:10	60.12	6499	1280	1275
265	02:01:10	60.11	6499	1279	1274
266	02:02:10	60.12	6499	1278	1273
267	02:03:10	60.12	6499	1278	1273
268	02:04:10	60.12	6499	1277	1272
269	02:05:11	60.11	6499	1276	1271
270	02:06:11	60.11	6499	1275	1270
271	02:07:11	60.12	6499	1275	1270
272	02:08:11	60.12	6499	1274	1269
273	02:09:11	45.53	6499	1273	1268
274	02:09:57	60.16	6499	1273	1268
275	02:10:57	60.12	6499	1272	1267
276	02:11:57	60.11	6499	1271	1266
277	02:12:57	60.12	6499	1270	1265
278	02:13:57	60.11	6499	1270	1265
279	02:14:57	39.88	6499	1269	1264
280	02:15:37	60.05	6499	1268	1264
281	02:16:37	60.11	6499	1268	1263
282	02:17:37	60.11	6499	1267	1262
283	02:18:37	60.11	6499	1266	1261
284	02:19:37	60.10	6499	1265	1261
285	02:20:38	60.05	6499	1264	1260
286	02:21:38	60.11	6499	1264	1259
287	02:22:38	60.12	6499	1263	1259
288	02:23:38	60.10	6499	1262	1258
289	02:24:38	60.12	6499	1261	1257
290	02:25:38	60.12	6499	1261	1257
291	02:26:38	11.08	6499	1260	1256
292	02:26:49	60.04	6499	1260	1256
293	02:27:49	60.12	6499	1259	1255
294	02:28:49	60.12	6499	1258	1254
295	02:29:50	60.12	6499	1258	1254
296	02:30:50	60.12	6499	1257	1253
297	02:31:50	14.33	6499	1256	1253
298	02:32:04	37.35	6499	1256	1252
299	02:32:41	60.26	6499	1255	1252
300	02:33:42	60.11	6499	1255	1251
301	02:34:42	60.11	6499	1254	1250
302	02:35:42	60.12	6499	1253	1250
303	02:36:42	10.27	6499	1253	1249
304	02:36:52	30.37	6499	1253	1249
305	02:37:23	60.04	6499	1252	1249
306	02:38:23	29.05	6499	1252	1248
307	02:38:52	10.26	6499	1251	1248
308	02:39:02	37.26	6499	1251	1248
309	02:39:39	60.18	6499	1250	1247
310	02:40:40	60.11	6499	1250	1246
311	02:41:40	60.10	6499	1249	1246
312	02:42:40	21.90	6499	1249	1245
313	02:43:02	37.67	6499	1248	1245
314	02:43:39	60.13	6499	1248	1245
315	02:44:39	60.12	6499	1247	1244
316	02:45:40	60.11	6499	1246	1243
317	02:46:40	60.10	6499	1246	1243
318	02:47:40	60.10	6499	1245	1242
319	02:48:40	60.11	6499	1244	1241
320	02:49:40	60.11	6499	1243	1241
321	02:50:40	60.11	6499	1243	1240
322	02:51:40	60.11	6499	1242	1239
323	02:52:40	60.12	6499	1241	1239
324	02:53:40	60.12	6499	1241	1238
325	02:54:41	60.12	6499	1240	1237
326	02:55:41	60.11	6499	1239	1237
327	02:56:41	60.11	6499	1239	1236
328	02:57:41	50.79	6499	1238	1236
329	02:58:32	60.16	6499	1237	1235
330	02:59:32	60.11	6499	1237	1234
331	03:00:32	60.11	6499	1236	1234
332	03:01:32	60.12	6499	1235	1233
333	03:02:32	60.12	6499	1235	1232
334	03:03:32	60.12	6499	1234	1232
335	03:04:32	60.11	6499	1233	1231
336	03:05:33	60.12	6499	1232	1231
337	03:06:33	60.11	6499	1232	1230
338	03:07:33	60.12	6499	1231	1229
339	03:08:33	60.11	6499	1230	1229
340	03:09:33	60.12	6499	1230	1228
341	03:10:33	60.10	6499	1229	1227
342	03:11:33	60.11	6499	1228	1227
343	03:12:33	60.13	6499	1228	1226
344	03:13:33	51.07	6499	1227	1226
345	03:14:24	60.14	6499	1226	1225
346	03:15:25	14.93	6499	1226	1225
347	03:15:40	60.20	6499	1226	1224
348	03:16:40	60.12	6499	1225	1224
349	03:17:40	60.12	6499	1224	1223
350	03:18:40	60.12	6499	1224	1222
351	03:19:40	60.10	6499	1223	1222
352	03:20:40	60.06	6499	1222	1221
353	03:21:40	60.11	6499	1221	1220
354	03:22:40	60.11	6499	1221	1220
355	03:23:41	25.83	6499	1220	1219
356	03:24:06	35.61	6499	1220	1219
357	03:24:42	60.27	6499	1219	1219
358	03:25:42	60.11	6499	1219	1218
359	03:26:42	60.12	6499	1218	1217
360	03:27:42	60.11	6499	1217	1217
361	03:28:43	60.12	6499	1217	1216
362	03:29:43	60.12	6499	1216	1216
363	03:30:43	60.12	6499	1215	1215
364	03:31:43	60.11	6499	1215	1214
365	03:32:43	60.12	6499	1214	1214
366	03:33:43	60.13	6499	1213	1213
367	03:34:43	60.11	6499	1213	1213
368	03:35:43	43.26	6499	1212	1212
369	03:36:27	60.43	6499	1212	1211
370	03:37:27	60.10	6499	1211	1211
371	03:38:27	60.12	6499	1210	1210
372	03:39:27	60.12	6499	1210	1210
373	03:40:27	60.11	6499	1209	1209
374	03:41:28	60.12	6499	1209	1208
375	03:42:28	60.11	6499	1208	1208
376	03:43:28	60.12	6499	1207	1207
377	03:44:28	60.12	6499	1207	1207
378	03:45:28	60.11	6499	1206	1206
379	03:46:28	60.12	6499	1205	1206
380	03:47:28	60.13	6499	1205	1205
381	03:48:28	60.11	6499	1204	1204
382	03:49:28	60.11	6499	1203	1204
383	03:50:29	60.12	6499	1203	1203
384	03:51:29	60.11	6499	1202	1203
385	03:52:29	60.10	6499	1201	1202
386	03:53:29	60.12	6499	1201	1201
387	03:54:29	60.12	6499	1200	1201
388	03:55:29	60.12	6499	1200	1200
389	03:56:29	60.11	6499	1199	1200
390	03:57:29	60.11	6499	1198	1199
391	03:58:29	60.12	6499	1198	1198
392	03:59:30	60.11	6499	1197	1198
393	04:00:30	60.11	6499	1196	1197
394	04:01:30	60.11	6499	1196	1197
395	04:02:30	60.12	6499	1195	1196
396	04:03:30	60.12	6499	1194	1196
397	04:04:30	60.11	6499	1194	1195
398	04:05:30	60.12	6499	1193	1194
399	04:06:30	10.27	6499	1193	1194
400	04:06:41	10.27	6499	1193	1194
401	04:06:51	60.13	6499	1192	1194
402	04:07:51	60.12	6499	1192	1193
403	04:08:51	60.11	6499	1191	1192
404	04:09:51	60.12	6499	1190	1192
405	04:10:51	60.11	6499	1190	1191
406	04:11:52	60.12	6499	1189	1191
407	04:12:52	60.12	6499	1188	1190
408	04:13:52	60.11	6499	1188	1189
409	04:14:52	60.11	6499	1187	1189
410	04:15:52	60.11	6499	1187	1188
411	04:16:52	60.11	6499	1186	1188
412	04:17:52	60.11	6499	1185	1187
413	04:18:52	60.11	6499	1185	1187
414	04:19:52	60.08	6499	1184	1186
415	04:20:53	60.09	6499	1184	1185
416	04:21:53	60.11	6499	1183	1185
417	04:22:53	60.11	6499	1182	1184
418	04:23:53	60.11	6499	1182	1184
419	04:24:53	60.12	6499	1181	1183
420	04:25:53	60.12	6499	1181	1183
421	04:26:53	12.09	6499	1180	1182
422	04:27:05	60.29	6499	1180	1182
423	04:28:06	60.11	6499	1179	1181
424	04:29:06	60.11	6499	1179	1181
425	04:30:06	60.11	6499	1178	1180
426	04:31:06	60.12	6499	1177	1180
427	04:32:06	60.11	6499	1177	1179
428	04:33:06	60.12	6499	1176	1178
429	04:34:06	60.12	6499	1176	1178
430	04:35:06	60.12	6499	1175	1177
431	04:36:06	60.10	6499	1174	1177
432	04:37:07	60.13	6499	1174	1176
433	04:38:07	60.11	6499	1173	1176
434	04:39:07	60.11	6499	1172	1175
435	04:40:07	60.11	6499	1172	1175
436	04:41:07	60.11	6499	1171	1174
437	04:42:07	60.11	6499	1171	1173
438	04:43:07	60.12	6499	1170	1173
439	04:44:07	60.11	6499	1169	1172
440	04:45:07	49.27	6499	1169	1172
441	04:45:57	60.42	6499	1168	1171
442	04:46:57	60.11	6499	1168	1171
443	04:47:57	60.12	6499	1167	1170
444	04:48:57	60.10	6499	1166	1170
445	04:49:57	60.12	6499	1166	1169
446	04:50:58	60.12	6499	1165	1168
447	04:51:58	60.11	6499	1165	1168
448	04:52:58	60.11	6499	1164	1167
449	04:53:58	60.12	6499	1163	1167
450	04:54:58	60.11	6499	1163	1166
451	04:55:58	60.12	6499	1162	1166
452	04:56:58	60.12	6499	1162	1165
453	04:57:58	60.10	6499	1161	1165
454	04:58:59	60.10	6499	1160	1164
455	04:59:59	60.11	6499	1160	1164
456	05:00:59	60.12	6499	1159	1163
457	05:01:59	60.11	6499	1159	1162
458	05:02:59	60.12	6499	1158	1162
459	05:03:59	60.11	6499	1158	1161
460	05:04:59	60.12	6499	1157	1161
461	05:05:59	60.12	6499	1156	1160
462	05:06:59	60.11	6499	1156	1160
463	05:08:00	60.10	6499	1155	1159
464	05:09:00	60.12	6499	1155	1159
465	05:10:00	60.11	6499	1154	1158
466	05:11:00	60.12	6499	1154	1157
467	05:12:00	60.12	6499	1153	1157
468	05:13:00	60.11	6499	1152	1156
469	05:14:00	60.12	6499	1152	1156
470	05:15:00	60.11	6499	1151	1155
471	05:16:00	60.11	6499	1151	1155
472	05:17:01	60.12	6499	1150	1154
473	05:18:01	60.11	6499	1149	1154
474	05:19:01	60.11	6499	1149	1153
475	05:20:01	60.08	6499	1148	1153
476	05:21:01	60.10	6499	1148	1152
477	05:22:01	60.11	6499	1147	1151
478	05:23:01	60.11	6499	1147	1151
479	05:24:01	60.12	6499	1146	1150
480	05:25:01	60.12	6499	1145	1150
481	05:26:02	60.11	6499	1145	1149
482	05:27:02	60.10	6499	1144	1149
483	05:28:02	60.12	6499	1144	1148
484	05:29:02	60.12	6499	1143	1148
485	05:30:02	60.12	6499	1143	1147
486	05:31:02	60.12	6499	1142	1147
487	05:32:02	60.12	6499	1141	1146
488	05:33:02	60.12	6499	1141	1146
489	05:34:02	60.11	6499	1140	1145
490	05:35:03	60.12	6499	1140	1144
491	05:36:03	60.10	6499	1139	1144
492	05:37:03	60.13	6499	1139	1143
493	05:38:03	60.10	6499	1138	1143
494	05:39:03	60.13	6499	1137	1142
495	05:40:03	60.12	6499	1137	1142
496	05:41:03	60.12	6499	1136	1141
497	05:42:03	60.12	6499	1136	1141
498	05:43:04	60.10	6499	1135	1140
499	05:44:04	60.13	6499	1135	1140
500	05:45:04	60.11	6499	1134	1139
501	05:46:04	60.13	6499	1134	1139
502	05:47:04	60.12	6499	1133	1138
503	05:48:04	60.11	6499	1132	1138
504	05:49:04	60.13	6499	1132	1137
505	05:50:04	60.12	6499	1131	1137
506	05:51:04	60.11	6499	1131	1136
507	05:52:05	60.11	6499	1130	1136
508	05:53:05	60.12	6499	1130	1135
509	05:54:05	60.11	6499	1129	1134
510	05:55:05	60.11	6499	1129	1134
511	05:56:05	60.12	6499	1128	1133
512	05:57:05	60.10	6499	1128	1133
513	05:58:05	60.12	6499	1127	1132
514	05:59:05	60.11	6499	1126	1132
515	06:00:05	60.11	6499	1126	1131
516	06:01:06	60.11	6499	1125	1131
517	06:02:06	60.11	6499	1125	1130
518	06:03:06	60.12	6499	1124	1130
519	06:04:06	31.53	6499	1124	1129
520	06:04:37	60.39	6499	1123	1129
521	06:05:38	60.12	6499	1123	1128
522	06:06:38	60.12	6499	1122	1128
523	06:07:38	60.12	6499	1122	1127
524	06:08:38	60.13	6499	1121	1127
525	06:09:38	60.10	6499	1121	1126
526	06:10:38	60.11	6499	1120	1126
527	06:11:39	60.11	6499	1119	1125
528	06:12:39	60.12	6499	1119	1125
529	06:13:39	60.11	6499	1118	1124
530	06:14:39	60.11	6499	1118	1124
531	06:15:39	60.12	6499	1117	1123
532	06:16:39	60.12	6499	1117	1123
533	06:17:39	60.12	6499	1116	1122
534	06:18:39	60.11	6499	1116	1122
535	06:19:39	60.08	6499	1115	1121
536	06:20:40	60.07	6499	1115	1121
537	06:21:40	60.12	6499	1114	1120
538	06:22:40	60.11	6499	1113	1120
539	06:23:40	60.12	6499	1113	1119
540	06:24:40	60.11	6499	1112	1119
541	06:25:40	60.10	6499	1112	1118
542	06:26:40	60.11	6499	1111	1118
543	06:27:40	60.12	6499	1111	1117
544	06:28:40	60.12	6499	1110	1117
545	06:29:41	60.11	6499	1110	1116
546	06:30:41	60.11	6499	1109	1116
547	06:31:41	60.11	6499	1109	1115
548	06:32:41	60.12	6499	1108	1115
549	06:33:41	60.11	6499	1108	1114
550	06:34:41	60.11	6499	1107	1114
551	06:35:41	60.11	6499	1107	1113
552	06:36:41	60.12	6499	1106	1113
553	06:37:41	60.11	6499	1106	1112
554	06:38:42	60.12	6499	1105	1112
555	06:39:42	60.11	6499	1105	1111
556	06:40:42	60.12	6499	1104	1111
557	06:41:42	60.10	6499	1104	1110
558	06:42:42	60.10	6499	1103	1110
559	06:43:42	60.11	6499	1102	1109
560	06:44:42	60.12	6499	1102	1109
561	06:45:42	60.12	6499	1101	1108
562	06:46:42	60.10	6499	1101	1108
563	06:47:43	60.12	6499	1100	1107
564	06:48:43	60.11	6499	1100	1107
565	06:49:43	60.11	6499	1099	1106
566	06:50:43	60.11	6499	1099	1106
567	06:51:43	60.11	6499	1098	1105
568	06:52:43	60.12	6499	1098	1105
569	06:53:43	60.12	6499	1097	1104
570	06:54:43	60.12	6499	1097	1104
571	06:55:43	60.10	6499	1096	1103
572	06:56:44	60.11	6499	1096	1103
573	06:57:44	60.11	6499	1095	1102
574	06:58:44	60.12	6499	1095	1102
575	06:59:44	60.11	6499	1094	1101
576	07:00:44	60.12	6499	1094	1101
577	07:01:44	60.12	6499	1093	1100
578	07:02:44	60.12	6499	1093	1100
579	07:03:44	60.11	6499	1092	1099
580	07:04:44	60.11	6499	1092	1099
581	07:05:45	60.10	6499	1091	1098
582	07:06:45	60.11	6499	1091	1098
583	07:07:45	60.12	6499	1090	1097
584	07:08:45	60.12	6499	1090	1097
585	07:09:45	60.11	6499	1089	1096
586	07:10:45	60.12	6499	1089	1096
587	07:11:45	60.11	6499	1088	1095
588	07:12:45	60.12	6499	1088	1095
589	07:13:45	60.12	6499	1087	1094
590	07:14:46	60.11	6499	1087	1094
591	07:15:46	60.12	6499	1086	1093
592	07:16:46	60.11	6499	1086	1093
593	07:17:46	60.12	6499	1085	1092
594	07:18:46	60.11	6499	1085	1092
595	07:19:46	60.09	6499	1084	1091
596	07:20:46	60.07	6499	1084	1091
597	07:21:46	60.11	6499	1083	1090
598	07:22:46	60.11	6499	1083	1090
599	07:23:47	60.12	6499	1082	1089
600	07:24:47	60.11	6499	1082	1089
601	07:25:47	60.12	6499	1081	1088
602	07:26:47	60.11	6499	1081	1088
603	07:27:47	60.13	6499	1080	1087
604	07:28:47	60.11	6499	1080	1087
605	07:29:47	60.11	6499	1079	1086
606	07:30:47	60.11	6499	1079	1086
607	07:31:47	60.12	6499	1078	1085
608	07:32:48	60.11	6499	1078	1085
609	07:33:48	60.12	6499	1077	1084
610	07:34:48	60.12	6499	1077	1084
611	07:35:48	60.12	6499	1076	1084
612	07:36:48	60.12	6499	1076	1083
613	07:37:48	60.11	6499	1075	1082
614	07:38:48	60.12	6499	1075	1082
615	07:39:48	60.12	6499	1074	1082
616	07:40:49	60.13	6499	1074	1081
617	07:41:49	60.12	6499	1073	1081
618	07:42:49	60.12	6499	1073	1080
619	07:43:49	60.12	6499	1072	1080
620	07:44:49	60.11	6499	1072	1079
621	07:45:49	60.11	6499	1071	1079
622	07:46:49	60.12	6499	1071	1078
623	07:47:49	18.51	6499	1071	1078
624	07:48:08	60.39	6499	1070	1078
625	07:49:08	60.12	6499	1070	1077
626	07:50:08	60.11	6499	1069	1077
627	07:51:08	60.11	6499	1069	1076
628	07:52:09	60.13	6499	1068	1076
629	07:53:09	60.12	6499	1068	1075
630	07:54:09	60.12	6499	1067	1075
631	07:55:09	60.12	6499	1067	1074
632	07:56:09	60.12	6499	1066	1074
633	07:57:09	60.12	6499	1066	1073
634	07:58:09	60.10	6499	1065	1073
635	07:59:09	60.11	6499	1065	1072
636	08:00:09	60.11	6499	1064	1072
637	08:01:10	60.11	6499	1064	1071
638	08:02:10	60.13	6499	1063	1071
639	08:03:10	60.12	6499	1063	1070
640	08:04:10	60.11	6499	1062	1070
641	08:05:10	60.13	6499	1062	1070
642	08:06:10	60.12	6499	1062	1069
643	08:07:10	60.11	6499	1061	1069
644	08:08:10	60.12	6499	1061	1068
645	08:09:11	60.11	6499	1060	1068
646	08:10:11	60.12	6499	1060	1067
647	08:11:11	60.12	6499	1059	1067
648	08:12:11	60.11	6499	1059	1066
649	08:13:11	60.11	6499	1058	1066
650	08:14:11	60.12	6499	1058	1065
651	08:15:11	60.13	6499	1057	1065
652	08:16:11	60.10	6499	1057	1064
653	08:17:11	60.11	6499	1056	1064
654	08:18:12	60.11	6499	1056	1064
655	08:19:12	60.10	6499	1055	1063
656	08:20:12	60.07	6499	1055	1063
657	08:21:12	60.11	6499	1054	1062
658	08:22:12	60.10	6499	1054	1062
659	08:23:12	60.12	6499	1053	1061
660	08:24:12	60.12	6499	1053	1061
661	08:25:12	60.12	6499	1053	1060
662	08:26:12	60.12	6499	1052	1060
663	08:27:13	60.11	6499	1052	1059
664	08:28:13	60.10	6499	1051	1059
665	08:29:13	60.11	6499	1051	1058
666	08:30:13	60.12	6499	1050	1058
667	08:31:13	60.11	6499	1050	1057
668	08:32:13	60.13	6499	1049	1057
669	08:33:13	60.11	6499	1049	1057
670	08:34:13	60.11	6499	1048	1056
671	08:35:13	60.11	6499	1048	1056
672	08:36:14	53.04	6499	1047	1055
673	08:37:07	60.17	6499	1047	1055
674	08:38:07	60.11	6499	1046	1054
675	08:39:07	60.12	6499	1046	1054
676	08:40:07	60.11	6499	1046	1053
677	08:41:07	60.11	6499	1045	1053
678	08:42:07	60.12	6499	1045	1053
679	08:43:07	60.11	6499	1044	1052
680	08:44:07	60.11	6499	1044	1052
681	08:45:08	60.12	6499	1043	1051
682	08:46:08	60.10	6499	1043	1051
683	08:47:08	60.12	6499	1042	1050
684	08:48:08	60.11	6499	1042	1050
685	08:49:08	60.12	6499	1041	1049
686	08:50:08	60.11	6499	1041	1049
687	08:51:08	60.12	6499	1041	1049
688	08:52:08	60.13	6499	1040	1048
689	08:53:08	60.11	6499	1040	1048
690	08:54:09	60.11	6499	1039	1047
691	08:55:09	13.69	6499	1039	1047
692	08:55:22	60.18	6499	1039	1047
693	08:56:23	10.27	6499	1038	1046
694	08:56:33	60.12	6499	1038	1046
695	08:57:33	60.12	6499	1038	1046
696	08:58:33	60.11	6499	1037	1045
697	08:59:33	60.10	6499	1037	1045
698	09:00:33	60.10	6499	1036	1044
699	09:01:33	60.12	6499	1036	1044
700	09:02:34	60.11	6499	1035	1043
701	09:03:34	60.10	6499	1035	1043
702	09:04:34	60.11	6499	1035	1043
703	09:05:34	60.11	6499	1034	1042
704	09:06:34	60.12	6499	1034	1042
705	09:07:34	60.11	6499	1033	1041
706	09:08:34	60.12	6499	1033	1041
707	09:09:34	60.12	6499	1032	1040
708	09:10:34	60.11	6499	1032	1040
709	09:11:35	60.11	6499	1032	1040
710	09:12:35	60.10	6499	1031	1039
711	09:13:35	60.11	6499	1031	1039
712	09:14:35	60.11	6499	1030	1038
713	09:15:35	60.12	6499	1030	1038
714	09:16:35	29.88	6499	1030	1038
715	09:17:05	60.28	6499	1029	1037
716	09:18:05	60.12	6499	1029	1037
717	09:19:05	60.11	6499	1028	1036
718	09:20:05	60.07	6499	1028	1036
719	09:21:06	60.11	6499	1027	1036
720	09:22:06	60.11	6499	1027	1035
721	09:23:06	60.12	6499	1027	1035
722	09:24:06	60.11	6499	1026	1034
723	09:25:06	60.09	6499	1026	1034
724	09:26:06	60.11	6499	1025	1033
725	09:27:06	60.12	6499	1025	1033
726	09:28:06	60.12	6499	1024	1032
727	09:29:06	60.10	6499	1024	1032
728	09:30:07	60.12	6499	1023	1032
729	09:31:07	60.12	6499	1023	1031
730	09:32:07	60.11	6499	1023	1031
731	09:33:07	60.12	6499	1022	1031
732	09:34:07	60.12	6499	1022	1030
733	09:35:07	60.12	6499	1021	1030
734	09:36:07	60.11	6499	1021	1029
735	09:37:07	60.12	6499	1020	1029
736	09:38:07	60.11	6499	1020	1028
737	09:39:08	60.11	6499	1020	1028
738	09:40:08	60.12	6499	1019	1027
739	09:41:08	60.12	6499	1019	1027
740	09:42:08	60.11	6499	1018	1027
741	09:43:08	60.12	6499	1018	1026
742	09:44:08	60.12	6499	1017	1026
743	09:45:08	60.11	6499	1017	1025
744	09:46:08	60.11	6499	1016	1025
745	09:47:08	60.10	6499	1016	1024
746	09:48:09	60.11	6499	1015	1024
747	09:49:09	60.10	6499	1015	1023
748	09:50:09	60.11	6499	1014	1023
749	09:51:09	60.11	6499	1014	1023
750	09:52:09	60.12	6499	1014	1022
751	09:53:09	60.11	6499	1013	1022
752	09:54:09	60.11	6499	1013	1021
753	09:55:09	60.11	6499	1012	1021
754	09:56:09	60.11	6499	1012	1020
755	09:57:10	60.11	6499	1011	1020
756	09:58:10	60.11	6499	1011	1019
757	09:59:10	60.12	6499	1010	1019
758	10:00:10	60.12	6499	1010	1019
759	10:01:10	60.13	6499	1009	1018
760	10:02:10	60.11	6499	1009	1018
761	10:03:10	60.11	6499	1009	1017
762	10:04:10	60.10	6499	1008	1017
763	10:05:10	60.11	6499	1008	1017
764	10:06:11	60.11	6499	1007	1016
765	10:07:11	60.11	6499	1007	1016
766	10:08:11	60.11	6499	1007	1015
767	10:09:11	60.11	6499	1006	1015
768	10:10:11	60.12	6499	1006	1014
769	10:11:11	60.12	6499	1005	1014
770	10:12:11	60.11	6499	1005	1014
771	10:13:11	60.10	6499	1004	1013
772	10:14:11	60.11	6499	1004	1013
773	10:15:12	60.11	6499	1004	1012
774	10:16:12	60.12	6499	1003	1012
775	10:17:12	60.10	6499	1003	1012
776	10:18:12	60.12	6499	1002	1011
777	10:19:12	60.12	6499	1002	1011
778	10:20:12	60.06	6499	1002	1010
779	10:21:12	60.11	6499	1001	1010
780	10:22:12	60.12	6499	1001	1010
781	10:23:12	60.12	6499	1000	1009
782	10:24:13	60.12	6499	999.8	1009
783	10:25:13	60.11	6499	999.4	1008
784	10:26:13	60.11	6499	998.9	1008
785	10:27:13	60.11	6499	998.5	1007
786	10:28:13	60.12	6499	998	1007
787	10:29:13	60.11	6499	997.6	1006
788	10:30:13	60.13	6499	997.1	1006
789	10:31:13	60.11	6499	996.7	1006
790	10:32:14	60.10	6499	996.2	1005
791	10:33:14	60.12	6499	995.8	1005
792	10:34:14	60.10	6499	995.3	1004
793	10:35:14	60.12	6499	994.9	1004
794	10:36:14	60.11	6499	994.5	1003
795	10:37:14	46.58	6499	994.1	1003
796	10:38:01	60.39	6499	993.6	1003
797	10:39:01	60.11	6499	993.2	1002
798	10:40:01	60.11	6499	992.7	1002
799	10:41:01	60.11	6499	992.3	1001
800	10:42:01	60.12	6499	991.9	1001
801	10:43:01	60.11	6499	991.5	1000
802	10:44:02	60.12	6499	991	1000
803	10:45:02	60.12	6499	990.6	999.5
804	10:46:02	60.11	6499	990.1	999.1
805	10:47:02	60.12	6499	989.7	998.7
806	10:48:02	60.10	6499	989.2	998.2
807	10:49:02	60.11	6499	988.8	997.8
808	10:50:02	60.11	6499	988.4	997.4
809	10:51:02	60.12	6499	987.9	996.9
810	10:52:02	60.12	6499	987.5	996.5
811	10:53:03	60.11	6499	987.1	996
812	10:54:03	60.11	6499	986.6	995.6
813	10:55:03	60.12	6499	986.2	995.2
814	10:56:03	60.12	6499	985.7	994.7
815	10:57:03	60.11	6499	985.3	994.3
816	10:58:03	60.12	6499	984.8	993.9
817	10:59:03	60.11	6499	984.4	993.5
818	11:00:03	60.11	6499	983.9	993.1
819	11:01:04	60.12	6499	983.6	992.7
820	11:02:04	60.11	6499	983.2	992.3
821	11:03:04	60.12	6499	982.8	992
822	11:04:04	60.12	6499	982.4	991.6
823	11:05:04	60.13	6499	982.1	991.2
824	11:06:04	60.12	6499	981.6	990.8
825	11:07:04	60.12	6499	981.2	990.4
826	11:08:04	60.10	6499	980.7	990
827	11:09:04	60.13	6499	980.3	989.6
828	11:10:05	60.11	6499	979.9	989.2
829	11:11:05	60.10	6499	979.4	988.7
830	11:12:05	60.11	6499	978.9	988.2
831	11:13:05	60.11	6499	978.4	987.8
832	11:14:05	60.12	6499	977.9	987.3
833	11:15:05	60.11	6499	977.5	986.8
834	11:16:05	60.13	6499	977	986.4
835	11:17:05	60.11	6499	976.6	986
836	11:18:05	60.11	6499	976.1	985.5
837	11:19:06	60.11	6499	975.7	985
838	11:20:06	60.07	6499	975.2	984.6
839	11:21:06	60.09	6499	974.7	984.2
840	11:22:06	60.11	6499	974.2	983.7
841	11:23:06	60.12	6499	973.7	983.3
842	11:24:06	60.11	6499	973.3	982.8
843	11:25:06	60.11	6499	972.8	982.3
844	11:26:06	60.12	6499	972.4	981.9
845	11:27:06	60.12	6499	971.9	981.5
846	11:28:07	60.11	6499	971.5	981.1
847	11:29:07	60.12	6499	971	980.6
848	11:30:07	60.12	6499	970.6	980.2
849	11:31:07	60.12	6499	970.1	979.7
850	11:32:07	60.12	6499	969.7	979.4
851	11:33:07	60.12	6499	969.4	979
852	11:34:07	60.12	6499	969	978.7
853	11:35:07	60.11	6499	968.6	978.3
854	11:36:07	60.12	6499	968.3	977.9
855	11:37:08	60.11	6499	967.8	977.5
856	11:38:08	60.11	6499	967.4	977.1
857	11:39:08	60.12	6499	967	976.6
858	11:40:08	60.12	6499	966.5	976.2
859	11:41:08	60.11	6499	966.1	975.8
860	11:42:08	60.12	6499	965.6	975.4
861	11:43:08	60.12	6499	965.2	974.9
862	11:44:08	60.11	6499	964.8	974.5
863	11:45:09	60.11	6499	964.3	974.1
864	11:46:09	60.11	6499	963.9	973.6
865	11:47:09	60.12	6499	963.4	973.2
866	11:48:09	60.11	6499	963	972.7
867	11:49:09	60.13	6499	962.6	972.3
868	11:50:09	60.12	6499	962.1	971.9
869	11:51:09	60.12	6499	961.7	971.5
870	11:52:09	60.12	6499	961.3	971
871	11:53:09	60.11	6499	960.9	970.6
872	11:54:10	60.12	6499	960.4	970.2
873	11:55:10	60.10	6499	959.9	969.7
874	11:56:10	60.12	6499	959.5	969.3
875	11:57:10	60.12	6499	959.1	968.9
876	11:58:10	60.11	6499	958.6	968.5
877	11:59:10	60.11	6499	958.2	968.1
878	12:00:10	60.13	6499	957.8	967.6
879	12:01:10	62.23	6499	957.3	967.2
880	12:02:13	60.11	6499	956.9	966.7
881	12:03:13	60.13	6499	956.5	966.3
882	12:04:13	60.12	6499	956.1	965.9
883	12:05:13	60.12	6499	955.6	965.4
884	12:06:13	60.11	6499	955.2	965
885	12:07:13	60.10	6499	954.8	964.6
886	12:08:13	60.11	6499	954.4	964.2
887	12:09:13	60.11	6499	954	963.8
888	12:10:14	60.11	6499	953.5	963.3
889	12:11:14	60.12	6499	953.1	962.9
890	12:12:14	60.12	6499	952.7	962.5
891	12:13:14	60.11	6499	952.2	962.1
892	12:14:14	60.11	6499	951.8	961.6
893	12:15:14	60.11	6499	951.4	961.2
894	12:16:14	60.12	6499	951	960.8
895	12:17:14	60.12	6499	950.6	960.3
896	12:18:14	60.13	6499	950.1	959.9
897	12:19:15	60.11	6499	949.7	959.5
898	12:20:15	60.29	6499	949.3	959
899	12:21:15	60.12	6499	948.9	958.6
900	12:22:15	60.11	6499	948.4	958.2
901	12:23:15	60.12	6499	948	957.8
902	12:24:15	60.12	6499	947.6	957.4
903	12:25:15	60.12	6499	947.2	956.9
904	12:26:16	60.12	6499	946.7	956.5
905	12:27:16	60.12	6499	946.3	956.1
906	12:28:16	60.10	6499	945.9	955.7
907	12:29:16	60.11	6499	945.5	955.3
908	12:30:16	60.12	6499	945.1	954.8
909	12:31:16	28.71	6499	944.8	954.5
910	12:31:45	60.21	6499	0	0
911	12:32:45	60.12	6499	0	0
912	12:33:45	60.13	6499	0	0
913	12:34:45	60.13	6501	0	0
914	12:35:45	60.12	6501	0	0
915	12:36:46	44.58	6501	0	0
Created by AtlRunQuery on: 2018-08-27 18:37:27.976203

