LHC beam energy and intensities during run 327265:
(Begin/end of run: Mon Jun 19 2017 18:45:53 − Tue Jun 20, 12:09:16)

LB	   Start time
(CEST)	   Duration
(sec)	   Beam energy
(GeV)	   Intensity Beam-1
(1e11 protons)	   Intensity Beam-2
(1e11 protons)
1	18:45:53	60.12	450	396.1	339.7
2	18:46:54	60.11	450	524.8	451
3	18:47:54	60.11	450	675.4	523.2
4	18:48:54	60.12	450	693.3	523
5	18:49:54	33.59	450	692.9	522.8
6	18:50:27	59.25	450	692.4	529.6
7	18:51:27	60.44	450	691.8	690.3
8	18:52:27	60.12	450	691.2	690
9	18:53:27	60.13	450	690.5	689.6
10	18:54:27	60.11	450	800.8	689.1
11	18:55:27	60.12	450	859.7	853.4
12	18:56:28	60.13	450	858.8	961.4
13	18:57:28	60.10	450	858	1025
14	18:58:28	60.11	450	955.6	1025
15	18:59:28	60.11	450	1026	1024
16	19:00:28	60.12	450	1025	1023
17	19:01:28	60.11	450	1025	1023
18	19:02:28	60.11	450	1111	1023
19	19:03:28	60.11	450	1219	1163
20	19:04:28	60.12	450	1363	1270
21	19:05:29	60.11	450	1497	1359
22	19:06:29	60.12	450	1605	1358
23	19:07:29	60.10	450	1712	1485
24	19:08:29	60.11	450	1867	1592
25	19:09:29	60.11	450	1988	1700
26	19:10:29	60.13	450	2033	1922
27	19:11:29	60.12	450	2031	2029
28	19:12:29	60.12	450	2029	2027
29	19:13:30	60.11	450	2027	2026
30	19:14:30	60.10	450	2024	2024
31	19:15:30	10.27	460	2023	2023
32	19:15:40	17.64	467	2010	2010
33	19:15:58	56.50	485	2009	2009
34	19:16:54	60.36	583	2009	2008
35	19:17:55	60.12	759	2008	2008
36	19:18:55	10.27	993	2008	2008
37	19:19:05	60.12	1038	2008	2008
38	19:20:05	60.07	1355	2008	2008
39	19:21:05	60.09	1703	2008	2008
40	19:22:05	60.12	2050	2007	2008
41	19:23:05	60.13	2398	2007	2008
42	19:24:05	60.11	2745	2007	2008
43	19:25:06	60.11	3098	2007	2008
44	19:26:06	60.11	3446	2006	2008
45	19:27:06	60.12	3793	2006	2008
46	19:28:06	60.11	4140	2005	2008
47	19:29:06	60.12	4488	2005	2008
48	19:30:06	60.12	4835	2005	2008
49	19:31:06	60.12	5183	2004	2007
50	19:32:06	60.11	5530	2004	2007
51	19:33:06	60.11	5878	2003	2007
52	19:34:07	60.12	6231	2001	2007
53	19:35:07	18.47	6499	2000	2007
54	19:35:25	10.08	6499	2000	2007
55	19:35:35	60.37	6499	2000	2007
56	19:36:36	60.10	6499	2000	2007
57	19:37:36	60.12	6499	1999	2007
58	19:38:36	60.11	6499	1999	2006
59	19:39:36	60.12	6499	1999	2006
60	19:40:36	60.11	6499	1999	2006
61	19:41:36	60.12	6499	1998	2006
62	19:42:36	60.11	6499	1997	2006
63	19:43:36	60.11	6499	1996	2006
64	19:44:37	60.11	6499	1996	2006
65	19:45:37	60.11	6499	1995	2006
66	19:46:37	52.57	6499	1995	2006
67	19:47:29	60.40	6499	1994	2006
68	19:48:30	60.11	6499	1994	2005
69	19:49:30	60.44	6499	1994	2005
70	19:50:30	10.44	6499	1993	2005
71	19:50:41	60.11	6499	1992	2004
72	19:51:41	60.11	6499	1990	2002
73	19:52:41	60.10	6499	1989	2001
74	19:53:41	20.28	6499	1988	2000
75	19:54:01	60.38	6499	1987	1999
76	19:55:02	60.11	6499	1985	1997
77	19:56:02	60.11	6499	1984	1996
78	19:57:02	60.11	6499	1982	1994
79	19:58:02	40.73	6499	1981	1993
80	19:58:43	19.48	6499	1980	1992
81	19:59:02	60.25	6499	1979	1991
82	20:00:02	60.11	6499	1977	1989
83	20:01:03	60.11	6499	1976	1988
84	20:02:03	52.13	6499	1974	1987
85	20:02:55	60.08	6499	1973	1985
86	20:03:55	45.90	6499	1972	1984
87	20:04:41	60.28	6499	1971	1983
88	20:05:41	46.79	6499	1969	1981
89	20:06:28	60.17	6499	1968	1981
90	20:07:28	60.11	6499	1967	1979
91	20:08:28	60.12	6499	1966	1978
92	20:09:28	60.11	6499	1965	1977
93	20:10:28	60.11	6499	1963	1975
94	20:11:29	60.11	6499	1962	1974
95	20:12:29	27.80	6499	1961	1973
96	20:12:56	10.36	6499	1960	1973
97	20:13:07	60.43	6499	1960	1972
98	20:14:07	60.13	6499	1958	1971
99	20:15:07	60.12	6499	1957	1969
100	20:16:07	38.26	6499	1956	1968
101	20:16:46	60.18	6499	1955	1967
102	20:17:46	60.11	6499	1953	1966
103	20:18:46	60.12	6499	1952	1964
104	20:19:46	57.24	6499	1951	1963
105	20:20:43	20.13	6499	1950	1962
106	20:21:03	60.58	6499	1949	1961
107	20:22:04	60.12	6499	1948	1960
108	20:23:04	60.13	6499	1946	1959
109	20:24:04	60.10	6499	1945	1957
110	20:25:04	60.11	6499	1944	1956
111	20:26:05	60.11	6499	1943	1955
112	20:27:05	60.11	6499	1941	1954
113	20:28:05	10.27	6499	1941	1953
114	20:28:15	10.27	6499	1940	1953
115	20:28:25	39.37	6499	1940	1952
116	20:29:05	60.33	6499	1939	1951
117	20:30:05	60.11	6499	1938	1950
118	20:31:05	60.11	6499	1936	1949
119	20:32:05	60.12	6499	1935	1948
120	20:33:05	60.12	6499	1934	1946
121	20:34:05	60.12	6499	1933	1945
122	20:35:06	60.11	6499	1932	1944
123	20:36:06	60.12	6499	1930	1943
124	20:37:06	60.11	6499	1929	1942
125	20:38:06	60.10	6499	1928	1940
126	20:39:06	60.12	6499	1927	1939
127	20:40:06	60.12	6499	1926	1938
128	20:41:06	60.11	6499	1924	1937
129	20:42:06	60.12	6499	1923	1936
130	20:43:06	60.11	6499	1922	1935
131	20:44:07	60.12	6499	1921	1933
132	20:45:07	60.11	6499	1920	1932
133	20:46:07	60.11	6499	1919	1931
134	20:47:07	29.35	6499	1918	1930
135	20:47:36	29.74	6499	1917	1930
136	20:48:06	60.38	6499	1916	1929
137	20:49:06	10.27	6499	1916	1928
138	20:49:17	21.97	6499	1915	1928
139	20:49:39	60.43	6499	1915	1927
140	20:50:39	60.12	6499	1913	1926
141	20:51:39	60.12	6499	1912	1925
142	20:52:39	60.11	6499	1911	1924
143	20:53:39	60.12	6499	1910	1923
144	20:54:40	60.11	6499	1909	1922
145	20:55:40	60.10	6499	1908	1921
146	20:56:40	60.12	6499	1907	1919
147	20:57:40	60.11	6499	1905	1918
148	20:58:40	60.12	6499	1904	1917
149	20:59:40	60.11	6499	1903	1916
150	21:00:40	60.12	6499	1902	1915
151	21:01:40	60.12	6499	1901	1914
152	21:02:40	60.10	6499	1900	1913
153	21:03:41	60.12	6499	1899	1912
154	21:04:41	60.11	6499	1897	1911
155	21:05:41	60.12	6499	1896	1910
156	21:06:41	60.12	6499	1895	1909
157	21:07:41	60.12	6499	1894	1908
158	21:08:41	60.12	6499	1893	1907
159	21:09:41	60.13	6499	1892	1905
160	21:10:41	60.12	6499	1891	1904
161	21:11:41	60.12	6499	1890	1903
162	21:12:42	60.12	6499	1889	1902
163	21:13:42	60.11	6499	1888	1901
164	21:14:42	60.11	6499	1887	1900
165	21:15:42	60.10	6499	1885	1899
166	21:16:42	60.11	6499	1884	1898
167	21:17:42	10.27	6499	1884	1898
168	21:17:52	60.37	6499	1883	1897
169	21:18:53	60.11	6499	1882	1896
170	21:19:53	60.09	6499	1881	1895
171	21:20:53	60.08	6499	1880	1894
172	21:21:53	60.12	6499	1879	1893
173	21:22:53	60.11	6499	1878	1892
174	21:23:53	60.12	6499	1877	1891
175	21:24:53	60.11	6499	1876	1890
176	21:25:54	60.12	6499	1875	1889
177	21:26:54	60.11	6499	1874	1888
178	21:27:54	60.12	6499	1873	1887
179	21:28:54	60.11	6499	1872	1886
180	21:29:54	60.11	6499	1870	1885
181	21:30:54	60.11	6499	1869	1884
182	21:31:54	60.09	6499	1868	1883
183	21:32:54	60.11	6499	1867	1882
184	21:33:54	60.11	6499	1866	1881
185	21:34:55	60.12	6499	1865	1880
186	21:35:55	60.11	6499	1864	1879
187	21:36:55	60.11	6499	1863	1878
188	21:37:55	60.12	6499	1862	1877
189	21:38:55	60.12	6499	1861	1876
190	21:39:55	60.10	6499	1860	1875
191	21:40:55	60.11	6499	1859	1874
192	21:41:55	60.12	6499	1858	1873
193	21:42:55	60.11	6499	1857	1872
194	21:43:56	60.12	6499	1856	1871
195	21:44:56	60.11	6499	1855	1870
196	21:45:56	60.13	6499	1854	1870
197	21:46:56	60.12	6499	1853	1869
198	21:47:56	60.12	6499	1852	1868
199	21:48:56	60.11	6499	1851	1867
200	21:49:56	60.11	6499	1850	1866
201	21:50:56	10.27	6499	1850	1865
202	21:51:07	31.37	6499	1849	1865
203	21:51:38	60.28	6499	1848	1864
204	21:52:38	60.12	6499	1847	1863
205	21:53:38	12.13	6499	1847	1863
206	21:53:51	13.52	6499	1846	1862
207	21:54:04	10.15	6499	1846	1862
208	21:54:14	10.27	6499	1846	1862
209	21:54:24	53.93	6499	1846	1861
210	21:55:18	60.02	6499	1845	1860
211	21:56:18	60.11	6499	1844	1859
212	21:57:19	35.30	6499	1843	1859
213	21:57:54	60.13	6499	1842	1858
214	21:58:54	60.12	6499	1841	1857
215	21:59:54	54.66	6499	1840	1856
216	22:00:49	60.29	6499	1839	1855
217	22:01:49	20.16	6499	1838	1854
218	22:02:09	10.14	6499	1838	1854
219	22:02:19	60.11	6499	1837	1854
220	22:03:19	60.11	6499	1836	1853
221	22:04:20	60.11	6499	1835	1852
222	22:05:20	60.12	6499	1834	1851
223	22:06:20	60.11	6499	1833	1850
224	22:07:20	60.11	6499	1832	1849
225	22:08:20	60.13	6499	1831	1848
226	22:09:20	60.13	6499	1830	1847
227	22:10:20	60.11	6499	1829	1846
228	22:11:20	60.10	6499	1828	1845
229	22:12:20	60.12	6499	1827	1844
230	22:13:21	52.30	6499	1826	1843
231	22:14:13	60.17	6499	1825	1842
232	22:15:13	60.11	6499	1824	1841
233	22:16:13	60.11	6499	1823	1840
234	22:17:13	10.27	6499	1823	1840
235	22:17:24	49.08	6499	1822	1839
236	22:18:13	23.05	6499	1822	1839
237	22:18:36	60.11	6499	1821	1838
238	22:19:36	10.26	6499	1821	1838
239	22:19:46	60.09	6499	1820	1837
240	22:20:46	60.07	6499	1819	1836
241	22:21:46	60.12	6499	1818	1835
242	22:22:46	60.12	6499	1817	1834
243	22:23:46	60.10	6499	1816	1833
244	22:24:47	60.11	6499	1815	1832
245	22:25:47	60.12	6499	1814	1831
246	22:26:47	60.10	6499	1813	1830
247	22:27:47	46.57	6499	1812	1830
248	22:28:33	60.14	6499	1811	1829
249	22:29:34	60.12	6499	1810	1828
250	22:30:34	60.10	6499	1809	1827
251	22:31:34	44.72	6499	1808	1826
252	22:32:19	60.47	6499	1808	1825
253	22:33:19	60.12	6499	1807	1824
254	22:34:19	60.10	6499	1806	1823
255	22:35:19	60.13	6499	1805	1822
256	22:36:19	60.11	6499	1804	1822
257	22:37:19	51.46	6499	1803	1821
258	22:38:11	60.22	6499	1802	1820
259	22:39:11	60.11	6499	1801	1819
260	22:40:11	60.11	6499	1800	1818
261	22:41:11	60.12	6499	1799	1817
262	22:42:11	60.13	6499	1798	1816
263	22:43:12	60.12	6499	1797	1815
264	22:44:12	60.12	6499	1796	1814
265	22:45:12	60.12	6499	1795	1813
266	22:46:12	60.12	6499	1794	1812
267	22:47:12	50.85	6499	1793	1812
268	22:48:03	60.13	6499	1792	1811
269	22:49:03	10.27	6499	1792	1810
270	22:49:13	60.12	6499	1791	1810
271	22:50:13	60.11	6499	1790	1809
272	22:51:14	60.11	6499	1789	1808
273	22:52:14	60.11	6499	1788	1807
274	22:53:14	60.11	6499	1788	1806
275	22:54:14	60.10	6499	1787	1805
276	22:55:14	60.12	6499	1786	1804
277	22:56:14	60.08	6499	1785	1803
278	22:57:14	60.11	6499	1784	1802
279	22:58:14	60.11	6499	1783	1801
280	22:59:14	60.10	6499	1782	1801
281	23:00:15	60.11	6499	1781	1800
282	23:01:15	60.12	6499	1780	1799
283	23:02:15	60.09	6499	1779	1798
284	23:03:15	60.11	6499	1778	1797
285	23:04:15	60.11	6499	1777	1796
286	23:05:15	60.09	6499	1776	1795
287	23:06:15	60.12	6499	1775	1794
288	23:07:15	60.11	6499	1774	1793
289	23:08:15	60.12	6499	1773	1792
290	23:09:16	39.31	6499	1773	1792
291	23:09:55	60.37	6499	1772	1791
292	23:10:55	60.13	6499	1770	1790
293	23:11:55	60.10	6499	1769	1789
294	23:12:55	60.12	6499	1768	1788
295	23:13:56	60.11	6499	1767	1787
296	23:14:56	60.11	6499	1766	1786
297	23:15:56	60.11	6499	1765	1785
298	23:16:56	60.11	6499	1764	1784
299	23:17:56	60.12	6499	1763	1783
300	23:18:56	60.12	6499	1762	1782
301	23:19:56	60.08	6499	1761	1782
302	23:20:56	60.08	6499	1760	1781
303	23:21:56	60.11	6499	1759	1780
304	23:22:56	60.11	6499	1758	1779
305	23:23:57	60.11	6499	1757	1778
306	23:24:57	60.12	6499	1756	1777
307	23:25:57	60.13	6499	1755	1776
308	23:26:57	60.11	6499	1754	1775
309	23:27:57	60.11	6499	1753	1774
310	23:28:57	60.11	6499	1752	1773
311	23:29:57	60.11	6499	1751	1772
312	23:30:57	60.12	6499	1750	1771
313	23:31:58	60.12	6499	1749	1770
314	23:32:58	60.10	6499	1748	1770
315	23:33:58	60.12	6499	1747	1769
316	23:34:58	60.10	6499	1746	1768
317	23:35:58	60.11	6499	1745	1767
318	23:36:58	60.12	6499	1744	1766
319	23:37:58	60.12	6499	1743	1765
320	23:38:58	60.12	6499	1742	1764
321	23:39:58	60.11	6499	1741	1763
322	23:40:59	60.11	6499	1740	1762
323	23:41:59	60.11	6499	1739	1762
324	23:42:59	60.12	6499	1739	1761
325	23:43:59	60.11	6499	1738	1760
326	23:44:59	60.12	6499	1737	1759
327	23:45:59	60.11	6499	1736	1758
328	23:46:59	60.11	6499	1735	1757
329	23:47:59	60.12	6499	1734	1756
330	23:48:59	60.12	6499	1733	1755
331	23:50:00	60.11	6499	1732	1754
332	23:51:00	60.10	6499	1731	1753
333	23:52:00	60.13	6499	1730	1752
334	23:53:00	60.10	6499	1729	1752
335	23:54:00	60.11	6499	1728	1751
336	23:55:00	60.11	6499	1727	1750
337	23:56:00	60.11	6499	1726	1749
338	23:57:00	60.10	6499	1725	1748
339	23:58:00	60.12	6499	1724	1747
340	23:59:01	60.12	6499	1723	1746
341	00:00:01	60.11	6499	1722	1745
342	00:01:01	60.11	6499	1721	1745
343	00:02:01	60.11	6499	1720	1744
344	00:03:01	60.12	6499	1720	1743
345	00:04:01	60.12	6499	1719	1742
346	00:05:01	60.11	6499	1718	1741
347	00:06:01	60.11	6499	1717	1740
348	00:07:01	60.11	6499	1716	1739
349	00:08:02	60.12	6499	1715	1738
350	00:09:02	60.12	6499	1714	1737
351	00:10:02	60.12	6499	1713	1736
352	00:11:02	60.12	6499	1712	1736
353	00:12:02	60.11	6499	1711	1735
354	00:13:02	60.11	6499	1710	1734
355	00:14:02	60.11	6499	1709	1733
356	00:15:02	60.11	6499	1708	1732
357	00:16:03	60.11	6499	1707	1731
358	00:17:03	60.11	6499	1706	1730
359	00:18:03	60.11	6499	1705	1730
360	00:19:03	50.47	6499	1704	1729
361	00:19:53	60.43	6499	1704	1728
362	00:20:54	60.08	6499	1703	1727
363	00:21:54	60.11	6499	1702	1726
364	00:22:54	60.11	6499	1701	1725
365	00:23:54	60.11	6499	1700	1724
366	00:24:54	60.12	6499	1699	1724
367	00:25:54	60.13	6499	1698	1723
368	00:26:54	60.11	6499	1697	1722
369	00:27:55	60.09	6499	1696	1721
370	00:28:55	60.12	6499	1696	1720
371	00:29:55	60.12	6499	1695	1719
372	00:30:55	60.11	6499	1694	1718
373	00:31:55	60.12	6499	1693	1717
374	00:32:55	60.11	6499	1692	1717
375	00:33:55	60.11	6499	1691	1716
376	00:34:55	60.12	6499	1690	1715
377	00:35:55	60.11	6499	1689	1714
378	00:36:56	46.78	6499	1688	1713
379	00:37:42	60.17	6499	1688	1712
380	00:38:42	60.12	6499	1687	1712
381	00:39:43	58.78	6499	1686	1711
382	00:40:41	60.19	6499	1685	1710
383	00:41:42	60.10	6499	1684	1709
384	00:42:42	60.11	6499	1683	1708
385	00:43:42	60.12	6499	1682	1707
386	00:44:42	60.10	6499	1681	1706
387	00:45:42	60.12	6499	1680	1706
388	00:46:42	60.12	6499	1680	1705
389	00:47:42	60.12	6499	1679	1704
390	00:48:42	60.12	6499	1678	1703
391	00:49:42	60.12	6499	1677	1702
392	00:50:43	60.11	6499	1676	1701
393	00:51:43	60.11	6499	1675	1701
394	00:52:43	60.12	6499	1674	1700
395	00:53:43	60.12	6499	1673	1699
396	00:54:43	60.11	6499	1672	1698
397	00:55:43	60.11	6499	1671	1697
398	00:56:43	60.13	6499	1670	1696
399	00:57:43	60.11	6499	1670	1695
400	00:58:44	60.12	6499	1669	1695
401	00:59:44	60.10	6499	1668	1694
402	01:00:44	60.10	6499	1667	1693
403	01:01:44	60.14	6499	1666	1692
404	01:02:44	60.11	6499	1665	1691
405	01:03:44	60.12	6499	1664	1690
406	01:04:44	60.12	6499	1663	1690
407	01:05:44	10.27	6499	1663	1689
408	01:05:55	60.12	6499	1662	1689
409	01:06:55	60.12	6499	1662	1688
410	01:07:55	60.11	6499	1661	1687
411	01:08:55	60.11	6499	1660	1686
412	01:09:55	60.11	6499	1659	1685
413	01:10:55	60.11	6499	1658	1684
414	01:11:55	60.13	6499	1657	1684
415	01:12:55	60.11	6499	1656	1683
416	01:13:56	60.11	6499	1655	1682
417	01:14:56	60.12	6499	1655	1681
418	01:15:56	28.09	6499	1654	1681
419	01:16:24	60.06	6499	1653	1680
420	01:17:24	60.12	6499	1653	1679
421	01:18:24	60.11	6499	1652	1678
422	01:19:24	10.27	6499	1651	1678
423	01:19:34	60.10	6499	1651	1677
424	01:20:34	27.69	6499	1650	1677
425	01:21:02	60.43	6499	1649	1676
426	01:22:03	60.12	6499	1649	1675
427	01:23:03	60.11	6499	1648	1674
428	01:24:03	60.12	6499	1647	1674
429	01:25:03	60.11	6499	1646	1673
430	01:26:03	60.11	6499	1645	1672
431	01:27:03	60.11	6499	1644	1671
432	01:28:03	60.12	6499	1643	1670
433	01:29:03	60.11	6499	1643	1669
434	01:30:03	60.12	6499	1642	1669
435	01:31:04	60.11	6499	1641	1668
436	01:32:04	60.12	6499	1640	1667
437	01:33:04	60.10	6499	1639	1666
438	01:34:04	60.11	6499	1639	1665
439	01:35:04	60.13	6499	1638	1665
440	01:36:04	60.12	6499	1637	1664
441	01:37:04	60.12	6499	1636	1663
442	01:38:04	60.12	6499	1635	1662
443	01:39:05	60.11	6499	1634	1661
444	01:40:05	60.12	6499	1634	1661
445	01:41:05	60.12	6499	1633	1660
446	01:42:05	60.11	6499	1632	1659
447	01:43:05	60.12	6499	1631	1658
448	01:44:05	60.12	6499	1630	1657
449	01:45:05	60.10	6499	1629	1656
450	01:46:05	60.13	6499	1629	1656
451	01:47:05	60.12	6499	1628	1655
452	01:48:06	60.11	6499	1627	1654
453	01:49:06	60.10	6499	1626	1653
454	01:50:06	60.11	6499	1625	1652
455	01:51:06	60.11	6499	1624	1652
456	01:52:06	60.12	6499	1624	1651
457	01:53:06	60.12	6499	1623	1650
458	01:54:06	60.11	6499	1622	1649
459	01:55:06	60.12	6499	1621	1649
460	01:56:06	60.11	6499	1620	1648
461	01:57:07	60.12	6499	1620	1647
462	01:58:07	60.11	6499	1619	1646
463	01:59:07	60.12	6499	1618	1645
464	02:00:07	60.11	6499	1617	1645
465	02:01:07	60.11	6499	1616	1644
466	02:02:07	60.12	6499	1616	1643
467	02:03:07	60.35	6499	1615	1642
468	02:04:08	60.15	6499	1614	1641
469	02:05:08	60.12	6499	1613	1641
470	02:06:08	60.12	6499	1612	1640
471	02:07:08	60.11	6499	1611	1639
472	02:08:08	60.10	6499	1611	1638
473	02:09:08	60.12	6499	1610	1637
474	02:10:08	60.12	6499	1609	1637
475	02:11:08	60.12	6499	1608	1636
476	02:12:09	60.11	6499	1607	1635
477	02:13:09	60.11	6499	1607	1634
478	02:14:09	60.11	6499	1606	1634
479	02:15:09	60.11	6499	1605	1633
480	02:16:09	60.12	6499	1604	1632
481	02:17:09	60.11	6499	1603	1631
482	02:18:09	60.12	6499	1603	1630
483	02:19:09	41.94	6499	1602	1630
484	02:19:51	60.48	6499	1601	1629
485	02:20:52	60.08	6499	1600	1628
486	02:21:52	60.12	6499	1600	1628
487	02:22:52	60.11	6499	1599	1627
488	02:23:52	60.11	6499	1598	1626
489	02:24:52	60.11	6499	1597	1625
490	02:25:52	60.12	6499	1596	1624
491	02:26:52	60.11	6499	1596	1624
492	02:27:53	60.11	6499	1595	1623
493	02:28:53	60.11	6499	1594	1622
494	02:29:53	60.10	6499	1593	1621
495	02:30:53	60.12	6499	1593	1621
496	02:31:53	60.12	6499	1592	1620
497	02:32:53	60.11	6499	1591	1619
498	02:33:53	60.10	6499	1590	1618
499	02:34:53	60.14	6499	1589	1617
500	02:35:53	60.10	6499	1589	1617
501	02:36:54	60.12	6499	1588	1616
502	02:37:54	60.11	6499	1587	1615
503	02:38:54	60.11	6499	1586	1614
504	02:39:54	60.11	6499	1585	1614
505	02:40:54	60.11	6499	1585	1613
506	02:41:54	60.12	6499	1583	1612
507	02:42:54	60.11	6499	1582	1611
508	02:43:54	60.11	6499	1582	1610
509	02:44:54	60.11	6499	1581	1609
510	02:45:55	60.12	6499	1580	1609
511	02:46:55	60.12	6499	1579	1608
512	02:47:55	60.12	6499	1578	1607
513	02:48:55	60.11	6499	1577	1606
514	02:49:55	60.11	6499	1576	1605
515	02:50:55	60.11	6499	1575	1605
516	02:51:55	60.12	6499	1574	1604
517	02:52:55	60.12	6499	1574	1603
518	02:53:56	60.11	6499	1573	1602
519	02:54:56	60.11	6499	1572	1601
520	02:55:56	60.12	6499	1571	1601
521	02:56:56	60.13	6499	1570	1600
522	02:57:56	60.10	6499	1569	1599
523	02:58:56	60.11	6499	1569	1598
524	02:59:56	60.12	6499	1568	1597
525	03:00:56	60.13	6499	1567	1596
526	03:01:56	60.11	6499	1566	1596
527	03:02:57	60.11	6499	1565	1595
528	03:03:57	60.11	6499	1564	1594
529	03:04:57	60.12	6499	1564	1593
530	03:05:57	60.11	6499	1563	1593
531	03:06:57	60.12	6499	1562	1592
532	03:07:57	60.11	6499	1561	1591
533	03:08:57	60.13	6499	1560	1590
534	03:09:57	60.12	6499	1559	1589
535	03:10:57	60.13	6499	1559	1589
536	03:11:58	60.11	6499	1558	1588
537	03:12:58	60.11	6499	1557	1587
538	03:13:58	60.12	6499	1556	1586
539	03:14:58	60.11	6499	1555	1585
540	03:15:58	60.12	6499	1554	1585
541	03:16:58	60.13	6499	1554	1584
542	03:17:58	60.11	6499	1553	1583
543	03:18:58	60.12	6499	1552	1582
544	03:19:59	60.08	6499	1551	1582
545	03:20:59	60.09	6499	1550	1581
546	03:21:59	60.12	6499	1550	1580
547	03:22:59	60.11	6499	1549	1579
548	03:23:59	60.11	6499	1548	1578
549	03:24:59	60.11	6499	1547	1578
550	03:25:59	60.11	6499	1546	1577
551	03:26:59	60.12	6499	1545	1576
552	03:27:59	60.10	6499	1545	1575
553	03:28:59	60.11	6499	1544	1575
554	03:30:00	60.12	6499	1543	1574
555	03:31:00	60.12	6499	1542	1573
556	03:32:00	60.11	6499	1541	1572
557	03:33:00	60.11	6499	1541	1572
558	03:34:00	60.12	6499	1540	1571
559	03:35:00	26.24	6499	1539	1570
560	03:35:26	60.18	6499	1539	1570
561	03:36:27	60.10	6499	1538	1569
562	03:37:27	60.12	6499	1537	1568
563	03:38:27	60.11	6499	1536	1567
564	03:39:27	60.11	6499	1535	1567
565	03:40:27	60.11	6499	1535	1566
566	03:41:27	60.11	6499	1534	1565
567	03:42:27	60.10	6499	1533	1564
568	03:43:27	60.11	6499	1532	1564
569	03:44:27	60.11	6499	1531	1563
570	03:45:28	60.12	6499	1531	1562
571	03:46:28	60.10	6499	1530	1561
572	03:47:28	60.12	6499	1529	1560
573	03:48:28	60.12	6499	1528	1560
574	03:49:28	60.12	6499	1528	1559
575	03:50:28	60.13	6499	1527	1558
576	03:51:28	60.10	6499	1526	1557
577	03:52:28	15.38	6499	1526	1557
578	03:52:44	60.49	6499	1525	1557
579	03:53:44	60.11	6499	1524	1556
580	03:54:44	60.11	6499	1524	1555
581	03:55:44	60.11	6499	1523	1554
582	03:56:45	60.11	6499	1522	1554
583	03:57:45	60.10	6499	1521	1553
584	03:58:45	60.11	6499	1521	1552
585	03:59:45	60.11	6499	1520	1551
586	04:00:45	60.11	6499	1519	1551
587	04:01:45	60.12	6499	1518	1550
588	04:02:45	60.11	6499	1518	1549
589	04:03:45	60.10	6499	1517	1548
590	04:04:45	60.11	6499	1516	1548
591	04:05:46	60.12	6499	1516	1547
592	04:06:46	23.18	6499	1515	1546
593	04:07:09	60.21	6499	1515	1546
594	04:08:09	60.11	6499	1514	1545
595	04:09:09	60.14	6499	1513	1544
596	04:10:09	60.13	6499	1512	1544
597	04:11:09	60.11	6499	1512	1543
598	04:12:10	60.11	6499	1511	1542
599	04:13:10	60.12	6499	1510	1541
600	04:14:10	60.11	6499	1509	1541
601	04:15:10	60.11	6499	1508	1540
602	04:16:10	60.12	6499	1508	1539
603	04:17:10	60.12	6499	1507	1539
604	04:18:10	60.12	6499	1506	1538
605	04:19:10	60.11	6499	1505	1537
606	04:20:10	60.07	6499	1505	1536
607	04:21:11	60.10	6499	1504	1536
608	04:22:11	60.11	6499	1503	1535
609	04:23:11	60.11	6499	1502	1534
610	04:24:11	60.11	6499	1502	1533
611	04:25:11	60.12	6499	1501	1533
612	04:26:11	60.12	6499	1500	1532
613	04:27:11	60.12	6499	1499	1531
614	04:28:11	60.12	6499	1499	1531
615	04:29:11	60.10	6499	1498	1530
616	04:30:12	60.13	6499	1497	1529
617	04:31:12	60.11	6499	1496	1529
618	04:32:12	60.12	6499	1496	1528
619	04:33:12	60.13	6499	1495	1527
620	04:34:12	60.11	6499	1495	1527
621	04:35:12	60.11	6499	1494	1526
622	04:36:12	60.12	6499	1493	1525
623	04:37:12	60.11	6499	1492	1525
624	04:38:12	60.11	6499	1492	1524
625	04:39:13	60.12	6499	1491	1523
626	04:40:13	60.10	6499	1490	1522
627	04:41:13	60.12	6499	1489	1522
628	04:42:13	60.12	6499	1489	1521
629	04:43:13	60.11	6499	1488	1520
630	04:44:13	60.12	6499	1487	1520
631	04:45:13	60.12	6499	1487	1519
632	04:46:13	60.11	6499	1486	1518
633	04:47:13	60.11	6499	1485	1518
634	04:48:14	60.12	6499	1485	1517
635	04:49:14	60.12	6499	1484	1516
636	04:50:14	60.11	6499	1483	1516
637	04:51:14	60.11	6499	1482	1515
638	04:52:14	60.11	6499	1482	1514
639	04:53:14	60.12	6499	1481	1513
640	04:54:14	60.12	6499	1480	1513
641	04:55:14	60.12	6499	1480	1512
642	04:56:15	60.12	6499	1479	1511
643	04:57:15	60.12	6499	1478	1511
644	04:58:15	10.27	6499	1478	1510
645	04:58:25	60.11	6499	1477	1510
646	04:59:25	60.12	6499	1477	1509
647	05:00:25	60.12	6499	1476	1508
648	05:01:25	60.12	6499	1475	1508
649	05:02:26	60.11	6499	1474	1507
650	05:03:26	60.11	6499	1474	1506
651	05:04:26	60.11	6499	1473	1506
652	05:05:26	60.13	6499	1472	1505
653	05:06:26	60.11	6499	1472	1504
654	05:07:26	60.11	6499	1471	1504
655	05:08:26	60.11	6499	1470	1503
656	05:09:26	60.11	6499	1469	1502
657	05:10:26	35.79	6499	1469	1502
658	05:11:02	60.39	6499	1468	1501
659	05:12:03	60.12	6499	1467	1501
660	05:13:03	60.11	6499	1467	1500
661	05:14:03	60.10	6499	1466	1499
662	05:15:03	60.11	6499	1465	1499
663	05:16:03	60.12	6499	1465	1498
664	05:17:03	60.12	6499	1464	1497
665	05:18:03	60.11	6499	1463	1496
666	05:19:03	60.10	6499	1463	1496
667	05:20:03	60.08	6499	1462	1495
668	05:21:04	60.09	6499	1461	1494
669	05:22:04	60.12	6499	1460	1494
670	05:23:04	60.11	6499	1460	1493
671	05:24:04	60.10	6499	1459	1492
672	05:25:04	60.12	6499	1458	1492
673	05:26:04	60.12	6499	1458	1491
674	05:27:04	60.11	6499	1457	1490
675	05:28:04	60.10	6499	1456	1490
676	05:29:04	60.11	6499	1456	1489
677	05:30:05	60.11	6499	1455	1488
678	05:31:05	60.11	6499	1454	1488
679	05:32:05	60.12	6499	1454	1487
680	05:33:05	60.12	6499	1453	1486
681	05:34:05	60.12	6499	1452	1486
682	05:35:05	60.12	6499	1452	1485
683	05:36:05	60.12	6499	1451	1484
684	05:37:05	60.12	6499	1450	1484
685	05:38:06	60.11	6499	1450	1483
686	05:39:06	60.11	6499	1449	1482
687	05:40:06	60.11	6499	1448	1482
688	05:41:06	60.12	6499	1448	1481
689	05:42:06	60.12	6499	1447	1480
690	05:43:06	60.12	6499	1446	1480
691	05:44:06	60.11	6499	1445	1479
692	05:45:06	60.11	6499	1445	1478
693	05:46:06	60.13	6499	1444	1478
694	05:47:07	60.12	6499	1443	1477
695	05:48:07	60.10	6499	1443	1476
696	05:49:07	60.11	6499	1442	1476
697	05:50:07	60.11	6499	1441	1475
698	05:51:07	60.11	6499	1441	1474
699	05:52:07	60.11	6499	1440	1474
700	05:53:07	60.12	6499	1439	1473
701	05:54:07	60.13	6499	1439	1472
702	05:55:07	60.10	6499	1438	1472
703	05:56:08	60.11	6499	1437	1471
704	05:57:08	60.11	6499	1436	1470
705	05:58:08	60.12	6499	1436	1470
706	05:59:08	60.11	6499	1435	1469
707	06:00:08	60.12	6499	1434	1468
708	06:01:08	60.12	6499	1434	1468
709	06:02:08	60.12	6499	1433	1467
710	06:03:08	60.12	6499	1432	1466
711	06:04:08	60.13	6499	1432	1466
712	06:05:09	60.11	6499	1431	1465
713	06:06:09	60.10	6499	1430	1464
714	06:07:09	60.12	6499	1430	1464
715	06:08:09	60.12	6499	1429	1463
716	06:09:09	60.12	6499	1428	1462
717	06:10:09	60.12	6499	1427	1462
718	06:11:09	60.12	6499	1426	1461
719	06:12:09	60.12	6499	1426	1460
720	06:13:10	60.12	6499	1425	1459
721	06:14:10	60.11	6499	1424	1459
722	06:15:10	60.11	6499	1424	1458
723	06:16:10	60.12	6499	1423	1457
724	06:17:10	60.12	6499	1422	1456
725	06:18:10	60.11	6499	1421	1456
726	06:19:10	60.10	6499	1421	1455
727	06:20:10	60.06	6499	1420	1454
728	06:21:10	60.11	6499	1419	1454
729	06:22:10	60.12	6499	1419	1453
730	06:23:11	60.11	6499	1418	1452
731	06:24:11	60.12	6499	1417	1452
732	06:25:11	60.12	6499	1417	1451
733	06:26:11	60.11	6499	1416	1450
734	06:27:11	60.12	6499	1415	1450
735	06:28:11	60.12	6499	1415	1449
736	06:29:11	60.13	6499	1414	1448
737	06:30:11	60.12	6499	1413	1447
738	06:31:12	60.11	6499	1413	1447
739	06:32:12	60.11	6499	1412	1446
740	06:33:12	60.11	6499	1411	1445
741	06:34:12	60.11	6499	1410	1445
742	06:35:12	60.09	6499	1410	1444
743	06:36:12	60.11	6499	1409	1443
744	06:37:12	60.12	6499	1408	1443
745	06:38:12	60.11	6499	1408	1442
746	06:39:12	60.11	6499	1407	1441
747	06:40:13	60.12	6499	1406	1441
748	06:41:13	60.13	6499	1406	1440
749	06:42:13	60.09	6499	1405	1439
750	06:43:13	60.11	6499	1404	1439
751	06:44:13	60.11	6499	1404	1438
752	06:45:13	60.12	6499	1403	1437
753	06:46:13	60.12	6499	1402	1437
754	06:47:13	60.11	6499	1401	1436
755	06:48:13	60.11	6499	1401	1436
756	06:49:14	60.12	6499	1400	1435
757	06:50:14	60.12	6499	1399	1434
758	06:51:14	60.12	6499	1399	1433
759	06:52:14	60.09	6499	1398	1433
760	06:53:14	60.12	6499	1397	1432
761	06:54:14	60.12	6499	1397	1431
762	06:55:14	60.11	6499	1396	1431
763	06:56:14	60.11	6499	1395	1430
764	06:57:14	10.27	6499	1395	1430
765	06:57:25	60.37	6499	1395	1429
766	06:58:25	60.12	6499	1394	1429
767	06:59:25	60.12	6499	1393	1428
768	07:00:25	60.11	6499	1393	1427
769	07:01:25	60.12	6499	1392	1427
770	07:02:26	60.11	6499	1391	1426
771	07:03:26	60.09	6499	1391	1426
772	07:04:26	60.11	6499	1390	1425
773	07:05:26	60.11	6499	1389	1424
774	07:06:26	60.12	6499	1389	1424
775	07:07:26	60.12	6499	1388	1423
776	07:08:26	60.12	6499	1387	1422
777	07:09:26	60.13	6499	1387	1422
778	07:10:26	60.11	6499	1386	1421
779	07:11:27	60.10	6499	1385	1420
780	07:12:27	60.11	6499	1385	1420
781	07:13:27	60.12	6499	1384	1419
782	07:14:27	60.11	6499	1383	1418
783	07:15:27	60.12	6499	1382	1418
784	07:16:27	60.11	6499	1382	1417
785	07:17:27	60.11	6499	1381	1416
786	07:18:27	60.11	6499	1380	1416
787	07:19:27	60.11	6499	1380	1415
788	07:20:28	60.07	6499	1379	1414
789	07:21:28	60.11	6499	1378	1414
790	07:22:28	60.12	6499	1378	1413
791	07:23:28	60.12	6499	1377	1412
792	07:24:28	60.13	6499	1376	1412
793	07:25:28	60.11	6499	1376	1411
794	07:26:28	60.11	6499	1375	1411
795	07:27:28	60.11	6499	1374	1410
796	07:28:28	60.11	6499	1374	1409
797	07:29:29	60.11	6499	1373	1409
798	07:30:29	60.12	6499	1372	1408
799	07:31:29	60.12	6499	1372	1407
800	07:32:29	12.43	6499	1371	1407
801	07:32:41	60.19	6499	1371	1407
802	07:33:42	60.09	6499	1370	1406
803	07:34:42	60.10	6499	1369	1405
804	07:35:42	60.12	6499	1369	1405
805	07:36:42	60.11	6499	1368	1404
806	07:37:42	60.12	6499	1368	1403
807	07:38:42	60.11	6499	1367	1403
808	07:39:42	60.11	6499	1366	1402
809	07:40:42	60.12	6499	1366	1401
810	07:41:42	60.11	6499	1365	1401
811	07:42:43	60.11	6499	1364	1400
812	07:43:43	60.12	6499	1364	1400
813	07:44:43	60.10	6499	1363	1399
814	07:45:43	60.11	6499	1362	1398
815	07:46:43	60.11	6499	1362	1398
816	07:47:43	60.11	6499	1361	1397
817	07:48:43	60.12	6499	1360	1396
818	07:49:43	60.10	6499	1360	1396
819	07:50:43	60.11	6499	1359	1395
820	07:51:44	60.11	6499	1358	1395
821	07:52:44	60.12	6499	1358	1394
822	07:53:44	60.10	6499	1357	1393
823	07:54:44	60.12	6499	1356	1393
824	07:55:44	60.12	6499	1356	1392
825	07:56:44	60.10	6499	1355	1391
826	07:57:44	60.12	6499	1354	1391
827	07:58:44	60.11	6499	1354	1390
828	07:59:44	60.12	6499	1353	1389
829	08:00:45	60.11	6499	1352	1389
830	08:01:45	60.12	6499	1352	1388
831	08:02:45	60.11	6499	1351	1388
832	08:03:45	60.10	6499	1351	1387
833	08:04:45	60.12	6499	1350	1386
834	08:05:45	60.11	6499	1349	1386
835	08:06:45	60.11	6499	1349	1385
836	08:07:45	60.12	6499	1348	1384
837	08:08:45	60.12	6499	1347	1384
838	08:09:46	60.11	6499	1347	1383
839	08:10:46	60.12	6499	1346	1382
840	08:11:46	60.11	6499	1345	1382
841	08:12:46	60.11	6499	1345	1381
842	08:13:46	60.11	6499	1344	1381
843	08:14:46	60.11	6499	1343	1380
844	08:15:46	60.12	6499	1343	1379
845	08:16:46	60.11	6499	1342	1379
846	08:17:46	60.12	6499	1341	1378
847	08:18:47	10.27	6499	1341	1378
848	08:18:57	44.42	6499	1341	1377
849	08:19:41	60.23	6499	1340	1377
850	08:20:42	60.06	6499	1340	1376
851	08:21:42	60.11	6499	1339	1376
852	08:22:42	60.11	6499	1338	1375
853	08:23:42	60.13	6499	1338	1374
854	08:24:42	60.11	6499	1337	1374
855	08:25:42	10.27	6499	1337	1373
856	08:25:52	60.40	6499	1336	1373
857	08:26:53	60.11	6499	1336	1372
858	08:27:53	60.11	6499	1335	1372
859	08:28:53	60.12	6499	1334	1371
860	08:29:53	60.12	6499	1334	1371
861	08:30:53	60.12	6499	1333	1370
862	08:31:53	60.12	6499	1333	1369
863	08:32:53	60.11	6499	1332	1369
864	08:33:54	60.11	6499	1331	1368
865	08:34:54	60.11	6499	1331	1368
866	08:35:54	60.11	6499	1330	1367
867	08:36:54	60.12	6499	1329	1366
868	08:37:54	60.13	6499	1329	1366
869	08:38:54	60.11	6499	1328	1365
870	08:39:54	60.12	6499	1328	1365
871	08:40:54	60.12	6499	1327	1364
872	08:41:54	60.12	6499	1326	1363
873	08:42:55	60.12	6499	1326	1363
874	08:43:55	60.12	6499	1325	1362
875	08:44:55	60.11	6499	1324	1362
876	08:45:55	60.12	6499	1324	1361
877	08:46:55	60.11	6499	1323	1360
878	08:47:55	60.12	6499	1323	1360
879	08:48:55	60.11	6499	1322	1359
880	08:49:55	60.12	6499	1322	1358
881	08:50:55	60.12	6499	1321	1358
882	08:51:56	60.12	6499	1320	1357
883	08:52:56	60.11	6499	1320	1357
884	08:53:56	60.11	6499	1319	1356
885	08:54:56	60.10	6499	1318	1355
886	08:55:56	60.10	6499	1318	1355
887	08:56:56	60.10	6499	1317	1354
888	08:57:56	60.11	6499	1317	1354
889	08:58:56	60.11	6499	1316	1353
890	08:59:56	60.12	6499	1315	1352
891	09:00:57	60.11	6499	1315	1352
892	09:01:57	60.11	6499	1314	1351
893	09:02:57	17.35	6499	1314	1351
894	09:03:14	60.28	6499	1313	1350
895	09:04:14	60.11	6499	1313	1350
896	09:05:15	60.12	6499	1312	1349
897	09:06:15	60.11	6499	1312	1349
898	09:07:15	60.11	6499	1311	1348
899	09:08:15	60.11	6499	1310	1347
900	09:09:15	60.12	6499	1310	1347
901	09:10:15	60.10	6499	1309	1346
902	09:11:15	60.11	6499	1309	1346
903	09:12:15	60.11	6499	1308	1345
904	09:13:15	60.11	6499	1307	1344
905	09:14:16	60.12	6499	1307	1344
906	09:15:16	60.11	6499	1306	1343
907	09:16:16	60.12	6499	1306	1343
908	09:17:16	60.10	6499	1305	1342
909	09:18:16	60.12	6499	1305	1342
910	09:19:16	60.11	6499	1304	1341
911	09:20:16	58.54	6499	1303	1340
912	09:21:15	60.13	6499	1303	1340
913	09:22:15	60.11	6499	1302	1339
914	09:23:15	60.12	6499	1302	1339
915	09:24:15	60.11	6499	1301	1338
916	09:25:15	60.12	6499	1301	1337
917	09:26:15	60.10	6499	1300	1337
918	09:27:15	60.12	6499	1299	1336
919	09:28:16	60.12	6499	1299	1336
920	09:29:16	60.11	6499	1298	1335
921	09:30:16	60.12	6499	1298	1334
922	09:31:16	60.11	6499	1297	1334
923	09:32:16	60.11	6499	1296	1333
924	09:33:16	60.12	6499	1296	1333
925	09:34:16	60.12	6499	1295	1332
926	09:35:16	60.11	6499	1295	1332
927	09:36:17	60.12	6499	1294	1331
928	09:37:17	60.10	6499	1294	1330
929	09:38:17	60.11	6499	1293	1330
930	09:39:17	60.12	6499	1292	1329
931	09:40:17	60.12	6499	1292	1329
932	09:41:17	60.11	6499	1291	1328
933	09:42:17	60.12	6499	1291	1328
934	09:43:17	60.10	6499	1290	1327
935	09:44:17	60.12	6499	1290	1326
936	09:45:18	60.12	6499	1289	1326
937	09:46:18	60.11	6499	1288	1325
938	09:47:18	60.11	6499	1288	1325
939	09:48:18	60.11	6499	1287	1324
940	09:49:18	60.12	6499	1287	1323
941	09:50:18	60.11	6499	1286	1323
942	09:51:18	60.11	6499	1285	1322
943	09:52:18	60.12	6499	1285	1322
944	09:53:18	60.11	6499	1284	1321
945	09:54:19	60.11	6499	1284	1321
946	09:55:19	60.11	6499	1283	1320
947	09:56:19	60.12	6499	1283	1319
948	09:57:19	60.11	6499	1282	1319
949	09:58:19	60.12	6499	1281	1318
950	09:59:19	60.11	6499	1281	1318
951	10:00:19	60.11	6499	1280	1317
952	10:01:19	60.12	6499	1280	1317
953	10:02:19	60.11	6499	1279	1316
954	10:03:20	60.10	6499	1278	1315
955	10:04:20	60.11	6499	1278	1315
956	10:05:20	60.12	6499	1277	1314
957	10:06:20	60.11	6499	1277	1314
958	10:07:20	60.11	6499	1276	1313
959	10:08:20	60.11	6499	1275	1313
960	10:09:20	60.12	6499	1275	1312
961	10:10:20	60.11	6499	1274	1312
962	10:11:20	60.12	6499	1274	1311
963	10:12:21	60.11	6499	1273	1310
964	10:13:21	60.11	6499	1272	1310
965	10:14:21	10.56	6499	1272	1309
966	10:14:31	44.12	6499	1272	1309
967	10:15:15	31.00	6499	1271	1309
968	10:15:47	30.89	6499	1271	1309
969	10:16:17	60.32	6499	1271	1308
970	10:17:18	60.12	6499	1270	1308
971	10:18:18	60.12	6499	1269	1307
972	10:19:18	60.11	6499	1269	1307
973	10:20:18	60.05	6499	1268	1306
974	10:21:18	60.11	6499	1268	1305
975	10:22:18	60.11	6499	1267	1305
976	10:23:18	60.12	6499	1267	1304
977	10:24:18	60.12	6499	1266	1304
978	10:25:19	43.77	6499	1265	1303
979	10:26:02	60.17	6499	1265	1303
980	10:27:03	10.33	6499	1265	1302
981	10:27:13	60.04	6499	1264	1302
982	10:28:13	48.03	6499	1264	1302
983	10:29:01	60.18	6499	1263	1301
984	10:30:01	13.26	6499	1263	1301
985	10:30:14	60.14	6499	1263	1300
986	10:31:14	60.11	6499	1262	1300
987	10:32:15	60.12	6499	1262	1299
988	10:33:15	60.11	6499	1261	1299
989	10:34:15	60.11	6499	1261	1298
990	10:35:15	60.11	6499	1260	1298
991	10:36:15	60.12	6499	1260	1297
992	10:37:15	60.11	6499	1259	1297
993	10:38:15	60.12	6499	1259	1296
994	10:39:15	60.12	6499	1258	1295
995	10:40:16	10.26	6499	1258	1295
996	10:40:26	23.50	6499	1258	1295
997	10:40:49	60.41	6499	1257	1295
998	10:41:50	60.11	6499	1257	1294
999	10:42:50	60.10	6499	1256	1294
1000	10:43:50	60.11	6499	1256	1293
1001	10:44:50	60.12	6499	1255	1292
1002	10:45:50	60.11	6499	1255	1292
1003	10:46:50	60.11	6499	1254	1291
1004	10:47:50	60.11	6499	1253	1291
1005	10:48:50	60.10	6499	1253	1290
1006	10:49:51	61.16	6499	1252	1290
1007	10:50:52	60.11	6499	1252	1289
1008	10:51:52	60.14	6499	1251	1289
1009	10:52:52	60.07	6499	1251	1288
1010	10:53:52	60.74	6499	1250	1288
1011	10:54:53	60.81	6499	1250	1287
1012	10:55:54	60.55	6499	1249	1286
1013	10:56:54	60.62	6499	1248	1286
1014	10:57:55	60.47	6499	1248	1285
1015	10:58:55	60.55	6499	1247	1285
1016	10:59:56	60.54	6499	1247	1284
1017	11:00:56	60.58	6499	1246	1284
1018	11:01:57	60.50	6499	1246	1284
1019	11:02:57	29.03	6499	1246	1283
1020	11:03:26	59.35	6499	1245	1283
1021	11:04:26	51.35	6499	1245	1282
1022	11:05:17	35.14	6499	1244	1282
1023	11:05:52	60.13	6499	1244	1281
1024	11:06:52	10.27	6499	1244	1281
1025	11:07:03	60.12	6499	1243	1281
1026	11:08:03	60.11	6499	1243	1280
1027	11:09:03	60.11	6499	1242	1280
1028	11:10:03	62.73	6499	1242	1279
1029	11:11:06	60.12	6499	1241	1279
1030	11:12:06	60.10	6499	1240	1278
1031	11:13:06	14.44	6499	1240	1278
1032	11:13:20	60.43	6499	1240	1277
1033	11:14:21	60.13	6499	1239	1277
1034	11:15:21	60.12	6499	1239	1276
1035	11:16:21	60.11	6499	1238	1276
1036	11:17:21	60.12	6499	1238	1275
1037	11:18:21	60.12	6499	1237	1275
1038	11:19:21	60.09	6499	1236	1274
1039	11:20:22	60.04	6499	1236	1274
1040	11:21:22	60.11	6499	1235	1273
1041	11:22:22	60.12	6499	1235	1272
1042	11:23:22	60.12	6499	1234	1272
1043	11:24:22	60.11	6499	1234	1271
1044	11:25:22	60.11	6499	1233	1271
1045	11:26:22	60.11	6499	1233	1270
1046	11:27:22	60.12	6499	1232	1270
1047	11:28:22	60.11	6499	1232	1269
1048	11:29:22	60.11	6499	1231	1269
1049	11:30:23	60.12	6499	1230	1268
1050	11:31:23	60.11	6499	1230	1267
1051	11:32:23	60.11	6499	1229	1267
1052	11:33:23	60.11	6499	1228	1266
1053	11:34:23	60.11	6499	1227	1266
1054	11:35:23	60.11	6499	1226	1265
1055	11:36:23	60.12	6499	1225	1265
1056	11:37:23	60.10	6499	1223	1264
1057	11:38:23	60.11	6499	1222	1263
1058	11:39:24	60.12	6499	1220	1263
1059	11:40:24	60.11	6499	1219	1262
1060	11:41:24	60.11	6499	1217	1261
1061	11:42:24	60.10	6499	1215	1260
1062	11:43:24	42.67	6499	1213	1259
1063	11:44:07	60.27	6499	1211	1258
1064	11:45:07	26.55	6499	1209	1257
1065	11:45:34	60.10	6499	1207	1256
1066	11:46:34	60.11	6499	1203	1255
1067	11:47:34	60.11	6499	1198	1253
1068	11:48:34	60.11	6499	1193	1251
1069	11:49:34	60.10	6499	1187	1249
1070	11:50:34	60.12	6499	1180	1247
1071	11:51:34	60.13	6499	1171	1245
1072	11:52:34	60.12	6499	1163	1242
1073	11:53:34	60.11	6499	1155	1239
1074	11:54:35	60.12	6499	1145	1235
1075	11:55:35	60.12	6499	1134	1231
1076	11:56:35	60.11	6499	1124	1229
1077	11:57:35	60.11	6499	1116	1224
1078	11:58:35	60.12	6499	1110	1218
1079	11:59:35	60.11	6499	1102	1211
1080	12:00:35	60.11	6499	1099	1205
1081	12:01:35	60.11	6499	1097	1199
1082	12:02:35	60.11	6499	716.8	783.9
1083	12:03:36	60.12	6499	0	0
1084	12:04:36	60.10	6499	0	0
1085	12:05:36	45.73	6499	0	0
1086	12:06:21	23.28	6499	0	0
1087	12:06:45	60.22	6499	0	0
1088	12:07:45	60.12	6501	0	0
1089	12:08:45	31.17	6501	0.09032	0.0841
Created by AtlRunQuery on: 2018-08-27 18:46:31.898394
