LHC beam energy and intensities during run 327490:
(Begin/end of run: Wed Jun 21 2017 17:54:33 − Thu Jun 22, 15:13:28)

LB	   Start time
(CEST)	   Duration
(sec)	   Beam energy
(GeV)	   Intensity Beam-1
(1e11 protons)	   Intensity Beam-2
(1e11 protons)
1	17:54:33	60.11	450	12.45	6.429
2	17:55:34	60.11	450	12.45	12.45
3	17:56:34	60.10	450	12.44	12.43
4	17:57:34	11.13	450	12.44	12.42
5	17:57:45	60.25	450	12.43	12.41
6	17:58:45	60.13	450	12.43	20.34
7	17:59:45	60.12	450	12.42	24.94
8	18:00:45	60.11	450	12.42	24.92
9	18:01:46	60.12	450	12.41	27.86
10	18:02:46	60.10	450	19.33	37.37
11	18:03:46	60.11	450	1.827	2.765
12	18:04:46	60.11	450	0	0
13	18:05:46	60.11	450	0.02243	0
14	18:06:46	56.53	450	0.06493	0.04635
15	18:07:43	60.19	450	0.06481	0.07209
16	18:08:43	11.92	450	0.06477	0.07207
17	18:08:55	60.20	450	0.06474	0.07204
18	18:09:55	60.12	450	0.06457	0.07134
19	18:10:55	11.31	450	0.0642	0.06992
20	18:11:06	60.06	450	9.51	0.8483
21	18:12:06	10.27	449	12.7	12.48
22	18:12:17	60.12	449	12.7	12.48
23	18:13:17	20.73	450	120.5	12.48
24	18:13:38	60.17	450	182.5	105.7
25	18:14:38	10.27	449	220	183.4
26	18:14:48	60.12	450	352.9	183.4
27	18:15:48	60.13	450	468.4	183.3
28	18:16:48	60.11	449	523.1	353.2
29	18:17:48	60.12	450	522.7	462.9
30	18:18:48	60.11	450	522.2	572
31	18:19:49	60.09	449	521.7	796.4
32	18:20:49	60.08	450	679	905.8
33	18:21:49	60.12	450	787.7	1034
34	18:22:49	60.12	449	895.1	1187
35	18:23:49	60.12	450	1029	1205
36	18:24:49	60.13	450	1057	1205
37	18:25:49	60.12	450	1195	1204
38	18:26:49	60.12	450	1194	1203
39	18:27:49	60.11	450	1193	1203
40	18:28:50	60.11	450	1191	1202
41	18:29:50	60.12	450	740.5	748.6
42	18:30:50	60.13	450	0	0
43	18:31:50	60.11	449	0	0
44	18:32:50	60.11	450	0	0
45	18:33:50	60.12	450	0	0
46	18:34:50	60.12	450	0	0
47	18:35:50	60.12	449	0	0.03311
48	18:36:51	60.11	450	0.009814	0.06506
49	18:37:51	60.11	450	0.06998	0.06367
50	18:38:51	60.12	450	0.06932	0.0631
51	18:39:51	60.12	450	0.06926	0.06304
52	18:40:51	60.11	450	0.0692	0.06299
53	18:41:51	60.12	450	0.06915	0.06293
54	18:42:51	60.12	450	0.0688	0.06267
55	18:43:51	60.12	450	10.48	2.097
56	18:44:51	60.10	449	95.58	12.16
57	18:45:52	60.11	450	205.4	12.16
58	18:46:52	60.13	449	350.6	89.32
59	18:47:52	60.12	450	367.3	311.9
60	18:48:52	60.11	450	519.8	419.4
61	18:49:52	60.11	450	643.5	527.6
62	18:50:52	60.12	450	752.2	686.8
63	18:51:52	60.12	450	860.7	806
64	18:52:52	60.12	449	1024	912.4
65	18:53:52	60.11	450	1137	1020
66	18:54:53	60.12	450	1192	1185
67	18:55:53	60.12	450	1191	1187
68	18:56:53	60.12	450	1190	1186
69	18:57:53	60.11	450	1189	1185
70	18:58:53	60.11	450	1187	1184
71	18:59:53	60.12	450	1186	1184
72	19:00:53	60.12	450	1185	1183
73	19:01:53	60.11	450	1184	1182
74	19:02:54	60.12	450	1182	1181
75	19:03:54	60.11	450	1181	1180
76	19:04:54	60.12	450	1180	1179
77	19:05:54	60.11	449	1178	1178
78	19:06:54	60.12	450	1177	1176
79	19:07:54	60.11	450	1176	1175
80	19:08:54	60.12	449	1174	1174
81	19:09:54	60.12	449	1173	1173
82	19:10:54	60.13	450	1171	1172
83	19:11:55	60.12	450	1170	1170
84	19:12:55	60.10	450	1169	1169
85	19:13:55	60.12	450	1167	1168
86	19:14:55	60.11	450	1167	1167
87	19:15:55	60.12	449	1210	1166
88	19:16:55	60.12	450	1329	1164
89	19:17:55	60.12	450	1479	1162
90	19:18:55	60.12	449	1587	1161
91	19:19:56	60.08	450	1693	1159
92	19:20:56	60.09	450	1824	1157
93	19:21:56	60.12	450	1964	1156
94	19:22:56	60.11	450	2068	1154
95	19:23:56	60.11	450	2172	1152
96	19:24:56	60.12	450	2315	1151
97	19:25:56	60.12	449	2443	1149
98	19:26:56	60.12	450	2478	1147
99	19:27:56	60.12	450	2475	1145
100	19:28:56	60.12	450	2471	1143
101	19:29:57	60.12	449	2468	1141
102	19:30:57	60.11	450	2465	1139
103	19:31:57	60.12	450	2461	1137
104	19:32:57	60.12	450	2458	1135
105	19:33:57	60.11	449	2455	1132
106	19:34:57	60.11	450	2451	1130
107	19:35:57	60.12	450	2448	1128
108	19:36:57	60.12	449	2444	1126
109	19:37:58	60.12	450	2441	1124
110	19:38:58	60.10	449	2437	1121
111	19:39:58	60.12	450	2434	1119
112	19:40:58	60.12	449	2430	1117
113	19:41:58	60.12	450	2426	1114
114	19:42:58	60.11	450	2423	1112
115	19:43:58	60.13	450	2419	1110
116	19:44:58	60.12	450	2416	1107
117	19:45:58	60.10	450	2412	1105
118	19:46:59	60.11	450	2408	1102
119	19:47:59	60.11	450	2405	1099
120	19:48:59	60.11	450	2401	1097
121	19:49:59	60.12	450	2397	1094
122	19:50:59	60.11	450	2393	1091
123	19:51:59	60.12	449	2389	1089
124	19:52:59	60.12	450	2385	1086
125	19:53:59	60.11	450	2381	1083
126	19:54:59	60.12	449	2378	1080
127	19:56:00	60.12	450	2374	1078
128	19:57:00	60.12	450	2370	1075
129	19:58:00	60.12	450	2365	1072
130	19:59:00	60.11	450	2361	1069
131	20:00:00	60.11	450	2357	1066
132	20:01:00	60.12	450	2353	1063
133	20:02:00	60.11	449	2349	1060
134	20:03:00	60.11	450	2344	1057
135	20:04:01	60.11	450	2340	1054
136	20:05:01	60.11	450	2336	1051
137	20:06:01	60.11	450	2332	1048
138	20:07:01	60.12	449	2328	1045
139	20:08:01	60.11	449	2323	1042
140	20:09:01	60.11	450	2319	1039
141	20:10:01	60.12	450	2314	1036
142	20:11:01	60.12	450	2310	1033
143	20:12:01	60.12	450	2305	1030
144	20:13:02	60.12	450	2301	1027
145	20:14:02	60.12	450	2296	1024
146	20:15:02	60.12	450	2292	1021
147	20:16:02	60.11	450	2288	1017
148	20:17:02	60.12	450	2283	1014
149	20:18:02	60.12	450	2279	1011
150	20:19:02	60.12	450	2274	1008
151	20:20:02	60.08	450	2269	1005
152	20:21:02	60.10	449	2265	1002
153	20:22:03	60.12	450	2260	998.5
154	20:23:03	60.10	450	2256	995.3
155	20:24:03	60.11	450	2251	992.1
156	20:25:03	60.12	449	2246	988.9
157	20:26:03	60.12	450	2241	985.6
158	20:27:03	60.12	450	1431	628.6
159	20:28:03	60.12	450	0	0
160	20:29:03	60.11	450	0	0
161	20:30:03	60.09	450	0	0
162	20:31:04	60.12	450	0.007584	0.04659
163	20:32:04	60.11	450	0.06258	0.05699
164	20:33:04	60.12	450	0.06171	0.05601
165	20:34:04	60.11	450	0.06122	0.05534
166	20:35:04	60.11	450	0.06089	0.05505
167	20:36:04	60.12	450	0.06082	0.05496
168	20:37:04	60.11	450	0.06076	0.05486
169	20:38:04	60.10	450	0.06071	0.0548
170	20:39:04	60.12	450	0.06064	0.05474
171	20:40:05	60.12	450	0.06057	0.05468
172	20:41:05	60.13	449	0.0605	0.05463
173	20:42:05	60.12	450	0.06038	0.05455
174	20:43:05	60.12	450	0.06027	0.05447
175	20:44:05	60.11	450	0.0602	0.05439
176	20:45:05	60.12	450	4.519	0.05415
177	20:46:05	60.12	450	12.37	8.171
178	20:47:05	60.12	450	12.36	11.93
179	20:48:06	60.11	449	12.36	11.93
180	20:49:06	60.11	450	12.35	11.93
181	20:50:06	60.11	450	12.35	11.92
182	20:51:06	60.11	450	12.34	11.92
183	20:52:06	60.13	450	12.34	11.91
184	20:53:06	60.12	450	13.45	12.22
185	20:54:06	60.12	450	13.57	13.29
186	20:55:06	60.11	450	13.56	13.28
187	20:56:06	60.12	449	13.55	13.27
188	20:57:07	60.12	449	13.54	13.27
189	20:58:07	60.10	450	13.54	13.26
190	20:59:07	60.11	449	13.53	13.25
191	21:00:07	60.12	450	13.52	13.25
192	21:01:07	60.12	450	13.52	13.24
193	21:02:07	60.12	450	13.51	13.23
194	21:03:07	60.12	450	13.51	13.23
195	21:04:07	60.12	449	13.5	13.22
196	21:05:08	60.11	450	13.5	13.22
197	21:06:08	60.11	450	13.49	14.53
198	21:07:08	60.11	450	13.49	14.53
199	21:08:08	60.11	450	13.48	14.52
200	21:09:08	60.11	450	13.48	14.51
201	21:10:08	60.12	449	13.47	14.5
202	21:11:08	60.12	450	13.47	14.5
203	21:12:08	60.12	450	13.46	14.49
204	21:13:08	60.12	450	13.46	14.48
205	21:14:09	60.12	450	13.45	14.48
206	21:15:09	60.11	450	13.45	14.47
207	21:16:09	60.11	450	13.45	14.46
208	21:17:09	60.13	450	13.44	14.46
209	21:18:09	60.12	449	13.44	14.45
210	21:19:09	60.11	450	6.869	7.383
211	21:20:09	60.07	450	0	0
212	21:21:09	60.10	450	0	0.04178
213	21:22:09	60.11	450	0	0.07138
214	21:23:10	60.12	450	0	0.07061
215	21:24:10	60.12	450	0	0.0702
216	21:25:10	60.11	450	0	0.06992
217	21:26:10	60.11	450	0	0.06969
218	21:27:10	60.12	450	0	0.0695
219	21:28:10	60.11	450	0	0.06933
220	21:29:10	60.11	450	0	0.06918
221	21:30:10	60.12	450	0	0.06904
222	21:31:10	60.11	449	0	0.0689
223	21:32:11	60.13	450	0	0.06877
224	21:33:11	60.10	449	0	0.06866
225	21:34:11	60.11	450	0	0.06854
226	21:35:11	60.13	450	0	0.06842
227	21:36:11	60.12	450	0	0.06831
228	21:37:11	60.11	450	0	0.06819
229	21:38:11	60.12	450	0	0.06809
230	21:39:11	60.13	450	0	0.06798
231	21:40:12	60.12	450	0	0.06787
232	21:41:12	60.12	450	0	0.06776
233	21:42:12	60.11	450	0	0.06766
234	21:43:12	60.13	450	0	0.06755
235	21:44:12	60.12	450	0	0.06744
236	21:45:12	60.12	450	0	0.03106
237	21:46:12	60.11	450	0	0
238	21:47:12	60.12	450	0	0
239	21:48:12	60.11	449	0	0
240	21:49:13	60.12	450	0	0
241	21:50:13	60.10	450	0	0
242	21:51:13	60.12	450	0	0
243	21:52:13	60.12	450	0.02213	0
244	21:53:13	60.11	450	0.06212	0
245	21:54:13	60.12	450	0.06128	0.06142
246	21:55:13	60.12	450	0.0608	0.06097
247	21:56:13	60.11	450	0.06073	0.06091
248	21:57:14	60.12	450	0.06067	0.06085
249	21:58:14	60.11	450	0.06061	0.0608
250	21:59:14	60.11	450	0.06047	4.773
251	22:00:14	60.11	450	0.06009	12.36
252	22:01:14	60.12	449	4.28	12.36
253	22:02:14	60.13	450	12.02	12.35
254	22:03:14	60.11	450	183.3	64.98
255	22:04:14	60.12	450	291.1	182.6
256	22:05:14	60.11	450	398.9	182.5
257	22:06:15	60.12	450	519.7	283.5
258	22:07:15	60.11	450	674.3	391.3
259	22:08:15	60.12	450	781.3	520.8
260	22:09:15	60.11	450	889.1	667
261	22:10:15	60.13	450	1023	774.2
262	22:11:15	60.11	450	1167	881
263	22:12:15	60.11	450	1191	1105
264	22:13:15	60.09	450	1191	1192
265	22:14:15	60.10	450	1268	1192
266	22:15:16	60.12	450	1377	1321
267	22:16:16	60.10	450	1529	1428
268	22:17:16	60.12	450	1653	1536
269	22:18:16	60.11	450	1696	1694
270	22:19:16	60.12	450	1698	1812
271	22:20:16	60.04	450	1862	1920
272	22:21:16	60.12	450	1973	2028
273	22:22:16	60.12	450	2080	2196
274	22:23:16	60.11	450	2196	2305
275	22:24:16	60.12	450	2354	2414
276	22:25:17	60.11	450	2460	2537
277	22:26:17	53.42	450	2525	2535
278	22:27:10	43.54	450	2511	2521
279	22:27:54	60.33	449	2508	2520
280	22:28:54	60.12	450	2506	2518
281	22:29:54	60.12	450	2503	2515
282	22:30:54	60.12	450	2500	2513
283	22:31:54	60.12	451	2497	2511
284	22:32:55	60.11	502	2496	2510
285	22:33:55	60.11	624	2495	2510
286	22:34:55	48.32	815	2495	2510
287	22:35:43	60.13	1009	2494	2510
288	22:36:43	18.35	1319	2494	2509
289	22:37:02	60.03	1429	2494	2509
290	22:38:02	60.12	1776	2494	2509
291	22:39:02	60.11	2124	2494	2509
292	22:40:02	60.12	2471	2494	2509
293	22:41:02	60.12	2819	2494	2509
294	22:42:02	60.11	3166	2493	2509
295	22:43:02	60.11	3513	2493	2509
296	22:44:02	60.11	3861	2492	2509
297	22:45:02	60.11	4208	2492	2509
298	22:46:02	60.12	4556	2491	2509
299	22:47:03	60.13	4909	2491	2509
300	22:48:03	60.11	5256	2491	2509
301	22:49:03	60.12	5604	2490	2508
302	22:50:03	60.11	5951	736	741
303	22:51:03	60.12	6299	0	0
304	22:52:03	60.13	6499	0	0
305	22:53:03	60.12	6499	0	0
306	22:54:03	60.11	6499	0	0
307	22:55:04	60.11	6499	0	0
308	22:56:04	60.12	6499	0	0
309	22:57:04	60.10	6499	0	0
310	22:58:04	60.10	6499	0	0
311	22:59:04	60.12	6499	0	0
312	23:00:04	60.12	6499	0	0
313	23:01:04	60.12	6499	0	0
314	23:02:04	60.12	6499	0	0
315	23:03:04	60.11	6499	0	0
316	23:04:05	60.11	6499	0	0
317	23:05:05	60.12	6499	0	0
318	23:06:05	10.27	6499	0	0
319	23:06:15	60.12	6499	0	0
320	23:07:15	60.12	6499	0	0
321	23:08:15	60.12	6499	0	0
322	23:09:15	60.11	6501	0	0
323	23:10:16	60.11	6501	0	0
324	23:11:16	60.11	6501	0	0
325	23:12:16	60.12	6501	0	0
326	23:13:16	60.11	6500	0	0
327	23:14:16	11.09	6421	0	0
328	23:14:27	19.36	6393	0	0
329	23:14:46	60.46	6335	0	0
330	23:15:47	60.13	6062	0	0
331	23:16:47	60.12	5711	0	0
332	23:17:47	60.11	5358	0	0
333	23:18:47	60.11	5004	0	0
334	23:19:47	60.08	4649	0	0
335	23:20:47	60.08	4294	0	0
336	23:21:48	60.12	3932	0	0
337	23:22:48	60.11	3575	0	0
338	23:23:48	60.13	3219	0	0
339	23:24:48	60.12	2862	0	0
340	23:25:48	60.11	2506	0	0
341	23:26:48	60.11	2149	0	0
342	23:27:48	60.12	1793	0	0
343	23:28:48	60.11	1436	0	0
344	23:29:48	60.11	1079	0	0
345	23:30:49	60.12	717	0	0
346	23:31:49	60.12	379	0	0
347	23:32:49	60.12	157	0	0
348	23:33:49	60.11	63	0	0
349	23:34:49	60.12	59	0	0
350	23:35:49	60.12	59	0	0
351	23:36:49	60.12	59	0	0
352	23:37:49	60.11	59	0	0
353	23:38:50	60.11	59	0	0
354	23:39:50	60.12	59	0	0
355	23:40:50	60.11	59	0	0
356	23:41:50	60.12	59	0	0
357	23:42:50	60.13	59	0	0
358	23:43:50	60.12	59	0	0
359	23:44:50	60.12	59	0	0
360	23:45:50	60.12	59	0	0
361	23:46:50	60.10	59	0	0
362	23:47:51	60.12	59	0	0
363	23:48:51	60.11	59	0	0
364	23:49:51	60.13	59	0	0
365	23:50:51	60.11	59	0	0
366	23:51:51	60.12	59	0	0
367	23:52:51	60.12	59	0	0
368	23:53:51	60.12	59	0	0
369	23:54:51	60.12	59	0	0
370	23:55:52	60.12	59	0	0
371	23:56:52	60.12	59	0	0
372	23:57:52	60.12	59	0	0
373	23:58:52	60.11	59	0	0
374	23:59:52	60.11	59	0	0
375	00:00:52	60.11	59	0	0
376	00:01:52	60.11	59	0	0
377	00:02:52	60.12	59	0	0
378	00:03:52	60.11	59	0	0
379	00:04:53	60.11	59	0	0
380	00:05:53	60.11	59	0	0
381	00:06:53	60.12	59	0	0
382	00:07:53	60.11	59	0	0
383	00:08:53	60.12	59	0	0
384	00:09:53	60.11	59	0	0
385	00:10:53	60.13	59	0	0
386	00:11:53	60.11	59	0	0
387	00:12:53	60.11	59	0	0
388	00:13:54	60.13	59	0	0
389	00:14:54	60.12	59	0	0
390	00:15:54	60.11	59	0	0
391	00:16:54	60.11	59	0	0
392	00:17:54	60.11	59	0	0
393	00:18:54	60.11	59	0	0
394	00:19:54	60.08	59	0	0
395	00:20:54	60.08	59	0	0
396	00:21:54	60.12	59	0	0
397	00:22:55	60.12	59	0	0
398	00:23:55	60.12	59	0	0
399	00:24:55	60.12	59	0	0
400	00:25:55	60.11	59	0	0
401	00:26:55	60.11	59	0	0
402	00:27:55	60.12	59	0	0
403	00:28:55	60.13	59	0	0
404	00:29:55	60.10	59	0	0
405	00:30:55	60.12	59	0	0
406	00:31:56	60.12	59	0	0
407	00:32:56	60.11	59	0	0
408	00:33:56	60.12	59	0	0
409	00:34:56	60.11	59	0	0
410	00:35:56	60.12	59	0	0
411	00:36:56	60.10	79	0	0
412	00:37:56	60.11	433	0	0
413	00:38:56	52.57	450	0	0
414	00:39:49	60.15	450	0	0
415	00:40:49	60.11	450	0	0
416	00:41:49	60.13	450	0	0
417	00:42:49	60.12	450	0.04087	0.1139
418	00:43:49	60.10	450	0.115	0.1121
419	00:44:50	60.11	450	0.1138	0.1117
420	00:45:50	60.12	450	0.113	0.1111
421	00:46:50	60.11	450	0.1124	0.1104
422	00:47:50	60.10	450	0.1124	0.1103
423	00:48:50	60.12	450	0.1115	0.1103
424	00:49:50	60.11	449	0.1112	0.1102
425	00:50:50	60.12	450	0.111	0.11
426	00:51:50	60.11	450	0.1109	0.11
427	00:52:50	60.11	450	0.1109	0.11
428	00:53:51	60.11	450	0.1109	0.11
429	00:54:51	60.11	450	0.1109	0.1099
430	00:55:51	60.13	450	0.1109	0.1099
431	00:56:51	60.11	450	0.1108	0.1099
432	00:57:51	60.11	450	0.1106	0.1097
433	00:58:51	60.11	450	0.1106	0.1097
434	00:59:51	60.11	450	0.1106	0.1096
435	01:00:51	60.12	450	0.1105	0.1096
436	01:01:51	60.11	450	0.1104	0.1095
437	01:02:52	60.12	450	0.1104	0.1094
438	01:03:52	60.11	450	0.1104	0.1094
439	01:04:52	60.11	450	0.1104	0.1094
440	01:05:52	60.11	450	0.1104	0.1094
441	01:06:52	60.12	450	0.1104	0.1094
442	01:07:52	60.11	450	0.1103	0.1094
443	01:08:52	60.13	450	5.166	0.1093
444	01:09:52	60.11	450	13.11	9.63
445	01:10:53	60.13	450	13.11	13.49
446	01:11:53	60.11	450	13.11	13.49
447	01:12:53	60.11	450	13.1	13.48
448	01:13:53	60.11	450	13.1	13.48
449	01:14:53	60.12	450	13.09	13.48
450	01:15:53	60.12	450	119.2	13.47
451	01:16:53	60.12	450	231.9	175.8
452	01:17:53	60.11	450	362.7	289.5
453	01:18:53	60.11	450	518.2	365.4
454	01:19:54	60.08	450	537.7	365.4
455	01:20:54	60.07	450	566.9	513.5
456	01:21:54	60.12	450	713.1	625.6
457	01:22:54	60.12	450	857.2	736.8
458	01:23:54	60.11	450	888.3	886.1
459	01:24:54	60.11	450	904.5	885.8
460	01:25:54	60.12	450	1064	957.9
461	01:26:54	60.12	450	1194	1060
462	01:27:54	60.11	450	1240	1059
463	01:28:55	60.11	450	1244	1183
464	01:29:55	60.11	450	1415	1235
465	01:30:55	60.12	450	1530	1235
466	01:31:55	60.11	449	1642	1234
467	01:32:55	60.11	450	1763	1344
468	01:33:55	60.12	450	1930	1456
469	01:34:55	60.13	450	1937	1583
470	01:35:55	60.12	450	1935	1742
471	01:36:55	60.12	450	1934	1756
472	01:37:56	60.12	450	2089	1790
473	01:38:56	60.11	450	2201	1929
474	01:39:56	60.11	450	2283	2077
475	01:40:56	60.11	450	2281	2187
476	01:41:56	60.11	449	2421	2298
477	01:42:56	60.11	450	2453	2451
478	01:43:56	60.11	450	2467	2584
479	01:44:56	60.11	450	2625	2622
480	01:45:56	60.12	450	2622	2620
481	01:46:57	60.12	450	2619	2618
482	01:47:57	60.11	450	2616	2616
483	01:48:57	60.11	468	2613	2614
484	01:49:57	60.11	556	2612	2613
485	01:50:57	60.12	715	2612	2613
486	01:51:57	13.96	935	2611	2613
487	01:52:11	26.85	995	2611	2613
488	01:52:38	19.60	1123	2611	2613
489	01:52:58	37.58	1228	2598	2599
490	01:53:35	60.06	1440	2598	2599
491	01:54:35	60.12	1788	2598	2599
492	01:55:35	60.11	2135	2598	2599
493	01:56:35	60.11	2482	2597	2599
494	01:57:36	60.11	2835	2597	2599
495	01:58:36	60.13	3183	2597	2599
496	01:59:36	60.12	3530	2596	2599
497	02:00:36	60.12	3878	2595	2599
498	02:01:36	60.11	4225	2594	2599
499	02:02:36	60.11	4572	2594	2599
500	02:03:36	60.11	4920	2593	2599
501	02:04:36	60.11	5267	2593	2599
502	02:05:36	60.12	5615	2592	2599
503	02:06:37	60.11	5968	2591	2598
504	02:07:37	60.11	6315	2588	2598
505	02:08:37	10.27	6499	2587	2598
506	02:08:47	60.36	6499	2586	2598
507	02:09:47	60.10	6499	2586	2598
508	02:10:48	60.10	6499	2586	2598
509	02:11:48	60.11	6499	2586	2598
510	02:12:48	60.11	6499	2585	2598
511	02:13:48	60.12	6499	2585	2597
512	02:14:48	60.11	6499	2583	2597
513	02:15:48	60.12	6499	2581	2597
514	02:16:48	60.12	6499	2580	2597
515	02:17:48	60.11	6499	2578	2597
516	02:18:48	60.11	6499	2575	2596
517	02:19:49	23.46	6499	2572	2596
518	02:20:12	60.37	6499	2571	2596
519	02:21:12	60.10	6499	2570	2596
520	02:22:13	60.43	6499	2569	2595
521	02:23:13	60.30	6499	2565	2594
522	02:24:13	60.11	6499	2562	2592
523	02:25:13	60.12	6499	2560	2590
524	02:26:13	30.50	6499	2558	2589
525	02:26:44	60.40	6499	2557	2588
526	02:27:44	60.09	6499	2555	2586
527	02:28:44	60.10	6499	2552	2584
528	02:29:45	60.11	6499	2550	2582
529	02:30:45	60.11	6499	2548	2580
530	02:31:45	60.11	6499	2546	2578
531	02:32:45	10.27	6499	2545	2577
532	02:32:55	60.38	6499	2544	2576
533	02:33:56	60.11	6499	2542	2574
534	02:34:56	60.10	6499	2540	2572
535	02:35:56	60.12	6499	2538	2570
536	02:36:56	60.10	6499	2536	2568
537	02:37:56	60.12	6499	2534	2566
538	02:38:56	60.10	6499	2532	2565
539	02:39:56	21.76	6499	2531	2563
540	02:40:18	60.14	6499	2530	2562
541	02:41:18	60.12	6499	2528	2561
542	02:42:18	60.12	6499	2526	2559
543	02:43:18	60.11	6499	2524	2557
544	02:44:18	60.11	6499	2522	2556
545	02:45:19	59.73	6499	2520	2554
546	02:46:18	60.49	6499	2518	2552
547	02:47:19	60.12	6499	2516	2550
548	02:48:19	60.11	6499	2514	2549
549	02:49:19	60.12	6499	2513	2547
550	02:50:19	19.73	6499	2511	2546
551	02:50:39	41.20	6499	2510	2545
552	02:51:20	60.28	6499	2509	2544
553	02:52:20	60.10	6499	2507	2542
554	02:53:20	60.12	6499	2505	2540
555	02:54:21	35.20	6499	2503	2538
556	02:54:56	60.21	6499	2502	2536
557	02:55:56	60.11	6499	2500	2535
558	02:56:56	60.12	6499	2498	2533
559	02:57:56	20.95	6499	2496	2532
560	02:58:17	60.21	6499	2495	2531
561	02:59:17	60.12	6499	2493	2529
562	03:00:17	39.48	6499	2492	2528
563	03:00:57	60.45	6499	2490	2526
564	03:01:57	60.12	6499	2488	2525
565	03:02:58	60.11	6499	2487	2523
566	03:03:58	60.11	6499	2485	2521
567	03:04:58	60.11	6499	2483	2520
568	03:05:58	60.11	6499	2481	2518
569	03:06:58	60.11	6499	2479	2517
570	03:07:58	60.10	6499	2478	2516
571	03:08:58	60.13	6499	2476	2514
572	03:09:58	60.13	6499	2474	2513
573	03:10:58	60.10	6499	2473	2512
574	03:11:59	60.10	6499	2471	2510
575	03:12:59	60.11	6499	2470	2509
576	03:13:59	60.11	6499	2468	2508
577	03:14:59	60.11	6499	2467	2506
578	03:15:59	60.12	6499	2465	2505
579	03:16:59	36.71	6499	2464	2504
580	03:17:36	60.20	6499	2462	2503
581	03:18:36	60.12	6499	2461	2502
582	03:19:36	60.08	6499	2459	2500
583	03:20:36	60.06	6499	2458	2499
584	03:21:36	60.10	6499	2456	2498
585	03:22:36	60.13	6499	2455	2497
586	03:23:36	60.11	6499	2453	2496
587	03:24:37	60.11	6499	2452	2495
588	03:25:37	60.10	6499	2451	2494
589	03:26:37	10.27	6499	2450	2493
590	03:26:47	60.38	6499	2449	2493
591	03:27:47	60.12	6499	2448	2491
592	03:28:48	60.11	6499	2446	2490
593	03:29:48	60.11	6499	2444	2489
594	03:30:48	60.10	6499	2442	2487
595	03:31:48	60.11	6499	2441	2486
596	03:32:48	60.12	6499	2440	2485
597	03:33:48	60.12	6499	2438	2484
598	03:34:48	60.12	6499	2437	2482
599	03:35:48	60.12	6499	2435	2481
600	03:36:48	60.11	6499	2434	2480
601	03:37:49	60.10	6499	2432	2479
602	03:38:49	60.11	6499	2431	2477
603	03:39:49	60.11	6499	2429	2476
604	03:40:49	60.11	6499	2428	2475
605	03:41:49	60.12	6499	2426	2473
606	03:42:49	60.12	6499	2425	2472
607	03:43:49	60.11	6499	2423	2471
608	03:44:49	60.07	6499	2422	2470
609	03:45:49	10.55	6499	2421	2469
610	03:46:00	35.02	6499	2420	2469
611	03:46:35	60.17	6499	2419	2468
612	03:47:35	60.11	6499	2418	2466
613	03:48:35	60.13	6499	2416	2465
614	03:49:35	60.11	6499	2415	2464
615	03:50:36	10.27	6499	2414	2463
616	03:50:46	58.62	6499	2413	2463
617	03:51:44	29.72	6499	2412	2462
618	03:52:14	39.95	6499	2411	2461
619	03:52:54	60.04	6499	2410	2460
620	03:53:54	60.10	6499	2409	2459
621	03:54:54	60.10	6499	2407	2457
622	03:55:54	60.11	6499	2406	2456
623	03:56:54	60.37	6499	2405	2455
624	03:57:55	60.15	6499	2403	2454
625	03:58:55	60.11	6499	2402	2453
626	03:59:55	60.11	6499	2400	2451
627	04:00:55	60.12	6499	2399	2450
628	04:01:55	60.11	6499	2397	2449
629	04:02:55	60.11	6499	2396	2448
630	04:03:56	60.13	6499	2395	2446
631	04:04:56	60.12	6499	2393	2445
632	04:05:56	60.12	6499	2392	2444
633	04:06:56	60.11	6499	2390	2443
634	04:07:56	60.11	6499	2389	2442
635	04:08:56	60.12	6499	2388	2440
636	04:09:56	60.11	6499	2386	2439
637	04:10:56	60.10	6499	2385	2438
638	04:11:56	60.12	6499	2383	2437
639	04:12:57	60.11	6499	2382	2436
640	04:13:57	60.10	6499	2381	2434
641	04:14:57	60.11	6499	2379	2433
642	04:15:57	28.06	6499	2378	2432
643	04:16:25	60.34	6499	2377	2431
644	04:17:25	13.60	6499	2376	2431
645	04:17:39	16.27	6499	2376	2430
646	04:17:55	24.38	6499	2375	2430
647	04:18:20	60.20	6499	2375	2429
648	04:19:20	60.10	6499	2373	2428
649	04:20:20	60.04	6499	2372	2427
650	04:21:20	12.07	6499	2371	2426
651	04:21:32	15.56	6499	2371	2426
652	04:21:47	60.27	6499	2370	2425
653	04:22:48	60.11	6499	2368	2424
654	04:23:48	60.13	6499	2367	2423
655	04:24:48	39.42	6499	2366	2422
656	04:25:27	60.25	6499	2365	2421
657	04:26:28	10.26	6499	2364	2420
658	04:26:38	60.10	6499	2363	2419
659	04:27:38	60.12	6499	2362	2418
660	04:28:38	14.19	6499	2361	2418
661	04:28:52	60.19	6499	2360	2417
662	04:29:53	10.27	6499	2360	2416
663	04:30:03	60.11	6499	2359	2416
664	04:31:03	60.12	6499	2357	2414
665	04:32:03	60.12	6499	2356	2413
666	04:33:03	60.11	6499	2355	2412
667	04:34:03	60.12	6499	2353	2411
668	04:35:03	60.12	6499	2352	2410
669	04:36:03	60.11	6499	2351	2409
670	04:37:04	60.10	6499	2349	2407
671	04:38:04	60.09	6499	2348	2406
672	04:39:04	60.10	6499	2347	2405
673	04:40:04	60.11	6499	2345	2404
674	04:41:04	60.12	6499	2344	2403
675	04:42:04	60.11	6499	2342	2401
676	04:43:04	60.13	6499	2341	2400
677	04:44:04	60.11	6499	2340	2399
678	04:45:04	60.12	6499	2339	2398
679	04:46:05	60.12	6499	2337	2397
680	04:47:05	60.11	6499	2336	2396
681	04:48:05	60.10	6499	2335	2395
682	04:49:05	60.11	6499	2333	2393
683	04:50:05	60.11	6499	2332	2392
684	04:51:05	60.11	6499	2330	2391
685	04:52:05	60.11	6499	2329	2390
686	04:53:05	60.12	6499	2328	2389
687	04:54:05	60.11	6499	2326	2388
688	04:55:06	60.11	6499	2325	2386
689	04:56:06	60.11	6499	2324	2385
690	04:57:06	10.27	6499	2323	2385
691	04:57:16	60.39	6499	2322	2384
692	04:58:16	60.12	6499	2321	2383
693	04:59:17	60.10	6499	2319	2382
694	05:00:17	60.12	6499	2318	2381
695	05:01:17	60.11	6499	2317	2379
696	05:02:17	54.46	6499	2315	2378
697	05:03:11	60.25	6499	2314	2377
698	05:04:12	25.98	6499	2313	2376
699	05:04:38	60.18	6499	2312	2376
700	05:05:38	60.11	6499	2311	2375
701	05:06:38	60.11	6499	2310	2373
702	05:07:38	60.11	6499	2309	2372
703	05:08:38	60.12	6499	2307	2371
704	05:09:38	60.11	6499	2306	2370
705	05:10:38	60.12	6499	2305	2369
706	05:11:38	60.11	6499	2304	2368
707	05:12:39	60.12	6499	2302	2367
708	05:13:39	60.11	6499	2301	2365
709	05:14:39	60.10	6499	2300	2364
710	05:15:39	60.11	6499	2298	2363
711	05:16:39	60.12	6499	2296	2362
712	05:17:39	60.12	6499	2295	2361
713	05:18:39	60.12	6499	2294	2359
714	05:19:39	60.09	6499	2292	2358
715	05:20:39	60.26	6499	2291	2357
716	05:21:40	60.17	6499	2289	2356
717	05:22:40	60.11	6499	2288	2355
718	05:23:40	60.11	6499	2286	2354
719	05:24:40	60.12	6499	2285	2353
720	05:25:40	60.14	6499	2284	2351
721	05:26:40	60.12	6499	2282	2350
722	05:27:40	60.10	6499	2281	2349
723	05:28:41	60.11	6499	2279	2348
724	05:29:41	60.12	6499	2278	2347
725	05:30:41	60.12	6499	2277	2346
726	05:31:41	60.11	6499	2275	2344
727	05:32:41	60.11	6499	2274	2343
728	05:33:41	60.12	6499	2273	2342
729	05:34:41	60.11	6499	2272	2341
730	05:35:41	60.12	6499	2270	2340
731	05:36:42	60.11	6499	2269	2339
732	05:37:42	60.12	6499	2268	2338
733	05:38:42	60.12	6499	2266	2336
734	05:39:42	60.11	6499	2265	2335
735	05:40:42	60.12	6499	2264	2334
736	05:41:42	60.11	6499	2262	2333
737	05:42:42	60.12	6499	2261	2332
738	05:43:42	60.12	6499	2260	2331
739	05:44:42	60.11	6499	2258	2330
740	05:45:43	60.12	6499	2257	2328
741	05:46:43	28.96	6499	2256	2328
742	05:47:12	60.45	6499	2255	2327
743	05:48:12	60.11	6499	2254	2325
744	05:49:12	60.12	6499	2252	2324
745	05:50:12	60.12	6499	2251	2323
746	05:51:12	60.12	6499	2249	2322
747	05:52:13	60.12	6499	2248	2321
748	05:53:13	60.11	6499	2247	2320
749	05:54:13	60.11	6499	2245	2319
750	05:55:13	60.10	6499	2244	2318
751	05:56:13	60.12	6499	2242	2316
752	05:57:13	60.12	6499	2241	2315
753	05:58:13	60.13	6499	2240	2314
754	05:59:13	60.11	6499	2239	2313
755	06:00:13	60.11	6499	2237	2312
756	06:01:14	60.10	6499	2236	2311
757	06:02:14	60.11	6499	2235	2310
758	06:03:14	60.11	6499	2234	2309
759	06:04:14	60.12	6499	2232	2307
760	06:05:14	60.12	6499	2231	2306
761	06:06:14	60.12	6499	2230	2305
762	06:07:14	60.11	6499	2229	2304
763	06:08:14	60.11	6499	2227	2303
764	06:09:14	60.11	6499	2226	2302
765	06:10:15	60.11	6499	2225	2301
766	06:11:15	60.12	6499	2224	2300
767	06:12:15	60.11	6499	2223	2298
768	06:13:15	60.11	6499	2221	2297
769	06:14:15	60.11	6499	2220	2296
770	06:15:15	60.10	6499	2219	2295
771	06:16:15	60.12	6499	2218	2294
772	06:17:15	60.10	6499	2216	2293
773	06:18:15	60.11	6499	2215	2292
774	06:19:16	60.11	6499	2214	2291
775	06:20:16	60.05	6499	2213	2290
776	06:21:16	60.11	6499	2211	2288
777	06:22:16	60.10	6499	2210	2287
778	06:23:16	29.49	6499	2209	2287
779	06:23:45	60.42	6499	2208	2286
780	06:24:46	60.11	6499	2207	2285
781	06:25:46	60.12	6499	2206	2283
782	06:26:46	60.11	6499	2205	2282
783	06:27:46	60.12	6499	2204	2281
784	06:28:46	60.11	6499	2202	2280
785	06:29:46	60.12	6499	2201	2279
786	06:30:47	60.12	6499	2200	2278
787	06:31:47	60.11	6499	2199	2277
788	06:32:47	60.12	6499	2197	2276
789	06:33:47	60.12	6499	2196	2275
790	06:34:47	60.12	6499	2195	2273
791	06:35:47	60.11	6499	2194	2272
792	06:36:47	60.12	6499	2193	2271
793	06:37:47	60.11	6499	2191	2270
794	06:38:47	60.12	6499	2190	2269
795	06:39:48	60.12	6499	2189	2268
796	06:40:48	60.10	6499	2188	2267
797	06:41:48	60.12	6499	2187	2266
798	06:42:48	60.12	6499	2185	2265
799	06:43:48	60.12	6499	2184	2264
800	06:44:48	60.12	6499	2183	2263
801	06:45:48	60.11	6499	2182	2262
802	06:46:48	60.12	6499	2180	2260
803	06:47:49	60.10	6499	2179	2259
804	06:48:49	60.11	6499	2178	2258
805	06:49:49	60.11	6499	2177	2257
806	06:50:49	29.30	6499	2176	2256
807	06:51:18	16.75	6499	2175	2256
808	06:51:35	60.16	6499	2175	2255
809	06:52:35	60.12	6499	2173	2254
810	06:53:35	60.12	6499	2172	2253
811	06:54:35	60.11	6499	2171	2252
812	06:55:35	60.12	6499	2170	2251
813	06:56:36	60.11	6499	2169	2250
814	06:57:36	60.11	6499	2167	2249
815	06:58:36	60.11	6499	2166	2248
816	06:59:36	60.11	6499	2165	2247
817	07:00:36	60.12	6499	2164	2245
818	07:01:36	60.10	6499	2163	2244
819	07:02:36	60.11	6499	2161	2243
820	07:03:36	60.12	6499	2160	2242
821	07:04:36	10.85	6499	2159	2242
822	07:04:47	60.27	6499	2159	2241
823	07:05:48	60.11	6499	2157	2240
824	07:06:48	60.12	6499	2156	2239
825	07:07:48	60.11	6499	2155	2238
826	07:08:48	60.12	6499	2154	2237
827	07:09:48	60.11	6499	2153	2236
828	07:10:48	39.39	6499	2152	2235
829	07:11:27	60.04	6499	2151	2234
830	07:12:28	10.27	6499	2150	2233
831	07:12:38	60.11	6499	2149	2233
832	07:13:38	60.11	6499	2148	2232
833	07:14:38	60.10	6499	2147	2231
834	07:15:38	60.12	6499	2146	2230
835	07:16:38	60.12	6499	2145	2229
836	07:17:38	60.11	6499	2143	2227
837	07:18:38	60.10	6499	2142	2226
838	07:19:39	60.08	6499	2141	2225
839	07:20:39	60.06	6499	2140	2224
840	07:21:39	60.11	6499	2139	2223
841	07:22:39	60.12	6499	2138	2222
842	07:23:39	60.11	6499	2137	2221
843	07:24:39	60.12	6499	2136	2220
844	07:25:39	60.12	6499	2134	2219
845	07:26:39	60.12	6499	2133	2218
846	07:27:39	60.10	6499	2132	2217
847	07:28:39	60.10	6499	2131	2216
848	07:29:40	60.11	6499	2130	2215
849	07:30:40	60.11	6499	2129	2214
850	07:31:40	60.12	6499	2128	2213
851	07:32:40	60.11	6499	2126	2212
852	07:33:40	60.12	6499	2125	2211
853	07:34:40	56.39	6499	2124	2210
854	07:35:37	60.10	6499	2123	2209
855	07:36:37	60.12	6499	2122	2208
856	07:37:37	60.11	6499	2121	2207
857	07:38:37	60.10	6499	2120	2206
858	07:39:37	60.13	6499	2119	2205
859	07:40:37	60.11	6499	2118	2204
860	07:41:37	60.12	6499	2116	2203
861	07:42:37	60.12	6499	2115	2202
862	07:43:37	60.11	6499	2114	2201
863	07:44:38	60.11	6499	2113	2199
864	07:45:38	60.11	6499	2112	2199
865	07:46:38	60.12	6499	2111	2198
866	07:47:38	60.12	6499	2110	2197
867	07:48:38	10.27	6499	2109	2196
868	07:48:48	60.11	6499	2108	2195
869	07:49:48	10.27	6499	2108	2195
870	07:49:59	35.81	6499	2107	2194
871	07:50:34	60.45	6499	2106	2194
872	07:51:35	60.12	6499	2105	2192
873	07:52:35	60.11	6499	2104	2191
874	07:53:35	60.13	6499	2103	2190
875	07:54:35	60.11	6499	2102	2190
876	07:55:35	60.11	6499	2101	2188
877	07:56:36	60.11	6499	2099	2187
878	07:57:36	60.10	6499	2098	2186
879	07:58:36	60.12	6499	2097	2185
880	07:59:36	60.10	6499	2096	2184
881	08:00:36	60.11	6499	2095	2183
882	08:01:36	60.12	6499	2094	2182
883	08:02:36	60.12	6499	2093	2181
884	08:03:36	60.10	6499	2092	2180
885	08:04:36	60.10	6499	2090	2179
886	08:05:36	60.12	6499	2089	2178
887	08:06:37	60.11	6499	2087	2177
888	08:07:37	60.12	6499	2086	2176
889	08:08:37	60.11	6499	2084	2175
890	08:09:37	60.11	6499	2083	2174
891	08:10:37	25.97	6499	2082	2173
892	08:11:03	60.18	6499	2081	2172
893	08:12:03	60.12	6499	2080	2171
894	08:13:03	60.11	6499	2078	2170
895	08:14:03	60.10	6499	2077	2169
896	08:15:04	60.11	6499	2076	2168
897	08:16:04	60.12	6499	2075	2167
898	08:17:04	60.11	6499	2073	2166
899	08:18:04	60.11	6499	2072	2165
900	08:19:04	60.12	6499	2071	2164
901	08:20:04	60.05	6499	2070	2163
902	08:21:04	60.09	6499	2068	2162
903	08:22:04	60.12	6499	2067	2161
904	08:23:04	60.11	6499	2066	2160
905	08:24:04	60.11	6499	2065	2159
906	08:25:05	60.12	6499	2063	2158
907	08:26:05	60.12	6499	2062	2157
908	08:27:05	60.10	6499	2061	2156
909	08:28:05	60.11	6499	2060	2155
910	08:29:05	60.12	6499	2058	2154
911	08:30:05	60.11	6499	2057	2153
912	08:31:05	60.12	6499	2056	2152
913	08:32:05	60.12	6499	2055	2150
914	08:33:05	60.12	6499	2053	2149
915	08:34:06	60.10	6499	2052	2148
916	08:35:06	60.11	6499	2051	2147
917	08:36:06	60.12	6499	2050	2146
918	08:37:06	60.12	6499	2048	2145
919	08:38:06	60.10	6499	2047	2144
920	08:39:06	60.12	6499	2046	2143
921	08:40:06	60.12	6499	2045	2142
922	08:41:06	60.11	6499	2043	2141
923	08:42:07	60.12	6499	2042	2140
924	08:43:07	60.11	6499	2041	2139
925	08:44:07	60.12	6499	2040	2138
926	08:45:07	60.10	6499	2038	2137
927	08:46:07	60.12	6499	2037	2136
928	08:47:07	60.12	6499	2036	2135
929	08:48:07	60.11	6499	2035	2134
930	08:49:07	60.12	6499	2034	2133
931	08:50:07	60.10	6499	2032	2132
932	08:51:08	60.11	6499	2031	2131
933	08:52:08	60.11	6499	2030	2130
934	08:53:08	26.56	6499	2029	2129
935	08:53:34	60.55	6499	2028	2129
936	08:54:35	60.55	6499	2027	2128
937	08:55:35	60.59	6499	2026	2127
938	08:56:36	60.53	6499	2025	2126
939	08:57:37	60.46	6499	2023	2125
940	08:58:37	60.57	6499	2022	2124
941	08:59:38	60.55	6499	2021	2123
942	09:00:38	60.58	6499	2020	2122
943	09:01:39	60.48	6499	2019	2121
944	09:02:39	60.82	6499	2018	2120
945	09:03:40	60.42	6499	2017	2119
946	09:04:40	60.14	6499	2016	2118
947	09:05:41	60.46	6499	2015	2117
948	09:06:41	60.48	6499	2014	2116
949	09:07:41	60.11	6499	2012	2115
950	09:08:42	60.10	6499	2011	2114
951	09:09:42	60.11	6499	2010	2113
952	09:10:42	60.12	6499	2009	2112
953	09:11:42	60.13	6499	2008	2111
954	09:12:42	60.11	6499	2007	2110
955	09:13:42	60.12	6499	2006	2109
956	09:14:42	60.12	6499	2005	2108
957	09:15:42	10.27	6499	2004	2108
958	09:15:53	60.37	6499	2003	2107
959	09:16:53	60.10	6499	2002	2106
960	09:17:53	60.10	6499	2001	2105
961	09:18:53	60.11	6499	2000	2104
962	09:19:53	60.08	6499	1999	2103
963	09:20:53	60.10	6499	1998	2102
964	09:21:54	60.12	6499	1997	2101
965	09:22:54	60.12	6499	1996	2100
966	09:23:54	60.11	6499	1995	2099
967	09:24:54	60.11	6499	1994	2098
968	09:25:54	60.11	6499	1993	2097
969	09:26:54	60.12	6499	1991	2097
970	09:27:54	60.13	6499	1991	2096
971	09:28:54	60.11	6499	1989	2095
972	09:29:54	60.12	6499	1988	2094
973	09:30:55	60.10	6499	1987	2093
974	09:31:55	60.11	6499	1986	2092
975	09:32:55	60.11	6499	1985	2091
976	09:33:55	60.10	6499	1984	2090
977	09:34:55	47.61	6499	1983	2089
978	09:35:43	57.42	6499	1982	2088
979	09:36:40	60.26	6499	1981	2087
980	09:37:40	60.11	6499	1980	2086
981	09:38:40	60.11	6499	1979	2085
982	09:39:41	60.10	6499	1978	2084
983	09:40:41	60.10	6499	1977	2083
984	09:41:41	60.11	6499	1976	2083
985	09:42:41	60.11	6499	1975	2082
986	09:43:41	60.12	6499	1974	2081
987	09:44:41	60.12	6499	1973	2080
988	09:45:41	60.12	6499	1972	2079
989	09:46:41	60.11	6499	1971	2078
990	09:47:41	60.11	6499	1970	2077
991	09:48:42	60.11	6499	1969	2076
992	09:49:42	60.12	6499	1968	2075
993	09:50:42	60.11	6499	1967	2074
994	09:51:42	60.12	6499	1966	2073
995	09:52:42	56.29	6499	1965	2072
996	09:53:38	42.68	6499	1964	2072
997	09:54:21	60.07	6499	1963	2071
998	09:55:21	60.13	6499	1962	2070
999	09:56:21	60.12	6499	1961	2069
1000	09:57:21	60.10	6499	1960	2068
1001	09:58:21	60.11	6499	1959	2067
1002	09:59:22	60.11	6499	1958	2066
1003	10:00:22	60.12	6499	1957	2065
1004	10:01:22	60.10	6499	1956	2064
1005	10:02:22	60.11	6499	1955	2064
1006	10:03:22	60.12	6499	1954	2063
1007	10:04:22	60.11	6499	1952	2062
1008	10:05:22	60.12	6499	1951	2061
1009	10:06:22	60.12	6499	1950	2060
1010	10:07:22	60.10	6499	1949	2059
1011	10:08:23	60.10	6499	1948	2058
1012	10:09:23	60.12	6499	1947	2057
1013	10:10:23	60.12	6499	1946	2056
1014	10:11:23	60.11	6499	1945	2055
1015	10:12:23	60.13	6499	1944	2054
1016	10:13:23	60.11	6499	1943	2053
1017	10:14:23	60.10	6499	1942	2053
1018	10:15:23	60.12	6499	1941	2052
1019	10:16:23	60.11	6499	1940	2051
1020	10:17:24	60.11	6499	1939	2050
1021	10:18:24	60.10	6499	1938	2049
1022	10:19:24	60.11	6499	1937	2048
1023	10:20:24	60.05	6499	1936	2047
1024	10:21:24	60.12	6499	1935	2046
1025	10:22:24	60.12	6499	1934	2045
1026	10:23:24	60.12	6499	1933	2044
1027	10:24:24	60.13	6499	1932	2044
1028	10:25:24	60.11	6499	1931	2043
1029	10:26:25	42.34	6499	1930	2042
1030	10:27:07	60.35	6499	1929	2041
1031	10:28:07	60.11	6499	1928	2040
1032	10:29:07	60.11	6499	1927	2039
1033	10:30:07	60.11	6499	1926	2039
1034	10:31:08	60.11	6499	1925	2038
1035	10:32:08	60.11	6499	1924	2037
1036	10:33:08	60.12	6499	1923	2036
1037	10:34:08	60.11	6499	1922	2035
1038	10:35:08	60.12	6499	1921	2034
1039	10:36:08	60.11	6499	1920	2033
1040	10:37:08	60.12	6499	1919	2032
1041	10:38:08	60.12	6499	1918	2032
1042	10:39:08	60.12	6499	1917	2031
1043	10:40:09	60.11	6499	1916	2030
1044	10:41:09	60.10	6499	1915	2029
1045	10:42:09	60.12	6499	1914	2028
1046	10:43:09	60.11	6499	1913	2027
1047	10:44:09	60.13	6499	1912	2026
1048	10:45:09	60.11	6499	1911	2025
1049	10:46:09	60.11	6499	1911	2024
1050	10:47:09	60.12	6499	1909	2024
1051	10:48:09	60.11	6499	1908	2023
1052	10:49:10	60.11	6499	1907	2022
1053	10:50:10	60.10	6499	1907	2021
1054	10:51:10	60.11	6499	1906	2020
1055	10:52:10	60.11	6499	1905	2019
1056	10:53:10	60.12	6499	1904	2018
1057	10:54:10	60.11	6499	1903	2018
1058	10:55:10	60.11	6499	1902	2017
1059	10:56:10	60.12	6499	1901	2016
1060	10:57:11	60.11	6499	1900	2015
1061	10:58:11	60.12	6499	1899	2014
1062	10:59:11	60.11	6499	1898	2013
1063	11:00:11	60.11	6499	1897	2012
1064	11:01:11	60.12	6499	1896	2011
1065	11:02:11	60.11	6499	1895	2011
1066	11:03:11	60.12	6499	1894	2010
1067	11:04:11	60.11	6499	1893	2009
1068	11:05:11	37.90	6499	1892	2008
1069	11:05:49	60.52	6499	1891	2008
1070	11:06:50	60.11	6499	1891	2007
1071	11:07:50	60.11	6499	1890	2006
1072	11:08:50	60.11	6499	1889	2005
1073	11:09:50	60.11	6499	1888	2004
1074	11:10:50	60.11	6499	1887	2003
1075	11:11:50	60.11	6499	1886	2002
1076	11:12:50	60.12	6499	1885	2002
1077	11:13:51	60.10	6499	1884	2001
1078	11:14:51	60.12	6499	1883	2000
1079	11:15:51	60.12	6499	1882	1999
1080	11:16:51	60.11	6499	1881	1998
1081	11:17:51	60.11	6499	1880	1997
1082	11:18:51	60.11	6499	1879	1997
1083	11:19:51	60.08	6499	1878	1996
1084	11:20:51	60.08	6499	1877	1995
1085	11:21:51	60.11	6499	1876	1994
1086	11:22:52	26.37	6499	1876	1994
1087	11:23:18	60.03	6499	1875	1993
1088	11:24:18	60.11	6499	1874	1992
1089	11:25:18	60.12	6499	1873	1991
1090	11:26:18	60.13	6499	1872	1990
1091	11:27:18	60.11	6499	1871	1990
1092	11:28:18	60.12	6499	1870	1989
1093	11:29:19	60.11	6499	1869	1988
1094	11:30:19	21.65	6499	1868	1987
1095	11:30:40	60.24	6499	1867	1987
1096	11:31:41	60.12	6499	1866	1986
1097	11:32:41	60.10	6499	1865	1985
1098	11:33:41	60.12	6499	1863	1984
1099	11:34:41	60.12	6499	1862	1983
1100	11:35:41	60.11	6499	1861	1982
1101	11:36:41	60.12	6499	1860	1981
1102	11:37:41	60.11	6499	1859	1980
1103	11:38:41	60.11	6499	1857	1979
1104	11:39:41	60.11	6499	1856	1978
1105	11:40:42	10.27	6499	1856	1978
1106	11:40:52	25.93	6499	1855	1978
1107	11:41:18	60.48	6499	1854	1977
1108	11:42:18	10.26	6499	1854	1977
1109	11:42:29	60.37	6499	1853	1976
1110	11:43:29	60.11	6499	1852	1975
1111	11:44:29	60.13	6499	1851	1974
1112	11:45:29	21.43	6499	1850	1974
1113	11:45:51	60.45	6499	1849	1973
1114	11:46:51	60.12	6499	1848	1972
1115	11:47:51	60.11	6499	1847	1971
1116	11:48:51	30.60	6499	1846	1970
1117	11:49:22	60.32	6499	1846	1970
1118	11:50:22	60.10	6499	1844	1969
1119	11:51:22	60.11	6499	1843	1968
1120	11:52:22	60.11	6499	1842	1967
1121	11:53:22	60.10	6499	1841	1966
1122	11:54:23	60.10	6499	1840	1966
1123	11:55:23	60.11	6499	1839	1965
1124	11:56:23	60.11	6499	1838	1964
1125	11:57:23	60.11	6499	1837	1963
1126	11:58:23	60.12	6499	1836	1962
1127	11:59:23	60.11	6499	1835	1961
1128	12:00:23	60.12	6499	1834	1960
1129	12:01:23	60.11	6499	1833	1959
1130	12:02:23	60.11	6499	1832	1958
1131	12:03:24	60.11	6499	1831	1958
1132	12:04:24	60.12	6499	1830	1957
1133	12:05:24	60.12	6499	1829	1956
1134	12:06:24	60.11	6499	1828	1955
1135	12:07:24	60.12	6499	1827	1954
1136	12:08:24	60.10	6499	1826	1953
1137	12:09:24	60.11	6499	1825	1952
1138	12:10:24	60.11	6499	1824	1952
1139	12:11:24	50.18	6499	1823	1951
1140	12:12:15	60.26	6499	1822	1950
1141	12:13:15	19.67	6499	1821	1949
1142	12:13:35	60.21	6499	1821	1949
1143	12:14:35	10.26	6499	1820	1948
1144	12:14:45	21.24	6499	1820	1948
1145	12:15:06	58.49	6499	1819	1948
1146	12:16:05	21.82	6499	1819	1947
1147	12:16:27	60.24	6499	1818	1946
1148	12:17:27	10.27	6499	1817	1946
1149	12:17:37	18.95	6499	1817	1946
1150	12:17:56	10.11	6499	1817	1946
1151	12:18:06	15.89	6499	1817	1945
1152	12:18:22	60.16	6499	1816	1945
1153	12:19:22	14.86	6499	1816	1944
1154	12:19:37	60.10	6499	1815	1944
1155	12:20:37	60.06	6499	1814	1943
1156	12:21:37	60.12	6499	1813	1942
1157	12:22:37	60.11	6499	1812	1941
1158	12:23:37	60.12	6499	1811	1940
1159	12:24:38	60.12	6499	1810	1940
1160	12:25:38	60.10	6499	1809	1939
1161	12:26:38	60.12	6499	1808	1938
1162	12:27:38	60.10	6499	1807	1937
1163	12:28:38	60.12	6499	1806	1936
1164	12:29:38	60.12	6499	1805	1935
1165	12:30:38	60.11	6499	1804	1935
1166	12:31:38	18.28	6499	1803	1934
1167	12:31:57	16.12	6499	1803	1934
1168	12:32:13	60.26	6499	1803	1933
1169	12:33:13	60.11	6499	1802	1932
1170	12:34:13	60.12	6499	1801	1932
1171	12:35:13	60.11	6499	1800	1931
1172	12:36:13	60.11	6499	1799	1930
1173	12:37:13	60.12	6499	1798	1929
1174	12:38:14	60.11	6499	1797	1928
1175	12:39:14	60.12	6499	1796	1927
1176	12:40:14	60.13	6499	1795	1927
1177	12:41:14	60.11	6499	1794	1926
1178	12:42:14	60.10	6499	1793	1925
1179	12:43:14	56.47	6499	1792	1924
1180	12:44:11	60.24	6499	1791	1923
1181	12:45:11	60.11	6499	1790	1923
1182	12:46:11	60.11	6499	1789	1922
1183	12:47:11	60.12	6499	1788	1921
1184	12:48:11	60.11	6499	1787	1920
1185	12:49:11	60.12	6499	1786	1919
1186	12:50:11	60.11	6499	1786	1919
1187	12:51:12	60.11	6499	1785	1918
1188	12:52:12	60.11	6499	1784	1917
1189	12:53:12	60.11	6499	1783	1916
1190	12:54:12	60.09	6499	1782	1915
1191	12:55:12	60.12	6499	1781	1915
1192	12:56:12	60.11	6499	1780	1914
1193	12:57:12	60.11	6499	1779	1913
1194	12:58:12	60.11	6499	1778	1912
1195	12:59:12	60.13	6499	1777	1911
1196	13:00:13	60.12	6499	1776	1911
1197	13:01:13	60.11	6499	1775	1910
1198	13:02:13	60.12	6499	1774	1909
1199	13:03:13	60.12	6499	1773	1908
1200	13:04:13	60.11	6499	1773	1907
1201	13:05:13	60.11	6499	1772	1907
1202	13:06:13	60.11	6499	1771	1906
1203	13:07:13	60.12	6499	1770	1905
1204	13:08:13	13.71	6499	1769	1904
1205	13:08:27	60.42	6499	1769	1904
1206	13:09:28	60.12	6499	1768	1903
1207	13:10:28	24.77	6499	1767	1903
1208	13:10:53	22.80	6499	1767	1902
1209	13:11:15	60.15	6499	1766	1902
1210	13:12:15	43.92	6499	1765	1901
1211	13:12:59	58.31	6499	1764	1900
1212	13:13:58	60.04	6499	1764	1900
1213	13:14:58	60.11	6499	1763	1899
1214	13:15:58	60.11	6499	1762	1898
1215	13:16:58	60.11	6499	1761	1897
1216	13:17:58	60.12	6499	1760	1896
1217	13:18:58	60.12	6499	1759	1896
1218	13:19:58	60.07	6499	1758	1895
1219	13:20:58	29.10	6499	1757	1894
1220	13:21:28	60.03	6499	1757	1894
1221	13:22:28	60.11	6499	1756	1893
1222	13:23:28	60.11	6499	1755	1892
1223	13:24:28	60.11	6499	1754	1891
1224	13:25:28	60.10	6499	1753	1891
1225	13:26:28	60.11	6499	1752	1890
1226	13:27:28	60.11	6499	1751	1889
1227	13:28:28	60.13	6499	1750	1888
1228	13:29:28	60.11	6499	1749	1887
1229	13:30:28	60.11	6499	1748	1887
1230	13:31:29	60.11	6499	1747	1886
1231	13:32:29	60.11	6499	1746	1885
1232	13:33:29	60.12	6499	1745	1884
1233	13:34:29	60.11	6499	1745	1884
1234	13:35:29	60.13	6499	1744	1883
1235	13:36:29	10.27	6499	1743	1882
1236	13:36:39	60.11	6499	1742	1882
1237	13:37:39	60.12	6499	1742	1881
1238	13:38:40	60.11	6499	1741	1880
1239	13:39:40	60.11	6499	1740	1880
1240	13:40:40	60.10	6499	1739	1879
1241	13:41:40	60.11	6499	1738	1878
1242	13:42:40	18.37	6499	1737	1877
1243	13:42:58	58.18	6499	1737	1877
1244	13:43:57	60.19	6499	1736	1876
1245	13:44:57	60.10	6499	1735	1876
1246	13:45:57	60.11	6499	1734	1875
1247	13:46:57	60.11	6499	1733	1874
1248	13:47:57	60.11	6499	1732	1873
1249	13:48:57	60.10	6499	1731	1872
1250	13:49:57	60.11	6499	1731	1872
1251	13:50:57	60.12	6499	1730	1871
1252	13:51:58	60.11	6499	1729	1870
1253	13:52:58	60.11	6499	1728	1869
1254	13:53:58	60.12	6499	1727	1869
1255	13:54:58	60.12	6499	1726	1868
1256	13:55:58	60.12	6499	1725	1867
1257	13:56:58	29.32	6499	1725	1866
1258	13:57:27	60.07	6499	1724	1866
1259	13:58:28	10.27	6499	1723	1865
1260	13:58:38	60.13	6499	1723	1865
1261	13:59:38	60.09	6499	1722	1864
1262	14:00:38	60.12	6499	1721	1863
1263	14:01:38	60.12	6499	1720	1863
1264	14:02:38	60.11	6499	1719	1862
1265	14:03:38	60.12	6499	1719	1861
1266	14:04:38	60.11	6499	1718	1860
1267	14:05:39	60.12	6499	1717	1860
1268	14:06:39	60.10	6499	1716	1859
1269	14:07:39	60.11	6499	1715	1859
1270	14:08:39	60.10	6499	1715	1858
1271	14:09:39	60.13	6499	1714	1857
1272	14:10:39	60.13	6499	1713	1856
1273	14:11:39	60.12	6499	1712	1856
1274	14:12:39	60.11	6499	1711	1855
1275	14:13:39	60.12	6499	1710	1854
1276	14:14:40	60.11	6499	1710	1853
1277	14:15:40	60.12	6499	1709	1853
1278	14:16:40	60.11	6499	1708	1852
1279	14:17:40	49.21	6499	1707	1851
1280	14:18:29	60.48	6499	1706	1851
1281	14:19:30	60.09	6499	1705	1850
1282	14:20:30	60.05	6499	1705	1849
1283	14:21:30	60.10	6499	1704	1848
1284	14:22:30	60.11	6499	1703	1848
1285	14:23:30	19.78	6499	1702	1847
1286	14:23:50	60.38	6499	1702	1847
1287	14:24:50	60.12	6499	1701	1846
1288	14:25:50	60.11	6499	1700	1845
1289	14:26:50	60.11	6499	1699	1844
1290	14:27:50	60.12	6499	1699	1844
1291	14:28:51	60.12	6499	1698	1843
1292	14:29:51	60.12	6499	1697	1842
1293	14:30:51	60.11	6499	1696	1841
1294	14:31:51	60.11	6499	1695	1841
1295	14:32:51	60.11	6499	1694	1840
1296	14:33:51	32.21	6499	1694	1839
1297	14:34:23	60.47	6499	1693	1839
1298	14:35:24	60.11	6499	1692	1838
1299	14:36:24	60.12	6499	1691	1837
1300	14:37:24	60.12	6499	1691	1837
1301	14:38:24	60.12	6499	1690	1836
1302	14:39:24	60.12	6499	1689	1835
1303	14:40:24	60.10	6499	1688	1834
1304	14:41:25	60.11	6499	1687	1834
1305	14:42:25	60.11	6499	1687	1833
1306	14:43:25	60.11	6499	1686	1832
1307	14:44:25	60.12	6499	1685	1831
1308	14:45:25	60.12	6499	1684	1831
1309	14:46:25	60.11	6499	1683	1830
1310	14:47:25	60.11	6499	1683	1829
1311	14:48:25	60.11	6499	1682	1828
1312	14:49:25	60.10	6499	1681	1828
1313	14:50:26	60.11	6499	1680	1827
1314	14:51:26	60.11	6499	1679	1826
1315	14:52:26	60.11	6499	1678	1826
1316	14:53:26	60.10	6499	1678	1825
1317	14:54:26	60.11	6499	1677	1824
1318	14:55:26	60.12	6499	1676	1823
1319	14:56:26	60.12	6499	1675	1823
1320	14:57:26	60.12	6499	1674	1822
1321	14:58:26	60.12	6499	1674	1821
1322	14:59:27	60.12	6499	1673	1821
1323	15:00:27	60.12	6499	1672	1820
1324	15:01:27	60.10	6499	1671	1819
1325	15:02:27	60.11	6499	1670	1818
1326	15:03:27	60.12	6499	1670	1818
1327	15:04:27	60.13	6499	1669	1817
1328	15:05:27	33.95	6499	1668	1817
1329	15:06:01	60.19	6499	1668	1816
1330	15:07:01	60.10	6499	1667	1815
1331	15:08:02	53.54	6499	644.8	702.2
1332	15:08:55	60.41	6499	0	0
1333	15:09:55	60.12	6499	0	0
1334	15:10:56	60.12	6501	0	0
1335	15:11:56	60.12	6501	0	0
1336	15:12:56	32.36	6501	0	0
Created by AtlRunQuery on: 2018-08-27 18:49:46.262943
