LHC beam energy and intensities during run 329385:
(Begin/end of run: Sun Jul 09 2017 12:56:37 − Mon Jul 10, 04:48:50)

LB	   Start time
(CEST)	   Duration
(sec)	   Beam energy
(GeV)	   Intensity Beam-1
(1e11 protons)	   Intensity Beam-2
(1e11 protons)
1	12:56:37	60.12	6499	1.932	1.92
2	12:57:37	60.11	6499	1.932	1.92
3	12:58:37	60.12	6499	1.931	1.92
4	12:59:37	42.47	6499	1.931	1.92
5	13:00:19	27.91	6499	1.931	1.92
6	13:00:47	50.99	6499	1.931	1.92
7	13:01:38	40.00	6499	0.653	0.6496
8	13:02:18	60.52	6499	0.6529	0.6494
9	13:03:19	60.12	6499	0.6527	0.6493
10	13:04:19	21.94	6499	0.6526	0.6492
11	13:04:41	60.21	6499	0.6525	0.6491
12	13:05:41	10.27	6499	0.6524	0.6491
13	13:05:51	60.39	6499	0.6523	0.649
14	13:06:52	60.11	6499	0.6521	0.6489
15	13:07:52	60.13	6499	0.652	0.6488
16	13:08:52	60.11	6499	0.6518	0.6486
17	13:09:52	60.12	6499	0.6517	0.6485
18	13:10:52	60.12	6499	0.6515	0.6483
19	13:11:52	60.13	6499	0.6514	0.6482
20	13:12:52	60.12	6499	0.6512	0.6481
21	13:13:53	60.11	6499	0.6511	0.6479
22	13:14:53	60.12	6499	0.6509	0.6478
23	13:15:53	60.11	6499	0.6508	0.6477
24	13:16:53	60.12	6499	0.6506	0.6475
25	13:17:53	60.13	6499	0.6504	0.6474
26	13:18:53	60.12	6499	0.6503	0.6472
27	13:19:53	60.07	6499	0.6501	0.6471
28	13:20:53	60.09	6499	0.65	0.647
29	13:21:53	60.12	6499	0.6498	0.6468
30	13:22:54	60.12	6499	0.6497	0.6467
31	13:23:54	60.11	6499	0.6495	0.6466
32	13:24:54	60.10	6499	0.6494	0.6464
33	13:25:54	60.12	6499	0.6492	0.6463
34	13:26:54	60.12	6499	0.6491	0.6462
35	13:27:54	60.12	6499	0.649	0.6461
36	13:28:54	60.13	6499	0.6489	0.646
37	13:29:54	60.12	6499	0.6488	0.6459
38	13:30:54	60.12	6499	0.6487	0.6458
39	13:31:55	60.11	6499	0.6486	0.6457
40	13:32:55	60.12	6499	0.6484	0.6456
41	13:33:55	60.12	6499	0.6483	0.6454
42	13:34:55	60.12	6499	0.6481	0.6453
43	13:35:55	60.12	6499	0.648	0.6451
44	13:36:55	60.11	6499	0.6479	0.645
45	13:37:55	60.12	6499	0.6477	0.6449
46	13:38:55	60.11	6499	0.6476	0.6447
47	13:39:55	60.11	6499	0.6474	0.6446
48	13:40:56	60.12	6499	0.6473	0.6445
49	13:41:56	60.12	6499	0.6472	0.6444
50	13:42:56	60.12	6499	0.647	0.6442
51	13:43:56	60.12	6499	0.6469	0.6441
52	13:44:56	60.11	6499	0.6467	0.644
53	13:45:56	60.12	6499	0.6466	0.6438
54	13:46:56	60.12	6499	0.6464	0.6437
55	13:47:56	60.11	6499	0.6463	0.6436
56	13:48:57	60.11	6499	0.6462	0.6434
57	13:49:57	60.11	6499	0.6461	0.6433
58	13:50:57	60.12	6499	0.6459	0.6432
59	13:51:57	60.11	6499	0.6458	0.643
60	13:52:57	60.11	6499	0.6456	0.6429
61	13:53:57	60.11	6499	0.6455	0.6428
62	13:54:57	60.12	6499	0.6454	0.6426
63	13:55:57	60.12	6499	0.6452	0.6425
64	13:56:57	60.12	6499	0.6451	0.6424
65	13:57:58	60.12	6499	0.645	0.6422
66	13:58:58	60.11	6499	0.6448	0.6421
67	13:59:58	60.11	6499	0.6447	0.6419
68	14:00:58	60.11	6499	0.6229	0.6418
69	14:01:58	21.41	6499	0.3974	0.6418
70	14:02:19	30.92	6499	0.1505	0.6417
71	14:02:50	30.89	6499	0	0.6417
72	14:03:21	60.29	6499	0	0.6417
73	14:04:22	60.13	6499	0	0.6417
74	14:05:22	60.11	6499	0	0.6387
75	14:06:22	37.77	6499	0	0.6234
76	14:07:00	60.16	6499	0	0.5948
77	14:08:00	60.11	6499	0	0.5948
78	14:09:00	60.11	6499	0	0.5948
79	14:10:00	60.10	6499	0	0.5948
80	14:11:00	60.12	6499	0	0.5948
81	14:12:00	60.11	6499	0	0.5948
82	14:13:00	60.12	6499	0	0.262
83	14:14:00	52.27	6499	0	0
84	14:14:53	60.19	6501	0	0
85	14:15:53	60.12	6501	0	0
86	14:16:53	60.11	6501	0	0
87	14:17:53	60.13	6501	0	0
88	14:18:53	60.11	6501	0	0
89	14:19:53	60.08	6455	0	0
90	14:20:53	60.26	6284	0	0
91	14:21:54	60.47	5982	0	0
92	14:22:54	60.55	5630	0	0
93	14:23:55	60.57	5271	0	0
94	14:24:55	60.49	4916	0	0
95	14:25:56	60.55	4555	0	0
96	14:26:56	60.57	4200	0	0
97	14:27:57	60.54	3838	0	0
98	14:28:57	60.56	3481	0	0
99	14:29:58	60.60	3119	0	0
100	14:30:59	60.50	2756	0	0
101	14:31:59	60.52	2400	0	0
102	14:33:00	60.61	2037	0	0
103	14:34:00	60.56	1680	0	0
104	14:35:01	60.53	1318	0	0
105	14:36:01	60.54	961	0	0
106	14:37:02	60.55	599	0	0
107	14:38:02	60.57	291	0	0
108	14:39:03	60.52	109	0	0
109	14:40:03	60.54	59	0	0
110	14:41:04	60.61	59	0	0
111	14:42:05	60.50	59	0	0
112	14:43:05	60.51	59	0	0
113	14:44:06	60.54	59	0	0
114	14:45:06	60.60	59	0	0
115	14:46:07	60.51	59	0	0
116	14:47:07	60.52	59	0	0
117	14:48:08	60.73	59	0	0
118	14:49:08	60.42	59	0	0
119	14:50:09	60.50	59	0	0
120	14:51:09	60.50	59	0	0
121	14:52:10	60.54	59	0	0
122	14:53:10	60.58	59	0	0
123	14:54:11	60.52	59	0	0
124	14:55:12	60.57	59	0	0
125	14:56:12	60.59	59	0	0
126	14:57:13	60.51	59	0	0
127	14:58:13	60.52	59	0	0
128	14:59:14	60.53	59	0	0
129	15:00:14	60.62	59	0	0
130	15:01:15	60.46	59	0	0
131	15:02:15	60.57	59	0	0
132	15:03:16	60.79	59	0	0
133	15:04:17	60.49	59	0	0
134	15:05:17	60.40	59	0	0
135	15:06:18	60.53	59	0	0
136	15:07:18	60.64	59	0	0
137	15:08:19	60.47	59	0	0
138	15:09:19	64.87	59	0	0
139	15:10:24	60.16	59	0	0
140	15:11:24	60.13	59	0	0
141	15:12:24	60.10	59	0	0
142	15:13:24	60.11	59	0	0
143	15:14:25	60.11	59	0	0
144	15:15:25	60.09	59	0	0
145	15:16:25	60.12	77	0	0
146	15:17:25	60.11	431	0	0
147	15:18:25	60.11	450	0	0
148	15:19:25	22.17	450	0	0
149	15:19:47	60.18	450	0	0
150	15:20:47	60.09	450	0	0
151	15:21:48	60.11	450	0	0
152	15:22:48	60.11	450	0	0
153	15:23:48	60.12	450	0	0
154	15:24:48	60.13	450	0	0
155	15:25:48	60.12	450	0	0
156	15:26:48	10.27	450	0	0
157	15:26:58	60.35	450	0	0
158	15:27:59	60.11	450	0	0
159	15:28:59	49.85	450	0.0443	0.0351
160	15:29:49	60.35	450	0.0443	0.0351
161	15:30:49	60.11	450	0.0443	0.0351
162	15:31:49	60.11	450	0.0443	0.0351
163	15:32:49	60.10	450	0.06187	0.07129
164	15:33:49	60.11	450	0.06187	0.07129
165	15:34:50	60.12	450	0.06187	0.07129
166	15:35:50	60.10	450	0.06187	0.07129
167	15:36:50	60.12	450	0.06109	0.07101
168	15:37:50	60.11	450	0.06101	0.07095
169	15:38:50	60.12	450	0.0609	0.07086
170	15:39:50	60.12	450	0.06077	0.07076
171	15:40:50	60.11	450	0.06052	0.07056
172	15:41:50	60.11	450	0.06052	0.07056
173	15:42:50	60.11	450	0.06052	0.07056
174	15:43:51	60.12	450	0.06024	0.07032
175	15:44:51	60.11	450	0.06024	0.07032
176	15:45:51	60.11	450	0.06008	0.07018
177	15:46:51	60.11	450	0.05991	0.07004
178	15:47:51	60.12	450	0.05975	0.0699
179	15:48:51	60.11	450	0.05961	0.06979
180	15:49:51	60.12	450	0.05949	0.06968
181	15:50:51	60.13	450	0.05936	0.06958
182	15:51:51	60.11	450	0.05922	0.06936
183	15:52:52	60.11	450	0.05895	0.06823
184	15:53:52	60.11	450	0.05853	0.06699
185	15:54:52	60.10	450	0.6077	0.103
186	15:55:52	60.10	450	0.7968	0.7235
187	15:56:52	60.12	450	0.8089	0.721
188	15:57:52	60.11	450	0.8647	0.76
189	15:58:52	60.11	450	0.9259	0.8063
190	15:59:52	60.11	450	0.9692	0.8662
191	16:00:52	60.12	450	1.013	0.9263
192	16:01:53	60.12	450	1.076	1.149
193	16:02:53	60.12	450	1.13	1.711
194	16:03:53	60.10	450	1.308	1.77
195	16:04:53	60.12	450	1.839	1.816
196	16:05:53	60.12	450	1.911	1.855
197	16:06:53	60.12	450	1.903	1.893
198	16:07:53	60.12	450	1.972	1.912
199	16:08:53	60.10	450	2.017	1.953
200	16:09:54	60.11	450	2.06	2.021
201	16:10:54	60.12	449	2.107	2.061
202	16:11:54	60.11	450	2.1	2.08
203	16:12:54	60.12	450	2.094	2.072
204	16:13:54	60.12	450	2.088	2.064
205	16:14:54	60.11	450	2.082	2.055
206	16:15:54	60.11	450	2.077	2.048
207	16:16:54	60.11	450	2.072	2.042
208	16:17:54	60.10	450	2.067	2.038
209	16:18:55	60.13	459	2.064	2.034
210	16:19:55	60.08	532	2.063	2.032
211	16:20:55	60.10	678	2.063	2.032
212	16:21:55	36.75	885	2.063	2.032
213	16:22:32	60.18	1044	2.063	2.032
214	16:23:32	60.10	1364	2.063	2.031
215	16:24:32	17.62	1711	2.063	2.03
216	16:24:50	34.72	1815	0.7056	0.631
217	16:25:24	60.38	2012	0.7056	0.631
218	16:26:25	60.11	2365	0.7056	0.631
219	16:27:25	60.11	2713	0.7055	0.631
220	16:28:25	60.11	3060	0.7055	0.631
221	16:29:25	60.11	3408	0.7054	0.631
222	16:30:25	60.12	3755	0.7053	0.631
223	16:31:25	60.12	4102	0.7053	0.631
224	16:32:25	60.12	4450	0.7052	0.631
225	16:33:25	60.12	4797	0.7051	0.631
226	16:34:26	60.12	5150	0.7051	0.631
227	16:35:26	60.11	5498	0.705	0.631
228	16:36:26	60.12	5845	0.7048	0.631
229	16:37:26	60.11	6192	0.7046	0.6309
230	16:38:26	23.59	6497	0.7042	0.6309
231	16:38:50	10.22	6499	0.7042	0.6309
232	16:39:00	60.37	6499	0.7042	0.6309
233	16:40:00	60.12	6499	0.7042	0.6309
234	16:41:00	60.12	6499	0.7042	0.6309
235	16:42:00	60.12	6499	0.6892	0.6309
236	16:43:01	60.12	6499	0.629	0.6309
237	16:44:01	60.11	6499	0.5984	0.6309
238	16:45:01	60.11	6499	0.5398	0.6309
239	16:46:01	60.12	6499	0.5397	0.6309
240	16:47:01	60.12	6499	0.5391	0.6309
241	16:48:01	60.12	6499	0.5378	0.6309
242	16:49:01	60.11	6499	0.5357	0.6309
243	16:50:01	60.12	6499	0.5328	0.6309
244	16:51:01	60.10	6499	0.5273	0.6309
245	16:52:02	21.93	6499	0.5224	0.6309
246	16:52:23	60.46	6499	0.5214	0.6309
247	16:53:24	60.12	6499	0.521	0.6309
248	16:54:24	60.12	6499	0.5208	0.6309
249	16:55:24	60.12	6499	0.5203	0.6309
250	16:56:24	60.12	6499	0.5191	0.6308
251	16:57:24	60.11	6499	0.5188	0.6308
252	16:58:25	60.11	6499	0.5185	0.6307
253	16:59:25	60.09	6499	0.5182	0.6307
254	17:00:25	60.12	6499	0.518	0.6306
255	17:01:25	60.11	6499	0.5178	0.6306
256	17:02:25	60.11	6499	0.5177	0.6305
257	17:03:25	60.12	6499	0.5176	0.6304
258	17:04:25	60.11	6499	0.5174	0.6304
259	17:05:25	60.12	6499	0.5172	0.6303
260	17:06:25	60.13	6499	0.5171	0.6303
261	17:07:26	60.11	6499	0.5167	0.6302
262	17:08:26	60.11	6499	0.5164	0.6301
263	17:09:26	60.12	6499	0.5162	0.6301
264	17:10:26	60.12	6499	0.5161	0.63
265	17:11:26	60.12	6499	0.5159	0.6299
266	17:12:26	60.12	6499	0.5158	0.6299
267	17:13:26	60.12	6499	0.5156	0.6298
268	17:14:26	60.11	6499	0.5155	0.6297
269	17:15:26	60.11	6499	0.5154	0.6297
270	17:16:27	60.11	6499	0.5153	0.6296
271	17:17:27	60.12	6499	0.5152	0.6295
272	17:18:27	60.12	6499	0.5151	0.6295
273	17:19:27	60.12	6499	0.5149	0.6294
274	17:20:27	60.05	6499	0.5148	0.6293
275	17:21:27	60.12	6499	0.5147	0.6292
276	17:22:27	60.12	6499	0.5145	0.6292
277	17:23:27	60.12	6499	0.5144	0.6291
278	17:24:27	60.12	6499	0.5142	0.629
279	17:25:28	60.11	6499	0.514	0.6289
280	17:26:28	60.12	6499	0.5139	0.6288
281	17:27:28	60.11	6499	0.5137	0.6287
282	17:28:28	60.10	6499	0.5135	0.6286
283	17:29:28	60.12	6499	0.5133	0.6285
284	17:30:28	60.12	6499	0.5131	0.6284
285	17:31:28	60.11	6499	0.5129	0.6283
286	17:32:28	60.12	6499	0.5128	0.6282
287	17:33:28	60.12	6499	0.5126	0.6281
288	17:34:29	60.11	6499	0.5125	0.628
289	17:35:29	60.10	6499	0.5123	0.6279
290	17:36:29	60.11	6499	0.5122	0.6278
291	17:37:29	60.09	6499	0.5121	0.6277
292	17:38:29	60.11	6499	0.5119	0.6276
293	17:39:29	60.11	6499	0.5118	0.6275
294	17:40:29	60.12	6499	0.5116	0.6274
295	17:41:29	60.12	6499	0.5115	0.6274
296	17:42:29	60.12	6499	0.5113	0.6273
297	17:43:30	60.12	6499	0.5112	0.6272
298	17:44:30	60.11	6499	0.511	0.6271
299	17:45:30	60.09	6499	0.5108	0.627
300	17:46:30	60.11	6499	0.5107	0.6269
301	17:47:30	60.11	6499	0.5105	0.6268
302	17:48:30	60.13	6499	0.5103	0.6267
303	17:49:30	60.11	6499	0.5101	0.6265
304	17:50:30	60.11	6499	0.51	0.6264
305	17:51:30	60.10	6499	0.5098	0.6264
306	17:52:31	60.12	6499	0.5095	0.6263
307	17:53:31	60.10	6499	0.5094	0.6262
308	17:54:31	60.11	6499	0.5092	0.6261
309	17:55:31	60.11	6499	0.509	0.626
310	17:56:31	60.12	6499	0.2429	0.3005
311	17:57:31	60.12	6499	0	0
312	17:58:31	60.11	6499	0	0
313	17:59:31	60.11	6499	0	0
314	18:00:31	60.10	6499	0	0
315	18:01:32	60.11	6499	0	0
316	18:02:32	60.12	6499	0	0
317	18:03:32	47.18	6499	0	0
318	18:04:19	60.26	6499	0	0
319	18:05:19	60.10	6501	0	0
320	18:06:19	60.11	6501	0	0
321	18:07:19	60.12	6501	0	0
322	18:08:20	60.11	6501	0	0
323	18:09:20	60.10	6488	0	0
324	18:10:20	60.12	6369	0	0
325	18:11:20	60.13	6124	0	0
326	18:12:20	60.11	5780	0	0
327	18:13:20	60.12	5428	0	0
328	18:14:20	60.12	5074	0	0
329	18:15:20	60.12	4719	0	0
330	18:16:21	60.10	4357	0	0
331	18:17:21	60.12	4001	0	0
332	18:18:21	60.11	3645	0	0
333	18:19:21	60.11	3289	0	0
334	18:20:21	60.04	2932	0	0
335	18:21:21	60.12	2576	0	0
336	18:22:21	60.13	2219	0	0
337	18:23:21	60.10	1863	0	0
338	18:24:21	60.11	1506	0	0
339	18:25:21	60.12	1149	0	0
340	18:26:22	60.11	787	0	0
341	18:27:22	60.11	438	0	0
342	18:28:22	60.12	190	0	0
343	18:29:22	60.12	71	0	0
344	18:30:22	60.12	59	0	0
345	18:31:22	60.13	59	0	0
346	18:32:22	60.12	59	0	0
347	18:33:22	60.12	59	0	0
348	18:34:23	60.12	59	0	0
349	18:35:23	60.11	59	0	0
350	18:36:23	60.12	59	0	0
351	18:37:23	60.11	59	0	0
352	18:38:23	60.13	59	0	0
353	18:39:23	60.12	59	0	0
354	18:40:23	60.13	59	0	0
355	18:41:23	60.12	59	0	0
356	18:42:23	60.11	59	0	0
357	18:43:24	60.11	59	0	0
358	18:44:24	60.11	59	0	0
359	18:45:24	60.12	59	0	0
360	18:46:24	60.10	59	0	0
361	18:47:24	60.12	267	0	0
362	18:48:24	60.12	624	0	0
363	18:49:24	60.12	980	0	0
364	18:50:24	60.12	1337	0	0
365	18:51:25	60.13	1699	0	0
366	18:52:25	60.10	2056	0	0
367	18:53:25	60.12	2413	0	0
368	18:54:25	60.11	2769	0	0
369	18:55:25	60.11	3126	0	0
370	18:56:25	60.11	3482	0	0
371	18:57:25	60.11	3566	0	0
372	18:58:25	60.12	3565	0	0
373	18:59:25	60.11	3566	0	0
374	19:00:26	60.11	3565	0	0
375	19:01:26	60.11	3565	0	0
376	19:02:26	60.12	3565	0	0
377	19:03:26	60.12	3565	0	0
378	19:04:26	60.12	3565	0	0
379	19:05:26	60.11	3565	0	0
380	19:06:26	60.11	3565	0	0
381	19:07:26	60.12	3346	0	0
382	19:08:26	60.11	2989	0	0
383	19:09:27	60.12	2627	0	0
384	19:10:27	60.12	2270	0	0
385	19:11:27	60.11	1914	0	0
386	19:12:27	60.11	1557	0	0
387	19:13:27	60.11	1200	0	0
388	19:14:27	60.11	843	0	0
389	19:15:27	60.12	487	0	0
390	19:16:27	60.11	130	0	0
391	19:17:27	60.10	59	0	0
392	19:18:28	60.12	59	0	0
393	19:19:28	60.11	59	0	0
394	19:20:28	60.05	59	0	0
395	19:21:28	60.10	59	0	0
396	19:22:28	60.12	59	0	0
397	19:23:28	60.13	59	0	0
398	19:24:28	60.12	59	0	0
399	19:25:28	60.12	59	0	0
400	19:26:28	60.11	59	0	0
401	19:27:29	60.11	59	0	0
402	19:28:29	60.10	59	0	0
403	19:29:29	60.13	59	0	0
404	19:30:29	60.12	59	0	0
405	19:31:29	60.11	74	0	0
406	19:32:29	60.10	427	0	0
407	19:33:29	60.11	450	0	0
408	19:34:29	60.11	450	0	0
409	19:35:29	60.11	450	0	0
410	19:36:30	60.12	450	0	0
411	19:37:30	60.11	450	0	0
412	19:38:30	60.11	450	0	0
413	19:39:30	60.12	450	0	0
414	19:40:30	60.12	450	0	0
415	19:41:30	60.10	450	0	0
416	19:42:30	60.11	450	0	0
417	19:43:30	60.12	450	0	0
418	19:44:30	60.12	450	0	0
419	19:45:31	60.12	450	0	0
420	19:46:31	60.12	450	0	0
421	19:47:31	60.11	450	0	0
422	19:48:31	60.13	450	0	0
423	19:49:31	60.12	450	0.7522	0.2265
424	19:50:31	60.11	450	0.7553	0.7308
425	19:51:31	60.12	450	0.7527	0.728
426	19:52:31	60.10	450	0.7506	0.726
427	19:53:32	60.12	450	0.7489	0.7242
428	19:54:32	60.11	450	0.7474	0.7225
429	19:55:32	60.12	450	0.746	0.7209
430	19:56:32	60.11	450	0.7445	0.7194
431	19:57:32	60.10	469	0.743	0.7182
432	19:58:32	60.11	558	0.7427	0.7176
433	19:59:32	60.12	718	0.7426	0.7175
434	20:00:32	19.09	939	0.7425	0.7174
435	20:00:51	60.06	1022	0.7425	0.7174
436	20:01:51	60.12	1335	0.7425	0.7174
437	20:02:52	60.12	1688	0.7425	0.7174
438	20:03:52	60.12	2035	0.7425	0.7174
439	20:04:52	60.11	2383	0.7424	0.7174
440	20:05:52	60.12	2730	0.7423	0.7174
441	20:06:52	60.13	3078	0.7423	0.7174
442	20:07:52	41.87	3425	0.7421	0.7174
443	20:08:34	22.37	3668	0.7421	0.7173
444	20:08:56	60.49	3796	0.742	0.7173
445	20:09:57	60.11	4149	0.7418	0.7173
446	20:10:57	60.11	4496	0.7417	0.7173
447	20:11:57	60.11	4844	0.7416	0.7173
448	20:12:57	60.12	5191	0.7415	0.7173
449	20:13:57	60.11	5538	0.7413	0.7173
450	20:14:57	60.11	5886	0.7411	0.7173
451	20:15:58	60.12	6239	0.7406	0.7172
452	20:16:58	15.92	6499	0.7401	0.7172
453	20:17:14	12.14	6499	0.7401	0.7172
454	20:17:26	60.39	6499	0.74	0.7172
455	20:18:26	60.11	6499	0.74	0.7172
456	20:19:26	60.11	6499	0.7399	0.7171
457	20:20:26	60.04	6499	0.7399	0.7171
458	20:21:26	60.11	6499	0.7398	0.7171
459	20:22:27	60.13	6499	0.7397	0.7171
460	20:23:27	60.12	6499	0.7394	0.7171
461	20:24:27	60.13	6499	0.7394	0.7171
462	20:25:27	60.11	6499	0.7394	0.7171
463	20:26:27	60.12	6499	0.7393	0.7171
464	20:27:27	60.13	6499	0.7393	0.7171
465	20:28:27	60.12	6499	0.7393	0.7171
466	20:29:27	60.11	6499	0.7393	0.7171
467	20:30:27	59.26	6499	0.7393	0.7171
468	20:31:27	60.47	6499	0.7392	0.7171
469	20:32:27	60.12	6499	0.7392	0.7171
470	20:33:27	60.11	6499	0.7392	0.7171
471	20:34:27	60.11	6499	0.7392	0.717
472	20:35:28	60.12	6499	0.7391	0.717
473	20:36:28	60.12	6499	0.7389	0.7168
474	20:37:28	60.12	6499	0.7387	0.7167
475	20:38:28	60.12	6499	0.7384	0.7165
476	20:39:28	60.11	6499	0.7382	0.7164
477	20:40:28	10.27	6499	0.738	0.7164
478	20:40:38	60.36	6499	0.7379	0.7163
479	20:41:39	60.12	6499	0.7376	0.7161
480	20:42:39	60.11	6499	0.7373	0.7159
481	20:43:39	60.13	6499	0.7371	0.7158
482	20:44:39	60.12	6499	0.7369	0.7157
483	20:45:39	60.11	6499	0.7366	0.7155
484	20:46:39	60.13	6499	0.7363	0.7153
485	20:47:39	60.12	6499	0.7358	0.7151
486	20:48:40	60.11	6499	0.7352	0.7149
487	20:49:40	60.13	6499	0.7347	0.7147
488	20:50:40	60.12	6499	0.7342	0.7145
489	20:51:40	60.12	6499	0.7336	0.7143
490	20:52:40	60.12	6499	0.7329	0.714
491	20:53:40	60.12	6499	0.7322	0.7138
492	20:54:40	60.11	6499	0.7316	0.7136
493	20:55:40	60.11	6499	0.731	0.7134
494	20:56:41	60.12	6499	0.7304	0.7132
495	20:57:41	60.13	6499	0.7298	0.713
496	20:58:41	60.11	6499	0.7292	0.7127
497	20:59:41	60.13	6499	0.7286	0.7125
498	21:00:41	60.12	6499	0.7279	0.7123
499	21:01:41	60.11	6499	0.7274	0.7121
500	21:02:41	10.27	6499	0.727	0.712
501	21:02:52	60.38	6499	0.7268	0.7119
502	21:03:52	60.11	6499	0.7264	0.7117
503	21:04:52	60.12	6499	0.5329	0.5221
504	21:05:52	60.12	6499	0	0
505	21:06:52	60.12	6499	0	0
506	21:07:52	60.13	6499	0	0
507	21:08:52	60.11	6499	0	0
508	21:09:53	60.10	6499	0	0
509	21:10:53	58.11	6499	0	0
510	21:11:51	57.86	6499	0	0
511	21:12:49	43.98	6499	0	0
512	21:13:33	26.49	6501	0	0
513	21:13:59	60.32	6501	0	0
514	21:14:59	60.13	6501	0	0
515	21:16:00	60.11	6501	0	0
516	21:17:00	60.11	6501	0	0
517	21:18:00	60.11	6443	0	0
518	21:19:00	60.12	6260	0	0
519	21:20:00	60.08	5952	0	0
520	21:21:00	60.09	5600	0	0
521	21:22:00	60.12	5246	0	0
522	21:23:00	60.12	4892	0	0
523	21:24:00	60.11	4537	0	0
524	21:25:01	60.12	4175	0	0
525	21:26:01	60.11	3819	0	0
526	21:27:01	60.11	3462	0	0
527	21:28:01	60.10	3106	0	0
528	21:29:01	60.12	2750	0	0
529	21:30:01	60.11	2393	0	0
530	21:31:01	60.12	2036	0	0
531	21:32:01	60.11	1680	0	0
532	21:33:01	60.12	1323	0	0
533	21:34:02	60.11	960	0	0
534	21:35:02	60.11	604	0	0
535	21:36:02	60.11	295	0	0
536	21:37:02	60.11	113	0	0
537	21:38:02	60.12	59	0	0
538	21:39:02	60.12	59	0	0
539	21:40:02	60.13	59	0	0
540	21:41:02	60.10	59	0	0
541	21:42:03	60.12	59	0	0
542	21:43:03	60.11	59	0	0
543	21:44:03	60.12	59	0	0
544	21:45:03	60.12	59	0	0
545	21:46:03	60.13	59	0	0
546	21:47:03	60.13	59	0	0
547	21:48:03	60.11	59	0	0
548	21:49:03	60.12	59	0	0
549	21:50:03	60.11	59	0	0
550	21:51:04	60.11	59	0	0
551	21:52:04	60.10	59	0	0
552	21:53:04	60.11	59	0	0
553	21:54:04	60.10	59	0	0
554	21:55:04	60.11	59	0	0
555	21:56:04	60.12	59	0	0
556	21:57:04	60.11	59	0	0
557	21:58:04	60.12	59	0	0
558	21:59:04	60.11	59	0	0
559	22:00:05	60.12	59	0	0
560	22:01:05	60.12	59	0	0
561	22:02:05	60.11	59	0	0
562	22:03:05	60.12	59	0	0
563	22:04:05	60.12	59	0	0
564	22:05:05	60.11	59	0	0
565	22:06:05	60.11	59	0	0
566	22:07:05	60.11	59	0	0
567	22:08:05	60.12	59	0	0
568	22:09:06	60.11	59	0	0
569	22:10:06	60.12	59	0	0
570	22:11:06	60.12	59	0	0
571	22:12:06	60.11	59	0	0
572	22:13:06	60.12	59	0	0
573	22:14:06	60.12	59	0	0
574	22:15:06	60.12	59	0	0
575	22:16:06	60.11	59	0	0
576	22:17:07	60.11	59	0	0
577	22:18:07	60.10	59	0	0
578	22:19:07	60.11	59	0	0
579	22:20:07	60.08	59	0	0
580	22:21:07	60.10	59	0	0
581	22:22:07	60.12	59	0	0
582	22:23:07	60.11	59	0	0
583	22:24:07	60.11	59	0	0
584	22:25:07	60.12	59	0	0
585	22:26:07	60.12	59	0	0
586	22:27:08	60.12	59	0	0
587	22:28:08	60.12	59	0	0
588	22:29:08	60.13	59	0	0
589	22:30:08	60.12	59	0	0
590	22:31:08	60.13	59	0	0
591	22:32:08	60.12	59	0	0
592	22:33:08	60.11	59	0	0
593	22:34:08	60.12	59	0	0
594	22:35:09	60.11	59	0	0
595	22:36:09	60.12	59	0	0
596	22:37:09	60.11	59	0	0
597	22:38:09	60.12	59	0	0
598	22:39:09	60.12	59	0	0
599	22:40:09	60.11	59	0	0
600	22:41:09	60.12	59	0	0
601	22:42:09	60.10	59	0	0
602	22:43:09	60.12	59	0	0
603	22:44:10	60.10	59	0	0
604	22:45:10	60.11	59	0	0
605	22:46:10	60.12	59	0	0
606	22:47:10	60.13	59	0	0
607	22:48:10	60.12	59	0	0
608	22:49:10	60.12	59	0	0
609	22:50:10	60.10	59	0	0
610	22:51:10	60.11	59	0	0
611	22:52:11	60.11	59	0	0
612	22:53:11	60.12	59	0	0
613	22:54:11	60.11	59	0	0
614	22:55:11	60.11	59	0	0
615	22:56:11	60.12	59	0	0
616	22:57:11	60.11	59	0	0
617	22:58:11	60.11	59	0	0
618	22:59:11	60.10	158	0	0
619	23:00:11	60.11	515	0	0
620	23:01:12	60.12	877	0	0
621	23:02:12	60.12	1234	0	0
622	23:03:12	60.11	1591	0	0
623	23:04:12	60.11	1947	0	0
624	23:05:12	60.12	2304	0	0
625	23:06:12	60.11	2661	0	0
626	23:07:12	60.11	3017	0	0
627	23:08:12	60.10	3374	0	0
628	23:09:12	60.10	3565	0	0
629	23:10:13	60.11	3565	0	0
630	23:11:13	60.11	3565	0	0
631	23:12:13	60.12	3565	0	0
632	23:13:13	60.11	3566	0	0
633	23:14:13	60.11	3565	0	0
634	23:15:13	60.11	3566	0	0
635	23:16:13	60.12	3566	0	0
636	23:17:13	60.12	3565	0	0
637	23:18:13	60.11	3565	0	0
638	23:19:14	60.11	3448	0	0
639	23:20:14	60.08	3092	0	0
640	23:21:14	60.10	2735	0	0
641	23:22:14	60.12	2379	0	0
642	23:23:14	60.12	2022	0	0
643	23:24:14	60.12	1665	0	0
644	23:25:14	60.12	1309	0	0
645	23:26:14	60.10	952	0	0
646	23:27:14	60.12	596	0	0
647	23:28:15	60.12	233	0	0
648	23:29:15	60.10	59	0	0
649	23:30:15	60.11	59	0	0
650	23:31:15	60.12	59	0	0
651	23:32:15	60.10	59	0	0
652	23:33:15	60.12	59	0	0
653	23:34:15	60.12	59	0	0
654	23:35:15	60.12	59	0	0
655	23:36:15	60.11	59	0	0
656	23:37:16	60.11	59	0	0
657	23:38:16	60.11	59	0	0
658	23:39:16	60.12	59	0	0
659	23:40:16	60.11	201	0	0
660	23:41:16	60.12	450	0	0
661	23:42:16	60.11	450	0	0
662	23:43:16	60.11	450	0	0
663	23:44:16	60.11	450	0	0
664	23:45:16	60.10	450	0.03394	0.0339
665	23:46:17	60.11	449	0.03394	0.0339
666	23:47:17	60.12	450	0.03394	0.0339
667	23:48:17	60.12	450	0.03394	0.0339
668	23:49:17	60.12	450	0.03394	0.0339
669	23:50:17	60.10	450	0.03394	0.0339
670	23:51:17	60.12	450	0.03394	0.0339
671	23:52:17	60.12	450	0.03394	0.0339
672	23:53:17	60.12	450	0.03394	0.0339
673	23:54:17	60.12	449	0.03394	0.0339
674	23:55:18	60.11	450	0.03394	0.0339
675	23:56:18	60.12	450	0.03394	0.0339
676	23:57:18	60.12	450	0.03394	0.0339
677	23:58:18	60.10	450	0.03394	0.0339
678	23:59:18	60.11	449	0.03394	0.0339
679	00:00:18	60.12	450	0.03394	0.0339
680	00:01:18	60.12	449	0.03394	0.0339
681	00:02:18	60.11	450	0.06719	0.07333
682	00:03:19	60.11	450	0.0669	0.07281
683	00:04:19	60.11	450	0.1881	0.07069
684	00:05:19	60.11	450	0.8715	0.38
685	00:06:19	60.11	450	0.9576	0.7246
686	00:07:19	60.11	450	1.686	0.7206
687	00:08:19	60.11	450	1.68	0.7689
688	00:09:19	60.12	450	1.675	1.474
689	00:10:19	60.12	450	1.671	1.469
690	00:11:19	60.12	450	1.668	1.464
691	00:12:20	60.10	450	1.666	1.46
692	00:13:20	60.12	450	1.662	1.452
693	00:14:20	60.12	458	1.661	1.45
694	00:15:20	57.13	529	0.7881	0.6386
695	00:16:17	23.39	663	0.7882	0.6386
696	00:16:40	60.49	735	0.7881	0.6385
697	00:17:41	18.58	964	0.788	0.6385
698	00:17:59	60.05	1045	0.788	0.6384
699	00:19:00	60.11	1370	0.7879	0.6385
700	00:20:00	60.08	1717	0.7879	0.6385
701	00:21:00	60.09	2065	0.7879	0.6385
702	00:22:00	60.12	2412	0.7879	0.6385
703	00:23:00	60.11	2760	0.7878	0.6385
704	00:24:00	60.11	3107	0.7877	0.6384
705	00:25:00	60.12	3454	0.7876	0.6384
706	00:26:00	60.12	3802	0.7875	0.6384
707	00:27:00	60.10	4149	0.7874	0.6384
708	00:28:00	60.12	4497	0.7873	0.6384
709	00:29:01	60.12	4850	0.7873	0.6384
710	00:30:01	60.12	5197	0.7871	0.6383
711	00:31:01	60.13	5545	0.7869	0.6383
712	00:32:01	60.11	5892	0.7864	0.6383
713	00:33:01	60.12	6240	0.7859	0.6383
714	00:34:01	18.33	6499	0.7859	0.6383
715	00:34:20	10.22	6499	0.7859	0.6383
716	00:34:30	60.38	6499	0.7858	0.6382
717	00:35:30	60.12	6499	0.6852	0.6382
718	00:36:30	60.12	6499	0.5545	0.6382
719	00:37:30	60.10	6499	0.5545	0.6382
720	00:38:30	60.12	6499	0.5533	0.6382
721	00:39:31	60.12	6499	0.5468	0.6383
722	00:40:31	60.11	6499	0.541	0.6382
723	00:41:31	60.12	6499	0.5342	0.6382
724	00:42:31	60.11	6499	0.53	0.6382
725	00:43:31	60.11	6499	0.5278	0.6382
726	00:44:31	60.12	6499	0.5274	0.6382
727	00:45:31	60.11	6499	0.5273	0.6382
728	00:46:31	60.11	6499	0.5273	0.6382
729	00:47:32	60.21	6499	0.5273	0.6382
730	00:48:32	60.13	6499	0.5273	0.6382
731	00:49:32	60.07	6499	0.5273	0.6382
732	00:50:32	60.48	6499	0.5273	0.6382
733	00:51:32	26.89	6499	0.5273	0.6382
734	00:51:59	60.27	6499	0.5273	0.6381
735	00:53:00	60.12	6499	0.5273	0.6382
736	00:54:00	60.10	6499	0.5273	0.6382
737	00:55:00	60.11	6499	0.5273	0.6381
738	00:56:00	60.12	6499	0.5272	0.6381
739	00:57:00	60.12	6499	0.527	0.6381
740	00:58:00	60.11	6499	0.5267	0.638
741	00:59:00	60.12	6499	0.5265	0.6379
742	01:00:00	60.11	6499	0.5263	0.6379
743	01:01:00	60.12	6499	0.526	0.6378
744	01:02:01	60.11	6499	0.5256	0.6377
745	01:03:01	60.11	6499	0.5253	0.6375
746	01:04:01	60.11	6499	0.5251	0.6374
747	01:05:01	60.11	6499	0.5248	0.6373
748	01:06:01	60.13	6499	0.5246	0.6372
749	01:07:01	60.11	6499	0.5242	0.6371
750	01:08:01	60.13	6499	0.524	0.637
751	01:09:01	60.11	6499	0.5237	0.6369
752	01:10:02	60.11	6499	0.5235	0.6368
753	01:11:02	60.11	6499	0.5232	0.6367
754	01:12:02	60.12	6499	0.523	0.6366
755	01:13:02	60.11	6499	0.5228	0.6365
756	01:14:02	60.12	6499	0.5225	0.6364
757	01:15:02	60.11	6499	0.5223	0.6363
758	01:16:02	60.11	6499	0.5221	0.6362
759	01:17:02	60.12	6499	0.5219	0.6361
760	01:18:02	60.11	6499	0.5216	0.636
761	01:19:03	60.11	6499	0.5214	0.6359
762	01:20:03	60.08	6499	0.5211	0.6358
763	01:21:03	60.09	6499	0.5209	0.6357
764	01:22:03	60.12	6499	0.5206	0.6356
765	01:23:03	60.12	6499	0.5204	0.6355
766	01:24:03	60.12	6499	0.5201	0.6354
767	01:25:03	60.13	6499	0.5198	0.6353
768	01:26:03	60.11	6499	0.5195	0.6353
769	01:27:03	60.10	6499	0.5191	0.6352
770	01:28:04	60.13	6499	0.5188	0.635
771	01:29:04	60.12	6499	0.5186	0.6349
772	01:30:04	60.12	6499	0.5182	0.6348
773	01:31:04	60.12	6499	0.518	0.6348
774	01:32:04	60.11	6499	0.5177	0.6347
775	01:33:04	60.11	6499	0.5175	0.6346
776	01:34:04	60.11	6499	0.5172	0.6345
777	01:35:04	60.12	6499	0.517	0.6344
778	01:36:04	60.10	6499	0.5168	0.6343
779	01:37:05	60.11	6499	0.5166	0.6342
780	01:38:05	60.13	6499	0.5164	0.634
781	01:39:05	60.12	6499	0.5162	0.6339
782	01:40:05	60.11	6499	0.516	0.6338
783	01:41:05	60.11	6499	0.5158	0.6337
784	01:42:05	60.13	6499	0.5157	0.6336
785	01:43:05	60.11	6499	0.5155	0.6335
786	01:44:05	60.11	6499	0.5153	0.6334
787	01:45:06	60.11	6499	0.5152	0.6334
788	01:46:06	10.27	6499	0.5151	0.6333
789	01:46:16	60.39	6499	0.515	0.6332
790	01:47:16	60.11	6499	0.5148	0.6331
791	01:48:16	60.11	6499	0.5147	0.633
792	01:49:16	60.10	6499	0.5145	0.6329
793	01:50:17	60.12	6499	0.5143	0.6328
794	01:51:17	60.12	6499	0.5141	0.6327
795	01:52:17	53.69	6499	0.5139	0.6326
796	01:53:11	60.52	6499	0.5137	0.6325
797	01:54:11	60.11	6499	0.5135	0.6324
798	01:55:11	60.11	6499	0.5134	0.6324
799	01:56:11	60.12	6499	0.5132	0.6322
800	01:57:11	60.12	6499	0.513	0.6321
801	01:58:11	60.11	6499	0.5129	0.632
802	01:59:12	60.10	6499	0.5127	0.6319
803	02:00:12	60.12	6499	0.5125	0.6318
804	02:01:12	60.12	6499	0.5123	0.6317
805	02:02:12	60.11	6499	0.5122	0.6317
806	02:03:12	60.12	6499	0.512	0.6316
807	02:04:12	60.11	6499	0.5118	0.6315
808	02:05:12	60.12	6499	0.5117	0.6313
809	02:06:12	60.10	6499	0.5115	0.6312
810	02:07:12	60.11	6499	0.5113	0.6311
811	02:08:13	60.12	6499	0.5112	0.631
812	02:09:13	60.10	6499	0.511	0.631
813	02:10:13	60.12	6499	0.5108	0.6309
814	02:11:13	60.11	6499	0.5106	0.6308
815	02:12:13	60.12	6499	0.5104	0.6307
816	02:13:13	60.12	6499	0.5103	0.6306
817	02:14:13	60.11	6499	0.5101	0.6305
818	02:15:13	60.11	6499	0.5099	0.6303
819	02:16:14	60.11	6499	0.5097	0.6303
820	02:17:14	60.10	6499	0.5095	0.6302
821	02:18:14	60.12	6499	0.5093	0.6301
822	02:19:14	60.11	6499	0.5091	0.63
823	02:20:14	60.04	6499	0.5089	0.6299
824	02:21:14	60.13	6499	0.5087	0.6298
825	02:22:14	60.12	6499	0.5085	0.6297
826	02:23:14	60.12	6499	0.5083	0.6296
827	02:24:14	60.12	6499	0.5081	0.6295
828	02:25:14	60.10	6499	0.5079	0.6294
829	02:26:15	60.11	6499	0.5077	0.6293
830	02:27:15	60.11	6499	0.5075	0.6292
831	02:28:15	60.12	6499	0.5073	0.6291
832	02:29:15	60.10	6499	0.5071	0.629
833	02:30:15	60.12	6499	0.5069	0.6289
834	02:31:15	60.11	6499	0.5067	0.6288
835	02:32:15	60.12	6499	0.5065	0.6287
836	02:33:15	60.11	6499	0.5063	0.6286
837	02:34:15	60.11	6499	0.506	0.6284
838	02:35:16	60.13	6499	0.5058	0.6283
839	02:36:16	60.12	6499	0.5057	0.6282
840	02:37:16	60.11	6499	0.5055	0.6281
841	02:38:16	60.12	6499	0.5053	0.6281
842	02:39:16	60.12	6499	0.5051	0.628
843	02:40:16	60.12	6499	0.5049	0.6278
844	02:41:16	60.13	6499	0.5047	0.6277
845	02:42:16	60.11	6499	0.5045	0.6277
846	02:43:17	60.11	6499	0.5043	0.6276
847	02:44:17	60.11	6499	0.5042	0.6275
848	02:45:17	60.11	6499	0.504	0.6274
849	02:46:17	60.12	6499	0.5038	0.6273
850	02:47:17	60.11	6499	0.5036	0.6272
851	02:48:17	60.11	6499	0.5035	0.6271
852	02:49:17	60.13	6499	0.5033	0.627
853	02:50:17	60.12	6499	0.5031	0.6269
854	02:51:17	60.11	6499	0.5029	0.6268
855	02:52:18	60.12	6499	0.5028	0.6267
856	02:53:18	60.12	6499	0.5027	0.6266
857	02:54:18	60.12	6499	0.5025	0.6265
858	02:55:18	60.11	6499	0.5023	0.6263
859	02:56:18	60.10	6499	0.5022	0.6262
860	02:57:18	60.11	6499	0.502	0.6262
861	02:58:18	60.12	6499	0.5019	0.6261
862	02:59:18	60.12	6499	0.5017	0.6259
863	03:00:19	60.11	6499	0.5015	0.6258
864	03:01:19	60.12	6499	0.5014	0.6258
865	03:02:19	60.12	6499	0.5013	0.6257
866	03:03:19	60.12	6499	0.5011	0.6256
867	03:04:19	60.12	6499	0.501	0.6254
868	03:05:19	60.11	6499	0.5008	0.6254
869	03:06:19	60.12	6499	0.5007	0.6253
870	03:07:19	60.11	6499	0.5005	0.6252
871	03:08:19	60.11	6499	0.5004	0.6251
872	03:09:20	60.11	6499	0.5002	0.6249
873	03:10:20	60.12	6499	0.5001	0.6248
874	03:11:20	60.12	6499	0.5	0.6247
875	03:12:20	60.12	6499	0.4998	0.6246
876	03:13:20	60.10	6499	0.4996	0.6245
877	03:14:20	60.12	6499	0.4995	0.6244
878	03:15:20	60.11	6499	0.4993	0.6243
879	03:16:20	60.11	6499	0.4992	0.6242
880	03:17:20	60.11	6499	0.499	0.6241
881	03:18:21	60.11	6499	0.4988	0.624
882	03:19:21	60.11	6499	0.4987	0.6239
883	03:20:21	60.04	6499	0.4985	0.6238
884	03:21:21	60.11	6499	0.4984	0.6237
885	03:22:21	60.11	6499	0.4982	0.6236
886	03:23:21	60.12	6499	0.498	0.6235
887	03:24:21	60.13	6499	0.4979	0.6234
888	03:25:21	60.12	6499	0.4977	0.6233
889	03:26:21	60.12	6499	0.4976	0.6232
890	03:27:22	60.12	6499	0.4975	0.6231
891	03:28:22	60.12	6499	0.4973	0.623
892	03:29:22	60.10	6499	0.4972	0.6229
893	03:30:22	60.12	6499	0.497	0.6228
894	03:31:22	60.13	6499	0.4969	0.6227
895	03:32:22	60.11	6499	0.4968	0.6226
896	03:33:22	60.13	6499	0.4967	0.6225
897	03:34:22	60.11	6499	0.4965	0.6224
898	03:35:22	60.11	6499	0.4964	0.6223
899	03:36:23	60.12	6499	0.4962	0.6222
900	03:37:23	60.11	6499	0.496	0.6221
901	03:38:23	60.12	6499	0.4959	0.622
902	03:39:23	60.11	6499	0.4957	0.6219
903	03:40:23	60.11	6499	0.4956	0.6218
904	03:41:23	60.12	6499	0.4955	0.6217
905	03:42:23	60.12	6499	0.4953	0.6216
906	03:43:23	60.10	6499	0.4952	0.6215
907	03:44:23	60.12	6499	0.4951	0.6214
908	03:45:24	60.12	6499	0.4949	0.6213
909	03:46:24	60.12	6499	0.4948	0.6212
910	03:47:24	60.11	6499	0.4947	0.6211
911	03:48:24	60.12	6499	0.4946	0.621
912	03:49:24	60.13	6499	0.4944	0.6209
913	03:50:24	60.13	6499	0.4943	0.6208
914	03:51:24	60.12	6499	0.4942	0.6207
915	03:52:24	60.10	6499	0.4941	0.6206
916	03:53:25	60.11	6499	0.494	0.6205
917	03:54:25	60.11	6499	0.4939	0.6204
918	03:55:25	60.13	6499	0.4938	0.6203
919	03:56:25	60.11	6499	0.4936	0.6202
920	03:57:25	60.11	6499	0.4935	0.6201
921	03:58:25	60.10	6499	0.4934	0.62
922	03:59:25	14.80	6499	0.4934	0.62
923	03:59:40	60.32	6499	0.4933	0.6199
924	04:00:40	60.11	6499	0.4932	0.6198
925	04:01:40	60.11	6499	0.493	0.6197
926	04:02:41	60.11	6499	0.4929	0.6196
927	04:03:41	60.11	6499	0.4928	0.6195
928	04:04:41	60.11	6499	0.4927	0.6194
929	04:05:41	60.11	6499	0.4926	0.6193
930	04:06:41	60.11	6499	0.4925	0.6192
931	04:07:41	60.12	6499	0.4924	0.6191
932	04:08:41	60.12	6499	0.4923	0.619
933	04:09:41	60.11	6499	0.4921	0.6189
934	04:10:41	60.11	6499	0.492	0.6188
935	04:11:42	60.11	6499	0.4919	0.6187
936	04:12:42	60.11	6499	0.4918	0.6186
937	04:13:42	60.10	6499	0.4917	0.6185
938	04:14:42	60.11	6499	0.4916	0.6184
939	04:15:42	60.12	6499	0.4915	0.6182
940	04:16:42	60.12	6499	0.4914	0.6182
941	04:17:42	60.11	6499	0.4913	0.6181
942	04:18:42	31.47	6499	0.4912	0.618
943	04:19:14	60.20	6499	0.4911	0.6179
944	04:20:14	60.06	6499	0.4909	0.6178
945	04:21:14	60.12	6499	0.4908	0.6177
946	04:22:14	60.13	6499	0.4907	0.6176
947	04:23:14	60.12	6499	0.4906	0.6175
948	04:24:14	60.12	6499	0.4883	0.6172
949	04:25:15	60.13	6499	0.4821	0.6166
950	04:26:15	60.12	6499	0.4789	0.6162
951	04:27:15	60.11	6499	0.4708	0.6152
952	04:28:15	60.10	6499	0.4628	0.6135
953	04:29:15	60.12	6499	0.4558	0.6118
954	04:30:15	60.12	6499	0.4483	0.6099
955	04:31:15	60.12	6499	0.4392	0.6075
956	04:32:15	60.12	6499	0.4293	0.6041
957	04:33:15	60.12	6499	0.4198	0.5996
958	04:34:16	19.78	6499	0.4143	0.5955
959	04:34:35	26.50	6499	0.4079	0.5871
960	04:35:02	30.51	6499	0.402	0.5771
961	04:35:32	33.52	6499	0.3944	0.5473
962	04:36:06	37.52	6499	0.389	0.5307
963	04:36:43	60.04	6499	0.3889	0.5307
964	04:37:43	60.13	6499	0.3888	0.5306
965	04:38:44	60.12	6499	0.3888	0.5305
966	04:39:44	60.12	6499	0.3887	0.5304
967	04:40:44	60.12	6499	0.3886	0.5303
968	04:41:44	60.13	6499	0.008234	0.01337
969	04:42:44	60.11	6499	0	0
970	04:43:44	60.12	6499	0	0
971	04:44:44	60.12	6499	0	0
972	04:45:44	11.25	6499	0	0
973	04:45:56	60.14	6501	0	0
974	04:46:56	60.11	6501	0	0
975	04:47:56	53.69	6501	0	0
Created by AtlRunQuery on: 2018-09-02 17:38:29.873064
