LHC beam energy and intensities during run 329869:
(Begin/end of run: Sun Jul 16 2017 08:50:33 − 20:19:06)

LB	   Start time
(CEST)	   Duration
(sec)	   Beam energy
(GeV)	   Intensity Beam-1
(1e11 protons)	   Intensity Beam-2
(1e11 protons)
1	08:50:33	60.11	449	951	858.1
2	08:51:33	60.12	450	1081	963.5
3	08:52:33	60.13	450	1187	1110
4	08:53:33	10.27	450	1281	1109
5	08:53:44	10.26	450	1281	1109
6	08:53:54	10.26	450	1281	1109
7	08:54:04	60.12	450	1344	1109
8	08:55:04	60.11	450	1426	1259
9	08:56:04	60.12	450	1552	1334
10	08:57:05	60.12	449	1695	1415
11	08:58:05	60.11	450	1800	1546
12	08:59:05	60.11	450	1905	1683
13	09:00:05	60.10	450	2044	1788
14	09:01:05	60.11	450	2130	1894
15	09:02:05	60.11	450	2222	2037
16	09:03:05	60.13	450	2327	2119
17	09:04:05	60.11	449	2476	2210
18	09:05:05	60.11	449	2594	2314
19	09:06:06	60.11	450	2697	2471
20	09:07:06	60.11	450	2798	2584
21	09:08:06	60.11	450	2795	2689
22	09:09:06	60.09	450	2792	2798
23	09:10:06	60.12	449	2789	2797
24	09:11:06	60.11	450	2786	2794
25	09:12:06	60.12	449	2782	2790
26	09:13:06	32.38	450	2778	2786
27	09:13:39	12.48	450	2764	2772
28	09:13:51	60.32	450	2761	2770
29	09:14:52	60.10	450	2756	2767
30	09:15:52	60.11	478	2753	2765
31	09:16:52	60.12	578	2751	2764
32	09:17:52	60.13	748	2750	2764
33	09:18:52	14.22	978	2750	2763
34	09:19:06	60.18	1041	2750	2762
35	09:20:06	60.08	1360	2141	2151
36	09:21:06	60.09	1707	0	0
37	09:22:07	60.11	2060	0	0
38	09:23:07	60.11	2408	0	0
39	09:24:07	60.12	2755	0	0
40	09:25:07	60.12	3102	0	0
41	09:26:07	60.13	3450	0	0
42	09:27:07	60.13	3797	0	0
43	09:28:07	60.11	4145	0	0
44	09:29:07	60.12	4492	0	0
45	09:30:07	60.12	4839	0	0
46	09:31:08	60.12	5193	0	0
47	09:32:08	60.11	5540	0	0
48	09:33:08	60.12	5887	0	0
49	09:34:08	60.12	6235	0	0
50	09:35:08	20.27	6499	0	0
51	09:35:28	14.75	6499	0	0
52	09:35:43	60.40	6499	0	0
53	09:36:44	60.10	6499	0	0
54	09:37:44	10.27	6499	0	0
55	09:37:54	60.36	6499	0	0
56	09:38:54	60.09	6501	0	0
57	09:39:54	60.13	6501	0	0
58	09:40:54	60.12	6501	0	0
59	09:41:55	60.12	6501	0	0
60	09:42:55	60.12	6490	0	0
61	09:43:55	60.11	6376	0	0
62	09:44:55	60.10	6135	0	0
63	09:45:55	60.11	5793	0	0
64	09:46:55	60.10	5440	0	0
65	09:47:55	60.13	5086	0	0
66	09:48:55	60.11	4731	0	0
67	09:49:55	60.11	4376	0	0
68	09:50:56	60.12	4014	0	0
69	09:51:56	60.11	3658	0	0
70	09:52:56	60.11	3301	0	0
71	09:53:56	60.11	2945	0	0
72	09:54:56	60.11	2588	0	0
73	09:55:56	60.11	2232	0	0
74	09:56:56	60.11	1875	0	0
75	09:57:56	60.11	1518	0	0
76	09:58:56	60.12	1162	0	0
77	09:59:57	60.11	799	0	0
78	10:00:57	60.12	449	0	0
79	10:01:57	60.12	197	0	0
80	10:02:57	60.11	73	0	0
81	10:03:57	60.12	59	0	0
82	10:04:57	60.11	59	0	0
83	10:05:57	60.12	59	0	0
84	10:06:57	60.11	59	0	0
85	10:07:58	60.10	59	0	0
86	10:08:58	60.11	59	0	0
87	10:09:58	60.11	59	0	0
88	10:10:58	60.11	59	0	0
89	10:11:58	60.11	59	0	0
90	10:12:58	60.12	59	0	0
91	10:13:58	60.11	59	0	0
92	10:14:58	60.12	59	0	0
93	10:15:58	60.12	103	0	0
94	10:16:59	60.11	448	0	0
95	10:17:59	60.11	450	0	0
96	10:18:59	60.10	450	0	0
97	10:19:59	60.09	449	0	0
98	10:20:59	60.09	449	0.02755	0
99	10:21:59	60.13	450	0.08587	0.05075
100	10:22:59	60.12	450	0.08577	0.07881
101	10:23:59	60.12	450	0.08569	0.07874
102	10:24:59	60.11	449	0.08561	0.07867
103	10:25:59	60.12	450	0.08554	0.07861
104	10:27:00	60.10	450	0.08548	0.07855
105	10:28:00	60.11	450	0.08521	0.07829
106	10:29:00	60.13	449	0.08437	0.07712
107	10:30:00	60.12	450	52.47	0.07726
108	10:31:00	60.12	449	167.8	106.8
109	10:32:00	60.12	450	167.7	166.1
110	10:33:00	60.11	450	266.5	166
111	10:34:00	60.13	450	332	319.1
112	10:35:01	60.12	450	425.7	332.1
113	10:36:01	60.11	450	508.4	477.9
114	10:37:01	60.12	449	551.5	524.9
115	10:38:01	60.12	450	692.5	578.4
116	10:39:01	60.13	450	797.4	717
117	10:40:01	60.11	449	903.7	850.4
118	10:41:01	60.12	450	1123	880.7
119	10:42:01	60.11	450	1211	1026
120	10:43:01	60.11	450	1210	1209
121	10:44:02	60.11	449	1209	1208
122	10:45:02	60.12	449	1208	1208
123	10:46:02	60.12	450	1207	1208
124	10:47:02	60.12	450	1205	1208
125	10:48:02	60.12	450	1204	1208
126	10:49:02	60.12	450	1219	1207
127	10:50:02	60.11	450	1255	1241
128	10:51:02	60.11	449	1412	1305
129	10:52:03	60.12	450	1517	1424
130	10:53:03	60.12	450	1622	1576
131	10:54:03	60.11	449	1747	1683
132	10:55:03	60.12	450	1890	1789
133	10:56:03	60.12	450	1935	1918
134	10:57:03	60.12	450	1986	1962
135	10:58:03	60.13	450	2122	2050
136	10:59:03	60.11	450	2253	2154
137	11:00:03	60.12	450	2357	2296
138	11:01:04	60.11	450	2461	2423
139	11:02:04	60.12	450	2608	2527
140	11:03:04	60.11	450	2605	2622
141	11:04:04	60.11	450	2601	2620
142	11:05:04	55.95	450	2598	2619
143	11:06:00	17.56	449	2596	2617
144	11:06:18	60.48	450	2594	2616
145	11:07:18	60.12	450	2590	2613
146	11:08:18	60.12	450	2586	2611
147	11:09:18	60.11	467	2583	2609
148	11:10:18	60.11	553	2582	2608
149	11:11:19	60.12	714	2581	2608
150	11:12:19	60.10	933	2581	2608
151	11:13:19	60.11	1219	2581	2607
152	11:14:19	60.12	1564	2580	2607
153	11:15:19	60.12	1912	2580	2607
154	11:16:19	60.12	2259	2580	2608
155	11:17:19	60.12	2607	925.7	937.5
156	11:18:19	60.11	2954	0	0
157	11:19:19	60.10	3301	0	0
158	11:20:20	60.04	3655	0	0
159	11:21:20	60.11	4002	0	0
160	11:22:20	60.13	4349	0	0
161	11:23:20	60.11	4697	0	0
162	11:24:20	60.12	5044	0	0
163	11:25:20	60.11	5392	0	0
164	11:26:20	60.13	5739	0	0
165	11:27:20	60.12	6087	0	0
166	11:28:20	60.10	6434	0	0
167	11:29:21	60.11	6499	0	0
168	11:30:21	60.12	6499	0	0
169	11:31:21	53.26	6499	0	0
170	11:32:14	49.00	6499	0	0
171	11:33:03	60.04	6499	0	0
172	11:34:03	60.12	6501	0	0
173	11:35:03	60.11	6501	0	0
174	11:36:03	60.12	6501	0	0
175	11:37:03	60.11	6501	0	0
176	11:38:03	60.10	6477	0	0
177	11:39:04	60.11	6334	0	0
178	11:40:04	60.12	6066	0	0
179	11:41:04	60.12	5716	0	0
180	11:42:04	60.13	5363	0	0
181	11:43:04	60.11	5009	0	0
182	11:44:04	60.11	4654	0	0
183	11:45:04	60.11	4298	0	0
184	11:46:04	60.12	3942	0	0
185	11:47:05	60.11	3580	0	0
186	11:48:05	60.11	3224	0	0
187	11:49:05	60.12	2867	0	0
188	11:50:05	60.11	2510	0	0
189	11:51:05	60.12	2154	0	0
190	11:52:05	60.11	1797	0	0
191	11:53:05	60.11	1441	0	0
192	11:54:05	60.13	1084	0	0
193	11:55:05	60.12	727	0	0
194	11:56:06	60.12	383	0	0
195	11:57:06	60.12	159	0	0
196	11:58:06	60.12	63	0	0
197	11:59:06	60.11	59	0	0
198	12:00:06	60.12	59	0	0
199	12:01:06	60.12	59	0	0
200	12:02:06	60.12	59	0	0
201	12:03:06	60.11	59	0	0
202	12:04:07	60.12	59	0	0
203	12:05:07	60.11	59	0	0
204	12:06:07	60.11	59	0	0
205	12:07:07	60.12	59	0	0
206	12:08:07	60.12	59	0	0
207	12:09:07	60.12	59	0	0
208	12:10:07	60.11	59	0	0
209	12:11:07	60.10	59	0	0
210	12:12:07	60.12	59	0	0
211	12:13:08	60.12	59	0	0
212	12:14:08	60.12	59	0	0
213	12:15:08	60.11	59	0	0
214	12:16:08	60.11	59	0	0
215	12:17:08	60.12	59	0	0
216	12:18:08	60.12	59	0	0
217	12:19:08	60.12	59	0	0
218	12:20:08	60.08	59	0	0
219	12:21:08	60.11	59	0	0
220	12:22:09	60.12	59	0	0
221	12:23:09	60.11	59	0	0
222	12:24:09	60.10	59	0	0
223	12:25:09	60.12	59	0	0
224	12:26:09	60.11	59	0	0
225	12:27:09	60.11	59	0	0
226	12:28:09	60.11	59	0	0
227	12:29:09	60.11	59	0	0
228	12:30:09	60.10	59	0	0
229	12:31:10	60.12	59	0	0
230	12:32:10	60.12	59	0	0
231	12:33:10	60.11	59	0	0
232	12:34:10	60.12	59	0	0
233	12:35:10	60.13	59	0	0
234	12:36:10	60.12	59	0	0
235	12:37:10	60.12	59	0	0
236	12:38:10	60.11	59	0	0
237	12:39:10	60.11	59	0	0
238	12:40:11	60.11	64	0	0
239	12:41:11	60.12	411	0	0
240	12:42:11	60.11	450	0	0
241	12:43:11	60.12	450	0	0
242	12:44:11	60.11	450	0	0
243	12:45:11	60.11	450	0	0
244	12:46:11	60.11	450	0	0
245	12:47:11	60.11	449	0	0
246	12:48:12	60.12	449	0	0
247	12:49:12	60.12	449	0	0.08716
248	12:50:12	60.12	450	0	0.08575
249	12:51:12	60.11	450	0.07693	0.08476
250	12:52:12	60.11	450	0.07664	0.08427
251	12:53:12	60.12	450	0.07628	0.08372
252	12:54:12	60.12	450	0.07605	0.08327
253	12:55:12	60.12	450	0.07598	0.08319
254	12:56:12	60.12	450	0.07591	0.08313
255	12:57:13	60.11	450	0.07585	0.08307
256	12:58:13	60.12	450	0.07579	0.08301
257	12:59:13	60.12	450	0.07556	0.08263
258	13:00:13	60.10	450	0.07502	0.08202
259	13:01:13	60.13	450	0.07446	0.08148
260	13:02:13	60.12	450	0.07391	0.081
261	13:03:13	60.12	449	0.07339	0.08059
262	13:04:13	60.12	450	0.07317	0.08056
263	13:05:14	60.12	450	96.6	0.08115
264	13:06:14	60.09	450	203.9	149.9
265	13:07:14	60.11	449	331.8	257.2
266	13:08:14	60.12	449	475.8	363.7
267	13:09:14	60.11	450	524.7	498.1
268	13:10:14	60.12	450	575.9	542.5
269	13:11:14	60.12	450	717.5	551.3
270	13:12:14	60.11	449	848.8	570.1
271	13:13:14	60.12	449	954	714.4
272	13:14:15	60.12	450	1059	840.5
273	13:15:15	60.11	450	1208	945.5
274	13:16:15	60.13	450	1207	1163
275	13:17:15	60.11	449	1206	1208
276	13:18:15	60.11	450	1205	1208
277	13:19:15	60.11	450	1204	1208
278	13:20:15	60.05	449	1203	1208
279	13:21:15	60.11	450	1202	1207
280	13:22:15	60.12	450	1233	1206
281	13:23:16	60.13	450	1294	1255
282	13:24:16	60.10	450	1415	1351
283	13:25:16	60.13	450	1559	1455
284	13:26:16	60.12	450	1663	1583
285	13:27:16	60.12	449	1766	1723
286	13:28:16	60.12	449	1899	1828
287	13:29:16	60.12	450	1941	1916
288	13:30:16	60.11	449	2026	1960
289	13:31:16	60.12	450	2130	2088
290	13:32:17	60.11	450	2275	2190
291	13:33:17	60.11	450	2394	2294
292	13:34:17	60.12	450	2497	2445
293	13:35:17	60.11	450	2595	2449
294	13:36:17	60.12	450	2592	2607
295	13:37:17	60.11	450	2590	2605
296	13:38:17	60.12	450	2587	2603
297	13:39:17	60.10	449	2584	2601
298	13:40:17	60.12	450	2579	2597
299	13:41:18	60.12	450	2575	2593
300	13:42:18	60.11	449	2571	2590
301	13:43:18	60.10	458	2566	2588
302	13:44:18	60.10	530	2565	2586
303	13:45:18	60.12	673	2564	2585
304	13:46:18	35.57	880	2563	2585
305	13:46:54	60.10	1034	2563	2585
306	13:47:54	60.12	1350	2562	2585
307	13:48:54	60.12	1698	2562	2585
308	13:49:54	60.12	2045	2562	2585
309	13:50:54	60.10	2392	2562	2585
310	13:51:54	60.11	2740	2561	2585
311	13:52:54	60.12	3087	2561	2585
312	13:53:54	60.11	3434	2560	2584
313	13:54:55	60.11	3788	2559	2584
314	13:55:55	60.11	4135	2558	2584
315	13:56:55	60.13	4482	2558	2584
316	13:57:55	60.11	4830	2557	2584
317	13:58:55	60.12	5177	2557	2583
318	13:59:55	60.11	5525	2556	2582
319	14:00:55	60.13	5872	2555	2582
320	14:01:55	60.11	6219	2553	2582
321	14:02:56	21.21	6499	2550	2582
322	14:03:17	10.35	6499	2550	2582
323	14:03:27	60.12	6499	2550	2581
324	14:04:27	60.12	6499	2550	2581
325	14:05:27	60.12	6499	2550	2581
326	14:06:27	60.10	6499	2550	2581
327	14:07:28	60.10	6499	2549	2581
328	14:08:28	60.11	6499	2548	2581
329	14:09:28	60.12	6499	2548	2580
330	14:10:28	60.11	6499	2546	2580
331	14:11:28	60.12	6499	2543	2580
332	14:12:28	60.10	6499	2539	2580
333	14:13:28	60.11	6499	2535	2580
334	14:14:28	60.12	6499	2533	2579
335	14:15:28	19.32	6499	2532	2579
336	14:15:48	60.32	6499	2532	2579
337	14:16:48	60.11	6499	2531	2578
338	14:17:48	60.12	6499	2530	2578
339	14:18:48	60.12	6499	2529	2577
340	14:19:48	60.09	6499	2527	2576
341	14:20:49	60.08	6499	2525	2575
342	14:21:49	60.10	6499	2523	2574
343	14:22:49	60.11	6499	2522	2572
344	14:23:49	60.11	6499	2520	2571
345	14:24:49	60.11	6499	2518	2569
346	14:25:49	60.11	6499	2516	2568
347	14:26:49	60.12	6499	2514	2567
348	14:27:49	25.40	6499	2512	2566
349	14:28:15	60.51	6499	2511	2565
350	14:29:15	60.11	6499	2509	2564
351	14:30:15	60.12	6499	2507	2563
352	14:31:15	60.12	6499	2506	2561
353	14:32:15	60.12	6499	2504	2560
354	14:33:16	60.10	6499	2502	2559
355	14:34:16	13.34	6499	2501	2559
356	14:34:29	60.27	6499	2500	2558
357	14:35:29	60.11	6499	2498	2556
358	14:36:29	20.96	6499	2497	2555
359	14:36:50	60.19	6499	2496	2555
360	14:37:51	10.26	6499	2495	2554
361	14:38:01	10.45	6499	2495	2553
362	14:38:11	10.10	6499	2494	2553
363	14:38:21	60.19	6499	2493	2552
364	14:39:22	60.51	6499	2492	2551
365	14:40:22	60.55	6499	2490	2550
366	14:41:23	60.64	6499	2488	2549
367	14:42:23	60.59	6499	2487	2547
368	14:43:24	60.39	6499	2485	2546
369	14:44:24	60.53	6499	2483	2545
370	14:45:25	60.65	6499	2482	2544
371	14:46:25	28.74	6499	2480	2543
372	14:46:54	44.27	6499	2479	2542
373	14:47:38	60.26	6499	2478	2541
374	14:48:39	60.12	6499	2476	2539
375	14:49:39	60.10	6499	2475	2538
376	14:50:39	60.11	6499	2473	2537
377	14:51:39	60.12	6499	2471	2536
378	14:52:39	60.13	6499	2470	2534
379	14:53:39	60.13	6499	2468	2533
380	14:54:39	60.11	6499	2467	2532
381	14:55:40	60.11	6499	2465	2531
382	14:56:40	60.10	6499	2463	2530
383	14:57:40	60.12	6499	2462	2528
384	14:58:40	37.00	6499	2461	2527
385	14:59:17	60.42	6499	2459	2526
386	15:00:17	60.12	6499	2458	2525
387	15:01:17	60.12	6499	2456	2524
388	15:02:18	60.11	6499	2455	2523
389	15:03:18	60.11	6499	2453	2521
390	15:04:18	60.11	6499	2451	2520
391	15:05:18	51.79	6499	2450	2519
392	15:06:10	16.60	6499	2449	2518
393	15:06:26	10.26	6499	2449	2518
394	15:06:37	60.34	6499	2448	2517
395	15:07:37	10.06	6499	2447	2517
396	15:07:47	10.27	6499	2447	2517
397	15:07:57	60.11	6499	2446	2516
398	15:08:57	14.82	6499	2445	2515
399	15:09:12	60.07	6499	2444	2514
400	15:10:12	60.12	6499	2442	2513
401	15:11:12	60.11	6499	2441	2512
402	15:12:12	60.13	6499	2439	2511
403	15:13:13	60.11	6499	2438	2509
404	15:14:13	60.11	6499	2436	2508
405	15:15:13	60.12	6499	2435	2507
406	15:16:13	60.12	6499	2433	2506
407	15:17:13	60.12	6499	2432	2505
408	15:18:13	60.12	6499	2430	2503
409	15:19:13	60.11	6499	2429	2502
410	15:20:13	60.30	6499	2428	2501
411	15:21:14	60.11	6499	2426	2500
412	15:22:14	60.11	6499	2425	2499
413	15:23:14	60.11	6499	2424	2497
414	15:24:14	60.12	6499	2422	2496
415	15:25:14	60.12	6499	2421	2495
416	15:26:14	60.11	6499	2420	2494
417	15:27:14	60.12	6499	2418	2493
418	15:28:14	60.12	6499	2417	2492
419	15:29:15	60.11	6499	2416	2490
420	15:30:15	60.12	6499	2414	2489
421	15:31:15	60.12	6499	2413	2488
422	15:32:15	60.12	6499	2412	2487
423	15:33:15	60.12	6499	2411	2486
424	15:34:15	60.11	6499	2410	2485
425	15:35:15	60.12	6499	2408	2483
426	15:36:15	60.11	6499	2407	2482
427	15:37:15	60.11	6499	2406	2481
428	15:38:16	60.11	6499	2404	2480
429	15:39:16	60.10	6499	2403	2479
430	15:40:16	60.12	6499	2402	2478
431	15:41:16	60.11	6499	2401	2476
432	15:42:16	60.11	6499	2400	2475
433	15:43:16	40.88	6499	2398	2474
434	15:43:57	60.31	6499	2397	2473
435	15:44:57	60.12	6499	2396	2472
436	15:45:57	60.11	6499	2395	2471
437	15:46:58	14.79	6499	2394	2470
438	15:47:12	13.99	6499	2394	2470
439	15:47:26	13.77	6499	2394	2470
440	15:47:40	13.81	6499	2393	2470
441	15:47:54	13.52	6499	2393	2469
442	15:48:07	31.40	6499	2393	2469
443	15:48:39	60.25	6499	2392	2468
444	15:49:39	60.10	6499	2390	2467
445	15:50:39	60.11	6499	2389	2466
446	15:51:39	60.11	6499	2388	2465
447	15:52:39	60.11	6499	2387	2463
448	15:53:40	60.11	6499	2385	2462
449	15:54:40	60.12	6499	2384	2461
450	15:55:40	60.12	6499	2383	2460
451	15:56:40	55.86	6499	2382	2459
452	15:57:36	60.10	6499	2381	2458
453	15:58:36	10.26	6499	2380	2457
454	15:58:46	60.13	6499	2379	2456
455	15:59:46	60.11	6499	2378	2455
456	16:00:46	60.11	6499	2377	2454
457	16:01:46	60.12	6499	2376	2453
458	16:02:47	60.10	6499	2375	2452
459	16:03:47	60.12	6499	2373	2451
460	16:04:47	60.11	6499	2372	2450
461	16:05:47	60.11	6499	2371	2449
462	16:06:47	60.11	6499	2370	2448
463	16:07:47	60.11	6499	2369	2446
464	16:08:47	60.12	6499	2368	2445
465	16:09:47	60.10	6499	2366	2444
466	16:10:47	60.12	6499	2365	2443
467	16:11:48	60.11	6499	2364	2442
468	16:12:48	60.13	6499	2363	2441
469	16:13:48	60.11	6499	2362	2440
470	16:14:48	60.11	6499	2361	2439
471	16:15:48	60.11	6499	2359	2437
472	16:16:48	60.11	6499	2358	2436
473	16:17:48	60.12	6499	2357	2435
474	16:18:48	60.11	6499	2356	2434
475	16:19:48	60.09	6499	2355	2433
476	16:20:49	60.07	6499	2353	2432
477	16:21:49	42.06	6499	2352	2431
478	16:22:31	16.12	6499	2352	2430
479	16:22:47	60.26	6499	2351	2430
480	16:23:47	60.10	6499	2350	2429
481	16:24:47	60.12	6499	2349	2428
482	16:25:47	60.11	6499	2348	2426
483	16:26:47	57.68	6499	2346	2425
484	16:27:45	60.27	6499	2345	2424
485	16:28:45	60.12	6499	2343	2423
486	16:29:45	60.11	6499	2342	2422
487	16:30:46	60.11	6499	2341	2421
488	16:31:46	60.11	6499	2340	2420
489	16:32:46	60.11	6499	2338	2418
490	16:33:46	60.11	6499	2337	2417
491	16:34:46	60.11	6499	2336	2416
492	16:35:46	60.12	6499	2334	2415
493	16:36:46	60.11	6499	2333	2414
494	16:37:46	60.11	6499	2332	2413
495	16:38:46	60.11	6499	2331	2412
496	16:39:47	60.12	6499	2329	2411
497	16:40:47	60.11	6499	2328	2409
498	16:41:47	60.11	6499	2327	2408
499	16:42:47	60.12	6499	2326	2407
500	16:43:47	60.11	6499	2324	2406
501	16:44:47	60.12	6499	2323	2405
502	16:45:47	60.11	6499	2322	2404
503	16:46:47	60.10	6499	2321	2403
504	16:47:48	60.10	6499	2320	2402
505	16:48:48	60.11	6499	2318	2400
506	16:49:48	60.12	6499	2317	2399
507	16:50:48	60.12	6499	2316	2398
508	16:51:48	60.12	6499	2315	2397
509	16:52:48	53.88	6499	2314	2396
510	16:53:42	60.07	6499	2313	2395
511	16:54:42	60.12	6499	2312	2394
512	16:55:42	60.11	6499	2310	2393
513	16:56:42	59.98	6499	2309	2392
514	16:57:42	10.16	6499	2309	2391
515	16:57:52	53.51	6499	2308	2390
516	16:58:46	60.19	6499	2307	2389
517	16:59:46	60.11	6499	2306	2388
518	17:00:46	60.11	6499	2305	2387
519	17:01:46	60.12	6499	2303	2386
520	17:02:46	60.10	6499	2302	2385
521	17:03:47	23.74	6499	2301	2384
522	17:04:10	60.16	6499	2301	2383
523	17:05:10	60.12	6499	2299	2382
524	17:06:11	12.64	6499	2299	2382
525	17:06:23	60.24	6499	2298	2381
526	17:07:23	60.12	6499	2297	2380
527	17:08:24	60.11	6499	2296	2379
528	17:09:24	60.10	6499	2294	2378
529	17:10:24	60.12	6499	2293	2377
530	17:11:24	60.11	6499	2292	2376
531	17:12:24	60.11	6499	2291	2374
532	17:13:24	60.11	6499	2290	2373
533	17:14:24	60.12	6499	2289	2372
534	17:15:24	60.11	6499	2287	2371
535	17:16:24	60.12	6499	2286	2370
536	17:17:25	60.10	6499	2285	2369
537	17:18:25	60.11	6499	2284	2368
538	17:19:25	60.11	6499	2283	2367
539	17:20:25	60.04	6499	2282	2366
540	17:21:25	29.44	6499	2281	2365
541	17:21:54	60.21	6499	2280	2364
542	17:22:55	60.11	6499	2279	2363
543	17:23:55	60.11	6499	2278	2362
544	17:24:55	60.13	6499	2276	2361
545	17:25:55	60.12	6499	2275	2360
546	17:26:55	60.12	6499	2274	2359
547	17:27:55	29.15	6499	2273	2358
548	17:28:24	60.50	6499	2272	2357
549	17:29:25	60.12	6499	2271	2356
550	17:30:25	60.11	6499	2270	2355
551	17:31:25	60.11	6499	2269	2354
552	17:32:25	60.11	6499	2268	2353
553	17:33:25	60.11	6499	2267	2352
554	17:34:25	60.11	6499	2266	2350
555	17:35:25	60.13	6499	2265	2349
556	17:36:26	60.11	6499	2263	2348
557	17:37:26	60.12	6499	2262	2347
558	17:38:26	60.12	6499	2261	2346
559	17:39:26	60.12	6499	2260	2345
560	17:40:26	60.11	6499	2259	2344
561	17:41:26	60.12	6499	2258	2343
562	17:42:26	60.11	6499	2257	2342
563	17:43:26	60.11	6499	2256	2341
564	17:44:27	60.11	6499	2255	2340
565	17:45:27	60.09	6499	2253	2339
566	17:46:27	60.10	6499	2252	2338
567	17:47:27	60.12	6499	2251	2337
568	17:48:27	60.10	6499	2250	2336
569	17:49:27	60.12	6499	2249	2335
570	17:50:27	60.12	6499	2248	2333
571	17:51:27	60.11	6499	2246	2332
572	17:52:27	60.12	6499	2245	2331
573	17:53:28	60.12	6499	2244	2330
574	17:54:28	60.12	6499	2243	2329
575	17:55:28	60.11	6499	2242	2328
576	17:56:28	60.11	6499	2241	2327
577	17:57:28	60.11	6499	2240	2326
578	17:58:28	60.11	6499	2238	2325
579	17:59:28	60.10	6499	2237	2324
580	18:00:28	60.12	6499	2236	2323
581	18:01:28	60.11	6499	2235	2322
582	18:02:29	60.11	6499	2234	2321
583	18:03:29	60.11	6499	2233	2319
584	18:04:29	60.12	6499	2231	2318
585	18:05:29	60.11	6499	2230	2317
586	18:06:29	60.12	6499	2229	2316
587	18:07:29	60.12	6499	2228	2315
588	18:08:29	43.79	6499	2227	2314
589	18:09:13	60.48	6499	2226	2313
590	18:10:14	60.11	6499	2225	2312
591	18:11:14	48.32	6499	2224	2311
592	18:12:02	16.60	6499	2223	2311
593	18:12:19	20.16	6499	2223	2311
594	18:12:39	60.19	6499	2222	2310
595	18:13:39	10.53	6499	2222	2309
596	18:13:49	60.36	6499	2221	2309
597	18:14:50	60.12	6499	2220	2307
598	18:15:50	60.12	6499	2219	2306
599	18:16:50	60.10	6499	2218	2305
600	18:17:50	60.12	6499	2217	2304
601	18:18:50	60.11	6499	2216	2303
602	18:19:50	60.09	6499	2215	2302
603	18:20:50	60.07	6499	2214	2301
604	18:21:51	60.12	6499	2213	2300
605	18:22:51	60.10	6499	2212	2299
606	18:23:51	60.11	6499	2210	2298
607	18:24:51	60.12	6499	2209	2297
608	18:25:51	60.12	6499	2207	2296
609	18:26:51	60.12	6499	2206	2295
610	18:27:51	60.11	6499	2205	2294
611	18:28:51	60.12	6499	2203	2292
612	18:29:51	60.12	6499	2202	2291
613	18:30:52	60.11	6499	2201	2290
614	18:31:52	60.11	6499	2200	2289
615	18:32:52	60.10	6499	2198	2288
616	18:33:52	60.12	6499	2197	2287
617	18:34:52	60.11	6499	2196	2286
618	18:35:52	60.13	6499	2195	2285
619	18:36:52	60.11	6499	2194	2284
620	18:37:52	60.13	6499	2192	2283
621	18:38:52	60.12	6499	2191	2281
622	18:39:53	60.12	6499	2190	2280
623	18:40:53	60.11	6499	2189	2279
624	18:41:53	60.12	6499	2188	2278
625	18:42:53	60.12	6499	2186	2277
626	18:43:53	60.12	6499	2185	2276
627	18:44:53	35.48	6499	2184	2275
628	18:45:29	60.43	6499	2183	2274
629	18:46:29	60.11	6499	2182	2273
630	18:47:29	60.13	6499	2181	2272
631	18:48:29	57.72	6499	2180	2271
632	18:49:27	60.48	6499	2179	2270
633	18:50:28	60.10	6499	2178	2269
634	18:51:28	60.11	6499	2177	2268
635	18:52:28	60.12	6499	2175	2267
636	18:53:28	60.11	6499	2174	2266
637	18:54:28	60.11	6499	2173	2265
638	18:55:28	60.10	6499	2172	2264
639	18:56:28	60.13	6499	2171	2263
640	18:57:28	60.11	6499	2170	2262
641	18:58:28	60.11	6499	2169	2261
642	18:59:29	60.11	6499	2167	2260
643	19:00:29	60.11	6499	2166	2258
644	19:01:29	60.12	6499	2165	2257
645	19:02:29	60.12	6499	2164	2256
646	19:03:29	60.11	6499	2163	2255
647	19:04:29	60.11	6499	2161	2254
648	19:05:29	60.11	6499	2160	2253
649	19:06:29	60.12	6499	2159	2252
650	19:07:29	60.12	6499	2158	2251
651	19:08:30	60.12	6499	2157	2250
652	19:09:30	60.11	6499	2156	2249
653	19:10:30	60.11	6499	2154	2248
654	19:11:30	60.12	6499	2153	2247
655	19:12:30	60.11	6499	2152	2246
656	19:13:30	60.11	6499	2151	2245
657	19:14:30	60.11	6499	2150	2244
658	19:15:30	60.11	6499	2148	2243
659	19:16:30	60.12	6499	2147	2242
660	19:17:31	60.10	6499	2146	2240
661	19:18:31	60.12	6499	2145	2239
662	19:19:31	16.71	6499	2144	2239
663	19:19:48	60.38	6499	2143	2238
664	19:20:48	60.06	6499	2142	2237
665	19:21:48	60.11	6499	2141	2236
666	19:22:48	60.12	6499	2140	2235
667	19:23:48	60.12	6499	2139	2234
668	19:24:48	60.11	6499	2138	2233
669	19:25:48	60.11	6499	2137	2232
670	19:26:49	60.12	6499	2136	2231
671	19:27:49	60.11	6499	2134	2230
672	19:28:49	60.12	6499	2133	2229
673	19:29:49	60.11	6499	2132	2228
674	19:30:49	60.12	6499	2131	2227
675	19:31:49	60.11	6499	2130	2226
676	19:32:49	60.12	6499	2129	2225
677	19:33:49	60.11	6499	2128	2224
678	19:34:49	60.11	6499	2127	2223
679	19:35:50	60.11	6499	2126	2222
680	19:36:50	60.12	6499	2125	2221
681	19:37:50	60.11	6499	2124	2220
682	19:38:50	60.12	6499	2123	2219
683	19:39:50	60.11	6499	2122	2218
684	19:40:50	60.12	6499	2121	2217
685	19:41:50	60.11	6499	2120	2216
686	19:42:50	60.11	6499	2119	2215
687	19:43:50	60.12	6499	2118	2214
688	19:44:51	60.12	6499	2117	2213
689	19:45:51	60.10	6499	2115	2212
690	19:46:51	60.11	6499	2114	2211
691	19:47:51	60.11	6499	2113	2210
692	19:48:51	60.12	6499	2112	2209
693	19:49:51	60.11	6499	2111	2208
694	19:50:51	60.12	6499	2110	2207
695	19:51:51	60.11	6499	2109	2206
696	19:52:52	60.12	6499	2108	2205
697	19:53:52	60.11	6499	2107	2204
698	19:54:52	60.12	6499	2106	2203
699	19:55:52	60.12	6499	2105	2202
700	19:56:52	60.12	6499	2104	2201
701	19:57:52	60.11	6499	2103	2200
702	19:58:52	60.11	6499	2102	2199
703	19:59:52	26.95	6499	2101	2198
704	20:00:19	60.20	6499	2100	2198
705	20:01:19	10.26	6499	2100	2197
706	20:01:30	60.11	6499	2099	2196
707	20:02:30	60.10	6499	2098	2195
708	20:03:30	60.11	6499	2097	2194
709	20:04:30	60.10	6499	2096	2193
710	20:05:30	60.11	6499	2095	2192
711	20:06:30	60.13	6499	2094	2192
712	20:07:30	60.11	6499	2093	2190
713	20:08:31	60.11	6499	2092	2189
714	20:09:31	60.11	6499	2090	2188
715	20:10:31	60.11	6499	2089	2187
716	20:11:31	60.11	6499	2088	2187
717	20:12:31	24.54	6499	2083	2180
718	20:12:55	60.38	6499	0	0
719	20:13:56	60.11	6499	0	0
720	20:14:56	48.18	6499	0	0
721	20:15:44	60.24	6499	0	0
722	20:16:44	60.12	6499	0	0
723	20:17:45	60.13	6499	0	0
724	20:18:45	21.26	6501	0	0
Created by AtlRunQuery on: 2018-09-02 17:56:15.425166
