LHC beam energy and intensities during run 330074:
(Begin/end of run: Wed Jul 19 2017 03:50:13 − 06:27:11)

LB	   Start time
(CEST)	   Duration
(sec)	   Beam energy
(GeV)	   Intensity Beam-1
(1e11 protons)	   Intensity Beam-2
(1e11 protons)
1	03:50:13	60.12	450	2870	2900
2	03:51:13	60.11	450	2865	2897
3	03:52:14	58.25	449	2861	2895
4	03:53:12	17.57	450	2858	2893
5	03:53:29	60.18	450	2856	2891
6	03:54:30	28.83	456	2852	2889
7	03:54:58	20.51	479	2838	2876
8	03:55:19	60.36	506	2837	2874
9	03:56:19	60.12	632	2836	2873
10	03:57:19	50.87	825	2836	2873
11	03:58:10	60.09	1036	2835	2873
12	03:59:10	60.12	1353	2835	2873
13	04:00:10	60.11	1700	2834	2873
14	04:01:11	60.11	2054	2834	2873
15	04:02:11	60.13	2401	2835	2873
16	04:03:11	60.12	2748	2834	2873
17	04:04:11	60.12	3096	2834	2873
18	04:05:11	60.11	3443	2833	2873
19	04:06:11	60.13	3791	2833	2872
20	04:07:11	60.11	4138	2832	2872
21	04:08:11	60.12	4485	2831	2872
22	04:09:11	60.13	4833	2831	2872
23	04:10:12	60.10	5186	2831	2872
24	04:11:12	60.11	5534	2830	2872
25	04:12:12	60.12	5881	2829	2872
26	04:13:12	60.10	6228	2827	2872
27	04:14:12	22.31	6499	2825	2872
28	04:14:34	10.23	6499	2825	2872
29	04:14:45	60.38	6499	2825	2872
30	04:15:45	60.11	6499	2824	2871
31	04:16:45	60.12	6499	2824	2871
32	04:17:45	60.12	6499	2824	2871
33	04:18:45	60.12	6499	2823	2871
34	04:19:45	60.08	6499	2822	2871
35	04:20:45	60.08	6499	2820	2871
36	04:21:46	60.11	6499	2817	2871
37	04:22:46	60.11	6499	2814	2870
38	04:23:46	60.10	6499	2810	2870
39	04:24:46	60.10	6499	2807	2870
40	04:25:46	58.54	6499	2805	2869
41	04:26:45	60.42	6499	2804	2869
42	04:27:45	60.11	6499	2803	2869
43	04:28:45	60.11	6499	2802	2868
44	04:29:45	60.11	6499	2801	2867
45	04:30:45	60.12	6499	2799	2866
46	04:31:45	60.12	6499	2797	2864
47	04:32:46	60.12	6499	2795	2863
48	04:33:46	60.12	6499	2793	2861
49	04:34:46	60.10	6499	2791	2860
50	04:35:46	60.11	6499	2789	2859
51	04:36:46	60.12	6499	2787	2858
52	04:37:46	40.00	6499	2785	2857
53	04:38:26	60.51	6499	2784	2856
54	04:39:27	60.12	6499	2782	2854
55	04:40:27	60.10	6499	2780	2852
56	04:41:27	10.27	6499	2779	2852
57	04:41:37	60.37	6499	2778	2851
58	04:42:37	43.23	6499	2776	2849
59	04:43:21	60.21	6499	2775	2848
60	04:44:21	60.11	6499	2773	2847
61	04:45:21	60.11	6499	2772	2845
62	04:46:21	60.12	6499	2770	2844
63	04:47:21	60.10	6499	2768	2842
64	04:48:21	60.10	6499	2767	2840
65	04:49:21	60.12	6499	2765	2839
66	04:50:22	60.12	6499	2764	2838
67	04:51:22	60.11	6499	2762	2836
68	04:52:22	60.12	6499	2761	2835
69	04:53:22	60.12	6499	2759	2833
70	04:54:22	60.11	6499	2757	2832
71	04:55:22	60.12	6499	2756	2830
72	04:56:22	60.13	6499	2754	2829
73	04:57:22	60.12	6499	2752	2827
74	04:58:23	60.12	6499	2751	2826
75	04:59:23	60.10	6499	2749	2825
76	05:00:23	60.12	6499	2748	2823
77	05:01:23	60.09	6499	2746	2822
78	05:02:23	60.10	6499	2745	2820
79	05:03:23	60.11	6499	2743	2819
80	05:04:23	60.11	6499	2742	2818
81	05:05:23	60.12	6499	2740	2816
82	05:06:23	60.12	6499	2738	2815
83	05:07:23	60.10	6499	2737	2813
84	05:08:24	60.10	6499	2735	2812
85	05:09:24	60.11	6499	2734	2811
86	05:10:24	60.10	6499	2732	2809
87	05:11:24	26.60	6499	2731	2808
88	05:11:51	60.29	6499	2730	2807
89	05:12:51	60.11	6499	2728	2806
90	05:13:51	60.10	6499	2727	2804
91	05:14:51	60.12	6499	2725	2803
92	05:15:51	60.11	6499	2724	2801
93	05:16:51	60.11	6499	2722	2800
94	05:17:51	60.12	6499	2721	2799
95	05:18:51	60.10	6499	2719	2797
96	05:19:52	60.08	6499	2718	2796
97	05:20:52	60.08	6499	2716	2794
98	05:21:52	35.53	6499	2715	2793
99	05:22:27	35.22	6499	2714	2793
100	05:23:02	60.50	6499	2713	2791
101	05:24:03	60.54	6499	2711	2790
102	05:25:04	60.52	6499	2710	2789
103	05:26:04	60.54	6499	2708	2787
104	05:27:05	60.59	6499	2707	2786
105	05:28:05	60.59	6499	2705	2785
106	05:29:06	60.44	6499	2704	2783
107	05:30:06	60.16	6499	2703	2782
108	05:31:06	60.47	6499	2701	2780
109	05:32:07	60.12	6499	2700	2779
110	05:33:07	60.12	6499	2698	2778
111	05:34:07	60.11	6499	2697	2776
112	05:35:07	60.12	6499	2695	2775
113	05:36:07	60.11	6499	2694	2774
114	05:37:07	22.62	6499	2693	2773
115	05:37:30	60.28	6499	2692	2772
116	05:38:30	60.12	6499	2691	2771
117	05:39:30	60.11	6499	2689	2769
118	05:40:31	60.12	6499	2688	2768
119	05:41:31	60.11	6499	2686	2767
120	05:42:31	60.12	6499	2685	2765
121	05:43:31	60.12	6499	2684	2764
122	05:44:31	60.11	6499	2682	2763
123	05:45:31	60.12	6499	2681	2762
124	05:46:31	60.11	6499	2679	2760
125	05:47:31	60.11	6499	2678	2759
126	05:48:31	60.12	6499	2677	2758
127	05:49:32	60.10	6499	2675	2756
128	05:50:32	60.11	6499	2674	2755
129	05:51:32	60.11	6499	2673	2754
130	05:52:32	60.11	6499	2671	2753
131	05:53:32	60.12	6499	2670	2751
132	05:54:32	60.13	6499	2668	2750
133	05:55:32	60.11	6499	2667	2749
134	05:56:32	60.10	6499	2666	2747
135	05:57:32	60.11	6499	2664	2746
136	05:58:33	60.11	6499	2663	2745
137	05:59:33	60.12	6499	2662	2744
138	06:00:33	60.11	6499	2660	2742
139	06:01:33	56.17	6499	2659	2741
140	06:02:29	60.53	6499	2657	2740
141	06:03:30	60.10	6499	2656	2739
142	06:04:30	60.11	6499	2655	2737
143	06:05:30	60.12	6499	2653	2736
144	06:06:30	60.12	6499	2652	2735
145	06:07:30	60.11	6499	2651	2734
146	06:08:30	60.12	6499	2649	2732
147	06:09:30	60.12	6499	2648	2731
148	06:10:30	60.12	6499	2647	2730
149	06:11:31	60.11	6499	2645	2729
150	06:12:31	60.11	6499	2644	2727
151	06:13:31	60.11	6499	2642	2726
152	06:14:31	60.12	6499	2641	2725
153	06:15:31	59.20	6499	2640	2724
154	06:16:30	60.26	6499	2638	2722
155	06:17:30	52.73	6499	2637	2721
156	06:18:23	60.47	6499	0	0
157	06:19:24	60.12	6499	0	0
158	06:20:24	60.04	6499	0	0
159	06:21:24	60.12	6501	0	0
160	06:22:24	60.11	6501	0	0
161	06:23:24	60.12	6501	0	0
162	06:24:24	60.13	6501	0	0
163	06:25:24	60.13	6501	0	0
164	06:26:24	46.18	6441	0	0
Created by AtlRunQuery on: 2018-09-02 18:00:10.074351
