LHC beam energy and intensities during run 330160:
(Begin/end of run: Thu Jul 20 2017 00:42:45 − 02:50:26)

LB	   Start time
(CEST)	   Duration
(sec)	   Beam energy
(GeV)	   Intensity Beam-1
(1e11 protons)	   Intensity Beam-2
(1e11 protons)
1	00:42:45	60.12	450	951.3	1125
2	00:43:45	60.12	450	987.1	1125
3	00:44:45	60.12	450	1219	1124
4	00:45:45	10.27	450	1301	1143
5	00:45:56	14.44	450	1301	1302
6	00:46:10	60.19	450	1403	1301
7	00:47:10	60.11	450	1501	1300
8	00:48:10	60.11	450	1590	1397
9	00:49:10	60.12	450	1738	1499
10	00:50:11	60.11	450	1849	1594
11	00:51:11	60.11	450	1962	1740
12	00:52:11	60.13	450	2110	1851
13	00:53:11	60.11	450	2108	1962
14	00:54:11	60.12	450	2184	2118
15	00:55:11	60.11	449	2288	2251
16	00:56:11	60.12	449	2394	2338
17	00:57:11	60.11	450	2521	2416
18	00:58:12	60.12	450	2568	2584
19	00:59:12	60.10	450	2566	2582
20	01:00:12	60.11	450	2738	2640
21	01:01:12	60.11	449	2736	2757
22	01:02:12	60.12	450	2785	2927
23	01:03:12	60.11	449	2906	3038
24	01:04:12	60.12	450	3069	3102
25	01:05:12	60.12	450	3076	3100
26	01:06:12	60.11	450	3073	3098
27	01:07:13	60.11	450	3069	3094
28	01:08:13	60.11	449	3065	3090
29	01:09:13	60.11	449	3060	3086
30	01:10:13	44.34	450	3057	3083
31	01:10:57	11.65	477	3041	3068
32	01:11:09	60.46	491	3040	3067
33	01:12:09	60.13	605	3039	3065
34	01:13:09	59.26	787	3038	3065
35	01:14:09	60.21	1029	3038	3065
36	01:15:09	60.11	1344	3037	3065
37	01:16:09	60.11	1691	3037	3065
38	01:17:09	60.12	2038	3037	3065
39	01:18:09	60.11	2386	3037	3065
40	01:19:09	60.11	2733	3037	3065
41	01:20:10	60.29	3087	3036	3065
42	01:21:10	60.10	3434	3036	3065
43	01:22:10	60.12	3781	3035	3064
44	01:23:10	60.11	4129	3034	3064
45	01:24:10	60.12	4476	3034	3064
46	01:25:10	60.13	4824	3033	3064
47	01:26:10	60.12	5171	3033	3064
48	01:27:10	60.11	5518	3032	3064
49	01:28:11	60.12	5872	3030	3063
50	01:29:11	60.13	6219	3028	3062
51	01:30:11	19.53	6499	3026	3062
52	01:30:30	13.55	6499	3026	3062
53	01:30:44	60.34	6499	3026	3062
54	01:31:44	60.11	6499	3026	3062
55	01:32:44	60.10	6499	3025	3061
56	01:33:44	60.11	6499	3025	3062
57	01:34:45	60.11	6499	3025	3061
58	01:35:45	60.12	6499	3024	3061
59	01:36:45	60.11	6499	3023	3061
60	01:37:45	60.12	6499	3022	3061
61	01:38:45	60.13	6499	3019	3060
62	01:39:45	60.12	6499	3015	3060
63	01:40:45	60.10	6499	3012	3060
64	01:41:45	60.10	6499	3009	3059
65	01:42:46	59.40	6499	3007	3057
66	01:43:45	60.33	6499	3006	3057
67	01:44:45	60.12	6499	3006	3057
68	01:45:45	60.11	6499	3005	3057
69	01:46:45	60.12	6499	3002	3056
70	01:47:46	60.11	6499	2999	3054
71	01:48:46	60.12	6499	2997	3052
72	01:49:46	60.11	6499	2994	3050
73	01:50:46	60.10	6499	2992	3049
74	01:51:46	60.11	6499	2990	3047
75	01:52:46	60.11	6499	2988	3045
76	01:53:46	60.11	6499	2986	3043
77	01:54:46	60.11	6499	2984	3041
78	01:55:46	60.11	6499	2982	3039
79	01:56:47	23.16	6499	2980	3038
80	01:57:10	16.93	6499	2980	3037
81	01:57:27	60.36	6499	2979	3036
82	01:58:27	60.13	6499	2977	3035
83	01:59:27	60.11	6499	2975	3033
84	02:00:27	60.11	6499	2973	3032
85	02:01:27	60.11	6499	2971	3030
86	02:02:27	39.78	6499	2970	3028
87	02:03:07	60.41	6499	2968	3027
88	02:04:08	60.12	6499	2966	3025
89	02:05:08	60.11	6499	2964	3023
90	02:06:08	60.11	6499	2962	3021
91	02:07:08	60.12	6499	2960	3019
92	02:08:08	60.12	6499	2958	3018
93	02:09:08	60.11	6499	2956	3016
94	02:10:08	60.12	6499	2954	3014
95	02:11:08	60.12	6499	2953	3012
96	02:12:09	60.12	6499	2951	3011
97	02:13:09	49.10	6499	2949	3009
98	02:13:58	60.11	6499	2947	3007
99	02:14:58	10.27	6499	2946	3006
100	02:15:08	60.11	6499	2945	3005
101	02:16:08	60.10	6499	2943	3004
102	02:17:08	60.11	6499	2941	3002
103	02:18:09	60.13	6499	2939	3000
104	02:19:09	60.11	6499	2938	2999
105	02:20:09	60.07	6499	2936	2997
106	02:21:09	60.10	6499	2934	2995
107	02:22:09	60.11	6499	2932	2994
108	02:23:09	60.13	6499	2931	2992
109	02:24:09	60.12	6499	2929	2990
110	02:25:09	60.12	6499	2927	2989
111	02:26:09	23.50	6499	2926	2988
112	02:26:33	60.41	6499	2925	2987
113	02:27:33	60.11	6499	2923	2985
114	02:28:33	60.11	6499	2921	2983
115	02:29:34	60.12	6499	2919	2982
116	02:30:34	60.11	6499	2918	2980
117	02:31:34	60.11	6499	2916	2978
118	02:32:34	60.12	6499	2915	2977
119	02:33:34	60.12	6499	2913	2975
120	02:34:34	60.12	6499	2911	2974
121	02:35:34	27.86	6499	2910	2973
122	02:36:02	54.77	6499	2909	2972
123	02:36:57	60.13	6499	2908	2970
124	02:37:57	60.12	6499	2906	2968
125	02:38:57	60.12	6499	2905	2967
126	02:39:57	44.94	6499	2903	2965
127	02:40:42	60.50	6499	23.59	24.13
128	02:41:43	60.11	6499	0	0
129	02:42:43	28.56	6499	0	0
130	02:43:11	60.10	6499	0	0
131	02:44:11	60.11	6499	0	0
132	02:45:12	60.11	6499	0	0
133	02:46:12	60.12	6499	0	0
134	02:47:12	60.12	6499	0	0
135	02:48:12	60.12	6499	0	0
136	02:49:12	60.13	6499	0	0
137	02:50:12	13.53	6499	0	0
Created by AtlRunQuery on: 2018-09-02 18:03:18.391294
