LHC beam energy and intensities during run 331085:
(Begin/end of run: Sat Jul 29 2017 20:34:05 − Sun Jul 30, 15:52:25)

LB	   Start time
(CEST)	   Duration
(sec)	   Beam energy
(GeV)	   Intensity Beam-1
(1e11 protons)	   Intensity Beam-2
(1e11 protons)
1	20:34:05	60.11	450	0	0
2	20:35:05	60.11	450	0	0
3	20:36:05	37.25	450	0	0
4	20:36:42	20.89	450	0	0
5	20:37:03	10.24	450	0	0
6	20:37:13	60.11	450	0	0
7	20:38:13	60.12	450	0	0
8	20:39:13	60.10	450	0.06068	0
9	20:40:14	60.11	449	0.0978	0.0931
10	20:41:14	60.12	450	0.0977	0.09922
11	20:42:14	60.10	450	0.09635	0.09789
12	20:43:14	60.10	450	0.09474	0.09638
13	20:44:14	60.11	450	0.09363	0.09539
14	20:45:14	60.11	450	5.123	0.09467
15	20:46:14	60.13	450	15.32	9.826
16	20:47:14	60.11	450	15.3	15.03
17	20:48:14	60.11	450	15.29	23.89
18	20:49:15	60.10	450	15.27	29.37
19	20:50:15	60.11	450	15.26	29.27
20	20:51:15	60.12	450	15.24	32.44
21	20:52:15	60.12	450	15.23	43.73
22	20:53:15	60.10	449	15.21	43.7
23	20:54:15	60.12	450	15.2	43.67
24	20:55:15	60.11	449	15.19	43.64
25	20:56:15	60.12	450	15.18	43.61
26	20:57:15	60.11	450	15.17	43.58
27	20:58:16	60.11	450	15.16	50.08
28	20:59:16	60.11	449	15.15	58.5
29	21:00:16	60.11	450	15.14	64.4
30	21:01:16	60.11	450	15.13	73.81
31	21:02:16	60.13	450	15.12	87.99
32	21:03:16	60.11	450	15.11	87.98
33	21:04:16	60.13	450	15.1	254.2
34	21:05:16	60.09	450	124.6	254.9
35	21:06:16	60.10	450	183.2	254.7
36	21:07:17	60.13	450	183	254.6
37	21:08:17	60.11	450	103.1	226.5
38	21:09:17	60.12	450	0	0
39	21:10:17	60.11	450	0	0
40	21:11:17	60.12	450	0.07537	0
41	21:12:17	60.12	450	0.1029	0.1036
42	21:13:17	60.12	450	0.1016	0.1017
43	21:14:17	60.12	450	12.39	2.272
44	21:15:18	60.12	450	68.08	15.03
45	21:16:18	60.13	450	146.1	102.9
46	21:17:18	60.11	450	294.9	198.3
47	21:18:18	60.11	450	421.9	306.8
48	21:19:18	60.12	450	528.8	460.2
49	21:20:18	60.04	450	632.4	581
50	21:21:18	60.12	450	739.5	668.6
51	21:22:18	60.13	450	854.4	740
52	21:23:18	60.11	450	961.5	909.5
53	21:24:19	60.11	450	1074	1016
54	21:25:19	60.11	450	1235	1121
55	21:26:19	60.11	450	1341	1239
56	21:27:19	60.12	450	97.79	86.19
57	21:28:19	60.11	449	0	0
58	21:29:19	60.12	450	0	0
59	21:30:19	60.12	450	0	0
60	21:31:19	60.12	450	0	0
61	21:32:19	60.13	450	0	0
62	21:33:20	60.12	450	0	0
63	21:34:20	60.10	450	0	0
64	21:35:20	60.11	450	0	0
65	21:36:20	60.12	450	0	0
66	21:37:20	60.11	450	0	0
67	21:38:20	60.12	450	0	0
68	21:39:20	60.12	450	0	0
69	21:40:20	60.12	450	0	0
70	21:41:20	60.11	449	0	0
71	21:42:21	60.11	450	0	0
72	21:43:21	60.10	450	0	0
73	21:44:21	60.12	450	0	0
74	21:45:21	60.12	450	0	0
75	21:46:21	60.11	450	0	0
76	21:47:21	60.12	450	0	0
77	21:48:21	60.11	450	0	0
78	21:49:21	60.11	450	0	0
79	21:50:22	60.13	450	0	0
80	21:51:22	60.11	450	0	0
81	21:52:22	60.11	450	0	0
82	21:53:22	60.11	450	0	0
83	21:54:22	60.12	450	0	0
84	21:55:22	60.12	450	0	0
85	21:56:22	60.13	450	0	0
86	21:57:22	60.13	449	0	0
87	21:58:22	60.11	450	0	0
88	21:59:23	60.13	450	0	0
89	22:00:23	60.11	450	0	0
90	22:01:23	60.11	450	0	0
91	22:02:23	60.11	450	0	0
92	22:03:23	60.11	450	0	0
93	22:04:23	60.12	450	0	0
94	22:05:23	60.11	450	0	0
95	22:06:23	60.11	450	0	0
96	22:07:23	60.13	450	0	0
97	22:08:24	60.13	450	0	0
98	22:09:24	60.12	450	0.1093	0.0356
99	22:10:24	60.11	449	0.1092	0.1018
100	22:11:24	60.11	450	0.1091	0.1017
101	22:12:24	60.12	450	0.1082	0.1005
102	22:13:24	60.11	450	1.63	0.09866
103	22:14:24	60.12	450	15.24	6.281
104	22:15:24	60.12	450	15.23	14.61
105	22:16:25	60.12	450	58.41	14.6
106	22:17:25	60.12	450	133.4	94.61
107	22:18:25	60.12	449	294.9	186.8
108	22:19:25	60.11	450	408.5	295.5
109	22:20:25	60.04	450	515	458.6
110	22:21:25	60.12	450	628.8	566.2
111	22:22:25	60.26	450	735.7	627.1
112	22:23:25	60.10	450	841.3	626.7
113	22:24:26	60.12	450	947.8	727.9
114	22:25:26	60.12	450	1074	736.8
115	22:26:26	60.11	450	1073	736.3
116	22:27:26	60.10	450	1071	735.8
117	22:28:26	60.13	450	1070	735.3
118	22:29:26	60.11	450	1069	734.6
119	22:30:26	60.12	450	1067	755.7
120	22:31:26	60.12	449	1065	901.9
121	22:32:26	60.11	450	1081	1032
122	22:33:27	60.12	449	1231	1068
123	22:34:27	60.10	450	1354	1076
124	22:35:27	60.13	449	1438	1233
125	22:36:27	60.12	450	1510	1350
126	22:37:27	60.11	450	1671	1437
127	22:38:27	60.12	450	1780	1509
128	22:39:27	60.12	449	1885	1674
129	22:40:27	60.11	449	2000	1675
130	22:41:28	60.11	450	2157	1719
131	22:42:28	60.12	450	2229	1839
132	22:43:28	60.12	450	2311	1837
133	22:44:28	60.12	449	2435	1835
134	22:45:28	60.11	450	2432	1833
135	22:46:28	60.12	450	2428	1831
136	22:47:28	60.13	450	2452	1971
137	22:48:28	60.11	450	2590	1994
138	22:49:28	60.11	450	2722	1992
139	22:50:29	60.11	450	2750	1990
140	22:51:29	60.12	450	2762	2118
141	22:52:29	60.11	450	2912	2200
142	22:53:29	60.12	450	2908	2386
143	22:54:29	60.13	450	2904	2489
144	22:55:29	60.11	450	2899	2593
145	22:56:29	60.12	450	2895	2753
146	22:57:29	60.11	450	2891	2861
147	22:58:29	60.12	450	2886	2913
148	22:59:30	60.11	450	2880	2906
149	23:00:30	60.12	450	2874	2902
150	23:01:30	60.11	450	2868	2897
151	23:02:30	60.12	457	2864	2894
152	23:03:30	60.11	525	2863	2892
153	23:04:30	60.10	665	2862	2892
154	23:05:30	26.90	869	2861	2892
155	23:05:57	10.69	980	2846	2878
156	23:06:08	17.49	1029	2846	2878
157	23:06:25	60.39	1110	2846	2878
158	23:07:26	60.11	1449	2846	2878
159	23:08:26	60.12	1796	2845	2878
160	23:09:26	60.12	2144	2845	2878
161	23:10:26	60.13	2491	2845	2877
162	23:11:26	60.12	2838	2845	2877
163	23:12:26	60.11	3186	2844	2877
164	23:13:26	60.11	3533	2843	2877
165	23:14:27	60.10	3886	2842	2877
166	23:15:27	60.12	4234	2841	2877
167	23:16:27	60.11	4581	2841	2877
168	23:17:27	60.10	4929	2840	2877
169	23:18:27	60.11	5276	2840	2877
170	23:19:27	60.10	5624	2838	2877
171	23:20:27	60.04	5971	2837	2877
172	23:21:27	60.11	6318	2833	2876
173	23:22:27	10.27	6499	2832	2876
174	23:22:38	60.37	6499	2831	2876
175	23:23:38	60.11	6499	2831	2876
176	23:24:38	60.11	6499	2831	2876
177	23:25:38	60.13	6499	2831	2876
178	23:26:38	60.12	6499	2830	2875
179	23:27:38	60.13	6499	2829	2875
180	23:28:39	60.12	6499	2828	2875
181	23:29:39	60.11	6499	2824	2875
182	23:30:39	60.11	6499	2822	2875
183	23:31:39	60.11	6499	2821	2874
184	23:32:39	60.10	6499	2820	2873
185	23:33:39	60.11	6499	2818	2873
186	23:34:39	26.32	6499	2817	2872
187	23:35:06	60.32	6499	2816	2872
188	23:36:06	60.12	6499	2815	2872
189	23:37:06	60.11	6499	2811	2871
190	23:38:06	60.10	6499	2809	2869
191	23:39:06	60.12	6499	2806	2868
192	23:40:06	60.12	6499	2804	2866
193	23:41:06	60.12	6499	2801	2865
194	23:42:07	60.11	6499	2799	2863
195	23:43:07	60.11	6499	2797	2862
196	23:44:07	32.27	6499	2796	2861
197	23:44:39	25.59	6499	2795	2860
198	23:45:05	60.13	6499	2793	2859
199	23:46:05	11.14	6499	2792	2859
200	23:46:16	60.23	6499	2791	2858
201	23:47:16	60.11	6499	2789	2856
202	23:48:16	60.12	6499	2787	2854
203	23:49:16	60.11	6499	2785	2852
204	23:50:16	57.36	6499	2783	2851
205	23:51:14	60.37	6499	2781	2849
206	23:52:14	60.11	6499	2779	2848
207	23:53:14	60.12	6499	2777	2846
208	23:54:14	60.12	6499	2775	2844
209	23:55:15	60.68	6499	2773	2843
210	23:56:15	56.90	6499	2771	2841
211	23:57:12	60.14	6499	2770	2840
212	23:58:12	10.26	6499	2768	2839
213	23:58:23	60.39	6499	2767	2838
214	23:59:23	60.11	6499	2765	2836
215	00:00:23	60.12	6499	2763	2835
216	00:01:23	60.09	6499	2762	2833
217	00:02:23	60.11	6499	2760	2831
218	00:03:23	60.11	6499	2757	2830
219	00:04:23	10.27	6499	2756	2829
220	00:04:34	10.27	6499	2756	2829
221	00:04:44	54.05	6499	2755	2828
222	00:05:38	60.18	6499	2753	2827
223	00:06:38	10.27	6499	2752	2826
224	00:06:48	60.11	6499	2751	2825
225	00:07:49	60.11	6499	2749	2823
226	00:08:49	60.11	6499	2747	2822
227	00:09:49	60.11	6499	2746	2820
228	00:10:49	29.08	6499	2744	2819
229	00:11:18	60.35	6499	2743	2818
230	00:12:18	60.12	6499	2741	2817
231	00:13:18	60.11	6499	2739	2815
232	00:14:19	60.12	6499	2738	2814
233	00:15:19	60.11	6499	2736	2812
234	00:16:19	10.27	6499	2735	2812
235	00:16:29	60.12	6499	2734	2811
236	00:17:29	60.13	6499	2732	2809
237	00:18:29	60.11	6499	2731	2808
238	00:19:29	60.10	6499	2729	2806
239	00:20:30	60.19	6499	2728	2805
240	00:21:30	60.29	6499	2726	2804
241	00:22:30	38.57	6499	2725	2803
242	00:23:09	60.43	6499	2724	2801
243	00:24:09	60.11	6499	2722	2800
244	00:25:09	60.12	6499	2720	2798
245	00:26:09	60.12	6499	2719	2797
246	00:27:09	60.12	6499	2717	2796
247	00:28:10	60.12	6499	2716	2794
248	00:29:10	60.12	6499	2714	2793
249	00:30:10	60.11	6499	2713	2792
250	00:31:10	60.12	6499	2711	2790
251	00:32:10	20.31	6499	2710	2789
252	00:32:30	60.07	6499	2709	2788
253	00:33:30	10.27	6499	2708	2788
254	00:33:41	60.11	6499	2708	2787
255	00:34:41	60.11	6499	2706	2785
256	00:35:41	60.12	6499	2705	2784
257	00:36:41	60.13	6499	2703	2783
258	00:37:41	60.12	6499	2702	2781
259	00:38:41	60.11	6499	2700	2780
260	00:39:41	60.12	6499	2699	2779
261	00:40:41	60.12	6499	2697	2777
262	00:41:42	60.12	6499	2696	2776
263	00:42:42	60.11	6499	2694	2774
264	00:43:42	60.10	6499	2693	2773
265	00:44:42	10.58	6499	2692	2772
266	00:44:52	60.29	6499	2691	2772
267	00:45:53	60.12	6499	2690	2770
268	00:46:53	60.11	6499	2688	2769
269	00:47:53	60.12	6499	2687	2768
270	00:48:53	60.10	6499	2685	2766
271	00:49:53	60.12	6499	2684	2765
272	00:50:53	60.11	6499	2683	2764
273	00:51:53	60.11	6499	2681	2762
274	00:52:54	60.11	6499	2680	2761
275	00:53:54	60.12	6499	2678	2760
276	00:54:54	10.26	6499	2677	2759
277	00:55:04	60.13	6499	2677	2758
278	00:56:04	10.27	6499	2676	2757
279	00:56:14	60.11	6499	2675	2757
280	00:57:15	60.11	6499	2674	2755
281	00:58:15	60.12	6499	2672	2754
282	00:59:15	60.12	6499	2671	2753
283	01:00:15	60.11	6499	2669	2751
284	01:01:15	60.11	6499	2668	2750
285	01:02:15	47.53	6499	2667	2749
286	01:03:03	60.17	6499	2665	2748
287	01:04:03	60.12	6499	2664	2746
288	01:05:03	60.12	6499	2663	2745
289	01:06:03	60.12	6499	2661	2744
290	01:07:03	10.27	6499	2660	2743
291	01:07:13	60.39	6499	2660	2742
292	01:08:14	60.12	6499	2658	2741
293	01:09:14	60.12	6499	2657	2740
294	01:10:14	60.10	6499	2656	2739
295	01:11:14	60.13	6499	2654	2737
296	01:12:14	60.11	6499	2653	2736
297	01:13:14	60.11	6499	2651	2735
298	01:14:15	60.12	6499	2650	2733
299	01:15:15	60.11	6499	2649	2732
300	01:16:15	60.11	6499	2647	2731
301	01:17:15	60.11	6499	2646	2730
302	01:18:15	60.10	6499	2644	2728
303	01:19:15	60.12	6499	2643	2727
304	01:20:15	60.04	6499	2641	2726
305	01:21:15	60.10	6499	2640	2725
306	01:22:15	60.11	6499	2638	2723
307	01:23:15	60.11	6499	2637	2722
308	01:24:16	60.11	6499	2636	2721
309	01:25:16	42.00	6499	2634	2720
310	01:25:58	60.49	6499	2633	2719
311	01:26:58	60.11	6499	2632	2718
312	01:27:58	60.12	6499	2630	2716
313	01:28:58	60.11	6499	2629	2715
314	01:29:58	60.11	6499	2627	2714
315	01:30:59	60.11	6499	2626	2713
316	01:31:59	60.12	6499	2625	2711
317	01:32:59	60.11	6499	2624	2710
318	01:33:59	60.11	6499	2622	2709
319	01:34:59	60.11	6499	2621	2708
320	01:35:59	60.12	6499	2620	2706
321	01:36:59	60.11	6499	2618	2705
322	01:37:59	60.10	6499	2616	2704
323	01:38:59	60.12	6499	2614	2703
324	01:40:00	60.11	6499	2613	2701
325	01:41:00	60.11	6499	2611	2700
326	01:42:00	60.11	6499	2609	2699
327	01:43:00	60.10	6499	2608	2698
328	01:44:00	41.12	6499	2606	2697
329	01:44:41	60.05	6499	2605	2695
330	01:45:41	60.12	6499	2603	2694
331	01:46:41	60.13	6499	2602	2693
332	01:47:41	60.12	6499	2600	2691
333	01:48:42	60.11	6499	2599	2690
334	01:49:42	42.55	6499	2598	2689
335	01:50:24	60.39	6499	2596	2688
336	01:51:25	60.10	6499	2595	2687
337	01:52:25	60.12	6499	2593	2685
338	01:53:25	60.11	6499	2592	2684
339	01:54:25	60.12	6499	2590	2683
340	01:55:25	60.10	6499	2589	2682
341	01:56:25	60.12	6499	2587	2680
342	01:57:25	60.11	6499	2586	2679
343	01:58:25	60.11	6499	2584	2678
344	01:59:26	11.80	6499	2584	2677
345	01:59:37	60.08	6499	2583	2676
346	02:00:37	10.26	6499	2582	2675
347	02:00:48	60.10	6499	2581	2675
348	02:01:48	60.11	6499	2579	2673
349	02:02:48	60.13	6499	2578	2672
350	02:03:48	60.10	6499	2576	2671
351	02:04:48	60.12	6499	2575	2670
352	02:05:48	60.11	6499	2574	2668
353	02:06:48	60.10	6499	2572	2667
354	02:07:48	60.11	6499	2571	2666
355	02:08:49	60.13	6499	2569	2664
356	02:09:49	60.12	6499	2568	2663
357	02:10:49	60.13	6499	2566	2662
358	02:11:49	60.12	6499	2565	2661
359	02:12:49	60.10	6499	2563	2659
360	02:13:49	60.12	6499	2562	2658
361	02:14:49	60.12	6499	2561	2657
362	02:15:49	60.11	6499	2559	2656
363	02:16:50	60.12	6499	2558	2654
364	02:17:50	60.11	6499	2556	2653
365	02:18:50	60.12	6499	2555	2652
366	02:19:50	60.08	6499	2554	2651
367	02:20:50	60.08	6499	2552	2649
368	02:21:50	60.11	6499	2551	2648
369	02:22:50	60.12	6499	2550	2647
370	02:23:50	60.12	6499	2548	2646
371	02:24:50	60.13	6499	2547	2644
372	02:25:50	60.11	6499	2546	2643
373	02:26:51	29.65	6499	2545	2642
374	02:27:20	60.25	6499	2543	2641
375	02:28:21	60.11	6499	2542	2640
376	02:29:21	60.11	6499	2541	2639
377	02:30:21	57.29	6499	2539	2638
378	02:31:18	60.19	6499	2538	2636
379	02:32:18	10.27	6499	2537	2636
380	02:32:28	60.12	6499	2536	2635
381	02:33:29	37.40	6499	2535	2634
382	02:34:06	60.27	6499	2534	2633
383	02:35:06	10.27	6499	2533	2632
384	02:35:17	60.11	6499	2533	2632
385	02:36:17	49.31	6499	2532	2630
386	02:37:06	60.15	6499	2530	2629
387	02:38:06	10.26	6499	2529	2629
388	02:38:16	60.12	6499	2529	2628
389	02:39:16	60.11	6499	2527	2627
390	02:40:17	60.12	6499	2526	2625
391	02:41:17	60.12	6499	2525	2624
392	02:42:17	60.11	6499	2523	2623
393	02:43:17	60.10	6499	2522	2622
394	02:44:17	60.12	6499	2521	2620
395	02:45:17	60.12	6499	2519	2619
396	02:46:17	34.25	6499	2518	2618
397	02:46:52	60.17	6499	2517	2617
398	02:47:52	10.26	6499	2516	2617
399	02:48:02	60.12	6499	2516	2616
400	02:49:02	60.12	6499	2514	2615
401	02:50:02	60.10	6499	2513	2613
402	02:51:02	60.11	6499	2512	2612
403	02:52:02	60.11	6499	2510	2611
404	02:53:03	60.11	6499	2509	2610
405	02:54:03	60.11	6499	2508	2609
406	02:55:03	60.11	6499	2506	2607
407	02:56:03	60.11	6499	2505	2606
408	02:57:03	60.11	6499	2503	2605
409	02:58:03	60.10	6499	2502	2604
410	02:59:03	60.11	6499	2501	2602
411	03:00:03	60.12	6499	2499	2601
412	03:01:03	60.10	6499	2498	2600
413	03:02:04	60.11	6499	2497	2599
414	03:03:04	60.12	6499	2496	2598
415	03:04:04	39.36	6499	2495	2597
416	03:04:43	60.31	6499	2493	2596
417	03:05:43	60.11	6499	2492	2594
418	03:06:44	14.24	6499	2491	2594
419	03:06:58	60.15	6499	2491	2593
420	03:07:58	60.10	6499	2489	2592
421	03:08:58	60.11	6499	2488	2590
422	03:09:58	60.12	6499	2487	2589
423	03:10:58	60.12	6499	2485	2588
424	03:11:58	60.11	6499	2484	2587
425	03:12:59	60.11	6499	2483	2586
426	03:13:59	60.11	6499	2481	2584
427	03:14:59	60.12	6499	2480	2583
428	03:15:59	60.12	6499	2479	2582
429	03:16:59	60.11	6499	2477	2581
430	03:17:59	60.10	6499	2476	2579
431	03:18:59	60.12	6499	2475	2578
432	03:19:59	60.08	6499	2474	2577
433	03:20:59	60.10	6499	2472	2576
434	03:21:59	60.12	6499	2471	2575
435	03:23:00	60.11	6499	2470	2574
436	03:24:00	60.09	6499	2468	2572
437	03:25:00	60.11	6499	2467	2571
438	03:26:00	60.11	6499	2465	2570
439	03:27:00	60.11	6499	2464	2569
440	03:28:00	60.11	6499	2463	2568
441	03:29:00	60.12	6499	2462	2566
442	03:30:00	60.12	6499	2460	2565
443	03:31:00	60.11	6499	2459	2564
444	03:32:01	60.12	6499	2458	2563
445	03:33:01	60.10	6499	2456	2562
446	03:34:01	60.12	6499	2455	2561
447	03:35:01	60.11	6499	2454	2559
448	03:36:01	60.12	6499	2453	2558
449	03:37:01	60.11	6499	2451	2557
450	03:38:01	60.10	6499	2450	2556
451	03:39:01	60.11	6499	2449	2555
452	03:40:01	60.11	6499	2448	2553
453	03:41:02	56.27	6499	2446	2552
454	03:41:58	60.44	6499	2445	2551
455	03:42:58	12.23	6499	2444	2550
456	03:43:11	60.16	6499	2444	2550
457	03:44:11	44.59	6499	2443	2549
458	03:44:55	60.10	6499	2442	2547
459	03:45:55	60.12	6499	2440	2546
460	03:46:55	60.11	6499	2437	2545
461	03:47:56	60.11	6499	2435	2543
462	03:48:56	60.12	6499	2434	2542
463	03:49:56	60.12	6499	2432	2541
464	03:50:56	60.12	6499	2431	2540
465	03:51:56	60.12	6499	2429	2538
466	03:52:56	60.11	6499	2428	2537
467	03:53:56	60.11	6499	2426	2536
468	03:54:56	60.12	6499	2425	2534
469	03:55:57	60.12	6499	2423	2533
470	03:56:57	60.11	6499	2422	2532
471	03:57:57	60.11	6499	2421	2530
472	03:58:57	60.12	6499	2419	2529
473	03:59:57	60.11	6499	2418	2528
474	04:00:57	60.10	6499	2417	2527
475	04:01:57	60.12	6499	2416	2525
476	04:02:57	22.87	6499	2415	2525
477	04:03:20	22.57	6499	2415	2524
478	04:03:43	60.25	6499	2414	2523
479	04:04:43	60.11	6499	2413	2522
480	04:05:43	60.10	6499	2411	2521
481	04:06:43	60.12	6499	2410	2520
482	04:07:43	60.11	6499	2409	2518
483	04:08:43	60.11	6499	2408	2517
484	04:09:44	60.11	6499	2406	2516
485	04:10:44	60.11	6499	2405	2515
486	04:11:44	60.12	6499	2404	2514
487	04:12:44	22.35	6499	2403	2513
488	04:13:06	60.04	6499	2402	2512
489	04:14:06	32.56	6499	2401	2511
490	04:14:39	60.11	6499	2400	2510
491	04:15:39	60.12	6499	2399	2509
492	04:16:39	60.11	6499	2398	2507
493	04:17:39	60.12	6499	2396	2506
494	04:18:39	60.12	6499	2395	2505
495	04:19:39	60.10	6499	2394	2504
496	04:20:40	38.99	6499	2393	2503
497	04:21:19	60.14	6499	2392	2502
498	04:22:19	10.26	6499	2391	2501
499	04:22:29	60.11	6499	2390	2500
500	04:23:29	60.11	6499	2389	2499
501	04:24:29	60.11	6499	2388	2498
502	04:25:29	60.12	6499	2387	2497
503	04:26:29	60.12	6499	2385	2496
504	04:27:29	24.83	6499	2384	2495
505	04:27:54	60.06	6499	2383	2494
506	04:28:54	10.27	6499	2383	2493
507	04:29:05	60.10	6499	2382	2492
508	04:30:05	37.81	6499	2381	2492
509	04:30:43	60.14	6499	2380	2491
510	04:31:43	10.26	6499	2379	2490
511	04:31:53	60.12	6499	2378	2489
512	04:32:53	60.11	6499	2377	2488
513	04:33:53	60.12	6499	2376	2487
514	04:34:53	60.11	6499	2374	2486
515	04:35:53	60.13	6499	2373	2484
516	04:36:54	60.11	6499	2372	2483
517	04:37:54	60.10	6499	2370	2482
518	04:38:54	10.27	6499	2369	2481
519	04:39:04	60.38	6499	2369	2481
520	04:40:04	60.10	6499	2367	2479
521	04:41:05	60.12	6499	2366	2478
522	04:42:05	60.10	6499	2365	2477
523	04:43:05	60.11	6499	2363	2476
524	04:44:05	60.11	6499	2362	2475
525	04:45:05	60.10	6499	2361	2474
526	04:46:05	60.12	6499	2359	2472
527	04:47:05	60.12	6499	2358	2471
528	04:48:05	60.11	6499	2357	2470
529	04:49:05	60.10	6499	2355	2469
530	04:50:06	60.11	6499	2354	2468
531	04:51:06	60.13	6499	2353	2466
532	04:52:06	60.13	6499	2351	2465
533	04:53:06	60.11	6499	2350	2464
534	04:54:06	60.12	6499	2349	2463
535	04:55:06	60.13	6499	2348	2462
536	04:56:06	60.12	6499	2346	2461
537	04:57:06	60.12	6499	2345	2459
538	04:58:06	60.12	6499	2344	2458
539	04:59:07	60.11	6499	2343	2457
540	05:00:07	60.10	6499	2342	2456
541	05:01:07	60.11	6499	2340	2455
542	05:02:07	60.11	6499	2339	2454
543	05:03:07	60.11	6499	2338	2452
544	05:04:07	60.12	6499	2337	2451
545	05:05:07	60.12	6499	2335	2450
546	05:06:07	60.10	6499	2334	2449
547	05:07:07	60.10	6499	2333	2448
548	05:08:08	60.11	6499	2332	2447
549	05:09:08	60.10	6499	2331	2445
550	05:10:08	60.11	6499	2329	2444
551	05:11:08	60.12	6499	2328	2443
552	05:12:08	60.11	6499	2327	2442
553	05:13:08	60.12	6499	2326	2441
554	05:14:08	60.11	6499	2325	2440
555	05:15:08	60.12	6499	2323	2438
556	05:16:08	60.12	6499	2322	2437
557	05:17:09	60.11	6499	2321	2436
558	05:18:09	60.10	6499	2320	2435
559	05:19:09	10.27	6499	2319	2434
560	05:19:19	60.38	6499	2318	2434
561	05:20:19	60.04	6499	2317	2432
562	05:21:19	60.13	6499	2316	2431
563	05:22:20	60.11	6499	2315	2430
564	05:23:20	60.11	6499	2314	2429
565	05:24:20	60.11	6499	2313	2428
566	05:25:20	60.11	6499	2311	2427
567	05:26:20	60.12	6499	2310	2426
568	05:27:20	60.12	6499	2309	2424
569	05:28:20	60.12	6499	2308	2423
570	05:29:20	60.11	6499	2307	2422
571	05:30:21	60.12	6499	2306	2421
572	05:31:21	60.11	6499	2304	2420
573	05:32:21	60.11	6499	2303	2419
574	05:33:21	60.11	6499	2302	2418
575	05:34:21	60.13	6499	2301	2417
576	05:35:21	44.36	6499	2300	2416
577	05:36:05	60.08	6499	2299	2415
578	05:37:06	10.27	6499	2298	2414
579	05:37:16	60.11	6499	2297	2413
580	05:38:16	60.11	6499	2296	2412
581	05:39:16	60.11	6499	2295	2411
582	05:40:16	60.13	6499	2294	2410
583	05:41:16	60.11	6499	2293	2409
584	05:42:16	60.11	6499	2291	2407
585	05:43:16	60.12	6499	2290	2406
586	05:44:17	60.12	6499	2289	2405
587	05:45:17	60.12	6499	2288	2404
588	05:46:17	60.11	6499	2286	2403
589	05:47:17	60.11	6499	2285	2402
590	05:48:17	60.11	6499	2284	2401
591	05:49:17	60.11	6499	2283	2400
592	05:50:17	60.12	6499	2281	2399
593	05:51:17	60.12	6499	2280	2398
594	05:52:18	60.12	6499	2279	2396
595	05:53:18	10.27	6499	2278	2396
596	05:53:28	60.38	6499	2277	2395
597	05:54:28	60.11	6499	2276	2394
598	05:55:28	60.12	6499	2275	2392
599	05:56:29	60.12	6499	2274	2391
600	05:57:29	60.11	6499	2272	2390
601	05:58:29	60.11	6499	2271	2389
602	05:59:29	60.12	6499	2270	2388
603	06:00:29	60.12	6499	2269	2387
604	06:01:29	60.13	6499	2268	2386
605	06:02:29	60.11	6499	2266	2384
606	06:03:29	60.11	6499	2265	2383
607	06:04:29	60.10	6499	2264	2382
608	06:05:30	60.11	6499	2263	2381
609	06:06:30	60.11	6499	2262	2380
610	06:07:30	60.12	6499	2261	2379
611	06:08:30	60.10	6499	2259	2378
612	06:09:30	60.11	6499	2258	2377
613	06:10:30	60.12	6499	2257	2375
614	06:11:30	60.12	6499	2256	2374
615	06:12:30	60.11	6499	2255	2373
616	06:13:30	60.11	6499	2254	2372
617	06:14:31	60.10	6499	2253	2371
618	06:15:31	60.11	6499	2252	2370
619	06:16:31	60.11	6499	2251	2369
620	06:17:31	60.12	6499	2250	2368
621	06:18:31	60.13	6499	2248	2366
622	06:19:31	60.10	6499	2247	2365
623	06:20:31	60.05	6499	2246	2364
624	06:21:31	60.12	6499	2245	2363
625	06:22:31	60.10	6499	2244	2362
626	06:23:31	60.11	6499	2243	2361
627	06:24:32	60.12	6499	2242	2360
628	06:25:32	27.62	6499	2241	2359
629	06:25:59	60.27	6499	2240	2358
630	06:27:00	60.11	6499	2239	2357
631	06:28:00	60.11	6499	2238	2356
632	06:29:00	60.11	6499	2237	2355
633	06:30:00	60.11	6499	2236	2354
634	06:31:00	60.11	6499	2234	2353
635	06:32:00	60.12	6499	2233	2351
636	06:33:00	60.13	6499	2232	2350
637	06:34:00	60.11	6499	2231	2349
638	06:35:01	60.11	6499	2230	2348
639	06:36:01	60.12	6499	2229	2347
640	06:37:01	60.11	6499	2228	2346
641	06:38:01	60.12	6499	2227	2345
642	06:39:01	60.12	6499	2226	2344
643	06:40:01	60.11	6499	2224	2343
644	06:41:01	60.12	6499	2223	2341
645	06:42:01	60.11	6499	2222	2340
646	06:43:01	60.11	6499	2221	2339
647	06:44:02	60.11	6499	2220	2338
648	06:45:02	60.11	6499	2219	2337
649	06:46:02	60.12	6499	2218	2336
650	06:47:02	60.10	6499	2217	2335
651	06:48:02	60.12	6499	2215	2334
652	06:49:02	60.11	6499	2214	2333
653	06:50:02	60.11	6499	2213	2332
654	06:51:02	60.12	6499	2212	2331
655	06:52:02	60.11	6499	2211	2330
656	06:53:03	60.12	6499	2210	2328
657	06:54:03	60.11	6499	2209	2327
658	06:55:03	60.11	6499	2207	2326
659	06:56:03	60.11	6499	2206	2325
660	06:57:03	60.12	6499	2205	2324
661	06:58:03	60.11	6499	2204	2323
662	06:59:03	60.12	6499	2203	2322
663	07:00:03	60.12	6499	2202	2321
664	07:01:03	60.12	6499	2200	2320
665	07:02:04	60.11	6499	2199	2319
666	07:03:04	60.11	6499	2198	2318
667	07:04:04	60.12	6499	2197	2317
668	07:05:04	60.10	6499	2196	2316
669	07:06:04	60.11	6499	2195	2315
670	07:07:04	60.12	6499	2194	2314
671	07:08:04	60.11	6499	2193	2312
672	07:09:04	60.12	6499	2192	2311
673	07:10:04	53.08	6499	2190	2310
674	07:10:58	60.40	6499	2189	2309
675	07:11:58	60.11	6499	2188	2308
676	07:12:58	60.11	6499	2187	2307
677	07:13:58	60.12	6499	2186	2306
678	07:14:58	60.10	6499	2185	2305
679	07:15:58	60.11	6499	2184	2304
680	07:16:59	60.10	6499	2183	2303
681	07:17:59	60.10	6499	2182	2302
682	07:18:59	60.12	6499	2181	2301
683	07:19:59	60.07	6499	2180	2300
684	07:20:59	60.09	6499	2179	2299
685	07:21:59	60.11	6499	2178	2298
686	07:22:59	60.11	6499	2177	2297
687	07:23:59	60.11	6499	2176	2296
688	07:24:59	60.12	6499	2175	2295
689	07:25:59	60.11	6499	2174	2293
690	07:27:00	60.10	6499	2173	2292
691	07:28:00	60.12	6499	2172	2291
692	07:29:00	60.11	6499	2171	2290
693	07:30:00	60.11	6499	2169	2289
694	07:31:00	60.12	6499	2168	2288
695	07:32:00	60.12	6499	2167	2287
696	07:33:00	60.11	6499	2166	2286
697	07:34:00	60.10	6499	2165	2285
698	07:35:00	60.10	6499	2164	2284
699	07:36:01	60.12	6499	2163	2283
700	07:37:01	60.12	6499	2162	2282
701	07:38:01	60.12	6499	2161	2281
702	07:39:01	60.11	6499	2160	2280
703	07:40:01	60.10	6499	2159	2279
704	07:41:01	60.12	6499	2158	2278
705	07:42:01	60.12	6499	2157	2277
706	07:43:01	60.12	6499	2156	2276
707	07:44:01	60.12	6499	2155	2275
708	07:45:02	60.12	6499	2154	2274
709	07:46:02	60.11	6499	2153	2273
710	07:47:02	60.12	6499	2152	2272
711	07:48:02	60.11	6499	2150	2271
712	07:49:02	60.12	6499	2149	2269
713	07:50:02	60.12	6499	2148	2268
714	07:51:02	60.11	6499	2147	2267
715	07:52:02	60.12	6499	2145	2266
716	07:53:03	60.11	6499	2144	2264
717	07:54:03	60.11	6499	2143	2263
718	07:55:03	60.12	6499	2142	2262
719	07:56:03	60.13	6499	2140	2260
720	07:57:03	60.12	6499	2139	2259
721	07:58:03	60.12	6499	2138	2258
722	07:59:03	60.12	6499	2137	2257
723	08:00:03	60.11	6499	2136	2256
724	08:01:03	60.10	6499	2134	2255
725	08:02:04	60.11	6499	2133	2253
726	08:03:04	60.10	6499	2132	2252
727	08:04:04	60.12	6499	2131	2251
728	08:05:04	60.13	6499	2130	2250
729	08:06:04	60.11	6499	2129	2249
730	08:07:04	60.11	6499	2127	2248
731	08:08:04	60.11	6499	2126	2246
732	08:09:04	60.11	6499	2125	2245
733	08:10:04	60.11	6499	2124	2244
734	08:11:05	60.11	6499	2123	2243
735	08:12:05	60.11	6499	2121	2242
736	08:13:05	60.12	6499	2120	2241
737	08:14:05	60.10	6499	2119	2240
738	08:15:05	60.12	6499	2118	2239
739	08:16:05	60.11	6499	2117	2238
740	08:17:05	60.11	6499	2115	2237
741	08:18:05	60.11	6499	2114	2236
742	08:19:05	60.12	6499	2113	2235
743	08:20:06	60.07	6499	2112	2234
744	08:21:06	60.10	6499	2110	2233
745	08:22:06	60.11	6499	2109	2232
746	08:23:06	60.11	6499	2108	2231
747	08:24:06	60.11	6499	2107	2230
748	08:25:06	60.11	6499	2106	2228
749	08:26:06	60.11	6499	2105	2227
750	08:27:06	60.12	6499	2104	2226
751	08:28:06	60.10	6499	2103	2225
752	08:29:07	60.12	6499	2102	2224
753	08:30:07	60.11	6499	2100	2223
754	08:31:07	60.13	6499	2099	2222
755	08:32:07	60.11	6499	2098	2221
756	08:33:07	60.12	6499	2097	2220
757	08:34:07	60.11	6499	2096	2219
758	08:35:07	60.11	6499	2095	2218
759	08:36:07	12.69	6499	2094	2217
760	08:36:20	60.43	6499	2094	2217
761	08:37:20	60.11	6499	2093	2216
762	08:38:21	60.12	6499	2091	2214
763	08:39:21	60.11	6499	2090	2213
764	08:40:21	60.13	6499	2089	2212
765	08:41:21	60.12	6499	2088	2211
766	08:42:21	60.12	6499	2087	2210
767	08:43:21	60.12	6499	2086	2209
768	08:44:21	60.12	6499	2085	2208
769	08:45:21	60.12	6499	2084	2207
770	08:46:22	60.12	6499	2083	2206
771	08:47:22	60.11	6499	2082	2205
772	08:48:22	60.12	6499	2081	2204
773	08:49:22	60.12	6499	2080	2203
774	08:50:22	60.11	6499	2079	2202
775	08:51:22	60.11	6499	2078	2201
776	08:52:22	60.11	6499	2077	2200
777	08:53:22	60.11	6499	2075	2199
778	08:54:22	60.10	6499	2074	2198
779	08:55:23	60.10	6499	2073	2197
780	08:56:23	60.12	6499	2072	2196
781	08:57:23	60.12	6499	2071	2195
782	08:58:23	60.11	6499	2070	2194
783	08:59:23	60.12	6499	2069	2193
784	09:00:23	60.11	6499	2067	2192
785	09:01:23	60.12	6499	2066	2191
786	09:02:23	60.12	6499	2065	2190
787	09:03:23	60.11	6499	2064	2189
788	09:04:24	60.11	6499	2063	2188
789	09:05:24	60.12	6499	2062	2187
790	09:06:24	60.11	6499	2061	2186
791	09:07:24	60.12	6499	2059	2184
792	09:08:24	60.11	6499	2058	2184
793	09:09:24	60.11	6499	2057	2183
794	09:10:24	60.11	6499	2056	2182
795	09:11:24	60.11	6499	2055	2181
796	09:12:24	60.11	6499	2054	2180
797	09:13:25	60.11	6499	2053	2179
798	09:14:25	60.11	6499	2052	2178
799	09:15:25	60.13	6499	2051	2177
800	09:16:25	60.12	6499	2049	2176
801	09:17:25	60.12	6499	2048	2175
802	09:18:25	60.11	6499	2047	2173
803	09:19:25	60.11	6499	2046	2172
804	09:20:25	60.04	6499	2045	2171
805	09:21:25	60.11	6499	2044	2170
806	09:22:26	60.11	6499	2043	2169
807	09:23:26	60.11	6499	2042	2168
808	09:24:26	60.12	6499	2041	2167
809	09:25:26	60.11	6499	2040	2167
810	09:26:26	60.13	6499	2039	2166
811	09:27:26	60.12	6499	2038	2165
812	09:28:26	60.11	6499	2037	2164
813	09:29:26	60.12	6499	2036	2162
814	09:30:26	60.11	6499	2035	2162
815	09:31:27	60.10	6499	2034	2161
816	09:32:27	60.11	6499	2033	2160
817	09:33:27	60.12	6499	2032	2159
818	09:34:27	21.05	6499	2031	2158
819	09:34:48	60.35	6499	2030	2157
820	09:35:48	60.12	6499	2029	2156
821	09:36:48	60.09	6499	2028	2155
822	09:37:49	60.12	6499	2027	2154
823	09:38:49	60.09	6499	2026	2153
824	09:39:49	60.11	6499	2025	2152
825	09:40:49	60.12	6499	2024	2151
826	09:41:49	60.10	6499	2023	2150
827	09:42:49	60.11	6499	2022	2150
828	09:43:49	60.11	6499	2021	2149
829	09:44:49	60.12	6499	2020	2148
830	09:45:49	60.12	6499	2019	2147
831	09:46:50	60.11	6499	2018	2146
832	09:47:50	60.11	6499	2017	2145
833	09:48:50	60.11	6499	2016	2144
834	09:49:50	60.12	6499	2014	2143
835	09:50:50	60.11	6499	2013	2142
836	09:51:50	60.11	6499	2012	2141
837	09:52:50	60.12	6499	2011	2140
838	09:53:50	60.11	6499	2010	2139
839	09:54:50	60.12	6499	2009	2138
840	09:55:51	60.12	6499	2008	2137
841	09:56:51	60.11	6499	2007	2136
842	09:57:51	60.11	6499	2006	2135
843	09:58:51	60.11	6499	2005	2134
844	09:59:51	60.13	6499	2004	2133
845	10:00:51	60.11	6499	2003	2132
846	10:01:51	60.12	6499	2002	2131
847	10:02:51	60.11	6499	2001	2130
848	10:03:51	55.83	6499	2000	2129
849	10:04:47	22.79	6499	1999	2128
850	10:05:10	60.16	6499	1998	2128
851	10:06:10	60.12	6499	1997	2127
852	10:07:10	60.12	6499	1996	2126
853	10:08:11	60.13	6499	1995	2125
854	10:09:11	60.10	6499	1994	2124
855	10:10:11	60.11	6499	1993	2123
856	10:11:11	60.11	6499	1992	2122
857	10:12:11	60.11	6499	1991	2121
858	10:13:11	60.12	6499	1990	2120
859	10:14:11	60.12	6499	1989	2119
860	10:15:11	47.89	6499	1988	2118
861	10:15:59	10.22	6499	1988	2118
862	10:16:09	22.23	6499	1987	2118
863	10:16:32	60.17	6499	1987	2117
864	10:17:32	60.12	6499	1986	2116
865	10:18:32	60.11	6499	1984	2115
866	10:19:32	60.09	6499	1983	2114
867	10:20:32	60.05	6499	1982	2113
868	10:21:32	60.12	6499	1981	2112
869	10:22:32	60.12	6499	1980	2111
870	10:23:32	46.53	6499	1979	2111
871	10:24:19	60.41	6499	1979	2110
872	10:25:19	60.11	6499	1978	2109
873	10:26:19	60.10	6499	1977	2108
874	10:27:20	60.13	6499	1976	2107
875	10:28:20	60.11	6499	1975	2106
876	10:29:20	60.11	6499	1974	2105
877	10:30:20	60.10	6499	1973	2104
878	10:31:20	60.12	6499	1972	2103
879	10:32:20	60.11	6499	1971	2102
880	10:33:20	60.12	6499	1970	2101
881	10:34:20	60.09	6499	1969	2101
882	10:35:20	60.12	6499	1968	2100
883	10:36:21	60.12	6499	1967	2099
884	10:37:21	60.11	6499	1966	2098
885	10:38:21	60.11	6499	1965	2097
886	10:39:21	60.12	6499	1964	2096
887	10:40:21	60.13	6499	1963	2095
888	10:41:21	60.11	6499	1962	2094
889	10:42:21	60.12	6499	1961	2093
890	10:43:21	60.10	6499	1960	2092
891	10:44:21	60.11	6499	1959	2091
892	10:45:22	60.10	6499	1958	2090
893	10:46:22	60.10	6499	1957	2090
894	10:47:22	60.12	6499	1956	2089
895	10:48:22	12.91	6499	1955	2088
896	10:48:35	60.21	6499	1954	2087
897	10:49:35	60.10	6499	1953	2087
898	10:50:35	60.12	6499	1952	2086
899	10:51:35	60.13	6499	1951	2085
900	10:52:35	60.11	6499	1950	2084
901	10:53:36	60.12	6499	1949	2083
902	10:54:36	60.11	6499	1948	2082
903	10:55:36	60.11	6499	1947	2081
904	10:56:36	60.11	6499	1946	2080
905	10:57:36	60.11	6499	1945	2079
906	10:58:36	60.13	6499	1944	2078
907	10:59:36	60.11	6499	1943	2077
908	11:00:36	60.12	6499	1942	2077
909	11:01:36	60.12	6499	1941	2076
910	11:02:37	60.11	6499	1940	2075
911	11:03:37	60.11	6499	1939	2074
912	11:04:37	60.12	6499	1938	2073
913	11:05:37	60.12	6499	1937	2072
914	11:06:37	60.11	6499	1936	2071
915	11:07:37	60.12	6499	1935	2070
916	11:08:37	60.12	6499	1934	2069
917	11:09:37	60.12	6499	1933	2068
918	11:10:37	60.10	6499	1932	2067
919	11:11:38	60.11	6499	1931	2066
920	11:12:38	60.10	6499	1930	2066
921	11:13:38	60.11	6499	1929	2065
922	11:14:38	60.11	6499	1928	2064
923	11:15:38	60.11	6499	1927	2063
924	11:16:38	60.11	6499	1926	2062
925	11:17:38	60.12	6499	1925	2061
926	11:18:38	60.10	6499	1924	2060
927	11:19:38	60.10	6499	1923	2059
928	11:20:39	60.06	6499	1922	2058
929	11:21:39	10.27	6499	1921	2058
930	11:21:49	13.48	6499	1921	2057
931	11:22:02	60.17	6499	1920	2057
932	11:23:03	60.12	6499	1919	2056
933	11:24:03	60.10	6499	1918	2055
934	11:25:03	60.11	6499	1917	2054
935	11:26:03	60.11	6499	1916	2053
936	11:27:03	60.12	6499	1915	2052
937	11:28:03	60.10	6499	1914	2051
938	11:29:03	60.12	6499	1913	2050
939	11:30:03	60.11	6499	1912	2049
940	11:31:03	60.11	6499	1911	2049
941	11:32:04	60.11	6499	1910	2048
942	11:33:04	60.11	6499	1909	2047
943	11:34:04	60.11	6499	1908	2046
944	11:35:04	60.11	6499	1907	2045
945	11:36:04	60.12	6499	1906	2044
946	11:37:04	60.12	6499	1905	2043
947	11:38:04	60.12	6499	1904	2042
948	11:39:04	41.51	6499	1903	2041
949	11:39:46	60.18	6499	1903	2041
950	11:40:46	60.13	6499	1902	2040
951	11:41:46	60.11	6499	1901	2039
952	11:42:46	60.12	6499	1900	2038
953	11:43:46	60.12	6499	1899	2037
954	11:44:47	60.13	6499	1898	2036
955	11:45:47	60.11	6499	1897	2035
956	11:46:47	60.12	6499	1896	2034
957	11:47:47	60.09	6499	1895	2033
958	11:48:47	60.12	6499	1894	2033
959	11:49:47	60.12	6499	1893	2032
960	11:50:47	60.12	6499	1892	2031
961	11:51:47	60.12	6499	1891	2030
962	11:52:47	60.09	6499	1890	2029
963	11:53:48	60.12	6499	1889	2028
964	11:54:48	60.11	6499	1888	2027
965	11:55:48	60.10	6499	1887	2026
966	11:56:48	60.12	6499	1886	2025
967	11:57:48	60.12	6499	1885	2025
968	11:58:48	60.12	6499	1884	2024
969	11:59:48	60.12	6499	1884	2023
970	12:00:48	60.12	6499	1883	2022
971	12:01:48	60.12	6499	1882	2021
972	12:02:49	60.11	6499	1881	2020
973	12:03:49	60.10	6499	1880	2019
974	12:04:49	60.11	6499	1879	2018
975	12:05:49	60.11	6499	1878	2017
976	12:06:49	60.12	6499	1877	2017
977	12:07:49	60.10	6499	1876	2016
978	12:08:49	60.10	6499	1875	2015
979	12:09:49	60.11	6499	1874	2014
980	12:10:49	60.10	6499	1873	2013
981	12:11:50	60.12	6499	1872	2012
982	12:12:50	60.11	6499	1871	2011
983	12:13:50	60.11	6499	1870	2010
984	12:14:50	60.11	6499	1870	2010
985	12:15:50	60.12	6499	1869	2009
986	12:16:50	60.10	6499	1868	2008
987	12:17:50	60.12	6499	1867	2007
988	12:18:50	60.11	6499	1866	2006
989	12:19:50	60.07	6499	1865	2005
990	12:20:51	60.09	6499	1864	2004
991	12:21:51	28.49	6499	1863	2004
992	12:22:19	60.42	6499	1863	2003
993	12:23:20	60.12	6499	1862	2002
994	12:24:20	60.12	6499	1861	2001
995	12:25:20	60.13	6499	1860	2000
996	12:26:20	60.09	6499	1859	1999
997	12:27:20	60.11	6499	1858	1999
998	12:28:20	60.12	6499	1857	1998
999	12:29:20	60.10	6499	1856	1997
1000	12:30:20	60.11	6499	1855	1996
1001	12:31:20	60.11	6499	1854	1995
1002	12:32:21	60.11	6499	1854	1994
1003	12:33:21	60.12	6499	1853	1993
1004	12:34:21	60.12	6499	1852	1992
1005	12:35:21	60.10	6499	1851	1992
1006	12:36:21	60.13	6499	1850	1991
1007	12:37:21	60.12	6499	1849	1990
1008	12:38:21	60.12	6499	1848	1989
1009	12:39:21	42.14	6499	1847	1988
1010	12:40:04	60.04	6499	1846	1988
1011	12:41:04	10.27	6499	1846	1987
1012	12:41:14	60.12	6499	1845	1987
1013	12:42:14	14.65	6499	1845	1986
1014	12:42:29	54.81	6499	1844	1986
1015	12:43:23	10.16	6499	1844	1985
1016	12:43:34	60.12	6499	1843	1985
1017	12:44:34	60.11	6499	1842	1984
1018	12:45:34	60.12	6499	1841	1983
1019	12:46:34	60.12	6499	1840	1982
1020	12:47:34	60.12	6499	1840	1981
1021	12:48:34	60.11	6499	1839	1980
1022	12:49:34	60.10	6499	1838	1979
1023	12:50:34	60.11	6499	1837	1979
1024	12:51:34	60.11	6499	1836	1978
1025	12:52:35	60.11	6499	1835	1977
1026	12:53:35	60.11	6499	1834	1976
1027	12:54:35	60.11	6499	1833	1975
1028	12:55:35	60.12	6499	1832	1974
1029	12:56:35	60.11	6499	1831	1973
1030	12:57:35	60.11	6499	1830	1972
1031	12:58:35	60.12	6499	1830	1971
1032	12:59:35	60.12	6499	1829	1970
1033	13:00:35	60.12	6499	1828	1969
1034	13:01:36	60.12	6499	1827	1968
1035	13:02:36	60.10	6499	1826	1968
1036	13:03:36	60.11	6499	1825	1967
1037	13:04:36	60.11	6499	1824	1966
1038	13:05:36	60.10	6499	1823	1965
1039	13:06:36	60.12	6499	1822	1964
1040	13:07:36	60.12	6499	1822	1963
1041	13:08:36	60.11	6499	1821	1962
1042	13:09:37	60.12	6499	1820	1961
1043	13:10:37	60.11	6499	1819	1960
1044	13:11:37	60.11	6499	1818	1960
1045	13:12:37	60.10	6499	1817	1959
1046	13:13:37	60.09	6499	1816	1958
1047	13:14:37	60.12	6499	1815	1957
1048	13:15:37	60.11	6499	1814	1956
1049	13:16:37	60.10	6499	1813	1955
1050	13:17:37	60.11	6499	1812	1954
1051	13:18:37	60.12	6499	1812	1953
1052	13:19:38	60.09	6499	1811	1952
1053	13:20:38	60.08	6499	1810	1952
1054	13:21:38	60.12	6499	1809	1951
1055	13:22:38	60.10	6499	1808	1950
1056	13:23:38	60.13	6499	1807	1949
1057	13:24:38	60.13	6499	1806	1948
1058	13:25:38	60.11	6499	1805	1947
1059	13:26:38	60.12	6499	1805	1946
1060	13:27:38	60.10	6499	1804	1946
1061	13:28:39	60.12	6499	1803	1945
1062	13:29:39	60.12	6499	1802	1944
1063	13:30:39	60.10	6499	1801	1943
1064	13:31:39	60.10	6499	1800	1942
1065	13:32:39	60.11	6499	1799	1941
1066	13:33:39	60.12	6499	1798	1940
1067	13:34:39	60.11	6499	1798	1939
1068	13:35:39	60.11	6499	1797	1939
1069	13:36:39	60.11	6499	1796	1938
1070	13:37:40	60.11	6499	1795	1937
1071	13:38:40	60.11	6499	1794	1936
1072	13:39:40	60.11	6499	1793	1935
1073	13:40:40	60.11	6499	1792	1934
1074	13:41:40	48.25	6499	1791	1934
1075	13:42:28	13.16	6499	1791	1933
1076	13:42:41	22.81	6499	1791	1933
1077	13:43:04	60.04	6499	1790	1932
1078	13:44:04	60.12	6499	1789	1931
1079	13:45:04	60.10	6499	1788	1931
1080	13:46:04	60.12	6499	1788	1930
1081	13:47:05	60.12	6499	1787	1929
1082	13:48:05	60.12	6499	1786	1928
1083	13:49:05	60.10	6499	1785	1927
1084	13:50:05	60.11	6499	1784	1926
1085	13:51:05	60.12	6499	1783	1925
1086	13:52:05	60.12	6499	1782	1925
1087	13:53:05	60.12	6499	1781	1924
1088	13:54:05	60.12	6499	1780	1923
1089	13:55:06	60.11	6499	1780	1922
1090	13:56:06	60.10	6499	1779	1921
1091	13:57:06	60.12	6499	1778	1920
1092	13:58:06	60.12	6499	1777	1920
1093	13:59:06	60.12	6499	1776	1919
1094	14:00:06	60.11	6499	1775	1918
1095	14:01:06	60.12	6499	1774	1917
1096	14:02:06	60.12	6499	1774	1916
1097	14:03:06	60.11	6499	1773	1915
1098	14:04:07	60.11	6499	1772	1915
1099	14:05:07	60.11	6499	1771	1914
1100	14:06:07	10.89	6499	1770	1913
1101	14:06:18	60.22	6499	1770	1913
1102	14:07:18	60.11	6499	1769	1912
1103	14:08:18	60.12	6499	1768	1911
1104	14:09:18	60.12	6499	1767	1910
1105	14:10:18	60.13	6499	1766	1910
1106	14:11:18	60.13	6499	1766	1909
1107	14:12:19	60.12	6499	1765	1908
1108	14:13:19	60.11	6499	1764	1907
1109	14:14:19	60.11	6499	1763	1906
1110	14:15:19	60.12	6499	1762	1905
1111	14:16:19	60.11	6499	1761	1904
1112	14:17:19	60.12	6499	1761	1904
1113	14:18:19	60.12	6499	1760	1903
1114	14:19:19	60.11	6499	1759	1902
1115	14:20:19	60.04	6499	1758	1901
1116	14:21:19	60.11	6499	1757	1900
1117	14:22:20	60.09	6499	1757	1900
1118	14:23:20	60.12	6499	1756	1899
1119	14:24:20	60.11	6499	1755	1898
1120	14:25:20	55.03	6499	1754	1897
1121	14:26:15	60.19	6499	1753	1896
1122	14:27:15	60.12	6499	1752	1896
1123	14:28:15	60.11	6499	1752	1895
1124	14:29:15	60.11	6499	1751	1894
1125	14:30:15	60.11	6499	1750	1893
1126	14:31:16	60.12	6499	1749	1892
1127	14:32:16	60.12	6499	1748	1891
1128	14:33:16	60.12	6499	1748	1891
1129	14:34:16	60.11	6499	1747	1890
1130	14:35:16	60.12	6499	1746	1889
1131	14:36:16	60.11	6499	1745	1888
1132	14:37:16	60.11	6499	1744	1888
1133	14:38:16	60.11	6499	1743	1887
1134	14:39:17	16.44	6499	1743	1886
1135	14:39:33	60.20	6499	1742	1886
1136	14:40:33	21.48	6499	1742	1885
1137	14:40:55	60.16	6499	1741	1885
1138	14:41:55	60.11	6499	1740	1884
1139	14:42:55	60.12	6499	1740	1883
1140	14:43:55	60.11	6499	1739	1882
1141	14:44:55	60.11	6499	1738	1881
1142	14:45:55	60.11	6499	1737	1880
1143	14:46:55	60.11	6499	1736	1880
1144	14:47:55	60.11	6499	1735	1879
1145	14:48:56	60.11	6499	1735	1878
1146	14:49:56	60.12	6499	1734	1877
1147	14:50:56	60.11	6499	1733	1877
1148	14:51:56	10.26	6499	1733	1876
1149	14:52:06	54.47	6499	1732	1876
1150	14:53:01	60.23	6499	1731	1875
1151	14:54:01	60.10	6499	1731	1874
1152	14:55:01	60.11	6499	1730	1873
1153	14:56:01	60.12	6499	1729	1872
1154	14:57:01	60.12	6499	1728	1872
1155	14:58:01	53.81	6499	1727	1871
1156	14:58:55	60.16	6499	1727	1870
1157	14:59:55	60.11	6499	1726	1869
1158	15:00:55	60.12	6499	1725	1869
1159	15:01:56	60.12	6499	1724	1868
1160	15:02:56	60.11	6499	1724	1867
1161	15:03:56	60.12	6499	1723	1866
1162	15:04:56	60.10	6499	1722	1865
1163	15:05:56	60.11	6499	1721	1865
1164	15:06:56	60.11	6499	1720	1864
1165	15:07:56	60.12	6499	1720	1863
1166	15:08:56	60.12	6499	1719	1862
1167	15:09:56	60.10	6499	1718	1862
1168	15:10:57	60.11	6499	1717	1861
1169	15:11:57	60.10	6499	1716	1860
1170	15:12:57	60.12	6499	1716	1859
1171	15:13:57	60.11	6499	1715	1858
1172	15:14:57	60.10	6499	1714	1858
1173	15:15:57	60.11	6499	1713	1857
1174	15:16:57	16.84	6499	1713	1856
1175	15:17:14	60.30	6499	1712	1856
1176	15:18:14	22.04	6499	1712	1855
1177	15:18:36	60.34	6499	1711	1855
1178	15:19:37	12.98	6499	1711	1854
1179	15:19:50	60.13	6499	1710	1854
1180	15:20:50	60.07	6499	1709	1853
1181	15:21:50	60.11	6499	1709	1852
1182	15:22:50	60.12	6499	1708	1852
1183	15:23:50	60.11	6499	1707	1851
1184	15:24:50	60.10	6499	1706	1850
1185	15:25:50	60.11	6499	1706	1849
1186	15:26:50	60.11	6499	1705	1849
1187	15:27:51	60.11	6499	1704	1848
1188	15:28:51	60.12	6499	1703	1847
1189	15:29:51	60.12	6499	1703	1846
1190	15:30:51	60.10	6499	1702	1845
1191	15:31:51	60.11	6499	1701	1845
1192	15:32:51	60.12	6499	1700	1844
1193	15:33:51	60.11	6499	1700	1843
1194	15:34:51	60.12	6499	1699	1842
1195	15:35:51	60.11	6499	1698	1842
1196	15:36:52	60.12	6499	1697	1841
1197	15:37:52	60.11	6499	1696	1840
1198	15:38:52	60.11	6499	1696	1840
1199	15:39:52	60.11	6499	1695	1839
1200	15:40:52	60.10	6499	1694	1838
1201	15:41:52	60.12	6499	1693	1837
1202	15:42:52	60.11	6499	1693	1836
1203	15:43:52	60.11	6499	1692	1836
1204	15:44:52	51.35	6499	1691	1835
1205	15:45:44	60.38	6499	222.7	241.9
1206	15:46:44	60.11	6499	0	0
1207	15:47:44	60.13	6499	0	0
1208	15:48:44	60.09	6501	0	0
1209	15:49:45	60.11	6501	0	0
1210	15:50:45	60.11	6501	0	0
1211	15:51:45	40.47	6501	0	0
Created by AtlRunQuery on: 2018-09-02 18:21:36.955008
