LHC beam energy and intensities during run 331019:
(Begin/end of run: Sat Jul 29 2017 00:00:07 − 02:21:13)

LB	   Start time
(CEST)	   Duration
(sec)	   Beam energy
(GeV)	   Intensity Beam-1
(1e11 protons)	   Intensity Beam-2
(1e11 protons)
1	00:00:07	60.11	450	0	0
2	00:01:07	60.12	450	0.05687	0
3	00:02:07	22.85	450	0.09538	0
4	00:02:30	20.90	450	0.09534	0
5	00:02:51	60.20	450	0.09527	0.08827
6	00:03:51	60.12	450	0.09511	0.09084
7	00:04:51	60.11	450	0.0949	0.09004
8	00:05:51	60.12	450	0.09482	0.09001
9	00:06:51	60.10	450	0.09472	0.08998
10	00:07:52	60.10	450	0.09464	0.08994
11	00:08:52	60.11	450	0.09456	0.0899
12	00:09:52	60.12	450	4.987	0.08924
13	00:10:52	60.10	450	15.44	9.954
14	00:11:52	60.12	450	15.41	15.42
15	00:12:52	60.11	450	15.37	15.38
16	00:13:52	60.12	450	19.17	15.34
17	00:14:52	60.10	450	30.71	15.31
18	00:15:52	60.11	449	30.66	15.28
19	00:16:53	60.12	450	30.61	15.25
20	00:17:53	60.11	450	30.57	15.22
21	00:18:53	60.12	450	30.53	15.2
22	00:19:53	60.08	450	30.49	15.17
23	00:20:53	60.08	449	30.45	15.15
24	00:21:53	60.11	449	30.42	15.13
25	00:22:53	60.11	449	30.39	15.1
26	00:23:53	60.11	450	30.35	15.08
27	00:24:53	60.13	450	30.32	21.09
28	00:25:54	60.11	450	41.09	30.51
29	00:26:54	60.11	449	50.86	30.46
30	00:27:54	60.11	449	60.76	40.56
31	00:28:54	60.12	450	60.69	45.4
32	00:29:54	60.11	450	60.59	45.33
33	00:30:54	60.11	450	74.99	45.26
34	00:31:54	60.13	450	75.64	45.19
35	00:32:54	60.12	450	75.55	45.13
36	00:33:54	60.11	450	84.25	45.06
37	00:34:55	60.12	450	93.92	58.34
38	00:35:55	60.10	450	38.06	21.6
39	00:36:55	60.12	450	0	0
40	00:37:55	60.13	450	0.06583	0
41	00:38:55	60.12	450	0.09627	0.09868
42	00:39:55	60.12	450	6.991	0.09773
43	00:40:55	60.12	450	16.78	11.36
44	00:41:55	60.11	450	30.64	20.95
45	00:42:55	60.11	449	30.59	29.71
46	00:43:56	60.13	450	30.55	29.68
47	00:44:56	60.12	450	34.39	29.64
48	00:45:56	60.13	450	201.8	29.59
49	00:46:56	60.13	450	201.4	29.56
50	00:47:56	60.12	450	200.9	29.53
51	00:48:56	60.12	450	200.6	137.3
52	00:49:56	60.11	449	200.2	199.3
53	00:50:56	60.11	450	199.8	199.1
54	00:51:57	60.11	450	199.4	198.8
55	00:52:57	60.12	449	199.1	198.6
56	00:53:57	60.12	450	198.7	198.4
57	00:54:57	60.12	450	198.4	198.1
58	00:55:57	60.12	450	198.1	197.9
59	00:56:57	60.11	450	198.4	197.7
60	00:57:57	60.12	450	221.6	198.4
61	00:58:57	60.12	450	370.4	198.4
62	00:59:57	60.12	450	370.7	198.2
63	01:00:58	60.11	449	441.5	197.9
64	01:01:58	60.11	450	539.6	324.9
65	01:02:58	60.13	450	539.8	369.4
66	01:03:58	60.10	450	659.5	373.3
67	01:04:58	60.12	450	709.2	540.9
68	01:05:58	60.12	450	707.8	654.6
69	01:06:58	60.12	450	706.6	710.3
70	01:07:58	60.11	449	705.7	709.1
71	01:08:59	35.98	450	704.9	708.2
72	01:09:34	28.50	450	689.7	693.6
73	01:10:03	60.49	450	689	692.9
74	01:11:03	60.12	450	688	692
75	01:12:04	60.11	480	687.4	691.5
76	01:13:04	10.26	583	687.2	691.3
77	01:13:14	60.11	608	687.1	691.2
78	01:14:14	56.69	791	686.9	691.2
79	01:15:11	60.26	1020	686.8	691.1
80	01:16:11	60.12	1333	686.7	691.1
81	01:17:11	60.12	1680	686.7	691
82	01:18:11	60.11	2028	686.7	691.1
83	01:19:11	60.10	2375	686.7	691.1
84	01:20:11	60.30	2723	686.6	691.1
85	01:21:12	60.10	3076	686.5	691.1
86	01:22:12	60.11	3423	686.5	691.1
87	01:23:12	60.12	3771	686.3	691.1
88	01:24:12	60.12	4118	686.2	691.1
89	01:25:12	60.11	4466	686.1	691
90	01:26:12	60.12	4813	686	691
91	01:27:12	60.11	5160	685.9	691
92	01:28:13	60.11	5514	685.8	691
93	01:29:13	60.10	5861	685.6	690.8
94	01:30:13	60.11	6208	685.2	690.6
95	01:31:13	24.84	6499	684.8	690.5
96	01:31:38	10.22	6499	684.8	690.6
97	01:31:48	60.37	6499	684.7	690.5
98	01:32:48	60.12	6499	684.7	690.5
99	01:33:48	60.11	6499	684.7	690.5
100	01:34:49	60.13	6499	684.6	690.4
101	01:35:49	60.11	6499	684.5	690.4
102	01:36:49	60.12	6499	684.4	690.4
103	01:37:49	60.11	6499	684.2	690.4
104	01:38:49	60.11	6499	684	690.4
105	01:39:49	60.12	6499	683.7	690.3
106	01:40:49	60.12	6499	683.4	690.3
107	01:41:49	60.12	6499	683.2	690.3
108	01:42:49	60.11	6499	683	690.2
109	01:43:50	60.12	6499	682.8	690.1
110	01:44:50	25.82	6499	682.7	690.1
111	01:45:16	60.34	6499	682.6	690.1
112	01:46:16	60.11	6499	682.4	690.1
113	01:47:16	60.12	6499	682	690
114	01:48:16	60.11	6499	681.3	689.6
115	01:49:16	60.11	6499	680.6	689.3
116	01:50:16	60.11	6499	679.9	688.9
117	01:51:16	60.11	6499	679.3	688.6
118	01:52:17	60.12	6499	678.7	688.2
119	01:53:17	60.10	6499	678.1	687.8
120	01:54:17	60.11	6499	677.5	687.5
121	01:55:17	60.12	6499	677.1	687.1
122	01:56:17	60.11	6499	676.6	686.8
123	01:57:17	10.26	6499	676.4	686.6
124	01:57:27	60.38	6499	676.1	686.4
125	01:58:28	60.44	6499	675.7	685.9
126	01:59:28	60.52	6499	675.2	685.5
127	02:00:29	60.54	6499	674.7	685
128	02:01:29	19.59	6499	674.3	684.8
129	02:01:49	60.09	6499	674	684.5
130	02:02:49	60.12	6499	673.5	684
131	02:03:49	10.27	6499	579.3	588.1
132	02:03:59	60.38	6499	0	0
133	02:05:00	60.11	6499	0	0
134	02:06:00	60.11	6499	0	0
135	02:07:00	60.11	6499	0	0
136	02:08:00	60.13	6499	0	0
137	02:09:00	60.13	6499	0	0
138	02:10:00	60.12	6499	0	0
139	02:11:00	60.12	6499	0	0
140	02:12:01	60.11	6501	0	0
141	02:13:01	60.11	6501	0	0
142	02:14:01	60.12	6501	0	0
143	02:15:01	60.11	6501	0	0
144	02:16:01	60.13	6485	0	0
145	02:17:01	60.12	6358	0	0
146	02:18:01	60.11	6105	0	0
147	02:19:01	60.13	5759	0	0
148	02:20:01	60.07	5406	0	0
149	02:21:02	11.20	5046	0	0
Created by AtlRunQuery on: 2018-09-02 18:16:28.939937
