LHC beam energy and intensities during run 331710:
(Begin/end of run: Thu Aug 03 2017 18:31:32 − Fri Aug 04, 08:36:27)

LB	   Start time
(CEST)	   Duration
(sec)	   Beam energy
(GeV)	   Intensity Beam-1
(1e11 protons)	   Intensity Beam-2
(1e11 protons)
1	18:31:32	60.11	450	285.6	432.3
2	18:32:32	48.82	450	285	429
3	18:33:21	10.04	449	284.7	427
4	18:33:31	60.11	450	284.3	424.6
5	18:34:31	60.11	449	283.6	420.2
6	18:35:31	60.13	450	282.9	415.6
7	18:36:31	60.12	450	389	410.7
8	18:37:31	60.11	450	496.8	565
9	18:38:31	60.11	450	619.1	564.8
10	18:39:31	60.12	450	617.2	583.7
11	18:40:31	60.12	450	679.4	659
12	18:41:32	60.12	450	726.8	794.6
13	18:42:32	60.12	450	724.4	797.8
14	18:43:32	60.12	450	722	811.1
15	18:44:32	60.11	450	804.1	931.5
16	18:45:32	60.12	450	910.7	910.8
17	18:46:32	60.12	450	1056	968.5
18	18:47:32	60.12	450	1184	1035
19	18:48:32	60.12	450	1218	1011
20	18:49:33	60.12	449	1213	988.4
21	18:50:33	60.12	449	1208	965.9
22	18:51:33	60.13	450	1203	943.9
23	18:52:33	60.11	450	1198	922.1
24	18:53:33	60.12	450	1192	899.8
25	18:54:33	60.11	450	1187	877.1
26	18:55:33	60.12	450	232.3	169.4
27	18:56:33	60.11	450	0	0
28	18:57:33	60.13	450	0	0
29	18:58:34	60.11	449	0	0
30	18:59:34	60.13	450	0	0
31	19:00:34	60.12	450	0	0
32	19:01:34	60.13	450	0	0
33	19:02:34	60.11	450	0	0
34	19:03:34	60.12	450	0	0
35	19:04:34	60.12	449	0	0
36	19:05:34	60.11	449	0.03713	0
37	19:06:35	60.11	450	0.05615	0.05332
38	19:07:35	60.11	450	0.05514	0.05027
39	19:08:35	60.11	450	0.05503	0.05009
40	19:09:35	60.11	449	0.05493	0.04989
41	19:10:35	60.11	449	0.05483	0.04975
42	19:11:35	60.12	450	0.05474	0.04963
43	19:12:35	60.11	450	0.05465	0.04951
44	19:13:35	60.11	450	0.04743	0.04302
45	19:14:35	60.10	449	0	0
46	19:15:36	60.11	450	0	0
47	19:16:36	60.12	450	0.05275	0.005906
48	19:17:36	60.11	450	0.06816	0.06772
49	19:18:36	60.11	449	0.06677	0.06617
50	19:19:36	60.10	450	0.06542	0.06463
51	19:20:36	60.05	450	0.06447	0.06359
52	19:21:36	60.12	450	0.06374	0.06278
53	19:22:36	60.12	450	0.06315	0.06211
54	19:23:36	60.12	450	0.06264	0.06155
55	19:24:37	60.10	450	0.06219	0.06105
56	19:25:37	60.11	450	0.06178	0.0606
57	19:26:37	60.12	450	5.828	0.06019
58	19:27:37	60.11	450	14.1	10.25
59	19:28:37	60.12	450	14.08	13.99
60	19:29:37	60.13	450	16.41	13.96
61	19:30:37	60.11	450	129.5	13.94
62	19:31:37	60.12	450	129.4	13.91
63	19:32:37	60.12	449	129.2	125.4
64	19:33:38	60.10	450	129	234.7
65	19:34:38	60.12	450	292.7	343.8
66	19:35:38	60.11	450	404	470.5
67	19:36:38	60.12	450	474.5	626.5
68	19:37:38	60.12	450	473.8	642.2
69	19:38:38	60.11	450	621.7	664.1
70	19:39:38	60.12	450	701.4	756.3
71	19:40:38	60.11	450	783.4	902.6
72	19:41:38	60.12	450	926.8	1013
73	19:42:39	60.12	450	1065	1122
74	19:43:39	60.11	450	1175	1272
75	19:44:39	60.13	450	1283	1402
76	19:45:39	60.12	450	1441	1488
77	19:46:39	60.12	450	1522	1563
78	19:47:39	60.11	450	1614	1727
79	19:48:39	60.11	449	1723	1845
80	19:49:39	60.12	450	1890	1953
81	19:50:40	26.36	450	1888	2066
82	19:51:06	60.05	450	1886	2065
83	19:52:06	60.12	449	2011	2072
84	19:53:06	60.11	450	2118	2231
85	19:54:06	60.11	450	2224	2308
86	19:55:06	60.13	449	2333	2340
87	19:56:06	60.12	450	2444	2338
88	19:57:07	60.12	450	2551	2508
89	19:58:07	60.11	450	2668	2616
90	19:59:07	60.11	450	2664	2724
91	20:00:07	60.12	449	2763	2845
92	20:01:07	60.11	449	2830	2997
93	20:02:07	60.11	450	2922	3009
94	20:03:07	60.12	450	2994	3006
95	20:04:07	60.11	450	2990	3003
96	20:05:07	44.00	450	2985	2999
97	20:05:51	10.80	450	2983	2997
98	20:06:02	60.41	450	2966	2980
99	20:07:03	60.11	450	2960	2975
100	20:08:03	60.12	450	2955	2970
101	20:09:03	60.11	456	2948	2965
102	20:10:03	60.12	523	2946	2962
103	20:11:03	60.13	662	2945	2961
104	20:12:03	36.34	865	2944	2962
105	20:12:40	60.08	1021	2944	2962
106	20:13:40	60.12	1333	2943	2961
107	20:14:40	60.13	1681	2943	2961
108	20:15:40	60.11	2028	2943	2961
109	20:16:40	60.12	2376	2943	2961
110	20:17:40	60.12	2723	2942	2961
111	20:18:40	60.11	3071	2942	2961
112	20:19:40	60.10	3418	2941	2961
113	20:20:40	60.06	3765	2940	2961
114	20:21:41	60.11	4119	2940	2961
115	20:22:41	60.12	4466	2939	2961
116	20:23:41	60.11	4813	2939	2960
117	20:24:41	60.11	5161	2938	2960
118	20:25:41	60.12	5508	2937	2960
119	20:26:41	60.12	5856	2936	2960
120	20:27:41	60.13	6203	2934	2959
121	20:28:41	23.68	6498	2931	2959
122	20:29:05	10.13	6499	2931	2959
123	20:29:15	60.37	6499	2931	2959
124	20:30:16	60.11	6499	2930	2958
125	20:31:16	60.10	6499	2930	2958
126	20:32:16	60.12	6499	2930	2958
127	20:33:16	60.12	6499	2929	2958
128	20:34:16	60.11	6499	2928	2958
129	20:35:16	60.12	6499	2926	2958
130	20:36:16	60.12	6499	2924	2957
131	20:37:16	60.11	6499	2922	2957
132	20:38:16	60.10	6499	2919	2956
133	20:39:17	60.11	6499	2917	2956
134	20:40:17	53.76	6499	2916	2955
135	20:41:10	60.44	6499	2915	2955
136	20:42:11	60.11	6499	2914	2955
137	20:43:11	60.11	6499	2912	2954
138	20:44:11	60.11	6499	2910	2952
139	20:45:11	60.12	6499	2908	2950
140	20:46:11	60.13	6499	2905	2949
141	20:47:11	60.13	6499	2903	2947
142	20:48:12	60.12	6499	2900	2946
143	20:49:12	30.98	6499	2898	2944
144	20:49:43	60.44	6499	2897	2943
145	20:50:43	60.10	6499	2894	2941
146	20:51:43	60.12	6499	2892	2940
147	20:52:43	10.27	6499	2890	2939
148	20:52:54	60.39	6499	2889	2938
149	20:53:54	60.11	6499	2887	2937
150	20:54:54	60.12	6499	2885	2936
151	20:55:54	60.12	6499	2883	2934
152	20:56:54	60.12	6499	2880	2933
153	20:57:54	60.11	6499	2878	2931
154	20:58:55	60.12	6499	2876	2930
155	20:59:55	60.10	6499	2874	2928
156	21:00:55	60.11	6499	2872	2926
157	21:01:55	60.11	6499	2870	2925
158	21:02:55	60.11	6499	2868	2923
159	21:03:55	60.12	6499	2866	2922
160	21:04:55	60.12	6499	2864	2920
161	21:05:55	60.11	6499	2862	2919
162	21:06:55	60.11	6499	2860	2917
163	21:07:56	60.11	6499	2858	2915
164	21:08:56	60.11	6499	2856	2914
165	21:09:56	10.27	6499	2854	2913
166	21:10:06	60.39	6499	2853	2912
167	21:11:06	60.11	6499	2851	2910
168	21:12:07	60.11	6499	2849	2909
169	21:13:07	60.12	6499	2847	2907
170	21:14:07	60.11	6499	2845	2906
171	21:15:07	60.11	6499	2843	2904
172	21:16:07	60.11	6499	2841	2903
173	21:17:07	60.12	6499	2839	2901
174	21:18:07	60.11	6499	2837	2900
175	21:19:07	60.12	6499	2835	2898
176	21:20:07	60.07	6499	2833	2897
177	21:21:07	60.10	6499	2831	2895
178	21:22:08	60.13	6499	2829	2894
179	21:23:08	60.11	6499	2827	2892
180	21:24:08	60.11	6499	2825	2891
181	21:25:08	60.10	6499	2823	2889
182	21:26:08	60.12	6499	2821	2888
183	21:27:08	60.11	6499	2820	2886
184	21:28:08	60.12	6499	2818	2885
185	21:29:08	47.06	6499	2816	2883
186	21:29:55	60.41	6499	2815	2882
187	21:30:56	60.11	6499	2813	2881
188	21:31:56	60.12	6499	2811	2879
189	21:32:56	60.11	6499	2809	2878
190	21:33:56	60.11	6499	2807	2876
191	21:34:56	10.26	6499	2806	2876
192	21:35:07	57.43	6499	2805	2875
193	21:36:04	60.27	6499	2803	2873
194	21:37:04	60.12	6499	2802	2872
195	21:38:04	60.11	6499	2800	2870
196	21:39:05	60.11	6499	2798	2869
197	21:40:05	60.12	6499	2796	2868
198	21:41:05	60.12	6499	2794	2866
199	21:42:05	60.11	6499	2793	2865
200	21:43:05	60.11	6499	2791	2863
201	21:44:05	60.13	6499	2789	2862
202	21:45:05	60.11	6499	2788	2861
203	21:46:05	60.11	6499	2786	2859
204	21:47:05	60.10	6499	2784	2858
205	21:48:06	60.11	6499	2782	2856
206	21:49:06	60.11	6499	2781	2855
207	21:50:06	60.11	6499	2779	2853
208	21:51:06	60.12	6499	2777	2852
209	21:52:06	60.11	6499	2775	2851
210	21:53:06	60.12	6499	2774	2849
211	21:54:06	60.11	6499	2772	2848
212	21:55:06	60.12	6499	2770	2846
213	21:56:06	60.12	6499	2768	2845
214	21:57:07	60.11	6499	2767	2844
215	21:58:07	60.11	6499	2765	2842
216	21:59:07	60.12	6499	2763	2841
217	22:00:07	60.11	6499	2762	2839
218	22:01:07	16.24	6499	2761	2838
219	22:01:23	60.40	6499	2760	2838
220	22:02:24	60.11	6499	2758	2836
221	22:03:24	60.10	6499	2756	2835
222	22:04:24	60.12	6499	2755	2833
223	22:05:24	60.11	6499	2753	2832
224	22:06:24	60.12	6499	2751	2831
225	22:07:24	60.12	6499	2750	2829
226	22:08:24	60.12	6499	2748	2828
227	22:09:24	60.11	6499	2747	2827
228	22:10:25	60.11	6499	2745	2825
229	22:11:25	60.11	6499	2744	2824
230	22:12:25	60.12	6499	2742	2822
231	22:13:25	60.10	6499	2740	2821
232	22:14:25	60.12	6499	2739	2820
233	22:15:25	60.12	6499	2737	2818
234	22:16:25	60.11	6499	2736	2817
235	22:17:25	60.12	6499	2734	2816
236	22:18:25	60.12	6499	2733	2814
237	22:19:26	60.11	6499	2731	2813
238	22:20:26	60.04	6499	2729	2812
239	22:21:26	60.11	6499	2728	2810
240	22:22:26	60.12	6499	2726	2809
241	22:23:26	60.12	6499	2725	2808
242	22:24:26	60.12	6499	2723	2806
243	22:25:26	60.11	6499	2722	2805
244	22:26:26	60.12	6499	2720	2804
245	22:27:26	10.27	6499	2719	2803
246	22:27:37	60.38	6499	2718	2802
247	22:28:37	60.11	6499	2717	2801
248	22:29:37	60.12	6499	2715	2799
249	22:30:37	60.11	6499	2714	2798
250	22:31:37	60.11	6499	2712	2797
251	22:32:38	60.10	6499	2711	2795
252	22:33:38	60.11	6499	2709	2794
253	22:34:38	60.11	6499	2708	2793
254	22:35:38	60.11	6499	2706	2791
255	22:36:38	60.12	6499	2704	2790
256	22:37:38	60.13	6499	2701	2788
257	22:38:38	60.11	6499	2699	2787
258	22:39:38	60.12	6499	2697	2786
259	22:40:38	60.11	6499	2695	2784
260	22:41:39	60.11	6499	2694	2783
261	22:42:39	60.11	6499	2692	2781
262	22:43:39	23.63	6499	2691	2781
263	22:44:02	60.51	6499	2689	2780
264	22:45:03	60.10	6499	2687	2778
265	22:46:03	60.11	6499	2686	2777
266	22:47:03	60.11	6499	2684	2775
267	22:48:03	60.13	6499	2682	2774
268	22:49:03	60.10	6499	2681	2773
269	22:50:03	10.26	6499	2680	2772
270	22:50:14	55.28	6499	2679	2771
271	22:51:09	20.97	6499	2678	2770
272	22:51:30	60.50	6499	2677	2769
273	22:52:30	60.11	6499	2675	2768
274	22:53:31	60.12	6499	2673	2767
275	22:54:31	60.11	6499	2672	2765
276	22:55:31	60.11	6499	2670	2764
277	22:56:31	60.12	6499	2668	2763
278	22:57:31	60.11	6499	2667	2761
279	22:58:31	60.11	6499	2665	2760
280	22:59:31	60.12	6499	2663	2758
281	23:00:31	60.12	6499	2662	2757
282	23:01:31	60.11	6499	2660	2756
283	23:02:32	60.12	6499	2659	2754
284	23:03:32	60.12	6499	2657	2753
285	23:04:32	24.60	6499	2656	2752
286	23:04:56	60.05	6499	2655	2751
287	23:05:56	60.12	6499	2653	2749
288	23:06:57	60.11	6499	2652	2748
289	23:07:57	60.12	6499	2650	2747
290	23:08:57	19.13	6499	2649	2746
291	23:09:16	39.68	6499	2648	2745
292	23:09:56	15.17	6499	2648	2745
293	23:10:11	11.21	6499	2647	2745
294	23:10:22	60.06	6499	2646	2744
295	23:11:22	60.10	6499	2645	2742
296	23:12:22	60.11	6499	2643	2741
297	23:13:22	60.13	6499	2642	2740
298	23:14:22	60.10	6499	2640	2738
299	23:15:22	60.11	6499	2639	2737
300	23:16:23	60.12	6499	2637	2736
301	23:17:23	43.85	6499	2636	2734
302	23:18:07	60.10	6499	2634	2733
303	23:19:07	60.10	6499	2633	2732
304	23:20:07	60.07	6499	2632	2731
305	23:21:07	17.88	6499	2631	2730
306	23:21:25	60.50	6499	2630	2729
307	23:22:25	60.11	6499	2628	2728
308	23:23:25	60.11	6499	2626	2726
309	23:24:25	60.12	6499	2625	2725
310	23:25:26	60.10	6499	2624	2724
311	23:26:26	60.11	6499	2622	2722
312	23:27:26	60.11	6499	2621	2721
313	23:28:26	60.11	6499	2619	2720
314	23:29:26	60.11	6499	2618	2718
315	23:30:26	60.12	6499	2616	2717
316	23:31:26	60.12	6499	2615	2716
317	23:32:26	60.11	6499	2613	2714
318	23:33:26	60.11	6499	2612	2713
319	23:34:27	60.11	6499	2610	2712
320	23:35:27	60.12	6499	2609	2711
321	23:36:27	60.11	6499	2607	2709
322	23:37:27	60.12	6499	2606	2708
323	23:38:27	60.11	6499	2604	2707
324	23:39:27	60.10	6499	2603	2705
325	23:40:27	60.12	6499	2601	2704
326	23:41:27	60.12	6499	2600	2703
327	23:42:27	60.11	6499	2598	2701
328	23:43:28	60.10	6499	2597	2700
329	23:44:28	60.11	6499	2595	2699
330	23:45:28	60.12	6499	2594	2698
331	23:46:28	60.10	6499	2592	2696
332	23:47:28	60.11	6499	2591	2695
333	23:48:28	60.12	6499	2590	2694
334	23:49:28	60.12	6499	2588	2692
335	23:50:28	57.61	6499	2587	2691
336	23:51:26	60.37	6499	2585	2690
337	23:52:26	18.54	6499	2584	2689
338	23:52:45	60.11	6499	2583	2688
339	23:53:45	10.26	6499	2583	2688
340	23:53:55	60.10	6499	2582	2687
341	23:54:55	60.12	6499	2580	2685
342	23:55:55	60.12	6499	2579	2684
343	23:56:56	60.12	6499	2578	2683
344	23:57:56	60.12	6499	2576	2682
345	23:58:56	60.11	6499	2575	2680
346	23:59:56	60.10	6499	2573	2679
347	00:00:56	60.12	6499	2572	2678
348	00:01:56	60.11	6499	2571	2676
349	00:02:56	60.12	6499	2569	2675
350	00:03:56	60.11	6499	2568	2674
351	00:04:56	60.11	6499	2567	2673
352	00:05:57	60.10	6499	2565	2671
353	00:06:57	60.11	6499	2564	2670
354	00:07:57	60.12	6499	2562	2669
355	00:08:57	60.11	6499	2561	2668
356	00:09:57	60.11	6499	2560	2666
357	00:10:57	48.11	6499	2558	2665
358	00:11:45	60.07	6499	2557	2664
359	00:12:45	60.12	6499	2556	2663
360	00:13:45	60.09	6499	2555	2662
361	00:14:46	60.11	6499	2553	2660
362	00:15:46	60.11	6499	2552	2659
363	00:16:46	60.11	6499	2550	2658
364	00:17:46	60.11	6499	2549	2657
365	00:18:46	60.11	6499	2548	2655
366	00:19:46	60.09	6499	2546	2654
367	00:20:46	60.07	6499	2545	2653
368	00:21:46	60.12	6499	2544	2651
369	00:22:46	60.11	6499	2542	2650
370	00:23:46	60.11	6499	2541	2649
371	00:24:47	60.12	6499	2540	2648
372	00:25:47	60.11	6499	2538	2646
373	00:26:47	10.27	6499	2538	2646
374	00:26:57	60.38	6499	2537	2645
375	00:27:57	60.13	6499	2535	2644
376	00:28:58	60.10	6499	2534	2642
377	00:29:58	60.10	6499	2533	2641
378	00:30:58	60.13	6499	2532	2640
379	00:31:58	60.11	6499	2530	2639
380	00:32:58	60.10	6499	2529	2637
381	00:33:58	60.11	6499	2528	2636
382	00:34:58	60.12	6499	2526	2635
383	00:35:58	60.12	6499	2525	2634
384	00:36:58	60.11	6499	2524	2632
385	00:37:59	60.13	6499	2522	2631
386	00:38:59	60.11	6499	2521	2630
387	00:39:59	60.12	6499	2520	2629
388	00:40:59	60.10	6499	2518	2628
389	00:41:59	25.74	6499	2517	2627
390	00:42:25	60.16	6499	2516	2626
391	00:43:25	10.26	6499	2516	2625
392	00:43:35	60.11	6499	2515	2624
393	00:44:35	60.12	6499	2514	2623
394	00:45:35	60.11	6499	2512	2622
395	00:46:36	34.97	6499	2511	2621
396	00:47:11	60.20	6499	2510	2620
397	00:48:11	60.11	6499	2509	2619
398	00:49:11	60.12	6499	2508	2617
399	00:50:11	60.11	6499	2506	2616
400	00:51:11	60.11	6499	2505	2615
401	00:52:11	60.11	6499	2504	2614
402	00:53:11	29.96	6499	2503	2613
403	00:53:41	10.11	6499	2502	2613
404	00:53:51	60.12	6499	2501	2612
405	00:54:51	60.12	6499	2498	2610
406	00:55:52	60.12	6499	2496	2609
407	00:56:52	60.11	6499	2494	2607
408	00:57:52	60.12	6499	2492	2606
409	00:58:52	60.11	6499	2491	2605
410	00:59:52	60.12	6499	2489	2603
411	01:00:52	60.13	6499	2487	2602
412	01:01:52	60.11	6499	2486	2601
413	01:02:52	13.33	6499	2485	2600
414	01:03:06	60.28	6499	2484	2599
415	01:04:06	10.27	6499	2484	2598
416	01:04:16	60.11	6499	2483	2597
417	01:05:16	60.11	6499	2482	2596
418	01:06:17	60.13	6499	2480	2595
419	01:07:17	60.11	6499	2479	2594
420	01:08:17	60.12	6499	2478	2593
421	01:09:17	60.11	6499	2476	2591
422	01:10:17	39.50	6499	2475	2590
423	01:10:56	60.19	6499	2474	2589
424	01:11:57	60.11	6499	2473	2588
425	01:12:57	60.11	6499	2472	2587
426	01:13:57	60.10	6499	2471	2586
427	01:14:57	60.11	6499	2469	2585
428	01:15:57	60.11	6499	2468	2583
429	01:16:57	60.12	6499	2467	2582
430	01:17:57	60.12	6499	2465	2581
431	01:18:57	60.12	6499	2464	2580
432	01:19:58	60.08	6499	2463	2579
433	01:20:58	60.08	6499	2461	2578
434	01:21:58	60.12	6499	2460	2576
435	01:22:58	60.12	6499	2459	2575
436	01:23:58	60.10	6499	2458	2574
437	01:24:58	60.12	6499	2456	2573
438	01:25:58	45.65	6499	2455	2572
439	01:26:44	60.28	6499	2454	2570
440	01:27:44	60.12	6499	2453	2569
441	01:28:44	60.11	6499	2451	2568
442	01:29:44	60.12	6499	2450	2567
443	01:30:44	60.11	6499	2449	2566
444	01:31:45	60.11	6499	2448	2564
445	01:32:45	60.11	6499	2446	2563
446	01:33:45	60.12	6499	2445	2562
447	01:34:45	60.11	6499	2444	2561
448	01:35:45	60.12	6499	2443	2560
449	01:36:45	60.12	6499	2441	2559
450	01:37:45	60.13	6499	2440	2557
451	01:38:45	60.11	6499	2439	2556
452	01:39:46	60.12	6499	2437	2555
453	01:40:46	60.11	6499	2436	2554
454	01:41:46	60.11	6499	2435	2553
455	01:42:46	60.11	6499	2434	2551
456	01:43:46	60.11	6499	2432	2550
457	01:44:46	60.10	6499	2431	2549
458	01:45:46	60.12	6499	2430	2548
459	01:46:46	60.12	6499	2428	2546
460	01:47:46	60.11	6499	2427	2545
461	01:48:47	60.11	6499	2426	2544
462	01:49:47	60.11	6499	2425	2543
463	01:50:47	60.11	6499	2423	2542
464	01:51:47	60.12	6499	2422	2541
465	01:52:47	60.12	6499	2421	2539
466	01:53:47	60.12	6499	2420	2538
467	01:54:47	60.12	6499	2418	2537
468	01:55:47	60.11	6499	2417	2536
469	01:56:47	60.11	6499	2416	2535
470	01:57:48	60.11	6499	2415	2534
471	01:58:48	60.11	6499	2413	2532
472	01:59:48	60.12	6499	2412	2531
473	02:00:48	60.12	6499	2411	2530
474	02:01:48	38.09	6499	2410	2529
475	02:02:26	60.07	6499	2409	2528
476	02:03:26	10.26	6499	2408	2527
477	02:03:36	13.95	6499	2408	2527
478	02:03:50	60.47	6499	2407	2526
479	02:04:51	60.11	6499	2406	2525
480	02:05:51	60.12	6499	2405	2524
481	02:06:51	60.11	6499	2403	2523
482	02:07:51	60.11	6499	2402	2522
483	02:08:51	60.12	6499	2401	2520
484	02:09:51	60.12	6499	2400	2519
485	02:10:52	60.12	6499	2398	2518
486	02:11:52	60.12	6499	2397	2517
487	02:12:52	60.12	6499	2396	2516
488	02:13:52	60.10	6499	2395	2515
489	02:14:52	60.10	6499	2393	2513
490	02:15:52	60.12	6499	2392	2512
491	02:16:52	60.11	6499	2391	2511
492	02:17:52	60.12	6499	2390	2510
493	02:18:52	60.12	6499	2388	2509
494	02:19:53	60.08	6499	2387	2508
495	02:20:53	60.08	6499	2386	2506
496	02:21:53	60.13	6499	2385	2505
497	02:22:53	60.12	6499	2383	2504
498	02:23:53	60.12	6499	2382	2503
499	02:24:53	60.11	6499	2381	2502
500	02:25:53	60.11	6499	2380	2501
501	02:26:53	60.11	6499	2378	2499
502	02:27:53	60.11	6499	2377	2498
503	02:28:54	60.12	6499	2376	2497
504	02:29:54	60.11	6499	2375	2496
505	02:30:54	41.33	6499	2374	2495
506	02:31:35	60.14	6499	2373	2494
507	02:32:35	10.27	6499	2372	2493
508	02:32:45	60.12	6499	2371	2493
509	02:33:46	60.10	6499	2370	2491
510	02:34:46	60.11	6499	2369	2490
511	02:35:46	60.12	6499	2368	2489
512	02:36:46	56.26	6499	2366	2488
513	02:37:42	60.21	6499	2365	2487
514	02:38:42	60.11	6499	2364	2486
515	02:39:43	60.12	6499	2363	2485
516	02:40:43	60.12	6499	2362	2484
517	02:41:43	60.11	6499	2360	2483
518	02:42:43	60.11	6499	2359	2481
519	02:43:43	38.67	6499	2358	2480
520	02:44:22	60.50	6499	2357	2479
521	02:45:22	43.49	6499	2356	2478
522	02:46:06	60.20	6499	2355	2478
523	02:47:06	10.27	6499	2355	2477
524	02:47:16	60.11	6499	2354	2476
525	02:48:16	60.13	6499	2353	2475
526	02:49:16	60.12	6499	2351	2474
527	02:50:16	60.11	6499	2350	2473
528	02:51:17	60.11	6499	2349	2472
529	02:52:17	10.27	6499	2348	2471
530	02:52:27	39.54	6499	2348	2470
531	02:53:06	31.48	6499	2347	2470
532	02:53:38	60.22	6499	2346	2469
533	02:54:38	60.12	6499	2345	2468
534	02:55:38	60.12	6499	2344	2467
535	02:56:38	60.10	6499	2343	2466
536	02:57:39	60.11	6499	2342	2464
537	02:58:39	60.10	6499	2340	2463
538	02:59:39	60.11	6499	2339	2462
539	03:00:39	10.27	6499	2339	2462
540	03:00:49	10.39	6499	2338	2461
541	03:01:00	60.23	6499	2338	2461
542	03:02:00	60.11	6499	2337	2460
543	03:03:00	60.11	6499	2335	2458
544	03:04:00	42.47	6499	2334	2457
545	03:04:42	60.21	6499	2333	2457
546	03:05:43	60.11	6499	2332	2455
547	03:06:43	60.12	6499	2331	2454
548	03:07:43	60.11	6499	2330	2453
549	03:08:43	60.11	6499	2329	2452
550	03:09:43	60.12	6499	2327	2451
551	03:10:43	60.12	6499	2326	2450
552	03:11:43	60.12	6499	2325	2449
553	03:12:43	60.10	6499	2324	2448
554	03:13:44	60.11	6499	2323	2446
555	03:14:44	60.12	6499	2322	2445
556	03:15:44	60.10	6499	2320	2444
557	03:16:44	60.12	6499	2319	2443
558	03:17:44	60.12	6499	2318	2442
559	03:18:44	60.13	6499	2317	2441
560	03:19:44	60.10	6499	2316	2440
561	03:20:44	60.08	6499	2315	2439
562	03:21:44	60.11	6499	2313	2438
563	03:22:45	60.12	6499	2312	2437
564	03:23:45	60.11	6499	2311	2435
565	03:24:45	60.11	6499	2310	2434
566	03:25:45	60.11	6499	2309	2433
567	03:26:45	46.87	6499	2308	2432
568	03:27:32	60.07	6499	2306	2431
569	03:28:32	10.26	6499	2306	2431
570	03:28:42	10.27	6499	2305	2430
571	03:28:52	60.38	6499	2305	2429
572	03:29:53	60.11	6499	2303	2428
573	03:30:53	60.11	6499	2302	2427
574	03:31:53	60.12	6499	2301	2426
575	03:32:53	60.12	6499	2300	2425
576	03:33:53	60.11	6499	2299	2424
577	03:34:53	60.10	6499	2297	2422
578	03:35:54	33.04	6499	2296	2422
579	03:36:27	60.12	6499	2295	2421
580	03:37:27	60.11	6499	2294	2420
581	03:38:27	60.11	6499	2293	2418
582	03:39:27	60.11	6499	2292	2417
583	03:40:27	60.11	6499	2291	2416
584	03:41:27	60.12	6499	2289	2415
585	03:42:27	60.12	6499	2288	2414
586	03:43:27	60.12	6499	2287	2413
587	03:44:27	19.33	6499	2286	2412
588	03:44:47	60.31	6499	2286	2411
589	03:45:47	60.11	6499	2284	2410
590	03:46:47	60.12	6499	2283	2409
591	03:47:47	60.11	6499	2282	2408
592	03:48:47	60.12	6499	2281	2407
593	03:49:48	60.12	6499	2280	2406
594	03:50:48	60.12	6499	2278	2405
595	03:51:48	60.11	6499	2277	2404
596	03:52:48	60.11	6499	2276	2402
597	03:53:48	60.12	6499	2275	2401
598	03:54:48	52.73	6499	2274	2400
599	03:55:41	60.23	6499	2273	2399
600	03:56:41	10.26	6499	2272	2399
601	03:56:51	60.12	6499	2271	2398
602	03:57:51	60.12	6499	2270	2397
603	03:58:52	60.10	6499	2269	2396
604	03:59:52	60.09	6499	2268	2395
605	04:00:52	60.12	6499	2267	2394
606	04:01:52	25.64	6499	2266	2393
607	04:02:18	22.81	6499	2265	2393
608	04:02:40	60.24	6499	2265	2392
609	04:03:41	60.11	6499	2264	2391
610	04:04:41	60.10	6499	2262	2390
611	04:05:41	60.12	6499	2261	2388
612	04:06:41	60.12	6499	2260	2387
613	04:07:41	60.11	6499	2259	2386
614	04:08:41	60.12	6499	2258	2385
615	04:09:41	60.11	6499	2257	2384
616	04:10:41	60.10	6499	2256	2383
617	04:11:42	60.12	6499	2254	2382
618	04:12:42	60.12	6499	2253	2381
619	04:13:42	60.11	6499	2252	2380
620	04:14:42	60.12	6499	2251	2379
621	04:15:42	60.10	6499	2250	2377
622	04:16:42	60.12	6499	2249	2376
623	04:17:42	60.13	6499	2247	2375
624	04:18:42	60.11	6499	2246	2374
625	04:19:42	60.09	6499	2245	2373
626	04:20:43	60.06	6499	2244	2372
627	04:21:43	60.12	6499	2243	2371
628	04:22:43	60.11	6499	2242	2370
629	04:23:43	60.11	6499	2241	2369
630	04:24:43	60.09	6499	2239	2368
631	04:25:43	60.12	6499	2238	2367
632	04:26:43	60.12	6499	2237	2366
633	04:27:43	60.12	6499	2236	2365
634	04:28:43	60.10	6499	2235	2363
635	04:29:43	60.11	6499	2234	2362
636	04:30:44	60.11	6499	2233	2361
637	04:31:44	60.12	6499	2231	2360
638	04:32:44	60.11	6499	2230	2359
639	04:33:44	60.11	6499	2229	2358
640	04:34:44	25.79	6499	2228	2357
641	04:35:10	60.59	6499	2228	2357
642	04:36:10	60.12	6499	2226	2355
643	04:37:11	49.83	6499	2225	2355
644	04:38:00	60.13	6499	2224	2354
645	04:39:00	60.10	6499	2223	2352
646	04:40:01	60.11	6499	2222	2351
647	04:41:01	60.10	6499	2221	2350
648	04:42:01	60.11	6499	2220	2349
649	04:43:01	60.11	6499	2219	2348
650	04:44:01	60.11	6499	2218	2347
651	04:45:01	60.11	6499	2217	2346
652	04:46:01	60.11	6499	2215	2345
653	04:47:01	60.11	6499	2214	2344
654	04:48:01	60.11	6499	2213	2343
655	04:49:02	60.12	6499	2212	2341
656	04:50:02	36.95	6499	2211	2340
657	04:50:39	60.46	6499	2209	2339
658	04:51:39	60.12	6499	2208	2338
659	04:52:39	60.12	6499	2206	2337
660	04:53:39	60.11	6499	2205	2336
661	04:54:39	60.12	6499	2204	2334
662	04:55:40	60.12	6499	2202	2333
663	04:56:40	60.12	6499	2201	2332
664	04:57:40	60.10	6499	2200	2331
665	04:58:40	60.11	6499	2199	2330
666	04:59:40	39.40	6499	2198	2329
667	05:00:19	60.54	6499	2197	2328
668	05:01:20	60.12	6499	2195	2327
669	05:02:20	60.12	6499	2194	2325
670	05:03:20	60.12	6499	2193	2324
671	05:04:20	60.11	6499	2192	2323
672	05:05:20	60.12	6499	2190	2322
673	05:06:21	60.12	6499	2189	2321
674	05:07:21	60.10	6499	2188	2320
675	05:08:21	60.12	6499	2187	2319
676	05:09:21	60.11	6499	2185	2317
677	05:10:21	60.11	6499	2184	2316
678	05:11:21	60.11	6499	2183	2315
679	05:12:21	60.12	6499	2182	2314
680	05:13:21	60.12	6499	2180	2313
681	05:14:21	60.13	6499	2179	2312
682	05:15:22	60.11	6499	2178	2310
683	05:16:22	60.11	6499	2177	2309
684	05:17:22	60.11	6499	2176	2308
685	05:18:22	60.11	6499	2174	2307
686	05:19:22	60.10	6499	2173	2306
687	05:20:22	60.04	6499	2172	2305
688	05:21:22	60.12	6499	2171	2304
689	05:22:22	60.11	6499	2169	2303
690	05:23:22	60.12	6499	2168	2301
691	05:24:22	60.12	6499	2167	2300
692	05:25:23	50.47	6499	2166	2299
693	05:26:13	30.88	6499	2165	2298
694	05:26:44	60.40	6499	2164	2297
695	05:27:44	60.12	6499	2163	2296
696	05:28:44	60.11	6499	2162	2295
697	05:29:45	60.12	6499	2161	2294
698	05:30:45	60.11	6499	2160	2293
699	05:31:45	60.11	6499	2158	2292
700	05:32:45	60.11	6499	2157	2291
701	05:33:45	60.11	6499	2156	2290
702	05:34:45	60.11	6499	2155	2288
703	05:35:45	60.12	6499	2154	2287
704	05:36:45	60.12	6499	2152	2286
705	05:37:46	60.11	6499	2151	2285
706	05:38:46	60.12	6499	2150	2284
707	05:39:46	60.11	6499	2149	2283
708	05:40:46	60.11	6499	2148	2282
709	05:41:46	60.12	6499	2146	2280
710	05:42:46	60.12	6499	2145	2279
711	05:43:46	60.12	6499	2144	2278
712	05:44:46	60.12	6499	2143	2277
713	05:45:46	60.11	6499	2142	2276
714	05:46:47	60.11	6499	2140	2275
715	05:47:47	60.11	6499	2139	2274
716	05:48:47	60.12	6499	2138	2272
717	05:49:47	11.16	6499	2137	2272
718	05:49:58	60.46	6499	2137	2271
719	05:50:59	60.10	6499	2135	2270
720	05:51:59	52.49	6499	2134	2269
721	05:52:51	54.30	6499	2133	2268
722	05:53:45	60.26	6499	2132	2267
723	05:54:46	60.11	6499	2131	2266
724	05:55:46	60.11	6499	2130	2265
725	05:56:46	60.12	6499	2129	2263
726	05:57:46	60.13	6499	2128	2262
727	05:58:46	60.11	6499	2126	2261
728	05:59:46	60.10	6499	2125	2260
729	06:00:46	60.11	6499	2124	2259
730	06:01:46	60.10	6499	2123	2258
731	06:02:47	60.12	6499	2122	2257
732	06:03:47	60.12	6499	2121	2256
733	06:04:47	60.12	6499	2120	2255
734	06:05:47	60.10	6499	2118	2253
735	06:06:47	60.11	6499	2117	2252
736	06:07:47	60.11	6499	2116	2251
737	06:08:47	60.11	6499	2115	2250
738	06:09:47	60.11	6499	2114	2249
739	06:10:47	60.11	6499	2113	2248
740	06:11:48	60.10	6499	2112	2247
741	06:12:48	60.11	6499	2110	2246
742	06:13:48	60.12	6499	2109	2245
743	06:14:48	60.10	6499	2108	2243
744	06:15:48	60.11	6499	2107	2242
745	06:16:48	60.12	6499	2106	2241
746	06:17:48	60.11	6499	2105	2240
747	06:18:48	60.10	6499	2104	2239
748	06:19:48	60.07	6499	2103	2238
749	06:20:49	60.08	6499	2101	2237
750	06:21:49	60.13	6499	2100	2236
751	06:22:49	60.12	6499	2099	2235
752	06:23:49	60.11	6499	2098	2233
753	06:24:49	46.30	6499	2097	2232
754	06:25:35	60.16	6499	2096	2231
755	06:26:35	10.27	6499	2096	2231
756	06:26:46	60.12	6499	2095	2230
757	06:27:46	60.12	6499	2094	2229
758	06:28:46	60.11	6499	2092	2228
759	06:29:46	60.12	6499	2091	2227
760	06:30:46	60.11	6499	2090	2226
761	06:31:46	60.11	6499	2089	2225
762	06:32:46	41.19	6499	2088	2224
763	06:33:28	55.08	6499	2087	2223
764	06:34:23	60.26	6499	2086	2222
765	06:35:23	60.10	6499	2085	2221
766	06:36:23	60.12	6499	2084	2220
767	06:37:23	60.11	6499	2082	2218
768	06:38:23	21.76	6499	2082	2218
769	06:38:45	60.39	6499	2081	2217
770	06:39:45	60.11	6499	2080	2216
771	06:40:46	60.12	6499	2079	2215
772	06:41:46	60.11	6499	2077	2214
773	06:42:46	60.11	6499	2076	2213
774	06:43:46	60.12	6499	2075	2212
775	06:44:46	60.11	6499	2074	2211
776	06:45:46	60.11	6499	2073	2209
777	06:46:46	60.12	6499	2072	2208
778	06:47:46	60.10	6499	2071	2207
779	06:48:46	60.12	6499	2069	2206
780	06:49:47	60.12	6499	2068	2205
781	06:50:47	60.10	6499	2067	2204
782	06:51:47	60.10	6499	2066	2203
783	06:52:47	60.10	6499	2065	2202
784	06:53:47	60.10	6499	2064	2201
785	06:54:47	60.11	6499	2063	2200
786	06:55:47	60.12	6499	2061	2199
787	06:56:47	60.11	6499	2060	2198
788	06:57:47	60.11	6499	2059	2197
789	06:58:48	60.11	6499	2058	2195
790	06:59:48	60.11	6499	2057	2194
791	07:00:48	60.10	6499	2056	2193
792	07:01:48	60.12	6499	2055	2192
793	07:02:48	60.12	6499	2053	2191
794	07:03:48	60.12	6499	2052	2190
795	07:04:48	60.11	6499	2051	2189
796	07:05:48	60.10	6499	2050	2188
797	07:06:48	60.11	6499	2049	2187
798	07:07:49	53.83	6499	2048	2186
799	07:08:42	60.12	6499	2047	2185
800	07:09:42	10.26	6499	2046	2184
801	07:09:53	60.12	6499	2045	2184
802	07:10:53	60.11	6499	2044	2182
803	07:11:53	60.11	6499	2043	2181
804	07:12:53	60.12	6499	2042	2180
805	07:13:53	60.12	6499	2041	2179
806	07:14:53	60.11	6499	2040	2178
807	07:15:53	60.11	6499	2039	2177
808	07:16:54	60.12	6499	2037	2176
809	07:17:54	60.12	6499	2036	2175
810	07:18:54	60.12	6499	2035	2174
811	07:19:54	60.08	6499	2034	2173
812	07:20:54	60.08	6499	2033	2172
813	07:21:54	60.11	6499	2032	2171
814	07:22:54	60.12	6499	2031	2170
815	07:23:54	60.11	6499	2030	2168
816	07:24:54	60.12	6499	2029	2167
817	07:25:55	60.11	6499	2027	2166
818	07:26:55	60.11	6499	2026	2165
819	07:27:55	60.12	6499	2025	2164
820	07:28:55	60.13	6499	2024	2163
821	07:29:55	60.11	6499	2023	2162
822	07:30:55	60.12	6499	2022	2161
823	07:31:55	60.11	6499	2021	2160
824	07:32:55	60.12	6499	2020	2159
825	07:33:55	60.12	6499	2019	2158
826	07:34:56	60.11	6499	2018	2157
827	07:35:56	60.10	6499	2017	2156
828	07:36:56	60.10	6499	2016	2155
829	07:37:56	10.60	6499	2015	2154
830	07:38:06	60.28	6499	2014	2153
831	07:39:07	60.13	6499	2013	2152
832	07:40:07	60.12	6499	2012	2151
833	07:41:07	60.12	6499	2011	2150
834	07:42:07	60.12	6499	2010	2149
835	07:43:07	60.11	6499	2009	2148
836	07:44:07	60.12	6499	2008	2147
837	07:45:07	60.09	6499	2007	2146
838	07:46:08	60.12	6499	2006	2145
839	07:47:08	60.10	6499	2005	2144
840	07:48:08	60.10	6499	2004	2143
841	07:49:08	60.11	6499	2003	2142
842	07:50:08	60.11	6499	2002	2141
843	07:51:08	60.11	6499	2000	2140
844	07:52:08	60.12	6499	1999	2139
845	07:53:08	60.11	6499	1998	2138
846	07:54:08	60.11	6499	1997	2137
847	07:55:09	60.12	6499	1996	2136
848	07:56:09	60.11	6499	1995	2135
849	07:57:09	60.12	6499	1994	2134
850	07:58:09	60.11	6499	1993	2133
851	07:59:09	60.13	6499	1992	2132
852	08:00:09	60.11	6499	1991	2131
853	08:01:09	60.12	6499	1989	2130
854	08:02:09	60.11	6499	1988	2129
855	08:03:09	60.13	6499	1987	2127
856	08:04:10	60.10	6499	1986	2126
857	08:05:10	60.11	6499	1985	2125
858	08:06:10	60.11	6499	1984	2124
859	08:07:10	60.12	6499	1983	2123
860	08:08:10	60.13	6499	1982	2122
861	08:09:10	60.11	6499	1981	2121
862	08:10:10	60.12	6499	1980	2120
863	08:11:10	60.11	6499	1979	2119
864	08:12:11	60.11	6499	1978	2118
865	08:13:11	60.12	6499	1977	2117
866	08:14:11	60.10	6499	1976	2115
867	08:15:11	60.10	6499	1974	2114
868	08:16:11	60.11	6499	1973	2113
869	08:17:11	24.87	6499	1972	2112
870	08:17:36	60.52	6499	0	0
871	08:18:36	60.11	6499	0	0
872	08:19:37	60.09	6499	0	0
873	08:20:37	60.06	6499	0	0
874	08:21:37	60.12	6499	0	0
875	08:22:37	60.12	6499	0	0
876	08:23:37	60.12	6499	0	0
877	08:24:37	60.11	6499	0	0
878	08:25:37	60.12	6499	0	0
879	08:26:37	47.51	6499	0	0
880	08:27:25	60.19	6499	0	0
881	08:28:25	60.12	6501	0	0
882	08:29:25	60.11	6501	0	0
883	08:30:25	60.12	6501	0	0
884	08:31:25	60.11	6501	0	0
885	08:32:25	60.12	6500	0	0
886	08:33:26	60.12	6424	0	0
887	08:34:26	60.12	6222	0	0
888	08:35:26	60.71	5899	0	0
Created by AtlRunQuery on: 2018-09-02 18:30:49.075708
