LHC beam energy and intensities during run 332304:
(Begin/end of run: Thu Aug 10 2017 03:20:40 − 09:17:47)

LB	   Start time
(CEST)	   Duration
(sec)	   Beam energy
(GeV)	   Intensity Beam-1
(1e11 protons)	   Intensity Beam-2
(1e11 protons)
1	03:20:40	60.05	6499	2632	2804
2	03:21:40	60.11	6499	2631	2803
3	03:22:40	60.11	6499	2629	2802
4	03:23:40	60.11	6499	2628	2800
5	03:24:40	47.18	6499	2626	2799
6	03:25:27	10.17	6499	2626	2798
7	03:25:37	60.40	6499	2625	2798
8	03:26:38	60.12	6499	2623	2796
9	03:27:38	60.11	6499	2622	2795
10	03:28:38	60.11	6499	2620	2793
11	03:29:38	60.12	6499	2619	2792
12	03:30:38	10.26	6499	2618	2791
13	03:30:49	47.21	6499	2617	2791
14	03:31:36	60.48	6499	2616	2789
15	03:32:36	60.11	6499	2614	2788
16	03:33:36	60.13	6499	2612	2787
17	03:34:36	60.11	6499	2611	2785
18	03:35:37	60.11	6499	2609	2784
19	03:36:37	50.69	6499	2608	2783
20	03:37:27	60.25	6499	2606	2781
21	03:38:28	60.11	6499	2605	2780
22	03:39:28	60.11	6499	2603	2779
23	03:40:28	60.12	6499	2601	2777
24	03:41:28	60.12	6499	2600	2776
25	03:42:28	48.23	6499	2598	2775
26	03:43:16	56.14	6499	2597	2773
27	03:44:12	60.18	6499	2595	2772
28	03:45:13	60.12	6499	2594	2771
29	03:46:13	60.12	6499	2592	2769
30	03:47:13	60.11	6499	2590	2768
31	03:48:13	60.10	6499	2589	2767
32	03:49:13	60.12	6499	2587	2765
33	03:50:13	60.12	6499	2585	2764
34	03:51:13	60.12	6499	2584	2763
35	03:52:13	60.11	6499	2582	2761
36	03:53:14	60.11	6499	2581	2760
37	03:54:14	60.12	6499	2579	2759
38	03:55:14	60.11	6499	2578	2757
39	03:56:14	60.12	6499	2576	2756
40	03:57:14	60.11	6499	2575	2755
41	03:58:14	60.12	6499	2573	2753
42	03:59:14	60.11	6499	2572	2752
43	04:00:14	60.11	6499	2570	2751
44	04:01:15	60.13	6499	2569	2749
45	04:02:15	60.11	6499	2567	2748
46	04:03:15	60.11	6499	2566	2746
47	04:04:15	60.12	6499	2564	2745
48	04:05:15	60.10	6499	2563	2744
49	04:06:15	57.49	6499	2562	2742
50	04:07:13	60.47	6499	2560	2741
51	04:08:13	60.12	6499	2559	2740
52	04:09:13	60.11	6499	2557	2738
53	04:10:13	60.12	6499	2556	2737
54	04:11:13	60.12	6499	2554	2736
55	04:12:14	60.10	6499	2553	2735
56	04:13:14	60.12	6499	2551	2733
57	04:14:14	60.12	6499	2550	2732
58	04:15:14	60.12	6499	2548	2730
59	04:16:14	60.12	6499	2547	2729
60	04:17:14	60.12	6499	2545	2728
61	04:18:14	60.12	6499	2544	2727
62	04:19:14	60.12	6499	2542	2725
63	04:20:14	60.04	6499	2541	2724
64	04:21:14	60.10	6499	2539	2723
65	04:22:15	60.12	6499	2538	2721
66	04:23:15	60.11	6499	2536	2720
67	04:24:15	60.11	6499	2535	2719
68	04:25:15	60.12	6499	2533	2717
69	04:26:15	60.12	6499	2532	2716
70	04:27:15	60.12	6499	2530	2715
71	04:28:15	60.11	6499	2529	2713
72	04:29:15	60.11	6499	2527	2712
73	04:30:16	60.12	6499	2526	2711
74	04:31:16	60.11	6499	2524	2710
75	04:32:16	60.11	6499	2523	2708
76	04:33:16	60.11	6499	2521	2707
77	04:34:16	60.11	6499	2520	2706
78	04:35:16	60.11	6499	2518	2704
79	04:36:16	60.12	6499	2517	2703
80	04:37:16	60.12	6499	2516	2702
81	04:38:16	60.12	6499	2514	2701
82	04:39:17	60.11	6499	2513	2699
83	04:40:17	60.12	6499	2511	2698
84	04:41:17	60.11	6499	2510	2697
85	04:42:17	60.11	6499	2508	2695
86	04:43:17	10.35	6499	2508	2695
87	04:43:27	60.27	6499	2507	2694
88	04:44:28	60.11	6499	2505	2693
89	04:45:28	10.26	6499	2505	2692
90	04:45:38	11.43	6499	2504	2692
91	04:45:49	60.19	6499	2503	2691
92	04:46:50	60.11	6499	2502	2689
93	04:47:50	60.10	6499	2501	2688
94	04:48:50	60.11	6499	2499	2687
95	04:49:50	60.11	6499	2498	2686
96	04:50:50	60.12	6499	2497	2684
97	04:51:50	60.12	6499	2495	2683
98	04:52:50	60.12	6499	2494	2682
99	04:53:50	60.11	6499	2493	2681
100	04:54:51	60.10	6499	2491	2679
101	04:55:51	60.11	6499	2490	2678
102	04:56:51	60.12	6499	2488	2677
103	04:57:51	60.10	6499	2487	2675
104	04:58:51	60.11	6499	2485	2674
105	04:59:51	60.12	6499	2484	2673
106	05:00:51	60.12	6499	2482	2672
107	05:01:51	60.12	6499	2481	2670
108	05:02:51	60.11	6499	2479	2669
109	05:03:52	60.10	6499	2478	2668
110	05:04:52	60.11	6499	2476	2667
111	05:05:52	60.10	6499	2475	2665
112	05:06:52	60.10	6499	2473	2664
113	05:07:52	60.11	6499	2472	2663
114	05:08:52	60.11	6499	2470	2661
115	05:09:52	60.11	6499	2469	2660
116	05:10:52	60.11	6499	2467	2659
117	05:11:52	60.12	6499	2466	2658
118	05:12:52	32.69	6499	2465	2657
119	05:13:25	60.22	6499	2464	2656
120	05:14:25	11.76	6499	2463	2655
121	05:14:37	60.13	6499	2462	2654
122	05:15:37	60.10	6499	2461	2653
123	05:16:37	60.12	6499	2459	2652
124	05:17:37	60.11	6499	2458	2650
125	05:18:38	60.11	6499	2457	2649
126	05:19:38	60.09	6499	2455	2648
127	05:20:38	60.07	6499	2454	2646
128	05:21:38	60.12	6499	2452	2645
129	05:22:38	60.11	6499	2451	2644
130	05:23:38	26.54	6499	2450	2643
131	05:24:05	60.38	6499	2449	2642
132	05:25:05	60.11	6499	2447	2641
133	05:26:05	60.12	6499	2446	2640
134	05:27:05	60.12	6499	2445	2638
135	05:28:05	60.11	6499	2443	2637
136	05:29:05	60.12	6499	2442	2636
137	05:30:06	60.10	6499	2441	2635
138	05:31:06	60.10	6499	2439	2634
139	05:32:06	60.11	6499	2438	2632
140	05:33:06	60.10	6499	2437	2631
141	05:34:06	60.11	6499	2435	2630
142	05:35:06	60.13	6499	2434	2629
143	05:36:06	60.11	6499	2432	2628
144	05:37:06	60.12	6499	2431	2626
145	05:38:06	60.12	6499	2430	2625
146	05:39:07	60.10	6499	2428	2624
147	05:40:07	60.12	6499	2427	2622
148	05:41:07	60.12	6499	2426	2621
149	05:42:07	60.11	6499	2424	2620
150	05:43:07	60.12	6499	2423	2619
151	05:44:07	60.12	6499	2422	2618
152	05:45:07	60.11	6499	2420	2616
153	05:46:07	60.11	6499	2419	2615
154	05:47:08	60.12	6499	2418	2614
155	05:48:08	60.12	6499	2416	2613
156	05:49:08	60.11	6499	2415	2612
157	05:50:08	60.12	6499	2413	2610
158	05:51:08	60.11	6499	2412	2609
159	05:52:08	60.12	6499	2411	2608
160	05:53:08	60.09	6499	2409	2607
161	05:54:08	60.11	6499	2408	2605
162	05:55:08	60.11	6499	2407	2604
163	05:56:09	19.01	6499	2406	2603
164	05:56:28	60.14	6499	2405	2603
165	05:57:28	60.12	6499	2404	2601
166	05:58:28	60.11	6499	2402	2600
167	05:59:28	60.12	6499	2401	2599
168	06:00:28	60.11	6499	2400	2598
169	06:01:28	60.10	6499	2398	2597
170	06:02:28	60.11	6499	2397	2595
171	06:03:28	15.81	6499	2396	2595
172	06:03:44	60.56	6499	2395	2594
173	06:04:45	60.10	6499	2394	2593
174	06:05:45	60.12	6499	2393	2592
175	06:06:45	60.12	6499	2391	2590
176	06:07:45	60.13	6499	2390	2589
177	06:08:45	60.12	6499	2389	2588
178	06:09:45	60.11	6499	2387	2587
179	06:10:45	60.11	6499	2386	2586
180	06:11:46	60.11	6499	2385	2584
181	06:12:46	60.10	6499	2383	2583
182	06:13:46	60.10	6499	2382	2582
183	06:14:46	60.12	6499	2381	2581
184	06:15:46	60.12	6499	2379	2580
185	06:16:46	60.10	6499	2378	2579
186	06:17:46	60.11	6499	2377	2577
187	06:18:46	60.11	6499	2375	2576
188	06:19:46	60.09	6499	2374	2575
189	06:20:46	60.07	6499	2373	2574
190	06:21:47	12.75	6499	2372	2573
191	06:21:59	60.15	6499	2371	2572
192	06:22:59	60.11	6499	2370	2571
193	06:24:00	60.10	6499	2368	2570
194	06:25:00	60.12	6499	2367	2569
195	06:26:00	60.11	6499	2366	2568
196	06:27:00	60.10	6499	2364	2566
197	06:28:00	60.15	6499	2363	2565
198	06:29:00	60.11	6499	2361	2564
199	06:30:00	60.49	6499	2360	2563
200	06:31:01	60.14	6499	2358	2562
201	06:32:01	60.12	6499	2357	2561
202	06:33:01	17.24	6499	2356	2560
203	06:33:18	60.40	6499	2355	2559
204	06:34:19	60.12	6499	2354	2558
205	06:35:19	60.10	6499	2352	2557
206	06:36:19	60.12	6499	2351	2556
207	06:37:19	60.12	6499	2350	2555
208	06:38:19	60.12	6499	2348	2553
209	06:39:19	60.12	6499	2347	2552
210	06:40:19	60.11	6499	2345	2551
211	06:41:19	60.12	6499	2344	2550
212	06:42:20	60.10	6499	2343	2549
213	06:43:20	60.10	6499	2341	2548
214	06:44:20	60.11	6499	2340	2546
215	06:45:20	60.11	6499	2339	2545
216	06:46:20	60.12	6499	2337	2544
217	06:47:20	60.13	6499	2336	2543
218	06:48:20	60.11	6499	2334	2542
219	06:49:20	60.11	6499	2333	2541
220	06:50:20	60.11	6499	2331	2540
221	06:51:21	60.12	6499	2330	2538
222	06:52:21	60.10	6499	2328	2537
223	06:53:21	60.11	6499	2327	2536
224	06:54:21	60.12	6499	2325	2535
225	06:55:21	60.12	6499	2324	2534
226	06:56:21	60.11	6499	2323	2533
227	06:57:21	60.11	6499	2321	2532
228	06:58:21	60.11	6499	2319	2530
229	06:59:21	60.11	6499	2318	2529
230	07:00:22	60.11	6499	2316	2528
231	07:01:22	60.10	6499	2315	2527
232	07:02:22	16.46	6499	2314	2526
233	07:02:38	60.18	6499	2313	2526
234	07:03:38	60.12	6499	2312	2524
235	07:04:39	60.11	6499	2310	2523
236	07:05:39	60.12	6499	2309	2522
237	07:06:39	60.12	6499	2308	2521
238	07:07:39	10.27	6499	2307	2520
239	07:07:49	57.90	6499	2306	2520
240	07:08:47	60.07	6499	2305	2519
241	07:09:47	60.12	6499	2304	2518
242	07:10:47	60.12	6499	2302	2516
243	07:11:47	60.12	6499	2301	2515
244	07:12:48	60.11	6499	2299	2514
245	07:13:48	60.10	6499	2298	2513
246	07:14:48	60.11	6499	2297	2512
247	07:15:48	60.12	6499	2295	2511
248	07:16:48	60.10	6499	2294	2510
249	07:17:48	60.11	6499	2293	2509
250	07:18:48	60.11	6499	2291	2508
251	07:19:48	60.08	6499	2290	2506
252	07:20:48	10.26	6499	2289	2506
253	07:20:59	60.43	6499	2288	2505
254	07:21:59	60.12	6499	2287	2504
255	07:22:59	60.12	6499	2285	2503
256	07:23:59	60.11	6499	2284	2501
257	07:24:59	60.11	6499	2283	2500
258	07:26:00	60.12	6499	2281	2499
259	07:27:00	54.75	6499	2280	2498
260	07:27:54	60.21	6499	2279	2497
261	07:28:55	10.27	6499	2278	2497
262	07:29:05	60.11	6499	2277	2496
263	07:30:05	60.11	6499	2276	2495
264	07:31:05	60.12	6499	2274	2494
265	07:32:05	60.12	6499	2273	2492
266	07:33:05	60.12	6499	2272	2491
267	07:34:05	60.10	6499	2270	2490
268	07:35:06	60.11	6499	2269	2489
269	07:36:06	60.10	6499	2267	2488
270	07:37:06	60.11	6499	2266	2487
271	07:38:06	60.12	6499	2264	2486
272	07:39:06	60.11	6499	2263	2485
273	07:40:06	60.11	6499	2261	2484
274	07:41:06	60.11	6499	2260	2482
275	07:42:06	60.11	6499	2258	2481
276	07:43:06	60.11	6499	2256	2480
277	07:44:07	60.11	6499	2255	2479
278	07:45:07	60.10	6499	2253	2478
279	07:46:07	60.12	6499	2252	2477
280	07:47:07	60.11	6499	2250	2476
281	07:48:07	60.10	6499	2249	2474
282	07:49:07	60.11	6499	2247	2473
283	07:50:07	60.12	6499	2246	2472
284	07:51:07	45.65	6499	2245	2471
285	07:51:53	60.29	6499	2243	2470
286	07:52:53	60.11	6499	2242	2469
287	07:53:53	60.12	6499	2241	2468
288	07:54:53	60.12	6499	2240	2467
289	07:55:54	60.12	6499	2238	2466
290	07:56:54	60.10	6499	2237	2464
291	07:57:54	46.84	6499	2236	2464
292	07:58:41	60.10	6499	2235	2463
293	07:59:41	10.27	6499	2234	2462
294	07:59:51	60.11	6499	2233	2461
295	08:00:51	60.13	6499	2232	2460
296	08:01:51	60.12	6499	2230	2459
297	08:02:51	60.12	6499	2229	2458
298	08:03:51	39.27	6499	2228	2457
299	08:04:31	60.16	6499	2227	2456
300	08:05:31	60.11	6499	2226	2455
301	08:06:31	60.12	6499	2224	2454
302	08:07:31	60.11	6499	2223	2453
303	08:08:31	60.12	6499	2222	2452
304	08:09:31	60.11	6499	2220	2451
305	08:10:31	60.11	6499	2219	2449
306	08:11:32	60.11	6499	2218	2448
307	08:12:32	60.10	6499	2216	2447
308	08:13:32	53.41	6499	2215	2446
309	08:14:25	60.04	6499	2214	2445
310	08:15:25	60.12	6499	2212	2444
311	08:16:25	60.12	6499	2211	2443
312	08:17:25	60.11	6499	2210	2442
313	08:18:26	60.12	6499	2209	2441
314	08:19:26	60.10	6499	2207	2439
315	08:20:26	60.04	6499	2206	2438
316	08:21:26	60.11	6499	2205	2437
317	08:22:26	60.11	6499	2203	2436
318	08:23:26	60.12	6499	2202	2435
319	08:24:26	60.12	6499	2201	2434
320	08:25:26	60.11	6499	2199	2433
321	08:26:26	60.10	6499	2198	2432
322	08:27:27	60.11	6499	2197	2431
323	08:28:27	60.11	6499	2196	2430
324	08:29:27	60.10	6499	2194	2429
325	08:30:27	60.10	6499	2193	2428
326	08:31:27	60.12	6499	2192	2427
327	08:32:27	60.12	6499	2190	2425
328	08:33:27	60.10	6499	2189	2424
329	08:34:27	60.12	6499	2187	2423
330	08:35:27	60.10	6499	2186	2422
331	08:36:28	60.11	6499	2184	2421
332	08:37:28	60.11	6499	2183	2420
333	08:38:28	60.12	6499	2181	2419
334	08:39:28	60.12	6499	2180	2418
335	08:40:28	60.12	6499	2178	2417
336	08:41:28	60.12	6499	2177	2416
337	08:42:28	10.27	6499	2176	2415
338	08:42:39	60.37	6499	2175	2414
339	08:43:39	60.10	6499	2173	2413
340	08:44:39	60.11	6499	2172	2412
341	08:45:39	60.11	6499	2171	2411
342	08:46:39	60.12	6499	2169	2410
343	08:47:39	60.12	6499	2168	2409
344	08:48:39	60.12	6499	2167	2408
345	08:49:40	60.13	6499	2165	2407
346	08:50:40	60.11	6499	2164	2406
347	08:51:40	60.11	6499	2163	2405
348	08:52:40	60.11	6499	2162	2404
349	08:53:40	60.13	6499	2160	2403
350	08:54:40	60.12	6499	2159	2401
351	08:55:40	60.11	6499	2158	2400
352	08:56:40	60.11	6499	2157	2399
353	08:57:40	60.11	6499	2155	2398
354	08:58:41	60.12	6499	2154	2397
355	08:59:41	60.11	6499	2153	2396
356	09:00:41	60.11	6499	2152	2396
357	09:01:41	60.12	6499	2151	2395
358	09:02:41	60.12	6499	2150	2394
359	09:03:41	60.12	6499	2148	2392
360	09:04:41	60.12	6499	2147	2391
361	09:05:41	60.11	6499	2146	2390
362	09:06:42	60.11	6499	2145	2389
363	09:07:42	60.11	6499	2143	2388
364	09:08:42	47.92	6499	2141	2387
365	09:09:30	60.53	6499	10.81	14.69
366	09:10:30	10.27	6499	0	0
367	09:10:40	60.11	6499	0	0
368	09:11:41	60.11	6501	0	0
369	09:12:41	60.11	6501	0	0
370	09:13:41	60.12	6501	0	0
371	09:14:41	60.10	6501	0	0
372	09:15:41	60.12	6465	0	0
373	09:16:41	65.64	6307	0	0
Created by AtlRunQuery on: 2018-09-02 18:44:50.410652
