LHC beam energy and intensities during run 332896:
(Begin/end of run: Mon Aug 14 2017 02:24:42 − 06:34:55)

LB	   Start time
(CEST)	   Duration
(sec)	   Beam energy
(GeV)	   Intensity Beam-1
(1e11 protons)	   Intensity Beam-2
(1e11 protons)
1	02:24:42	60.12	450	0.06299	0.06347
2	02:25:42	60.12	450	0.06282	0.06321
3	02:26:42	60.10	450	0.06194	0.06221
4	02:27:42	60.12	450	1.191	0.3551
5	02:28:42	25.43	450	1.266	1.194
6	02:29:08	10.12	450	1.265	1.193
7	02:29:18	10.27	450	1.265	1.192
8	02:29:28	57.20	450	1.263	1.189
9	02:30:25	60.50	450	1.26	1.185
10	02:31:26	30.58	450	1.258	1.182
11	02:31:56	60.35	450	6.899	1.179
12	02:32:57	60.11	450	14.78	11.13
13	02:33:57	60.10	450	20.01	14.68
14	02:34:57	60.12	450	29.59	24.29
15	02:35:57	60.12	450	81.94	47.17
16	02:36:57	10.27	450	81.88	82.63
17	02:37:07	52.08	450	85.9	82.59
18	02:37:59	31.35	450	186.3	82.51
19	02:38:31	60.41	450	186.1	174.2
20	02:39:31	60.12	450	213.5	187.6
21	02:40:31	60.12	450	255.4	231.4
22	02:41:31	60.11	450	368.7	239.9
23	02:42:31	60.12	449	486.6	239.7
24	02:43:32	60.08	450	601.4	239.5
25	02:44:32	60.39	450	658.5	248.3
26	02:45:32	60.12	450	657.7	363.5
27	02:46:32	60.11	450	657	474
28	02:47:32	60.12	450	656.2	591.6
29	02:48:32	60.11	450	655.6	658.4
30	02:49:33	60.12	450	654.9	657.8
31	02:50:33	60.26	450	654.3	657
32	02:51:33	60.43	450	653.7	656.3
33	02:52:33	60.12	450	653	655.6
34	02:53:33	60.12	450	652.4	654.9
35	02:54:34	60.11	458	651.9	654.3
36	02:55:34	60.11	527	651.7	654
37	02:56:34	60.12	669	651.6	654
38	02:57:34	35.28	875	651.5	653.9
39	02:58:09	60.15	1023	651.5	653.6
40	02:59:09	60.11	1336	651.5	653.5
41	03:00:09	60.11	1683	651.4	653.5
42	03:01:10	25.69	2036	651.3	653.5
43	03:01:35	60.21	2181	651.3	653.6
44	03:02:35	60.11	2529	651.3	653.6
45	03:03:36	60.11	2882	651.2	653.6
46	03:04:36	60.10	3229	651.1	653.6
47	03:05:36	60.11	3576	651.1	653.6
48	03:06:36	58.60	3924	650.9	653.5
49	03:07:34	22.25	4260	637.5	640.2
50	03:07:57	60.41	4393	637.4	640.2
51	03:08:57	60.13	4740	637.3	640.2
52	03:09:57	60.11	5088	637.3	640.1
53	03:10:57	60.11	5435	637.1	640.1
54	03:11:58	60.12	5788	636.9	640.1
55	03:12:58	60.11	6136	636.6	640.1
56	03:13:58	36.53	6474	636.1	640.1
57	03:14:34	10.31	6499	636	640.1
58	03:14:45	60.10	6499	636	640.1
59	03:15:45	60.12	6499	635.9	640
60	03:16:45	60.11	6499	635.9	640
61	03:17:45	60.11	6499	635.7	640
62	03:18:45	60.11	6499	635.6	640
63	03:19:45	60.08	6499	635.5	640
64	03:20:45	60.06	6499	635	640
65	03:21:45	60.12	6499	634.4	640
66	03:22:45	60.10	6499	633.9	640
67	03:23:46	60.12	6499	633.6	639.9
68	03:24:46	60.12	6499	633.4	639.9
69	03:25:46	19.65	6499	633.4	639.9
70	03:26:05	60.50	6499	633.4	639.9
71	03:27:06	60.11	6499	633.2	639.9
72	03:28:06	60.11	6499	632.8	639.8
73	03:29:06	60.11	6499	632	639.5
74	03:30:06	60.12	6499	631.2	639.2
75	03:31:06	60.12	6499	630.5	638.9
76	03:32:06	60.12	6499	630	638.6
77	03:33:07	60.13	6499	629.4	638.2
78	03:34:07	60.12	6499	628.8	637.9
79	03:35:07	60.11	6499	628.2	637.6
80	03:36:07	32.56	6499	627.7	637.3
81	03:36:40	60.37	6499	627.2	637
82	03:37:40	60.11	6499	626.5	636.7
83	03:38:40	60.12	6499	625.8	636.3
84	03:39:40	60.13	6499	625.1	635.9
85	03:40:40	10.27	6499	624.7	635.6
86	03:40:51	60.37	6499	624.1	635.4
87	03:41:51	60.11	6499	623.3	635
88	03:42:51	60.12	6499	622.4	634.5
89	03:43:51	60.11	6499	621.6	634.1
90	03:44:51	60.11	6499	620.8	633.7
91	03:45:51	60.12	6499	619.9	633.3
92	03:46:51	60.12	6499	619.1	632.9
93	03:47:52	60.13	6499	618.3	632.4
94	03:48:52	60.11	6499	617.6	631.9
95	03:49:52	60.11	6499	616.8	631.5
96	03:50:52	60.10	6499	616	631.1
97	03:51:52	60.12	6499	615.3	630.7
98	03:52:52	60.12	6499	614.5	630.3
99	03:53:52	60.13	6499	613.8	629.9
100	03:54:52	52.79	6499	613.1	629.5
101	03:55:45	10.40	6499	612.8	629.3
102	03:55:56	60.04	6499	612.3	629.1
103	03:56:56	60.12	6499	611.7	628.7
104	03:57:56	60.11	6499	611	628.3
105	03:58:56	60.11	6499	610.3	628
106	03:59:56	60.11	6499	609.6	627.6
107	04:00:56	60.10	6499	609	627.2
108	04:01:56	60.11	6499	608.4	626.8
109	04:02:56	60.11	6499	607.8	626.4
110	04:03:56	60.12	6499	607.3	626.1
111	04:04:57	60.11	6499	606.7	625.7
112	04:05:57	60.11	6499	606.2	625.4
113	04:06:57	60.13	6499	605.7	625.1
114	04:07:57	60.12	6499	605.1	624.7
115	04:08:57	60.12	6499	604.6	624.4
116	04:09:57	60.12	6499	604.1	624
117	04:10:57	60.11	6499	603.6	623.7
118	04:11:57	60.12	6499	603.1	623.3
119	04:12:57	60.11	6499	602.6	623
120	04:13:58	60.12	6499	602.1	622.6
121	04:14:58	60.12	6499	601.6	622.3
122	04:15:58	60.12	6499	601.2	622
123	04:16:58	60.11	6499	600.7	621.6
124	04:17:58	60.12	6499	600.2	621.3
125	04:18:58	60.12	6499	599.8	621
126	04:19:58	60.08	6499	599.3	620.7
127	04:20:58	60.08	6499	598.8	620.3
128	04:21:58	60.11	6499	598.4	620
129	04:22:59	60.11	6499	597.9	619.6
130	04:23:59	60.11	6499	597.5	619.3
131	04:24:59	60.12	6499	597	619
132	04:25:59	60.11	6499	596.6	618.7
133	04:26:59	60.13	6499	596.2	618.4
134	04:27:59	60.12	6499	595.8	618
135	04:28:59	60.11	6499	595.4	617.7
136	04:29:59	60.11	6499	595	617.4
137	04:30:59	60.11	6499	594.6	617.1
138	04:32:00	60.13	6499	594.3	616.8
139	04:33:00	60.10	6499	593.9	616.4
140	04:34:00	60.10	6499	593.5	616.1
141	04:35:00	60.11	6499	593.2	615.8
142	04:36:00	60.12	6499	592.8	615.5
143	04:37:00	60.13	6499	592.5	615.1
144	04:38:00	60.11	6499	592.1	614.8
145	04:39:00	60.12	6499	591.8	614.5
146	04:40:01	60.11	6499	591.4	614.2
147	04:41:01	60.10	6499	591	613.9
148	04:42:01	60.12	6499	590.7	613.5
149	04:43:01	60.12	6499	590.3	613.2
150	04:44:01	60.12	6499	590	612.9
151	04:45:01	60.10	6499	589.6	612.6
152	04:46:01	60.11	6499	589.3	612.3
153	04:47:01	60.12	6499	588.9	612
154	04:48:01	60.11	6499	588.5	611.7
155	04:49:02	60.12	6499	588.2	611.4
156	04:50:02	60.12	6499	587.9	611.1
157	04:51:02	60.13	6499	587.5	610.8
158	04:52:02	60.11	6499	587.1	610.5
159	04:53:02	60.11	6499	586.8	610.2
160	04:54:02	60.12	6499	586.4	609.9
161	04:55:02	60.12	6499	586.1	609.6
162	04:56:02	60.12	6499	585.7	609.3
163	04:57:02	60.11	6499	585.4	609
164	04:58:03	60.11	6499	585	608.7
165	04:59:03	60.12	6499	584.7	608.4
166	05:00:03	60.12	6499	584.3	608.1
167	05:01:03	60.11	6499	584	607.8
168	05:02:03	60.12	6499	583.7	607.5
169	05:03:03	60.12	6499	583.3	607.2
170	05:04:03	60.11	6499	583	606.9
171	05:05:03	60.10	6499	582.6	606.6
172	05:06:04	60.12	6499	582.3	606.3
173	05:07:04	60.12	6499	582	606
174	05:08:04	60.10	6499	581.6	605.7
175	05:09:04	10.26	6499	581.4	605.5
176	05:09:14	12.10	6499	581.4	605.5
177	05:09:26	10.18	6499	581.3	605.4
178	05:09:36	60.09	6499	581.1	605.2
179	05:10:36	60.11	6499	580.8	604.9
180	05:11:37	25.79	6499	580.6	604.7
181	05:12:02	10.03	6499	580.5	604.7
182	05:12:12	25.36	6499	580.4	604.6
183	05:12:38	21.70	6499	580.2	604.4
184	05:12:59	60.14	6499	580	604.2
185	05:14:00	16.43	6499	579.8	604.1
186	05:14:16	60.21	6499	579.6	603.9
187	05:15:16	16.43	6499	579.4	603.7
188	05:15:33	60.20	6499	579.2	603.5
189	05:16:33	60.11	6499	578.9	603.2
190	05:17:33	60.11	6499	578.6	602.9
191	05:18:33	11.17	6499	578.4	602.8
192	05:18:44	60.20	6499	578.2	602.6
193	05:19:44	60.09	6499	577.9	602.3
194	05:20:45	60.06	6499	577.6	602
195	05:21:45	10.27	6499	577.4	601.9
196	05:21:55	60.11	6499	577.2	601.7
197	05:22:55	60.12	6499	576.9	601.4
198	05:23:55	60.12	6499	576.6	601.1
199	05:24:55	60.13	6499	576.3	600.8
200	05:25:55	60.12	6499	576	600.5
201	05:26:55	60.11	6499	575.6	600.2
202	05:27:56	60.11	6499	575.3	600
203	05:28:56	60.11	6499	575	599.7
204	05:29:56	13.63	6499	574.9	599.5
205	05:30:09	60.50	6499	574.7	599.4
206	05:31:10	43.22	6499	574.4	599.1
207	05:31:53	19.41	6499	574.2	599
208	05:32:13	60.10	6499	574	598.8
209	05:33:13	60.12	6499	573.7	598.5
210	05:34:13	60.11	6499	573.4	598.2
211	05:35:13	30.56	6499	573.2	598
212	05:35:43	10.25	6499	573.1	597.9
213	05:35:54	60.11	6499	572.9	597.7
214	05:36:54	60.11	6499	572.6	597.5
215	05:37:54	60.12	6499	572.3	597.2
216	05:38:54	60.10	6499	572	596.9
217	05:39:54	60.11	6499	571.7	596.6
218	05:40:54	60.13	6499	571.4	596.4
219	05:41:54	60.11	6499	571.1	596.1
220	05:42:55	60.11	6499	570.8	595.8
221	05:43:55	60.11	6499	570.5	595.5
222	05:44:55	60.10	6499	570.2	595.2
223	05:45:55	60.12	6499	569.9	595
224	05:46:55	15.46	6499	569.7	594.8
225	05:47:10	60.18	6499	569.5	594.6
226	05:48:11	60.11	6499	569.3	594.4
227	05:49:11	60.11	6499	568.9	594.1
228	05:50:11	60.13	6499	568.6	593.8
229	05:51:11	60.10	6499	568.3	593.5
230	05:52:11	60.11	6499	568	593.2
231	05:53:11	60.11	6499	567.7	593
232	05:54:11	60.12	6499	567.4	592.7
233	05:55:11	60.12	6499	567.1	592.4
234	05:56:11	60.11	6499	566.7	592.2
235	05:57:12	60.11	6499	566.2	591.9
236	05:58:12	60.11	6499	565.8	591.6
237	05:59:12	60.10	6499	565.5	591.3
238	06:00:12	60.11	6499	565.2	591.1
239	06:01:12	60.11	6499	564.9	590.8
240	06:02:12	60.11	6499	564.6	590.5
241	06:03:12	60.12	6499	564.3	590.3
242	06:04:12	60.12	6499	564	590
243	06:05:13	10.27	6499	563.8	589.9
244	06:05:23	10.26	6499	563.8	589.8
245	06:05:33	60.11	6499	563.6	589.7
246	06:06:33	60.11	6499	563.3	589.4
247	06:07:33	60.11	6499	563	589.1
248	06:08:33	60.11	6499	562.7	588.8
249	06:09:33	60.13	6499	562.4	588.6
250	06:10:34	60.11	6499	562.2	588.3
251	06:11:34	60.12	6499	561.9	588.1
252	06:12:34	60.12	6499	561.6	587.8
253	06:13:34	60.12	6499	561.3	587.5
254	06:14:34	60.10	6499	561	587.3
255	06:15:34	60.12	6499	560.8	587
256	06:16:34	60.12	6499	560.5	586.7
257	06:17:34	60.11	6499	560.2	586.5
258	06:18:35	60.11	6499	559.9	586.2
259	06:19:35	60.09	6499	559.6	586
260	06:20:35	60.05	6499	559.3	585.7
261	06:21:35	60.13	6499	559.1	585.4
262	06:22:35	60.12	6499	558.8	585.2
263	06:23:35	60.11	6499	558.5	584.9
264	06:24:35	60.11	6499	558.1	584.6
265	06:25:35	60.11	6499	557.7	584.4
266	06:26:35	60.11	6499	557.4	584.1
267	06:27:35	60.10	6499	557	583.8
268	06:28:36	60.13	6499	556.7	583.6
269	06:29:36	10.27	6499	556.5	583.4
270	06:29:46	10.08	6499	556.5	583.4
271	06:29:56	60.29	6499	556.3	583.2
272	06:30:56	60.11	6499	182.3	191
273	06:31:56	60.12	6499	0	0
274	06:32:57	60.12	6499	0	0
275	06:33:57	58.52	6501	0	0
Created by AtlRunQuery on: 2018-09-02 18:52:18.317608
