LHC beam energy and intensities during run 333469:
(Begin/end of run: Thu Aug 17 2017 16:38:40 − 20:53:11)

LB	   Start time
(CEST)	   Duration
(sec)	   Beam energy
(GeV)	   Intensity Beam-1
(1e11 protons)	   Intensity Beam-2
(1e11 protons)
1	16:38:40	60.12	450	965.9	904.1
2	16:39:40	60.11	449	1004	968.5
3	16:40:40	60.11	450	1057	1018
4	16:41:40	30.72	450	1122	1063
5	16:42:11	21.42	450	1122	1124
6	16:42:32	44.52	450	1212	1123
7	16:43:17	60.39	449	1256	1223
8	16:44:17	60.11	449	1330	1226
9	16:45:17	60.12	450	1427	1252
10	16:46:18	60.12	449	1434	1333
11	16:47:18	60.11	450	1443	1425
12	16:48:18	60.11	450	1484	1463
13	16:49:18	60.13	449	1573	1505
14	16:50:18	60.11	450	1637	1593
15	16:51:18	60.12	449	1702	1678
16	16:52:18	60.12	449	1791	1744
17	16:53:18	60.12	450	1874	1811
18	16:54:19	60.11	450	1895	1905
19	16:55:19	60.13	450	1892	1903
20	16:56:19	54.94	449	1890	1900
21	16:57:14	19.64	450	1875	1887
22	16:57:33	60.41	450	1873	1886
23	16:58:34	60.12	450	1871	1884
24	16:59:34	60.12	451	1868	1882
25	17:00:34	60.13	504	1867	1882
26	17:01:34	60.12	628	1867	1881
27	17:02:34	50.43	820	1867	1882
28	17:03:25	60.27	1030	1866	1882
29	17:04:25	60.10	1345	1866	1882
30	17:05:25	60.11	1692	1866	1882
31	17:06:25	60.11	2040	1866	1882
32	17:07:25	60.12	2387	1866	1882
33	17:08:25	60.10	2734	1866	1882
34	17:09:26	60.12	3088	1865	1882
35	17:10:26	60.12	3435	1865	1882
36	17:11:26	60.11	3783	1865	1882
37	17:12:26	60.13	4130	1865	1882
38	17:13:26	60.12	4477	1864	1881
39	17:14:26	60.11	4825	1864	1881
40	17:15:26	60.11	5172	1864	1881
41	17:16:26	60.12	5520	1863	1881
42	17:17:26	60.11	5867	1863	1881
43	17:18:27	60.12	6220	1862	1881
44	17:19:27	21.40	6499	1861	1881
45	17:19:48	10.41	6499	1861	1881
46	17:19:58	60.08	6499	1860	1880
47	17:20:59	60.09	6499	1860	1880
48	17:21:59	60.12	6499	1860	1881
49	17:22:59	60.11	6499	1860	1881
50	17:23:59	60.11	6499	1860	1881
51	17:24:59	60.11	6499	1859	1881
52	17:25:59	60.12	6499	1858	1880
53	17:26:59	60.12	6499	1857	1880
54	17:27:59	60.12	6499	1856	1880
55	17:28:59	60.10	6499	1855	1880
56	17:30:00	60.11	6499	1854	1880
57	17:31:00	19.37	6499	1854	1880
58	17:31:19	60.27	6499	1853	1880
59	17:32:19	60.11	6499	1853	1879
60	17:33:19	60.11	6499	1852	1879
61	17:34:20	60.12	6499	1850	1878
62	17:35:20	60.11	6499	1848	1877
63	17:36:20	60.12	6499	1847	1876
64	17:37:20	60.11	6499	1846	1874
65	17:38:20	60.11	6499	1844	1873
66	17:39:20	60.12	6499	1843	1872
67	17:40:20	21.04	6499	1842	1872
68	17:40:41	38.97	6499	1842	1871
69	17:41:20	60.44	6499	1841	1870
70	17:42:21	60.10	6499	1840	1869
71	17:43:21	60.11	6499	1839	1868
72	17:44:21	55.43	6499	1837	1867
73	17:45:16	34.83	6499	1836	1866
74	17:45:51	60.26	6499	1835	1865
75	17:46:51	60.11	6499	1834	1863
76	17:47:51	60.11	6499	1833	1862
77	17:48:52	60.12	6499	1831	1861
78	17:49:52	60.11	6499	1830	1859
79	17:50:52	60.11	6499	1829	1858
80	17:51:52	60.12	6499	1828	1857
81	17:52:52	60.11	6499	1827	1856
82	17:53:52	60.12	6499	1825	1854
83	17:54:52	60.12	6499	1824	1854
84	17:55:52	60.11	6499	1823	1853
85	17:56:53	60.11	6499	1822	1852
86	17:57:53	60.11	6499	1821	1851
87	17:58:53	60.12	6499	1819	1850
88	17:59:53	60.10	6499	1818	1849
89	18:00:53	60.12	6499	1817	1848
90	18:01:53	60.12	6499	1816	1847
91	18:02:53	60.11	6499	1815	1846
92	18:03:53	60.11	6499	1814	1845
93	18:04:53	60.12	6499	1813	1844
94	18:05:54	60.10	6499	1811	1843
95	18:06:54	60.12	6499	1810	1842
96	18:07:54	60.12	6499	1809	1841
97	18:08:54	60.11	6499	1808	1840
98	18:09:54	60.11	6499	1807	1839
99	18:10:54	60.13	6499	1806	1838
100	18:11:54	60.10	6499	1805	1837
101	18:12:54	60.11	6499	1804	1836
102	18:13:54	60.11	6499	1803	1835
103	18:14:55	60.12	6499	1802	1835
104	18:15:55	60.11	6499	1800	1834
105	18:16:55	60.11	6499	1799	1833
106	18:17:55	60.12	6499	1798	1832
107	18:18:55	32.59	6499	1797	1831
108	18:19:28	24.61	6499	1797	1831
109	18:19:52	60.46	6499	1796	1830
110	18:20:53	60.07	6499	1795	1829
111	18:21:53	60.11	6499	1794	1828
112	18:22:53	60.10	6499	1793	1827
113	18:23:53	60.11	6499	1792	1826
114	18:24:53	60.13	6499	1791	1825
115	18:25:53	60.12	6499	1790	1825
116	18:26:53	60.11	6499	1789	1824
117	18:27:53	60.10	6499	1788	1823
118	18:28:54	60.11	6499	1787	1822
119	18:29:54	60.11	6499	1786	1821
120	18:30:54	60.11	6499	1785	1820
121	18:31:54	60.12	6499	1784	1819
122	18:32:54	60.11	6499	1783	1818
123	18:33:54	60.11	6499	1782	1818
124	18:34:54	60.12	6499	1781	1817
125	18:35:54	37.62	6499	1780	1816
126	18:36:32	13.87	6499	1779	1816
127	18:36:46	24.96	6499	1779	1815
128	18:37:11	60.04	6499	1778	1815
129	18:38:11	60.11	6499	1777	1814
130	18:39:11	60.12	6499	1776	1813
131	18:40:11	60.10	6499	1775	1812
132	18:41:11	60.11	6499	1774	1811
133	18:42:11	60.12	6499	1773	1810
134	18:43:11	55.24	6499	1772	1810
135	18:44:07	60.21	6499	1771	1809
136	18:45:07	58.91	6499	1770	1808
137	18:46:06	17.68	6499	1770	1807
138	18:46:23	60.41	6499	1769	1807
139	18:47:24	60.11	6499	1768	1806
140	18:48:24	60.11	6499	1767	1805
141	18:49:24	60.11	6499	1766	1804
142	18:50:24	60.13	6499	1765	1803
143	18:51:24	60.11	6499	1764	1803
144	18:52:24	60.11	6499	1763	1802
145	18:53:25	60.11	6499	1762	1801
146	18:54:25	60.11	6499	1761	1800
147	18:55:25	60.11	6499	1760	1799
148	18:56:25	60.12	6499	1759	1798
149	18:57:25	60.12	6499	1758	1797
150	18:58:25	60.12	6499	1757	1796
151	18:59:25	60.11	6499	1756	1796
152	19:00:25	60.12	6499	1755	1795
153	19:01:25	60.11	6499	1754	1794
154	19:02:26	60.11	6499	1753	1793
155	19:03:26	60.10	6499	1752	1792
156	19:04:26	60.11	6499	1751	1791
157	19:05:26	60.12	6499	1750	1790
158	19:06:26	60.12	6499	1749	1789
159	19:07:26	60.12	6499	1748	1789
160	19:08:26	60.10	6499	1747	1788
161	19:09:26	60.12	6499	1746	1787
162	19:10:26	60.12	6499	1746	1786
163	19:11:27	60.12	6499	1745	1785
164	19:12:27	60.11	6499	1744	1784
165	19:13:27	60.12	6499	1743	1784
166	19:14:27	60.10	6499	1742	1783
167	19:15:27	60.12	6499	1741	1782
168	19:16:27	60.13	6499	1740	1781
169	19:17:27	60.11	6499	1739	1780
170	19:18:27	60.11	6499	1738	1779
171	19:19:27	60.11	6499	1737	1778
172	19:20:28	60.04	6499	1736	1778
173	19:21:28	27.32	6499	1735	1777
174	19:21:55	60.09	6499	1735	1776
175	19:22:55	10.26	6499	1734	1776
176	19:23:05	60.11	6499	1734	1775
177	19:24:05	60.10	6499	1733	1775
178	19:25:06	60.11	6499	1732	1774
179	19:26:06	60.12	6499	1731	1773
180	19:27:06	60.11	6499	1730	1772
181	19:28:06	60.12	6499	1729	1771
182	19:29:06	60.11	6499	1728	1770
183	19:30:06	60.13	6499	1727	1770
184	19:31:06	60.11	6499	1726	1769
185	19:32:06	60.12	6499	1725	1768
186	19:33:06	60.10	6499	1724	1767
187	19:34:07	60.13	6499	1724	1766
188	19:35:07	60.11	6499	1723	1765
189	19:36:07	60.11	6499	1722	1765
190	19:37:07	60.11	6499	1721	1764
191	19:38:07	60.11	6499	1720	1763
192	19:39:07	60.11	6499	1719	1762
193	19:40:07	60.11	6499	1718	1761
194	19:41:07	60.12	6499	1717	1760
195	19:42:07	60.12	6499	1716	1760
196	19:43:08	60.11	6499	1715	1759
197	19:44:08	60.11	6499	1714	1758
198	19:45:08	60.11	6499	1713	1757
199	19:46:08	60.11	6499	1712	1756
200	19:47:08	60.11	6499	1711	1755
201	19:48:08	60.11	6499	1710	1755
202	19:49:08	39.62	6499	1709	1754
203	19:49:48	60.05	6499	1708	1753
204	19:50:48	10.27	6499	1708	1753
205	19:50:58	60.12	6499	1707	1752
206	19:51:58	60.11	6499	1706	1751
207	19:52:58	60.11	6499	1705	1751
208	19:53:59	60.13	6499	1704	1750
209	19:54:59	60.11	6499	1703	1749
210	19:55:59	60.11	6499	1702	1748
211	19:56:59	60.11	6499	1701	1747
212	19:57:59	60.11	6499	1700	1746
213	19:58:59	60.12	6499	1699	1745
214	19:59:59	60.12	6499	1698	1745
215	20:00:59	60.11	6499	1697	1744
216	20:01:59	60.12	6499	1696	1743
217	20:03:00	60.12	6499	1695	1742
218	20:04:00	60.13	6499	1695	1741
219	20:05:00	60.12	6499	1694	1740
220	20:06:00	60.13	6499	1693	1740
221	20:07:00	60.12	6499	1692	1739
222	20:08:00	60.11	6499	1691	1738
223	20:09:00	60.12	6499	1690	1737
224	20:10:00	60.10	6499	1689	1736
225	20:11:01	60.12	6499	1688	1735
226	20:12:01	60.11	6499	1687	1735
227	20:13:01	60.10	6499	1686	1734
228	20:14:01	60.12	6499	1685	1733
229	20:15:01	60.11	6499	1684	1732
230	20:16:01	60.13	6499	1683	1731
231	20:17:01	60.12	6499	1682	1730
232	20:18:01	10.26	6499	1682	1730
233	20:18:12	43.04	6499	1681	1730
234	20:18:55	60.41	6499	1681	1729
235	20:19:55	60.07	6499	1680	1728
236	20:20:55	60.08	6499	1679	1727
237	20:21:55	60.11	6499	1678	1726
238	20:22:55	60.12	6499	1677	1726
239	20:23:55	60.10	6499	1676	1725
240	20:24:56	60.12	6499	1675	1724
241	20:25:56	60.10	6499	1674	1723
242	20:26:56	60.11	6499	1673	1722
243	20:27:56	60.11	6499	1672	1722
244	20:28:56	60.11	6499	1672	1721
245	20:29:56	59.55	6499	1671	1720
246	20:30:56	60.17	6499	1670	1719
247	20:31:56	60.11	6499	1669	1718
248	20:32:56	60.10	6499	1668	1718
249	20:33:56	60.12	6499	1667	1717
250	20:34:56	60.11	6499	1666	1716
251	20:35:56	60.11	6499	1665	1715
252	20:36:56	60.12	6499	1665	1714
253	20:37:56	60.13	6499	1664	1714
254	20:38:57	60.11	6499	1663	1713
255	20:39:57	60.11	6499	1662	1712
256	20:40:57	60.11	6499	1661	1711
257	20:41:57	60.11	6499	1660	1710
258	20:42:57	60.11	6499	1659	1709
259	20:43:57	60.12	6499	1659	1709
260	20:44:57	60.12	6499	1658	1708
261	20:45:57	60.12	6499	1657	1707
262	20:46:57	55.79	6499	1656	1706
263	20:47:53	56.30	6499	1655	1705
264	20:48:50	36.28	6499	31.96	35.38
265	20:49:26	10.17	6499	0	0
266	20:49:36	22.11	6499	0	0
267	20:49:58	60.55	6499	0	0
268	20:50:59	60.12	6499	0	0
269	20:51:59	60.12	6500	0	0
270	20:52:59	12.51	6501	0	0
Created by AtlRunQuery on: 2018-09-02 19:01:32.596499
