LHC beam energy and intensities during run 334413:
(Begin/end of run: Mon Aug 28 2017 14:57:39 − Tue Aug 29, 06:38:29)

LB	   Start time
(CEST)	   Duration
(sec)	   Beam energy
(GeV)	   Intensity Beam-1
(1e11 protons)	   Intensity Beam-2
(1e11 protons)
1	14:57:39	60.12	450	1.732	9.946
2	14:58:40	60.12	449	12.46	12.24
3	14:59:40	10.27	450	12.45	12.24
4	14:59:50	14.67	450	12.44	12.23
5	15:00:05	10.12	450	12.44	12.23
6	15:00:15	23.64	449	12.43	12.23
7	15:00:38	60.50	450	12.42	12.21
8	15:01:39	60.12	450	12.4	12.19
9	15:02:39	60.12	450	48.99	12.17
10	15:03:39	60.12	450	112.7	12.1
11	15:04:39	60.11	450	112.5	12.08
12	15:05:39	60.12	450	112.4	12.07
13	15:06:39	60.11	449	143.5	108.4
14	15:07:40	60.10	450	218.4	176
15	15:08:40	60.12	450	316.8	244.2
16	15:09:40	60.12	450	384.6	323.3
17	15:10:40	60.12	450	452.4	418.4
18	15:11:40	60.12	449	536.1	486.7
19	15:12:40	60.12	450	628	555.7
20	15:13:40	60.12	449	696.8	643.2
21	15:14:40	60.11	449	765.4	642.5
22	15:15:40	60.12	449	856.5	692.7
23	15:16:41	60.11	450	855.4	761.5
24	15:17:41	60.10	449	854.8	856.9
25	15:18:41	60.12	450	861.9	856.8
26	15:19:41	60.09	450	959.6	899
27	15:20:41	60.07	450	1035	968
28	15:21:41	60.12	450	1103	1070
29	15:22:41	60.13	450	1173	1142
30	15:23:41	60.12	450	1279	1210
31	15:24:41	60.10	450	1279	1283
32	15:25:42	60.11	450	1308	1283
33	15:26:42	60.12	450	1382	1348
34	15:27:42	60.11	450	1480	1415
35	15:28:42	60.13	450	1547	1496
36	15:29:42	60.11	450	1615	1592
37	15:30:42	60.12	450	1698	1661
38	15:31:42	60.12	450	1697	1709
39	15:32:42	60.12	449	1695	1707
40	15:33:43	60.11	450	1693	1705
41	15:34:43	60.12	450	1691	1704
42	15:35:43	16.55	486	1690	1703
43	15:35:59	37.17	508	1678	1691
44	15:36:36	60.48	579	1677	1691
45	15:37:37	60.11	753	1677	1691
46	15:38:37	13.91	985	1677	1691
47	15:38:51	60.22	1048	1676	1690
48	15:39:51	60.12	1368	1676	1690
49	15:40:51	60.11	1716	1676	1690
50	15:41:51	60.10	2063	1676	1690
51	15:42:52	60.12	2416	1676	1690
52	15:43:52	60.11	2763	1676	1690
53	15:44:52	60.10	3111	1675	1690
54	15:45:52	60.11	3458	1675	1690
55	15:46:52	60.12	3806	1675	1690
56	15:47:52	60.12	4153	1674	1690
57	15:48:52	60.13	4501	1674	1690
58	15:49:52	60.12	4848	1674	1690
59	15:50:52	60.11	5195	1673	1690
60	15:51:53	60.12	5549	1673	1689
61	15:52:53	60.12	5896	1673	1689
62	15:53:53	60.11	6243	1671	1688
63	15:54:53	14.68	6499	1670	1688
64	15:55:08	10.12	6499	1670	1688
65	15:55:18	60.36	6499	1670	1688
66	15:56:18	60.11	6499	1670	1688
67	15:57:18	60.11	6499	1670	1688
68	15:58:18	60.12	6499	1670	1688
69	15:59:18	60.12	6499	1669	1688
70	16:00:19	60.12	6499	1669	1688
71	16:01:19	60.11	6499	1668	1688
72	16:02:19	60.11	6499	1667	1687
73	16:03:19	60.11	6499	1667	1687
74	16:04:19	60.12	6499	1666	1687
75	16:05:19	60.12	6499	1665	1688
76	16:06:19	21.19	6499	1665	1688
77	16:06:40	60.46	6499	1665	1688
78	16:07:41	60.11	6499	1664	1688
79	16:08:41	60.11	6499	1664	1687
80	16:09:41	60.10	6499	1662	1686
81	16:10:41	60.12	6499	1660	1685
82	16:11:41	60.12	6499	1657	1684
83	16:12:41	60.11	6499	1655	1683
84	16:13:42	60.10	6499	1653	1682
85	16:14:42	39.46	6499	1652	1681
86	16:15:21	51.92	6499	1651	1681
87	16:16:13	28.85	6499	1650	1680
88	16:16:42	60.42	6499	1649	1679
89	16:17:42	60.12	6499	1647	1678
90	16:18:42	10.26	6499	1646	1677
91	16:18:53	20.26	6499	1646	1677
92	16:19:13	60.46	6499	1645	1676
93	16:20:13	60.04	6499	1644	1675
94	16:21:13	60.10	6499	1643	1674
95	16:22:14	60.11	6499	1641	1673
96	16:23:14	60.13	6499	1640	1672
97	16:24:14	60.13	6499	1639	1672
98	16:25:14	60.10	6499	1638	1671
99	16:26:14	60.11	6499	1636	1670
100	16:27:14	60.12	6499	1635	1669
101	16:28:14	60.12	6499	1634	1668
102	16:29:14	60.11	6499	1633	1666
103	16:30:14	60.11	6499	1632	1665
104	16:31:15	60.11	6499	1631	1664
105	16:32:15	60.12	6499	1630	1664
106	16:33:15	60.10	6499	1628	1663
107	16:34:15	60.10	6499	1627	1663
108	16:35:15	60.11	6499	1626	1662
109	16:36:15	60.11	6499	1625	1661
110	16:37:15	60.11	6499	1624	1660
111	16:38:15	60.11	6499	1623	1659
112	16:39:15	32.53	6499	1622	1658
113	16:39:48	60.38	6499	1621	1658
114	16:40:48	26.01	6499	1621	1657
115	16:41:14	60.49	6499	1620	1656
116	16:42:15	60.11	6499	1619	1656
117	16:43:15	60.11	6499	1618	1655
118	16:44:15	60.12	6499	1617	1654
119	16:45:15	60.11	6499	1616	1653
120	16:46:15	60.11	6499	1614	1652
121	16:47:15	60.11	6499	1613	1651
122	16:48:16	60.11	6499	1612	1650
123	16:49:16	60.12	6499	1611	1649
124	16:50:16	60.10	6499	1610	1649
125	16:51:16	60.11	6499	1609	1648
126	16:52:16	60.12	6499	1608	1647
127	16:53:16	60.11	6499	1607	1646
128	16:54:16	23.69	6499	1607	1645
129	16:54:40	60.20	6499	1606	1645
130	16:55:40	60.11	6499	1605	1644
131	16:56:40	60.10	6499	1604	1643
132	16:57:40	60.12	6499	1603	1642
133	16:58:40	60.10	6499	1602	1641
134	16:59:41	60.12	6499	1601	1641
135	17:00:41	60.12	6499	1600	1640
136	17:01:41	60.11	6499	1599	1639
137	17:02:41	60.11	6499	1598	1638
138	17:03:41	60.12	6499	1597	1637
139	17:04:41	60.11	6499	1596	1636
140	17:05:41	60.13	6499	1595	1636
141	17:06:41	60.12	6499	1594	1635
142	17:07:41	60.11	6499	1593	1634
143	17:08:42	60.11	6499	1592	1633
144	17:09:42	60.09	6499	1591	1632
145	17:10:42	60.11	6499	1590	1631
146	17:11:42	60.10	6499	1589	1631
147	17:12:42	60.11	6499	1588	1630
148	17:13:42	60.11	6499	1587	1629
149	17:14:42	60.11	6499	1586	1628
150	17:15:42	60.11	6499	1586	1627
151	17:16:42	60.12	6499	1585	1627
152	17:17:43	60.11	6499	1584	1626
153	17:18:43	60.12	6499	1583	1625
154	17:19:43	60.10	6499	1582	1624
155	17:20:43	60.08	6499	1581	1623
156	17:21:43	60.11	6499	1580	1622
157	17:22:43	60.12	6499	1579	1622
158	17:23:43	60.11	6499	1578	1621
159	17:24:43	60.12	6499	1577	1620
160	17:25:43	10.27	6499	1577	1620
161	17:25:54	60.37	6499	1576	1619
162	17:26:54	60.11	6499	1575	1618
163	17:27:54	60.11	6499	1574	1617
164	17:28:54	60.11	6499	1574	1617
165	17:29:54	17.31	6499	1573	1616
166	17:30:12	36.85	6499	1572	1616
167	17:30:49	18.16	6499	1572	1615
168	17:31:07	60.18	6499	1572	1615
169	17:32:07	28.83	6499	1571	1614
170	17:32:36	60.08	6499	1570	1614
171	17:33:36	60.12	6499	1569	1613
172	17:34:36	32.75	6499	1569	1612
173	17:35:09	14.42	6499	1568	1612
174	17:35:23	25.33	6499	1568	1612
175	17:35:48	60.23	6499	1567	1611
176	17:36:49	60.11	6499	1566	1610
177	17:37:49	60.11	6499	1565	1610
178	17:38:49	60.11	6499	1565	1609
179	17:39:49	60.12	6499	1564	1608
180	17:40:49	60.10	6499	1563	1607
181	17:41:49	49.14	6499	1562	1606
182	17:42:38	60.04	6499	1561	1606
183	17:43:38	60.12	6499	1560	1605
184	17:44:39	60.12	6499	1559	1604
185	17:45:39	60.11	6499	1559	1603
186	17:46:39	60.12	6499	1558	1603
187	17:47:39	60.11	6499	1557	1602
188	17:48:39	60.10	6499	1556	1601
189	17:49:39	60.11	6499	1555	1600
190	17:50:39	60.12	6499	1554	1599
191	17:51:39	60.11	6499	1553	1599
192	17:52:39	60.11	6499	1553	1598
193	17:53:40	60.11	6499	1552	1597
194	17:54:40	45.38	6499	1551	1596
195	17:55:25	60.06	6499	1550	1596
196	17:56:25	60.11	6499	1549	1595
197	17:57:25	60.12	6499	1549	1594
198	17:58:25	60.11	6499	1548	1593
199	17:59:25	60.12	6499	1547	1593
200	18:00:26	60.11	6499	1546	1592
201	18:01:26	60.12	6499	1545	1591
202	18:02:26	60.12	6499	1544	1590
203	18:03:26	51.37	6499	1543	1590
204	18:04:17	30.91	6499	1543	1589
205	18:04:48	60.48	6499	1542	1588
206	18:05:49	60.11	6499	1541	1588
207	18:06:49	60.12	6499	1541	1587
208	18:07:49	60.11	6499	1540	1586
209	18:08:49	60.12	6499	1539	1585
210	18:09:49	60.11	6499	1538	1585
211	18:10:49	60.12	6499	1537	1584
212	18:11:49	60.11	6499	1536	1583
213	18:12:49	60.11	6499	1535	1582
214	18:13:50	60.11	6499	1534	1581
215	18:14:50	60.11	6499	1533	1581
216	18:15:50	60.11	6499	1532	1580
217	18:16:50	60.12	6499	1531	1579
218	18:17:50	60.11	6499	1530	1578
219	18:18:50	60.11	6499	1529	1577
220	18:19:50	60.08	6499	1528	1577
221	18:20:50	60.09	6499	1527	1576
222	18:21:50	60.11	6499	1527	1575
223	18:22:51	60.12	6499	1526	1574
224	18:23:51	60.11	6499	1525	1574
225	18:24:51	60.13	6499	1524	1573
226	18:25:51	60.10	6499	1523	1572
227	18:26:51	60.12	6499	1522	1571
228	18:27:51	60.11	6499	1521	1570
229	18:28:51	60.12	6499	1521	1570
230	18:29:51	14.36	6499	1520	1569
231	18:30:06	60.27	6499	1519	1569
232	18:31:06	60.12	6499	1519	1568
233	18:32:06	60.12	6499	1518	1567
234	18:33:06	60.12	6499	1517	1566
235	18:34:06	60.12	6499	1516	1566
236	18:35:06	60.11	6499	1515	1565
237	18:36:07	55.17	6499	1514	1564
238	18:37:02	60.30	6499	1514	1563
239	18:38:02	60.11	6499	1513	1563
240	18:39:02	60.11	6499	1512	1562
241	18:40:02	60.10	6499	1511	1561
242	18:41:02	60.12	6499	1510	1560
243	18:42:02	60.10	6499	1509	1559
244	18:43:03	60.12	6499	1508	1559
245	18:44:03	60.11	6499	1508	1558
246	18:45:03	60.12	6499	1507	1557
247	18:46:03	60.11	6499	1506	1556
248	18:47:03	60.12	6499	1505	1556
249	18:48:03	60.11	6499	1504	1555
250	18:49:03	60.12	6499	1503	1554
251	18:50:03	60.10	6499	1503	1553
252	18:51:03	60.12	6499	1502	1552
253	18:52:04	60.10	6499	1501	1552
254	18:53:04	60.10	6499	1500	1551
255	18:54:04	60.11	6499	1499	1550
256	18:55:04	60.12	6499	1499	1549
257	18:56:04	60.12	6499	1498	1549
258	18:57:04	60.11	6499	1497	1548
259	18:58:04	60.10	6499	1496	1547
260	18:59:04	60.11	6499	1495	1546
261	19:00:04	60.12	6499	1494	1546
262	19:01:05	60.11	6499	1494	1545
263	19:02:05	60.12	6499	1493	1544
264	19:03:05	60.11	6499	1492	1543
265	19:04:05	60.12	6499	1491	1543
266	19:05:05	60.11	6499	1490	1542
267	19:06:05	60.11	6499	1490	1541
268	19:07:05	60.12	6499	1489	1540
269	19:08:05	60.11	6499	1488	1540
270	19:09:05	60.11	6499	1487	1539
271	19:10:06	60.11	6499	1486	1538
272	19:11:06	60.11	6499	1486	1537
273	19:12:06	60.11	6499	1485	1536
274	19:13:06	60.12	6499	1484	1536
275	19:14:06	60.10	6499	1483	1535
276	19:15:06	60.11	6499	1482	1534
277	19:16:06	60.11	6499	1482	1533
278	19:17:06	60.11	6499	1481	1533
279	19:18:06	60.10	6499	1480	1532
280	19:19:07	60.11	6499	1479	1531
281	19:20:07	60.08	6499	1478	1530
282	19:21:07	60.10	6499	1478	1530
283	19:22:07	60.11	6499	1477	1529
284	19:23:07	60.12	6499	1476	1528
285	19:24:07	53.57	6499	1475	1528
286	19:25:01	60.40	6499	1474	1527
287	19:26:01	60.11	6499	1474	1526
288	19:27:01	60.11	6499	1473	1525
289	19:28:01	60.12	6499	1472	1525
290	19:29:01	60.11	6499	1471	1524
291	19:30:02	60.12	6499	1471	1523
292	19:31:02	60.11	6499	1470	1522
293	19:32:02	60.11	6499	1469	1522
294	19:33:02	60.11	6499	1468	1521
295	19:34:02	60.12	6499	1468	1520
296	19:35:02	60.11	6499	1467	1520
297	19:36:02	60.11	6499	1466	1519
298	19:37:02	60.13	6499	1465	1518
299	19:38:02	60.11	6499	1464	1517
300	19:39:03	60.12	6499	1464	1517
301	19:40:03	60.11	6499	1463	1516
302	19:41:03	60.11	6499	1462	1515
303	19:42:03	60.12	6499	1461	1514
304	19:43:03	60.11	6499	1461	1514
305	19:44:03	60.12	6499	1460	1513
306	19:45:03	60.12	6499	1459	1512
307	19:46:03	60.12	6499	1458	1511
308	19:47:03	60.12	6499	1458	1511
309	19:48:04	60.11	6499	1457	1510
310	19:49:04	60.12	6499	1456	1509
311	19:50:04	60.11	6499	1455	1509
312	19:51:04	60.11	6499	1455	1508
313	19:52:04	60.12	6499	1454	1507
314	19:53:04	60.12	6499	1453	1506
315	19:54:04	60.12	6499	1452	1506
316	19:55:04	60.10	6499	1452	1505
317	19:56:05	60.12	6499	1451	1504
318	19:57:05	60.11	6499	1450	1504
319	19:58:05	60.12	6499	1449	1503
320	19:59:05	60.11	6499	1449	1502
321	20:00:05	60.11	6499	1448	1501
322	20:01:05	60.11	6499	1447	1501
323	20:02:05	60.11	6499	1446	1500
324	20:03:05	60.11	6499	1446	1499
325	20:04:05	60.13	6499	1445	1498
326	20:05:06	60.12	6499	1444	1498
327	20:06:06	60.11	6499	1443	1497
328	20:07:06	60.11	6499	1443	1496
329	20:08:06	60.11	6499	1442	1496
330	20:09:06	60.12	6499	1441	1495
331	20:10:06	60.10	6499	1440	1494
332	20:11:06	60.12	6499	1439	1493
333	20:12:06	60.12	6499	1438	1493
334	20:13:06	60.12	6499	1437	1492
335	20:14:07	60.12	6499	1437	1491
336	20:15:07	60.12	6499	1436	1491
337	20:16:07	60.12	6499	1435	1490
338	20:17:07	60.12	6499	1434	1489
339	20:18:07	60.11	6499	1433	1488
340	20:19:07	60.12	6499	1432	1488
341	20:20:07	60.08	6499	1431	1487
342	20:21:07	60.09	6499	1431	1486
343	20:22:07	60.11	6499	1430	1486
344	20:23:08	60.10	6499	1429	1485
345	20:24:08	60.12	6499	1428	1484
346	20:25:08	60.12	6499	1427	1483
347	20:26:08	60.11	6499	1427	1483
348	20:27:08	60.11	6499	1426	1482
349	20:28:08	60.12	6499	1425	1481
350	20:29:08	60.12	6499	1424	1480
351	20:30:08	60.11	6499	1423	1480
352	20:31:09	60.13	6499	1423	1479
353	20:32:09	60.11	6499	1422	1478
354	20:33:09	60.11	6499	1421	1478
355	20:34:09	60.12	6499	1420	1477
356	20:35:09	60.12	6499	1420	1476
357	20:36:09	60.13	6499	1419	1475
358	20:37:09	60.11	6499	1418	1475
359	20:38:09	60.13	6499	1417	1474
360	20:39:09	60.11	6499	1416	1473
361	20:40:10	60.11	6499	1416	1473
362	20:41:10	60.11	6499	1415	1472
363	20:42:10	60.11	6499	1414	1471
364	20:43:10	60.11	6499	1413	1471
365	20:44:10	60.12	6499	1412	1470
366	20:45:10	58.57	6499	1412	1469
367	20:46:09	60.40	6499	1411	1469
368	20:47:09	60.10	6499	1410	1468
369	20:48:09	60.12	6499	1409	1467
370	20:49:09	60.12	6499	1409	1466
371	20:50:09	60.11	6499	1408	1466
372	20:51:10	60.11	6499	1407	1465
373	20:52:10	60.10	6499	1406	1464
374	20:53:10	10.27	6499	1406	1464
375	20:53:20	60.12	6499	1406	1464
376	20:54:20	10.27	6499	1405	1463
377	20:54:30	60.11	6499	1405	1463
378	20:55:31	60.12	6499	1404	1462
379	20:56:31	60.12	6499	1403	1461
380	20:57:31	60.11	6499	1402	1461
381	20:58:31	60.10	6499	1402	1460
382	20:59:31	60.12	6499	1401	1459
383	21:00:31	60.12	6499	1400	1459
384	21:01:31	60.10	6499	1399	1458
385	21:02:31	60.10	6499	1399	1457
386	21:03:31	60.12	6499	1398	1457
387	21:04:32	60.12	6499	1397	1456
388	21:05:32	60.12	6499	1396	1455
389	21:06:32	60.12	6499	1396	1455
390	21:07:32	60.12	6499	1395	1454
391	21:08:32	60.11	6499	1394	1453
392	21:09:32	60.12	6499	1393	1453
393	21:10:32	60.11	6499	1393	1452
394	21:11:32	60.11	6499	1392	1451
395	21:12:32	60.11	6499	1391	1450
396	21:13:33	60.11	6499	1390	1450
397	21:14:33	60.11	6499	1390	1449
398	21:15:33	60.11	6499	1389	1448
399	21:16:33	60.11	6499	1388	1448
400	21:17:33	60.11	6499	1388	1447
401	21:18:33	60.12	6499	1387	1446
402	21:19:33	60.10	6499	1386	1446
403	21:20:33	60.05	6499	1385	1445
404	21:21:33	60.10	6499	1385	1444
405	21:22:34	60.12	6499	1384	1444
406	21:23:34	60.10	6499	1383	1443
407	21:24:34	60.11	6499	1382	1442
408	21:25:34	60.12	6499	1382	1442
409	21:26:34	60.10	6499	1381	1441
410	21:27:34	60.10	6499	1380	1440
411	21:28:34	60.12	6499	1380	1440
412	21:29:34	60.11	6499	1379	1439
413	21:30:34	60.12	6499	1378	1438
414	21:31:35	60.11	6499	1377	1438
415	21:32:35	60.10	6499	1377	1437
416	21:33:35	60.11	6499	1376	1436
417	21:34:35	60.10	6499	1375	1436
418	21:35:35	60.12	6499	1375	1435
419	21:36:35	60.11	6499	1374	1434
420	21:37:35	60.11	6499	1373	1434
421	21:38:35	60.12	6499	1373	1433
422	21:39:35	60.10	6499	1372	1432
423	21:40:35	60.12	6499	1371	1432
424	21:41:36	60.12	6499	1370	1431
425	21:42:36	60.12	6499	1370	1430
426	21:43:36	60.12	6499	1369	1430
427	21:44:36	60.11	6499	1368	1429
428	21:45:36	60.10	6499	1368	1428
429	21:46:36	60.12	6499	1367	1428
430	21:47:36	60.12	6499	1366	1427
431	21:48:36	60.11	6499	1366	1426
432	21:49:37	21.98	6499	1365	1426
433	21:49:59	61.21	6499	1365	1425
434	21:51:00	60.53	6499	1364	1425
435	21:52:00	60.60	6499	1363	1424
436	21:53:01	60.47	6499	1363	1423
437	21:54:01	60.53	6499	1362	1423
438	21:55:02	60.61	6499	1361	1422
439	21:56:02	60.58	6499	1360	1421
440	21:57:03	60.43	6499	1360	1421
441	21:58:03	60.57	6499	1359	1420
442	21:59:04	60.67	6499	1358	1419
443	22:00:05	59.59	6499	1358	1419
444	22:01:04	60.18	6499	1357	1418
445	22:02:04	10.27	6499	1357	1418
446	22:02:15	60.11	6499	1356	1417
447	22:03:15	19.70	6499	1356	1417
448	22:03:35	60.19	6499	1355	1417
449	22:04:35	60.11	6499	1355	1416
450	22:05:35	60.11	6499	1354	1415
451	22:06:35	60.13	6499	1353	1415
452	22:07:35	60.11	6499	1353	1414
453	22:08:35	60.12	6499	1352	1413
454	22:09:35	60.11	6499	1351	1413
455	22:10:35	60.10	6499	1351	1412
456	22:11:36	60.12	6499	1350	1411
457	22:12:36	60.12	6499	1349	1411
458	22:13:36	60.12	6499	1349	1410
459	22:14:36	60.12	6499	1348	1409
460	22:15:36	60.11	6499	1347	1409
461	22:16:36	60.10	6499	1347	1408
462	22:17:36	60.12	6499	1346	1408
463	22:18:36	60.11	6499	1345	1407
464	22:19:36	60.10	6499	1345	1406
465	22:20:37	60.09	6499	1344	1406
466	22:21:37	60.12	6499	1343	1405
467	22:22:37	60.11	6499	1343	1404
468	22:23:37	60.11	6499	1342	1404
469	22:24:37	60.12	6499	1341	1403
470	22:25:37	60.11	6499	1341	1402
471	22:26:37	60.10	6499	1340	1402
472	22:27:37	60.11	6499	1339	1401
473	22:28:37	60.11	6499	1339	1401
474	22:29:38	60.12	6499	1338	1400
475	22:30:38	60.11	6499	1337	1399
476	22:31:38	60.11	6499	1337	1399
477	22:32:38	60.12	6499	1336	1398
478	22:33:38	60.11	6499	1335	1397
479	22:34:38	60.11	6499	1335	1397
480	22:35:38	60.11	6499	1334	1396
481	22:36:38	60.11	6499	1333	1396
482	22:37:38	60.11	6499	1333	1395
483	22:38:39	60.11	6499	1332	1394
484	22:39:39	60.10	6499	1331	1394
485	22:40:39	60.11	6499	1331	1393
486	22:41:39	60.11	6499	1330	1393
487	22:42:39	60.11	6499	1329	1392
488	22:43:39	60.11	6499	1329	1391
489	22:44:39	60.11	6499	1328	1391
490	22:45:39	60.12	6499	1327	1390
491	22:46:39	60.11	6499	1327	1389
492	22:47:40	60.10	6499	1326	1389
493	22:48:40	60.11	6499	1326	1388
494	22:49:40	14.21	6499	1325	1388
495	22:49:54	60.42	6499	1325	1387
496	22:50:54	60.12	6499	1324	1387
497	22:51:55	60.12	6499	1323	1386
498	22:52:55	60.11	6499	1323	1386
499	22:53:55	60.11	6499	1322	1385
500	22:54:55	60.11	6499	1321	1384
501	22:55:55	60.11	6499	1321	1384
502	22:56:55	60.11	6499	1320	1383
503	22:57:55	60.11	6499	1320	1383
504	22:58:55	60.11	6499	1319	1382
505	22:59:55	60.11	6499	1318	1381
506	23:00:56	26.09	6499	1318	1381
507	23:01:22	60.05	6499	1317	1380
508	23:02:22	60.12	6499	1317	1380
509	23:03:22	60.10	6499	1316	1379
510	23:04:22	60.12	6499	1315	1379
511	23:05:22	60.11	6499	1315	1378
512	23:06:22	60.10	6499	1314	1377
513	23:07:22	60.11	6499	1314	1377
514	23:08:22	60.11	6499	1313	1376
515	23:09:22	60.11	6499	1312	1376
516	23:10:23	60.11	6499	1312	1375
517	23:11:23	60.12	6499	1311	1374
518	23:12:23	60.11	6499	1310	1374
519	23:13:23	60.12	6499	1310	1373
520	23:14:23	60.12	6499	1309	1373
521	23:15:23	60.12	6499	1309	1372
522	23:16:23	60.11	6499	1308	1371
523	23:17:23	60.10	6499	1307	1371
524	23:18:23	60.11	6499	1307	1370
525	23:19:24	60.11	6499	1306	1370
526	23:20:24	60.04	6499	1305	1369
527	23:21:24	60.11	6499	1305	1369
528	23:22:24	60.11	6499	1304	1368
529	23:23:24	60.11	6499	1304	1367
530	23:24:24	60.11	6499	1303	1367
531	23:25:24	60.11	6499	1302	1366
532	23:26:24	60.11	6499	1302	1366
533	23:27:24	60.10	6499	1301	1365
534	23:28:24	60.11	6499	1300	1364
535	23:29:25	60.11	6499	1300	1364
536	23:30:25	60.11	6499	1299	1363
537	23:31:25	60.11	6499	1299	1363
538	23:32:25	60.11	6499	1298	1362
539	23:33:25	60.11	6499	1297	1362
540	23:34:25	60.11	6499	1297	1361
541	23:35:25	60.12	6499	1296	1360
542	23:36:25	60.10	6499	1296	1360
543	23:37:25	60.11	6499	1295	1359
544	23:38:26	60.10	6499	1294	1359
545	23:39:26	60.12	6499	1294	1358
546	23:40:26	60.11	6499	1293	1357
547	23:41:26	60.13	6499	1293	1357
548	23:42:26	60.11	6499	1292	1356
549	23:43:26	60.10	6499	1291	1356
550	23:44:26	60.11	6499	1291	1355
551	23:45:26	60.12	6499	1290	1355
552	23:46:26	60.11	6499	1290	1354
553	23:47:27	60.12	6499	1289	1353
554	23:48:27	60.11	6499	1288	1353
555	23:49:27	60.12	6499	1288	1352
556	23:50:27	60.11	6499	1287	1352
557	23:51:27	60.13	6499	1287	1351
558	23:52:27	60.12	6499	1286	1351
559	23:53:27	60.11	6499	1286	1350
560	23:54:27	60.10	6499	1285	1349
561	23:55:28	60.10	6499	1284	1349
562	23:56:28	60.10	6499	1284	1348
563	23:57:28	60.10	6499	1283	1348
564	23:58:28	60.11	6499	1283	1347
565	23:59:28	60.11	6499	1282	1347
566	00:00:28	60.11	6499	1281	1346
567	00:01:28	60.11	6499	1281	1346
568	00:02:28	60.12	6499	1280	1345
569	00:03:28	60.11	6499	1280	1344
570	00:04:28	60.11	6499	1279	1344
571	00:05:29	60.12	6499	1278	1343
572	00:06:29	60.11	6499	1278	1343
573	00:07:29	60.12	6499	1277	1342
574	00:08:29	60.10	6499	1277	1342
575	00:09:29	60.11	6499	1276	1341
576	00:10:29	60.12	6499	1275	1341
577	00:11:29	10.26	6499	1275	1340
578	00:11:40	60.37	6499	1275	1340
579	00:12:40	60.12	6499	1274	1339
580	00:13:40	60.12	6499	1274	1339
581	00:14:40	60.11	6499	1273	1338
582	00:15:40	60.11	6499	1272	1338
583	00:16:40	60.11	6499	1271	1337
584	00:17:40	60.12	6499	1271	1336
585	00:18:41	60.10	6499	1270	1336
586	00:19:41	60.09	6499	1269	1335
587	00:20:41	60.06	6499	1269	1335
588	00:21:41	60.12	6499	1268	1334
589	00:22:41	60.12	6499	1267	1334
590	00:23:41	60.11	6499	1266	1333
591	00:24:41	60.10	6499	1266	1333
592	00:25:41	60.13	6499	1265	1332
593	00:26:41	60.11	6499	1265	1331
594	00:27:42	60.11	6499	1264	1331
595	00:28:42	60.11	6499	1263	1330
596	00:29:42	60.11	6499	1263	1330
597	00:30:42	60.11	6499	1262	1329
598	00:31:42	60.11	6499	1261	1329
599	00:32:42	60.11	6499	1261	1328
600	00:33:42	60.12	6499	1260	1327
601	00:34:42	60.12	6499	1260	1327
602	00:35:42	60.13	6499	1259	1326
603	00:36:43	60.12	6499	1258	1326
604	00:37:43	60.11	6499	1258	1325
605	00:38:43	60.11	6499	1257	1325
606	00:39:43	60.11	6499	1257	1324
607	00:40:43	60.12	6499	1256	1323
608	00:41:43	60.11	6499	1255	1323
609	00:42:43	60.11	6499	1255	1322
610	00:43:43	60.11	6499	1254	1322
611	00:44:43	60.11	6499	1254	1321
612	00:45:44	60.12	6499	1253	1321
613	00:46:44	60.11	6499	1252	1320
614	00:47:44	60.12	6499	1252	1320
615	00:48:44	60.12	6499	1251	1319
616	00:49:44	60.11	6499	1251	1318
617	00:50:44	60.11	6499	1250	1318
618	00:51:44	60.11	6499	1249	1317
619	00:52:44	60.12	6499	1249	1317
620	00:53:44	60.11	6499	1248	1316
621	00:54:45	60.11	6499	1248	1316
622	00:55:45	60.11	6499	1247	1315
623	00:56:45	60.12	6499	1246	1315
624	00:57:45	60.10	6499	1246	1314
625	00:58:45	60.10	6499	1245	1314
626	00:59:45	60.12	6499	1245	1313
627	01:00:45	60.11	6499	1244	1312
628	01:01:45	60.11	6499	1244	1312
629	01:02:45	60.11	6499	1243	1311
630	01:03:46	60.12	6499	1242	1311
631	01:04:46	60.11	6499	1242	1310
632	01:05:46	60.12	6499	1241	1310
633	01:06:46	60.11	6499	1241	1309
634	01:07:46	60.12	6499	1240	1309
635	01:08:46	60.12	6499	1239	1308
636	01:09:46	60.10	6499	1239	1308
637	01:10:46	60.12	6499	1238	1307
638	01:11:46	60.11	6499	1238	1307
639	01:12:47	60.11	6499	1237	1306
640	01:13:47	60.12	6499	1237	1306
641	01:14:47	60.12	6499	1236	1305
642	01:15:47	60.12	6499	1235	1304
643	01:16:47	60.11	6499	1235	1304
644	01:17:47	60.11	6499	1234	1303
645	01:18:47	60.11	6499	1234	1303
646	01:19:47	60.08	6499	1233	1302
647	01:20:47	60.07	6499	1233	1302
648	01:21:48	60.12	6499	1232	1301
649	01:22:48	60.11	6499	1231	1301
650	01:23:48	60.11	6499	1231	1300
651	01:24:48	60.12	6499	1230	1300
652	01:25:48	60.12	6499	1230	1299
653	01:26:48	60.12	6499	1229	1299
654	01:27:48	60.13	6499	1229	1298
655	01:28:48	60.12	6499	1228	1298
656	01:29:48	60.12	6499	1227	1297
657	01:30:49	60.11	6499	1227	1296
658	01:31:49	60.11	6499	1226	1296
659	01:32:49	60.11	6499	1226	1295
660	01:33:49	60.13	6499	1225	1295
661	01:34:49	60.12	6499	1225	1294
662	01:35:49	60.10	6499	1224	1294
663	01:36:49	60.10	6499	1224	1293
664	01:37:49	60.12	6499	1223	1293
665	01:38:50	60.11	6499	1222	1292
666	01:39:50	60.12	6499	1222	1292
667	01:40:50	60.11	6499	1221	1291
668	01:41:50	60.11	6499	1221	1291
669	01:42:50	60.12	6499	1220	1290
670	01:43:50	60.11	6499	1220	1290
671	01:44:50	60.07	6499	1219	1289
672	01:45:50	60.33	6499	1218	1289
673	01:46:51	60.11	6499	1218	1288
674	01:47:51	60.12	6499	1217	1288
675	01:48:51	60.12	6499	1217	1287
676	01:49:51	60.11	6499	1216	1287
677	01:50:51	60.12	6499	1216	1286
678	01:51:51	60.11	6499	1215	1285
679	01:52:51	60.11	6499	1215	1285
680	01:53:51	60.11	6499	1214	1285
681	01:54:52	60.12	6499	1213	1284
682	01:55:52	60.11	6499	1213	1283
683	01:56:52	60.11	6499	1212	1283
684	01:57:52	60.11	6499	1212	1282
685	01:58:52	60.11	6499	1211	1282
686	01:59:52	60.12	6499	1211	1281
687	02:00:52	60.12	6499	1210	1281
688	02:01:52	60.12	6499	1210	1280
689	02:02:52	60.12	6499	1209	1280
690	02:03:53	60.12	6499	1208	1279
691	02:04:53	60.10	6499	1208	1279
692	02:05:53	60.12	6499	1207	1278
693	02:06:53	60.11	6499	1207	1278
694	02:07:53	60.11	6499	1206	1277
695	02:08:53	40.37	6499	1206	1277
696	02:09:34	60.31	6499	1205	1277
697	02:10:34	60.10	6499	1205	1276
698	02:11:34	60.11	6499	1204	1276
699	02:12:34	60.13	6499	1204	1275
700	02:13:34	60.11	6499	1203	1275
701	02:14:34	60.11	6499	1203	1274
702	02:15:34	60.11	6499	1202	1274
703	02:16:34	60.11	6499	1201	1273
704	02:17:35	60.11	6499	1201	1273
705	02:18:35	60.12	6499	1200	1272
706	02:19:35	60.10	6499	1200	1272
707	02:20:35	51.09	6499	1199	1271
708	02:21:26	60.07	6499	1199	1271
709	02:22:26	60.11	6499	1198	1270
710	02:23:26	60.11	6499	1198	1270
711	02:24:26	60.12	6499	1197	1269
712	02:25:26	60.11	6499	1197	1269
713	02:26:27	60.12	6499	1196	1268
714	02:27:27	60.12	6499	1196	1268
715	02:28:27	60.12	6499	1195	1267
716	02:29:27	60.12	6499	1194	1267
717	02:30:27	60.12	6499	1194	1266
718	02:31:27	60.11	6499	1193	1266
719	02:32:27	60.12	6499	1193	1265
720	02:33:27	60.12	6499	1192	1265
721	02:34:27	60.12	6499	1192	1264
722	02:35:28	60.11	6499	1191	1264
723	02:36:28	60.10	6499	1191	1263
724	02:37:28	60.12	6499	1190	1263
725	02:38:28	60.11	6499	1190	1262
726	02:39:28	60.12	6499	1189	1262
727	02:40:28	60.10	6499	1189	1261
728	02:41:28	60.11	6499	1188	1261
729	02:42:28	60.11	6499	1188	1260
730	02:43:28	60.11	6499	1187	1260
731	02:44:29	60.12	6499	1187	1259
732	02:45:29	60.12	6499	1186	1259
733	02:46:29	60.11	6499	1186	1258
734	02:47:29	60.10	6499	1185	1258
735	02:48:29	60.11	6499	1184	1257
736	02:49:29	60.12	6499	1184	1257
737	02:50:29	60.12	6499	1183	1256
738	02:51:29	60.11	6499	1183	1256
739	02:52:29	60.11	6499	1182	1255
740	02:53:30	60.12	6499	1182	1255
741	02:54:30	60.11	6499	1181	1254
742	02:55:30	60.10	6499	1181	1254
743	02:56:30	60.11	6499	1180	1253
744	02:57:30	60.12	6499	1180	1253
745	02:58:30	60.11	6499	1179	1253
746	02:59:30	60.10	6499	1179	1252
747	03:00:30	60.11	6499	1178	1252
748	03:01:30	60.12	6499	1178	1251
749	03:02:31	60.12	6499	1177	1251
750	03:03:31	60.12	6499	1177	1250
751	03:04:31	60.11	6499	1176	1250
752	03:05:31	60.11	6499	1176	1249
753	03:06:31	60.12	6499	1175	1249
754	03:07:31	60.12	6499	1175	1248
755	03:08:31	60.11	6499	1174	1248
756	03:09:31	60.13	6499	1174	1247
757	03:10:32	60.12	6499	1173	1247
758	03:11:32	60.10	6499	1173	1246
759	03:12:32	60.10	6499	1172	1246
760	03:13:32	60.11	6499	1172	1245
761	03:14:32	60.12	6499	1171	1245
762	03:15:32	60.11	6499	1170	1244
763	03:16:32	60.10	6499	1170	1244
764	03:17:32	60.12	6499	1169	1244
765	03:18:32	60.11	6499	1169	1243
766	03:19:33	60.10	6499	1168	1243
767	03:20:33	60.06	6499	1168	1242
768	03:21:33	60.12	6499	1167	1242
769	03:22:33	60.12	6499	1167	1241
770	03:23:33	60.12	6499	1166	1241
771	03:24:33	60.12	6499	1166	1240
772	03:25:33	60.12	6499	1165	1240
773	03:26:33	60.13	6499	1165	1239
774	03:27:33	60.12	6499	1164	1239
775	03:28:34	60.09	6499	1164	1238
776	03:29:34	60.11	6499	1163	1238
777	03:30:34	60.12	6499	1163	1238
778	03:31:34	60.10	6499	1162	1237
779	03:32:34	60.11	6499	1162	1237
780	03:33:34	60.11	6499	1161	1236
781	03:34:34	60.12	6499	1161	1236
782	03:35:34	60.12	6499	1160	1235
783	03:36:34	60.11	6499	1160	1235
784	03:37:35	60.11	6499	1159	1234
785	03:38:35	60.10	6499	1159	1234
786	03:39:35	60.12	6499	1158	1233
787	03:40:35	60.12	6499	1158	1233
788	03:41:35	60.12	6499	1157	1233
789	03:42:35	60.12	6499	1157	1232
790	03:43:35	60.11	6499	1156	1232
791	03:44:35	60.11	6499	1156	1231
792	03:45:35	60.12	6499	1155	1231
793	03:46:36	60.11	6499	1155	1230
794	03:47:36	60.11	6499	1154	1230
795	03:48:36	60.11	6499	1154	1229
796	03:49:36	60.10	6499	1153	1229
797	03:50:36	60.12	6499	1153	1228
798	03:51:36	60.12	6499	1152	1228
799	03:52:36	60.11	6499	1152	1227
800	03:53:36	60.12	6499	1151	1227
801	03:54:36	60.11	6499	1151	1227
802	03:55:37	60.10	6499	1150	1226
803	03:56:37	60.11	6499	1150	1226
804	03:57:37	60.11	6499	1149	1225
805	03:58:37	60.10	6499	1149	1225
806	03:59:37	10.27	6499	1148	1224
807	03:59:47	47.72	6499	1148	1224
808	04:00:35	60.22	6499	1148	1224
809	04:01:35	60.13	6499	1147	1223
810	04:02:35	60.10	6499	1147	1223
811	04:03:35	60.11	6499	1146	1223
812	04:04:36	60.12	6499	1146	1222
813	04:05:36	60.11	6499	1145	1222
814	04:06:36	60.11	6499	1145	1221
815	04:07:36	60.11	6499	1144	1221
816	04:08:36	60.12	6499	1144	1220
817	04:09:36	60.11	6499	1143	1220
818	04:10:36	60.13	6499	1143	1219
819	04:11:36	60.11	6499	1142	1219
820	04:12:36	60.10	6499	1142	1218
821	04:13:37	60.11	6499	1141	1218
822	04:14:37	60.12	6499	1141	1218
823	04:15:37	60.11	6499	1141	1217
824	04:16:37	60.11	6499	1140	1217
825	04:17:37	60.12	6499	1140	1216
826	04:18:37	60.12	6499	1139	1216
827	04:19:37	60.09	6499	1139	1215
828	04:20:37	60.06	6499	1138	1215
829	04:21:37	37.83	6499	1138	1215
830	04:22:15	48.94	6499	1137	1214
831	04:23:04	60.26	6499	1137	1214
832	04:24:04	60.12	6499	1136	1213
833	04:25:05	60.12	6499	1136	1213
834	04:26:05	60.11	6499	1135	1213
835	04:27:05	60.12	6499	1135	1212
836	04:28:05	60.12	6499	1134	1212
837	04:29:05	60.12	6499	1134	1211
838	04:30:05	60.12	6499	1134	1211
839	04:31:05	60.12	6499	1133	1210
840	04:32:05	60.11	6499	1133	1210
841	04:33:05	60.11	6499	1132	1210
842	04:34:06	60.11	6499	1132	1209
843	04:35:06	60.11	6499	1131	1209
844	04:36:06	60.11	6499	1131	1208
845	04:37:06	60.12	6499	1130	1208
846	04:38:06	60.13	6499	1130	1207
847	04:39:06	60.12	6499	1129	1207
848	04:40:06	60.12	6499	1129	1207
849	04:41:06	60.12	6499	1128	1206
850	04:42:07	60.11	6499	1128	1206
851	04:43:07	60.11	6499	1127	1205
852	04:44:07	60.11	6499	1127	1205
853	04:45:07	60.12	6499	1126	1204
854	04:46:07	60.12	6499	1126	1204
855	04:47:07	60.12	6499	1125	1203
856	04:48:07	60.12	6499	1125	1203
857	04:49:07	60.12	6499	1124	1203
858	04:50:07	60.11	6499	1124	1202
859	04:51:08	60.12	6499	1123	1202
860	04:52:08	60.11	6499	1123	1201
861	04:53:08	60.11	6499	1123	1201
862	04:54:08	60.10	6499	1122	1200
863	04:55:08	60.11	6499	1122	1200
864	04:56:08	60.11	6499	1121	1200
865	04:57:08	60.12	6499	1121	1199
866	04:58:08	60.12	6499	1120	1199
867	04:59:08	60.12	6499	1120	1198
868	05:00:09	60.11	6499	1119	1198
869	05:01:09	60.11	6499	1119	1197
870	05:02:09	60.11	6499	1118	1197
871	05:03:09	60.10	6499	1118	1197
872	05:04:09	60.10	6499	1117	1196
873	05:05:09	60.11	6499	1117	1196
874	05:06:09	60.11	6499	1116	1195
875	05:07:09	60.12	6499	1116	1195
876	05:08:09	60.13	6499	1116	1195
877	05:09:10	60.12	6499	1115	1194
878	05:10:10	60.11	6499	1115	1194
879	05:11:10	60.11	6499	1114	1193
880	05:12:10	60.11	6499	1114	1193
881	05:13:10	60.12	6499	1113	1192
882	05:14:10	60.10	6499	1113	1192
883	05:15:10	60.12	6499	1112	1192
884	05:16:10	60.11	6499	1112	1191
885	05:17:10	60.11	6499	1111	1191
886	05:18:11	60.11	6499	1111	1190
887	05:19:11	60.11	6499	1110	1190
888	05:20:11	60.07	6499	1110	1189
889	05:21:11	60.10	6499	1110	1189
890	05:22:11	60.12	6499	1109	1189
891	05:23:11	60.11	6499	1109	1188
892	05:24:11	60.11	6499	1108	1188
893	05:25:11	60.11	6499	1108	1187
894	05:26:11	60.11	6499	1107	1187
895	05:27:12	60.11	6499	1107	1187
896	05:28:12	60.11	6499	1106	1186
897	05:29:12	60.10	6499	1106	1186
898	05:30:12	60.11	6499	1105	1185
899	05:31:12	60.12	6499	1105	1185
900	05:32:12	60.10	6499	1105	1184
901	05:33:12	60.12	6499	1104	1184
902	05:34:12	60.11	6499	1104	1184
903	05:35:12	60.10	6499	1103	1183
904	05:36:13	60.12	6499	1103	1183
905	05:37:13	60.11	6499	1102	1182
906	05:38:13	60.11	6499	1102	1182
907	05:39:13	60.11	6499	1101	1182
908	05:40:13	60.12	6499	1101	1181
909	05:41:13	60.11	6499	1101	1181
910	05:42:13	60.10	6499	1100	1180
911	05:43:13	60.11	6499	1100	1180
912	05:44:13	60.12	6499	1099	1180
913	05:45:14	60.11	6499	1099	1179
914	05:46:14	60.11	6499	1098	1179
915	05:47:14	60.11	6499	1098	1178
916	05:48:14	60.12	6499	1098	1178
917	05:49:14	60.12	6499	1097	1178
918	05:50:14	60.11	6499	1097	1177
919	05:51:14	60.12	6499	1096	1177
920	05:52:14	60.13	6499	1096	1176
921	05:53:14	60.12	6499	1095	1176
922	05:54:15	60.13	6499	1095	1175
923	05:55:15	60.12	6499	1094	1175
924	05:56:15	60.13	6499	1094	1175
925	05:57:15	60.11	6499	1094	1174
926	05:58:15	60.11	6499	1093	1174
927	05:59:15	60.12	6499	1093	1173
928	06:00:15	60.12	6499	1092	1173
929	06:01:15	60.11	6499	1092	1173
930	06:02:16	60.12	6499	1091	1172
931	06:03:16	60.10	6499	1091	1172
932	06:04:16	60.11	6499	1091	1171
933	06:05:16	60.11	6499	1090	1171
934	06:06:16	60.12	6499	1090	1171
935	06:07:16	60.12	6499	1089	1170
936	06:08:16	60.11	6499	1089	1170
937	06:09:16	60.12	6499	1089	1170
938	06:10:16	60.11	6499	1088	1169
939	06:11:17	60.11	6499	1088	1169
940	06:12:17	60.11	6499	1087	1169
941	06:13:17	60.11	6499	1087	1168
942	06:14:17	60.11	6499	1086	1168
943	06:15:17	60.11	6499	1086	1167
944	06:16:17	60.13	6499	1086	1167
945	06:17:17	60.11	6499	1085	1167
946	06:18:17	60.13	6499	1085	1166
947	06:19:17	60.11	6499	1084	1166
948	06:20:18	60.06	6499	1084	1165
949	06:21:18	60.11	6499	1083	1165
950	06:22:18	60.11	6499	1083	1165
951	06:23:18	33.96	6499	1082	1164
952	06:23:52	60.48	6499	5.891	8.279
953	06:24:52	35.80	6499	0	0
954	06:25:28	10.03	6499	0	0
955	06:25:38	29.55	6501	0	0
956	06:26:08	60.13	6501	0	0
957	06:27:08	60.11	6501	0	0
958	06:28:08	60.13	6501	0	0
959	06:29:08	60.11	6501	0	0
960	06:30:08	60.11	6496	0	0
961	06:31:08	60.12	6399	0	0
962	06:32:08	60.11	6175	0	0
963	06:33:08	60.11	5840	0	0
964	06:34:09	60.11	5482	0	0
965	06:35:09	31.58	5128	0	0
966	06:35:40	60.09	4945	0	0
967	06:36:40	60.11	4590	0	0
968	06:37:40	48.19	4234	0	0
Created by AtlRunQuery on: 2018-09-02 19:16:44.099918
