LHC beam energy and intensities during run 334443:
(Begin/end of run: Tue Aug 29 2017 07:56:16 − 22:43:43)

LB	   Start time
(CEST)	   Duration
(sec)	   Beam energy
(GeV)	   Intensity Beam-1
(1e11 protons)	   Intensity Beam-2
(1e11 protons)
1	07:56:16	60.12	450	1042	1089
2	07:57:16	60.12	450	1110	1193
3	07:58:16	60.12	450	1179	1263
4	07:59:16	25.00	450	1282	1297
5	07:59:41	10.06	450	1286	1297
6	07:59:51	12.42	450	1286	1297
7	08:00:04	33.81	449	1285	1298
8	08:00:38	60.44	450	1285	1330
9	08:01:38	60.11	449	1351	1404
10	08:02:38	60.11	450	1417	1505
11	08:03:38	60.13	449	1493	1573
12	08:04:38	60.12	450	1590	1641
13	08:05:38	60.10	450	1657	1722
14	08:06:39	60.11	450	1703	1720
15	08:07:39	60.11	450	1701	1719
16	08:08:39	60.12	449	1699	1718
17	08:09:39	60.11	450	1698	1717
18	08:10:39	60.11	450	1696	1716
19	08:11:39	60.11	450	1694	1714
20	08:12:39	60.13	450	1692	1713
21	08:13:39	60.12	452	1690	1712
22	08:14:39	60.11	506	1689	1711
23	08:15:40	60.12	635	1689	1711
24	08:16:40	53.02	828	1688	1711
25	08:17:33	10.95	1050	1688	1711
26	08:17:44	10.42	1102	1688	1711
27	08:17:54	60.12	1153	1676	1699
28	08:18:54	60.12	1491	1676	1699
29	08:19:54	60.09	1839	1676	1699
30	08:20:54	60.08	2186	1676	1699
31	08:21:54	60.11	2534	1676	1699
32	08:22:55	60.12	2887	1676	1699
33	08:23:55	60.12	3234	1675	1699
34	08:24:55	60.12	3582	1675	1698
35	08:25:55	60.12	3929	1675	1698
36	08:26:55	60.11	4277	1675	1698
37	08:27:55	60.11	4624	1675	1698
38	08:28:55	60.11	4971	1674	1698
39	08:29:55	60.11	5319	1674	1698
40	08:30:56	60.12	5672	1674	1698
41	08:31:56	60.11	6019	1673	1698
42	08:32:56	58.59	6367	1672	1697
43	08:33:54	14.49	6499	1672	1697
44	08:34:09	60.43	6499	1672	1697
45	08:35:09	60.11	6499	1672	1697
46	08:36:09	60.15	6499	1672	1697
47	08:37:10	60.11	6499	1672	1697
48	08:38:10	60.11	6499	1672	1697
49	08:39:10	60.11	6499	1671	1696
50	08:40:10	60.13	6499	1671	1696
51	08:41:10	60.12	6499	1671	1696
52	08:42:10	60.11	6499	1670	1696
53	08:43:10	60.11	6499	1670	1696
54	08:44:10	60.12	6499	1669	1696
55	08:45:10	60.12	6499	1668	1696
56	08:46:11	60.11	6499	1667	1696
57	08:47:11	29.20	6499	1667	1696
58	08:47:40	60.46	6499	1667	1696
59	08:48:40	60.12	6499	1666	1696
60	08:49:40	60.11	6499	1666	1695
61	08:50:41	60.12	6499	1665	1695
62	08:51:41	60.11	6499	1663	1694
63	08:52:41	60.12	6499	1662	1693
64	08:53:41	60.13	6499	1660	1692
65	08:54:41	60.12	6499	1659	1691
66	08:55:41	60.11	6499	1658	1690
67	08:56:41	55.28	6499	1657	1689
68	08:57:37	33.59	6499	1656	1688
69	08:58:10	30.94	6499	1655	1688
70	08:58:41	60.26	6499	1654	1687
71	08:59:41	60.10	6499	1653	1686
72	09:00:41	10.26	6499	1652	1685
73	09:00:52	31.70	6499	1651	1685
74	09:01:23	60.47	6499	1650	1684
75	09:02:24	60.11	6499	1649	1683
76	09:03:24	60.12	6499	1648	1682
77	09:04:24	60.11	6499	1646	1681
78	09:05:24	60.11	6499	1645	1680
79	09:06:24	55.02	6499	1644	1679
80	09:07:19	60.18	6499	1642	1678
81	09:08:19	10.27	6499	1642	1677
82	09:08:30	60.12	6499	1641	1677
83	09:09:30	47.98	6499	1640	1676
84	09:10:18	60.51	6499	1639	1675
85	09:11:18	60.11	6499	1638	1674
86	09:12:18	60.12	6499	1636	1673
87	09:13:19	60.11	6499	1635	1672
88	09:14:19	60.11	6499	1634	1671
89	09:15:19	60.11	6499	1633	1670
90	09:16:19	60.11	6499	1632	1669
91	09:17:19	60.10	6499	1631	1668
92	09:18:19	48.49	6499	1630	1667
93	09:19:08	60.21	6499	1629	1666
94	09:20:08	60.07	6499	1628	1665
95	09:21:08	60.10	6499	1627	1664
96	09:22:08	60.11	6499	1626	1663
97	09:23:08	60.13	6499	1625	1663
98	09:24:08	60.12	6499	1624	1662
99	09:25:08	34.34	6499	1623	1661
100	09:25:43	60.08	6499	1622	1660
101	09:26:43	60.12	6499	1621	1660
102	09:27:43	60.12	6499	1620	1659
103	09:28:43	60.11	6499	1619	1658
104	09:29:43	60.12	6499	1618	1657
105	09:30:43	60.13	6499	1617	1656
106	09:31:43	60.11	6499	1616	1656
107	09:32:43	60.12	6499	1615	1655
108	09:33:44	60.12	6499	1614	1654
109	09:34:44	60.11	6499	1613	1653
110	09:35:44	60.12	6499	1612	1652
111	09:36:44	60.11	6499	1611	1651
112	09:37:44	60.11	6499	1610	1650
113	09:38:44	60.11	6499	1609	1650
114	09:39:44	60.12	6499	1608	1649
115	09:40:44	60.11	6499	1607	1648
116	09:41:45	60.11	6499	1606	1647
117	09:42:45	18.86	6499	1605	1647
118	09:43:03	60.27	6499	1605	1646
119	09:44:04	60.11	6499	1604	1645
120	09:45:04	60.12	6499	1603	1644
121	09:46:04	60.11	6499	1602	1644
122	09:47:04	60.11	6499	1601	1643
123	09:48:04	60.12	6499	1600	1642
124	09:49:04	60.11	6499	1599	1641
125	09:50:04	60.10	6499	1598	1640
126	09:51:05	60.12	6499	1597	1640
127	09:52:05	60.11	6499	1596	1639
128	09:53:05	15.18	6499	1595	1638
129	09:53:20	60.20	6499	1595	1638
130	09:54:20	10.26	6499	1594	1637
131	09:54:30	60.12	6499	1594	1637
132	09:55:31	60.12	6499	1593	1636
133	09:56:31	60.11	6499	1592	1635
134	09:57:31	60.11	6499	1591	1634
135	09:58:31	60.11	6499	1590	1634
136	09:59:31	60.12	6499	1589	1633
137	10:00:31	60.12	6499	1588	1632
138	10:01:31	60.11	6499	1587	1631
139	10:02:31	60.11	6499	1586	1631
140	10:03:31	60.12	6499	1586	1630
141	10:04:32	60.11	6499	1585	1629
142	10:05:32	60.12	6499	1584	1628
143	10:06:32	60.12	6499	1583	1627
144	10:07:32	60.11	6499	1582	1627
145	10:08:32	60.12	6499	1581	1626
146	10:09:32	60.12	6499	1580	1625
147	10:10:32	60.12	6499	1579	1624
148	10:11:32	60.11	6499	1578	1623
149	10:12:32	60.12	6499	1578	1623
150	10:13:33	60.12	6499	1577	1622
151	10:14:33	60.11	6499	1576	1621
152	10:15:33	60.11	6499	1575	1620
153	10:16:33	60.09	6499	1574	1620
154	10:17:33	60.10	6499	1573	1619
155	10:18:33	60.12	6499	1572	1618
156	10:19:33	60.09	6499	1571	1617
157	10:20:33	60.07	6499	1570	1617
158	10:21:33	60.11	6499	1570	1616
159	10:22:33	60.11	6499	1569	1615
160	10:23:34	60.11	6499	1568	1614
161	10:24:34	60.11	6499	1567	1613
162	10:25:34	54.56	6499	1566	1613
163	10:26:28	60.41	6499	1565	1612
164	10:27:29	60.12	6499	1565	1611
165	10:28:29	60.11	6499	1564	1610
166	10:29:29	60.11	6499	1563	1610
167	10:30:29	60.11	6499	1562	1609
168	10:31:29	60.11	6499	1561	1608
169	10:32:29	60.11	6499	1560	1607
170	10:33:29	60.12	6499	1560	1607
171	10:34:30	60.11	6499	1559	1606
172	10:35:30	60.12	6499	1558	1605
173	10:36:30	60.12	6499	1557	1604
174	10:37:30	60.11	6499	1556	1604
175	10:38:30	60.10	6499	1555	1603
176	10:39:30	60.12	6499	1555	1602
177	10:40:30	60.11	6499	1554	1601
178	10:41:30	60.12	6499	1553	1600
179	10:42:31	60.12	6499	1552	1600
180	10:43:31	60.10	6499	1551	1599
181	10:44:31	60.11	6499	1550	1598
182	10:45:31	60.11	6499	1550	1597
183	10:46:31	60.11	6499	1549	1597
184	10:47:31	60.12	6499	1548	1596
185	10:48:31	60.11	6499	1547	1595
186	10:49:31	60.13	6499	1546	1594
187	10:50:31	60.11	6499	1545	1594
188	10:51:32	60.12	6499	1545	1593
189	10:52:32	60.11	6499	1544	1592
190	10:53:32	60.12	6499	1543	1591
191	10:54:32	60.11	6499	1542	1591
192	10:55:32	60.10	6499	1541	1590
193	10:56:32	60.12	6499	1541	1589
194	10:57:32	60.11	6499	1540	1588
195	10:58:32	60.12	6499	1539	1588
196	10:59:32	60.11	6499	1538	1587
197	11:00:33	60.10	6499	1537	1586
198	11:01:33	60.11	6499	1537	1585
199	11:02:33	60.11	6499	1536	1585
200	11:03:33	60.11	6499	1535	1584
201	11:04:33	60.12	6499	1534	1583
202	11:05:33	60.11	6499	1533	1582
203	11:06:33	60.13	6499	1532	1582
204	11:07:33	60.11	6499	1531	1581
205	11:08:33	60.12	6499	1531	1580
206	11:09:34	60.11	6499	1530	1579
207	11:10:34	60.10	6499	1529	1579
208	11:11:34	60.10	6499	1528	1578
209	11:12:34	60.11	6499	1527	1577
210	11:13:34	60.12	6499	1526	1576
211	11:14:34	60.12	6499	1525	1576
212	11:15:34	60.12	6499	1525	1575
213	11:16:34	60.12	6499	1524	1574
214	11:17:34	60.12	6499	1523	1573
215	11:18:35	60.11	6499	1522	1573
216	11:19:35	60.10	6499	1521	1572
217	11:20:35	10.26	6499	1521	1571
218	11:20:45	60.07	6499	1520	1571
219	11:21:45	60.12	6499	1519	1570
220	11:22:45	60.11	6499	1518	1569
221	11:23:45	60.12	6499	1518	1569
222	11:24:45	60.11	6499	1517	1568
223	11:25:46	60.10	6499	1516	1567
224	11:26:46	60.10	6499	1515	1566
225	11:27:46	60.11	6499	1514	1566
226	11:28:46	60.10	6499	1513	1565
227	11:29:46	60.12	6499	1513	1564
228	11:30:46	60.11	6499	1512	1563
229	11:31:46	60.11	6499	1511	1563
230	11:32:46	60.11	6499	1510	1562
231	11:33:46	60.12	6499	1509	1561
232	11:34:47	60.10	6499	1509	1560
233	11:35:47	60.12	6499	1508	1560
234	11:36:47	60.10	6499	1507	1559
235	11:37:47	60.11	6499	1506	1558
236	11:38:47	60.12	6499	1505	1557
237	11:39:47	24.51	6499	1505	1557
238	11:40:12	60.40	6499	1504	1556
239	11:41:12	60.11	6499	1503	1556
240	11:42:12	60.11	6499	1503	1555
241	11:43:12	60.11	6499	1502	1554
242	11:44:12	60.11	6499	1501	1553
243	11:45:12	60.11	6499	1500	1553
244	11:46:13	60.11	6499	1499	1552
245	11:47:13	60.11	6499	1499	1551
246	11:48:13	60.11	6499	1498	1550
247	11:49:13	60.11	6499	1497	1550
248	11:50:13	60.11	6499	1496	1549
249	11:51:13	60.11	6499	1495	1548
250	11:52:13	60.13	6499	1495	1548
251	11:53:13	60.12	6499	1494	1547
252	11:54:13	12.15	6499	1493	1546
253	11:54:26	60.22	6499	1493	1546
254	11:55:26	60.11	6499	1492	1545
255	11:56:26	60.12	6499	1491	1545
256	11:57:26	60.12	6499	1491	1544
257	11:58:26	42.53	6499	1490	1543
258	11:59:09	60.17	6499	1489	1543
259	12:00:09	60.12	6499	1488	1542
260	12:01:09	60.12	6499	1488	1541
261	12:02:09	60.12	6499	1487	1540
262	12:03:09	60.11	6499	1486	1540
263	12:04:09	60.12	6499	1485	1539
264	12:05:09	60.11	6499	1485	1538
265	12:06:10	60.11	6499	1484	1538
266	12:07:10	60.11	6499	1483	1537
267	12:08:10	60.11	6499	1482	1536
268	12:09:10	60.11	6499	1481	1535
269	12:10:10	60.12	6499	1481	1535
270	12:11:10	60.11	6499	1480	1534
271	12:12:10	60.12	6499	1479	1533
272	12:13:10	60.12	6499	1478	1532
273	12:14:11	60.13	6499	1478	1532
274	12:15:11	60.11	6499	1477	1531
275	12:16:11	60.11	6499	1476	1530
276	12:17:11	60.09	6499	1475	1530
277	12:18:11	60.11	6499	1475	1529
278	12:19:11	60.11	6499	1474	1528
279	12:20:11	60.04	6499	1473	1527
280	12:21:11	60.10	6499	1472	1527
281	12:22:11	60.11	6499	1472	1526
282	12:23:11	60.11	6499	1471	1525
283	12:24:12	60.11	6499	1470	1525
284	12:25:12	60.11	6499	1469	1524
285	12:26:12	60.11	6499	1469	1523
286	12:27:12	60.12	6499	1468	1522
287	12:28:12	60.11	6499	1467	1522
288	12:29:12	60.12	6499	1466	1521
289	12:30:12	60.12	6499	1466	1520
290	12:31:12	60.11	6499	1465	1520
291	12:32:12	60.12	6499	1464	1519
292	12:33:13	60.11	6499	1463	1518
293	12:34:13	60.12	6499	1462	1518
294	12:35:13	60.11	6499	1462	1517
295	12:36:13	60.12	6499	1461	1516
296	12:37:13	60.12	6499	1460	1516
297	12:38:13	60.10	6499	1460	1515
298	12:39:13	10.26	6499	1459	1515
299	12:39:24	60.11	6499	1459	1514
300	12:40:24	60.11	6499	1458	1513
301	12:41:24	60.10	6499	1457	1513
302	12:42:24	60.11	6499	1456	1512
303	12:43:24	60.11	6499	1456	1511
304	12:44:24	60.10	6499	1455	1511
305	12:45:24	60.10	6499	1454	1510
306	12:46:24	60.11	6499	1453	1509
307	12:47:24	34.36	6499	1453	1509
308	12:47:59	60.05	6499	1452	1508
309	12:48:59	60.10	6499	1452	1508
310	12:49:59	60.11	6499	1451	1507
311	12:50:59	60.12	6499	1450	1506
312	12:51:59	44.46	6499	1449	1506
313	12:52:44	60.47	6499	1449	1505
314	12:53:44	60.11	6499	1448	1504
315	12:54:44	60.11	6499	1447	1504
316	12:55:44	60.10	6499	1447	1503
317	12:56:44	60.11	6499	1446	1502
318	12:57:44	60.11	6499	1445	1502
319	12:58:45	60.12	6499	1444	1501
320	12:59:45	60.11	6499	1444	1500
321	13:00:45	60.11	6499	1443	1500
322	13:01:45	60.11	6499	1442	1499
323	13:02:45	60.12	6499	1442	1498
324	13:03:45	60.12	6499	1441	1497
325	13:04:45	60.11	6499	1440	1497
326	13:05:45	60.11	6499	1439	1496
327	13:06:46	60.11	6499	1439	1495
328	13:07:46	60.11	6499	1438	1495
329	13:08:46	60.13	6499	1437	1494
330	13:09:46	60.11	6499	1436	1493
331	13:10:46	60.11	6499	1436	1493
332	13:11:46	60.11	6499	1435	1492
333	13:12:46	60.11	6499	1434	1491
334	13:13:46	60.12	6499	1434	1491
335	13:14:46	60.10	6499	1433	1490
336	13:15:47	60.12	6499	1432	1489
337	13:16:47	60.12	6499	1432	1489
338	13:17:47	60.12	6499	1431	1488
339	13:18:47	60.12	6499	1430	1487
340	13:19:47	60.10	6499	1429	1487
341	13:20:47	60.08	6499	1429	1486
342	13:21:47	60.11	6499	1428	1485
343	13:22:47	60.12	6499	1427	1485
344	13:23:47	60.11	6499	1427	1484
345	13:24:48	60.11	6499	1426	1483
346	13:25:48	60.11	6499	1425	1483
347	13:26:48	60.13	6499	1424	1482
348	13:27:48	60.12	6499	1423	1481
349	13:28:48	60.11	6499	1422	1481
350	13:29:48	60.11	6499	1421	1480
351	13:30:48	60.12	6499	1421	1479
352	13:31:48	60.11	6499	1420	1479
353	13:32:48	60.12	6499	1419	1478
354	13:33:49	60.13	6499	1418	1477
355	13:34:49	60.12	6499	1417	1477
356	13:35:49	60.11	6499	1417	1476
357	13:36:49	60.12	6499	1416	1475
358	13:37:49	60.12	6499	1415	1475
359	13:38:49	60.12	6499	1414	1474
360	13:39:49	60.12	6499	1414	1473
361	13:40:49	60.11	6499	1413	1472
362	13:41:50	60.12	6499	1412	1472
363	13:42:50	60.10	6499	1411	1471
364	13:43:50	60.11	6499	1410	1470
365	13:44:50	60.11	6499	1410	1470
366	13:45:50	60.12	6499	1409	1469
367	13:46:50	60.12	6499	1408	1469
368	13:47:50	60.14	6499	1407	1468
369	13:48:50	60.11	6499	1407	1467
370	13:49:50	60.11	6499	1406	1467
371	13:50:51	60.11	6499	1405	1466
372	13:51:51	60.11	6499	1405	1465
373	13:52:51	60.11	6499	1404	1465
374	13:53:51	60.12	6499	1403	1464
375	13:54:51	60.11	6499	1402	1463
376	13:55:51	60.12	6499	1402	1463
377	13:56:51	60.11	6499	1401	1462
378	13:57:51	60.11	6499	1400	1461
379	13:58:51	60.10	6499	1399	1461
380	13:59:52	60.11	6499	1399	1460
381	14:00:52	60.10	6499	1398	1459
382	14:01:52	60.11	6499	1397	1459
383	14:02:52	60.12	6499	1397	1458
384	14:03:52	60.10	6499	1396	1457
385	14:04:52	60.12	6499	1395	1457
386	14:05:52	60.11	6499	1394	1456
387	14:06:52	60.11	6499	1394	1455
388	14:07:52	60.11	6499	1393	1455
389	14:08:53	60.13	6499	1392	1454
390	14:09:53	60.12	6499	1392	1453
391	14:10:53	60.11	6499	1391	1453
392	14:11:53	60.11	6499	1390	1452
393	14:12:53	18.55	6499	1390	1452
394	14:13:12	60.35	6499	1389	1451
395	14:14:12	60.12	6499	1389	1451
396	14:15:12	60.11	6499	1388	1450
397	14:16:12	60.12	6499	1387	1449
398	14:17:12	60.11	6499	1386	1449
399	14:18:12	60.11	6499	1386	1448
400	14:19:13	60.11	6499	1385	1447
401	14:20:13	60.07	6499	1384	1447
402	14:21:13	60.10	6499	1384	1446
403	14:22:13	60.11	6499	1383	1445
404	14:23:13	60.11	6499	1382	1445
405	14:24:13	60.11	6499	1381	1444
406	14:25:13	60.12	6499	1381	1443
407	14:26:13	60.12	6499	1380	1443
408	14:27:13	60.11	6499	1379	1442
409	14:28:13	60.10	6499	1379	1441
410	14:29:14	60.11	6499	1378	1441
411	14:30:14	60.12	6499	1377	1440
412	14:31:14	60.10	6499	1377	1440
413	14:32:14	60.11	6499	1376	1439
414	14:33:14	60.11	6499	1375	1438
415	14:34:14	60.12	6499	1375	1438
416	14:35:14	60.11	6499	1374	1437
417	14:36:14	60.11	6499	1373	1436
418	14:37:14	60.11	6499	1373	1436
419	14:38:15	60.12	6499	1372	1435
420	14:39:15	60.11	6499	1371	1434
421	14:40:15	60.12	6499	1371	1434
422	14:41:15	60.11	6499	1370	1433
423	14:42:15	60.11	6499	1369	1432
424	14:43:15	60.12	6499	1368	1432
425	14:44:15	60.11	6499	1368	1431
426	14:45:15	60.11	6499	1367	1431
427	14:46:15	60.11	6499	1366	1430
428	14:47:16	60.12	6499	1366	1429
429	14:48:16	60.12	6499	1365	1429
430	14:49:16	60.11	6499	1364	1428
431	14:50:16	60.10	6499	1364	1427
432	14:51:16	60.11	6499	1363	1427
433	14:52:16	60.12	6499	1362	1426
434	14:53:16	60.13	6499	1362	1426
435	14:54:16	60.11	6499	1361	1425
436	14:55:16	60.11	6499	1360	1424
437	14:56:17	60.11	6499	1360	1424
438	14:57:17	60.11	6499	1359	1423
439	14:58:17	60.11	6499	1358	1422
440	14:59:17	60.12	6499	1358	1422
441	15:00:17	60.12	6499	1357	1421
442	15:01:17	60.11	6499	1356	1420
443	15:02:17	60.12	6499	1356	1420
444	15:03:17	60.12	6499	1355	1419
445	15:04:17	60.11	6499	1354	1419
446	15:05:18	60.11	6499	1354	1418
447	15:06:18	60.11	6499	1353	1417
448	15:07:18	60.12	6499	1352	1417
449	15:08:18	60.11	6499	1352	1416
450	15:09:18	60.11	6499	1351	1415
451	15:10:18	60.12	6499	1350	1415
452	15:11:18	60.12	6499	1350	1414
453	15:12:18	60.11	6499	1349	1414
454	15:13:19	60.11	6499	1348	1413
455	15:14:19	60.12	6499	1348	1412
456	15:15:19	60.11	6499	1347	1412
457	15:16:19	60.12	6499	1346	1411
458	15:17:19	60.12	6499	1346	1411
459	15:18:19	60.11	6499	1345	1410
460	15:19:19	60.11	6499	1345	1409
461	15:20:19	60.29	6499	1344	1409
462	15:21:20	27.51	6499	1343	1408
463	15:21:47	60.16	6499	1343	1408
464	15:22:47	60.11	6499	1342	1407
465	15:23:47	60.11	6499	1342	1407
466	15:24:48	60.12	6499	1341	1406
467	15:25:48	60.11	6499	1340	1405
468	15:26:48	60.11	6499	1340	1405
469	15:27:48	60.11	6499	1339	1404
470	15:28:48	60.10	6499	1338	1404
471	15:29:48	60.10	6499	1338	1403
472	15:30:48	60.12	6499	1337	1402
473	15:31:48	60.12	6499	1336	1402
474	15:32:48	60.11	6499	1336	1401
475	15:33:49	60.11	6499	1335	1400
476	15:34:49	60.11	6499	1335	1400
477	15:35:49	60.11	6499	1334	1399
478	15:36:49	60.11	6499	1333	1399
479	15:37:49	60.11	6499	1333	1398
480	15:38:49	60.11	6499	1332	1397
481	15:39:49	60.12	6499	1331	1397
482	15:40:49	60.11	6499	1331	1396
483	15:41:49	60.11	6499	1330	1396
484	15:42:50	60.10	6499	1329	1395
485	15:43:50	60.11	6499	1329	1394
486	15:44:50	20.73	6499	1328	1394
487	15:45:10	60.40	6499	1328	1394
488	15:46:11	60.12	6499	1327	1393
489	15:47:11	60.12	6499	1327	1392
490	15:48:11	60.11	6499	1326	1392
491	15:49:11	60.12	6499	1325	1391
492	15:50:11	60.13	6499	1325	1391
493	15:51:11	60.11	6499	1324	1390
494	15:52:12	60.12	6499	1324	1389
495	15:53:12	60.11	6499	1323	1389
496	15:54:12	60.11	6499	1322	1388
497	15:55:12	60.11	6499	1322	1388
498	15:56:12	60.12	6499	1321	1387
499	15:57:12	60.12	6499	1320	1386
500	15:58:12	60.11	6499	1320	1386
501	15:59:12	60.11	6499	1319	1385
502	16:00:12	60.11	6499	1319	1385
503	16:01:13	60.11	6499	1318	1384
504	16:02:13	60.12	6499	1317	1383
505	16:03:13	58.96	6499	1317	1383
506	16:04:12	60.24	6499	1316	1382
507	16:05:12	60.11	6499	1315	1382
508	16:06:12	60.11	6499	1315	1381
509	16:07:12	60.13	6499	1314	1381
510	16:08:12	60.10	6499	1314	1380
511	16:09:12	60.12	6499	1313	1379
512	16:10:13	60.12	6499	1312	1379
513	16:11:13	60.12	6499	1312	1378
514	16:12:13	60.11	6499	1311	1378
515	16:13:13	60.12	6499	1311	1377
516	16:14:13	60.12	6499	1310	1376
517	16:15:13	60.11	6499	1309	1376
518	16:16:13	60.13	6499	1309	1375
519	16:17:13	60.11	6499	1308	1375
520	16:18:14	60.12	6499	1307	1374
521	16:19:14	60.10	6499	1307	1374
522	16:20:14	60.04	6499	1306	1373
523	16:21:14	60.10	6499	1306	1372
524	16:22:14	60.11	6499	1305	1372
525	16:23:14	60.11	6499	1304	1371
526	16:24:14	60.12	6499	1304	1371
527	16:25:14	60.12	6499	1303	1370
528	16:26:14	60.10	6499	1303	1370
529	16:27:14	60.12	6499	1302	1369
530	16:28:15	60.11	6499	1301	1368
531	16:29:15	60.12	6499	1301	1368
532	16:30:15	60.12	6499	1300	1367
533	16:31:15	60.12	6499	1300	1367
534	16:32:15	60.11	6499	1299	1366
535	16:33:15	60.11	6499	1298	1366
536	16:34:15	60.11	6499	1298	1365
537	16:35:15	29.56	6499	1297	1365
538	16:35:45	22.94	6499	1297	1364
539	16:36:08	10.11	6499	1297	1364
540	16:36:18	60.12	6499	1297	1364
541	16:37:18	60.12	6499	1296	1363
542	16:38:18	60.12	6499	1295	1363
543	16:39:18	60.11	6499	1295	1362
544	16:40:18	60.10	6499	1294	1362
545	16:41:19	60.12	6499	1294	1361
546	16:42:19	60.11	6499	1293	1360
547	16:43:19	60.11	6499	1292	1360
548	16:44:19	60.12	6499	1292	1359
549	16:45:19	60.11	6499	1291	1359
550	16:46:19	60.11	6499	1291	1358
551	16:47:19	60.11	6499	1290	1358
552	16:48:19	60.12	6499	1289	1357
553	16:49:19	60.12	6499	1289	1356
554	16:50:20	60.12	6499	1288	1356
555	16:51:20	60.11	6499	1288	1355
556	16:52:20	60.11	6499	1287	1355
557	16:53:20	60.11	6499	1286	1354
558	16:54:20	60.11	6499	1286	1354
559	16:55:20	60.11	6499	1285	1353
560	16:56:20	60.12	6499	1285	1352
561	16:57:20	60.11	6499	1284	1352
562	16:58:20	60.11	6499	1283	1351
563	16:59:21	60.11	6499	1283	1351
564	17:00:21	60.12	6499	1282	1350
565	17:01:21	60.12	6499	1282	1350
566	17:02:21	60.10	6499	1281	1349
567	17:03:21	60.11	6499	1281	1349
568	17:04:21	60.12	6499	1280	1348
569	17:05:21	60.11	6499	1279	1348
570	17:06:21	60.12	6499	1279	1347
571	17:07:21	60.11	6499	1278	1346
572	17:08:22	60.12	6499	1278	1346
573	17:09:22	10.26	6499	1277	1346
574	17:09:32	60.38	6499	1277	1345
575	17:10:32	60.11	6499	1276	1345
576	17:11:32	60.12	6499	1276	1344
577	17:12:33	60.11	6499	1275	1344
578	17:13:33	60.12	6499	1275	1343
579	17:14:33	60.10	6499	1274	1343
580	17:15:33	60.11	6499	1273	1342
581	17:16:33	60.12	6499	1273	1341
582	17:17:33	60.12	6499	1272	1341
583	17:18:33	60.11	6499	1272	1340
584	17:19:33	60.10	6499	1271	1340
585	17:20:33	60.06	6499	1270	1339
586	17:21:34	60.11	6499	1270	1339
587	17:22:34	60.10	6499	1269	1338
588	17:23:34	60.11	6499	1268	1338
589	17:24:34	10.27	6499	1268	1337
590	17:24:44	60.11	6499	1268	1337
591	17:25:44	60.11	6499	1267	1336
592	17:26:44	60.12	6499	1266	1336
593	17:27:44	60.11	6499	1266	1335
594	17:28:45	60.12	6499	1265	1335
595	17:29:45	60.11	6499	1264	1334
596	17:30:45	60.11	6499	1264	1334
597	17:31:45	60.11	6499	1263	1333
598	17:32:45	60.11	6499	1263	1332
599	17:33:45	60.12	6499	1262	1332
600	17:34:45	60.11	6499	1261	1331
601	17:35:45	60.11	6499	1261	1331
602	17:36:45	60.11	6499	1260	1330
603	17:37:46	60.11	6499	1260	1330
604	17:38:46	60.11	6499	1259	1329
605	17:39:46	60.11	6499	1258	1329
606	17:40:46	60.10	6499	1258	1328
607	17:41:46	60.11	6499	1257	1328
608	17:42:46	60.12	6499	1257	1327
609	17:43:46	60.11	6499	1256	1326
610	17:44:46	60.11	6499	1255	1326
611	17:45:46	60.12	6499	1255	1325
612	17:46:47	60.10	6499	1254	1325
613	17:47:47	60.11	6499	1253	1324
614	17:48:47	60.13	6499	1253	1324
615	17:49:47	60.11	6499	1252	1323
616	17:50:47	60.12	6499	1252	1323
617	17:51:47	60.12	6499	1251	1322
618	17:52:47	60.11	6499	1250	1322
619	17:53:47	60.11	6499	1250	1321
620	17:54:48	60.11	6499	1249	1321
621	17:55:48	60.11	6499	1249	1320
622	17:56:48	60.12	6499	1248	1320
623	17:57:48	53.28	6499	1248	1319
624	17:58:41	60.19	6499	1247	1319
625	17:59:41	60.11	6499	1246	1318
626	18:00:41	60.12	6499	1246	1317
627	18:01:42	60.11	6499	1245	1317
628	18:02:42	60.10	6499	1245	1316
629	18:03:42	60.12	6499	1244	1316
630	18:04:42	60.12	6499	1243	1315
631	18:05:42	60.12	6499	1243	1315
632	18:06:42	53.44	6499	1242	1314
633	18:07:36	10.17	6499	1242	1314
634	18:07:46	60.10	6499	1242	1314
635	18:08:46	60.12	6499	1241	1313
636	18:09:46	60.11	6499	1240	1313
637	18:10:46	60.12	6499	1240	1312
638	18:11:46	60.11	6499	1239	1312
639	18:12:46	60.12	6499	1239	1311
640	18:13:46	60.11	6499	1238	1311
641	18:14:47	42.98	6499	1238	1310
642	18:15:29	60.21	6499	1237	1310
643	18:16:30	60.10	6499	1237	1309
644	18:17:30	60.11	6499	1236	1309
645	18:18:30	60.10	6499	1235	1308
646	18:19:30	60.11	6499	1235	1308
647	18:20:30	60.05	6499	1234	1307
648	18:21:30	60.13	6499	1234	1307
649	18:22:30	60.12	6499	1233	1306
650	18:23:30	60.11	6499	1233	1306
651	18:24:31	60.12	6499	1232	1305
652	18:25:31	60.11	6499	1231	1305
653	18:26:31	60.11	6499	1231	1304
654	18:27:31	60.11	6499	1230	1304
655	18:28:31	60.12	6499	1230	1303
656	18:29:31	60.12	6499	1229	1303
657	18:30:31	60.11	6499	1229	1302
658	18:31:31	60.12	6499	1228	1301
659	18:32:31	60.11	6499	1228	1301
660	18:33:32	60.09	6499	1227	1300
661	18:34:32	60.11	6499	1226	1300
662	18:35:32	60.10	6499	1226	1299
663	18:36:32	60.10	6499	1225	1299
664	18:37:32	60.11	6499	1225	1298
665	18:38:32	60.11	6499	1224	1298
666	18:39:32	60.12	6499	1224	1297
667	18:40:32	60.11	6499	1223	1297
668	18:41:32	60.12	6499	1223	1296
669	18:42:33	60.11	6499	1222	1296
670	18:43:33	60.10	6499	1221	1295
671	18:44:33	60.11	6499	1221	1295
672	18:45:33	60.11	6499	1220	1294
673	18:46:33	60.12	6499	1220	1294
674	18:47:33	60.13	6499	1219	1293
675	18:48:33	60.11	6499	1219	1293
676	18:49:33	60.11	6499	1218	1292
677	18:50:33	60.12	6499	1218	1292
678	18:51:34	60.11	6499	1217	1291
679	18:52:34	60.11	6499	1216	1291
680	18:53:34	60.11	6499	1216	1290
681	18:54:34	60.12	6499	1215	1290
682	18:55:34	60.12	6499	1215	1289
683	18:56:34	60.12	6499	1214	1289
684	18:57:34	60.12	6499	1214	1288
685	18:58:34	60.12	6499	1213	1288
686	18:59:34	60.11	6499	1213	1287
687	19:00:35	60.12	6499	1212	1287
688	19:01:35	60.12	6499	1211	1286
689	19:02:35	60.09	6499	1211	1286
690	19:03:35	60.10	6499	1210	1285
691	19:04:35	60.11	6499	1210	1285
692	19:05:35	60.11	6499	1209	1284
693	19:06:35	60.13	6499	1209	1284
694	19:07:35	60.11	6499	1208	1283
695	19:08:35	60.11	6499	1208	1283
696	19:09:36	60.11	6499	1207	1282
697	19:10:36	60.12	6499	1207	1282
698	19:11:36	60.12	6499	1206	1281
699	19:12:36	60.11	6499	1205	1281
700	19:13:36	15.92	6499	1205	1280
701	19:13:52	60.50	6499	1205	1280
702	19:14:52	60.11	6499	1204	1280
703	19:15:53	60.12	6499	1204	1279
704	19:16:53	60.12	6499	1203	1279
705	19:17:53	60.12	6499	1203	1278
706	19:18:53	60.12	6499	1202	1278
707	19:19:53	60.09	6499	1202	1277
708	19:20:53	60.08	6499	1201	1277
709	19:21:53	60.12	6499	1201	1276
710	19:22:53	60.12	6499	1200	1276
711	19:23:53	60.11	6499	1200	1275
712	19:24:54	60.11	6499	1199	1275
713	19:25:54	60.11	6499	1198	1274
714	19:26:54	60.10	6499	1198	1274
715	19:27:54	60.11	6499	1197	1273
716	19:28:54	60.11	6499	1197	1273
717	19:29:54	60.12	6499	1196	1272
718	19:30:54	60.11	6499	1196	1272
719	19:31:54	60.12	6499	1195	1271
720	19:32:54	60.10	6499	1195	1271
721	19:33:55	60.10	6499	1194	1270
722	19:34:55	60.10	6499	1194	1270
723	19:35:55	60.12	6499	1193	1269
724	19:36:55	60.11	6499	1193	1269
725	19:37:55	60.12	6499	1192	1268
726	19:38:55	60.10	6499	1192	1268
727	19:39:55	60.12	6499	1191	1267
728	19:40:55	60.11	6499	1191	1267
729	19:41:55	60.11	6499	1190	1266
730	19:42:56	60.11	6499	1190	1266
731	19:43:56	60.11	6499	1189	1265
732	19:44:56	60.12	6499	1188	1265
733	19:45:56	60.11	6499	1188	1264
734	19:46:56	60.12	6499	1187	1264
735	19:47:56	60.10	6499	1187	1263
736	19:48:56	60.12	6499	1186	1263
737	19:49:56	60.11	6499	1186	1262
738	19:50:56	60.11	6499	1185	1262
739	19:51:57	60.11	6499	1185	1262
740	19:52:57	60.12	6499	1184	1261
741	19:53:57	60.11	6499	1184	1261
742	19:54:57	60.11	6499	1183	1260
743	19:55:57	60.11	6499	1183	1260
744	19:56:57	60.12	6499	1182	1259
745	19:57:57	60.12	6499	1182	1259
746	19:58:57	60.11	6499	1181	1258
747	19:59:58	60.12	6499	1181	1258
748	20:00:58	60.11	6499	1180	1257
749	20:01:58	60.11	6499	1180	1257
750	20:02:58	60.11	6499	1179	1256
751	20:03:58	60.11	6499	1178	1256
752	20:04:58	60.12	6499	1178	1255
753	20:05:58	60.12	6499	1177	1255
754	20:06:58	60.12	6499	1177	1254
755	20:07:58	48.91	6499	1176	1254
756	20:08:47	60.28	6499	1176	1254
757	20:09:48	60.10	6499	1175	1253
758	20:10:48	60.11	6499	1175	1253
759	20:11:48	60.11	6499	1174	1252
760	20:12:48	60.11	6499	1174	1252
761	20:13:48	60.13	6499	1173	1251
762	20:14:48	60.12	6499	1173	1251
763	20:15:48	60.12	6499	1172	1250
764	20:16:48	60.11	6499	1172	1250
765	20:17:49	60.11	6499	1171	1249
766	20:18:49	60.11	6499	1171	1249
767	20:19:49	60.09	6499	1170	1248
768	20:20:49	60.08	6499	1170	1248
769	20:21:49	60.11	6499	1169	1247
770	20:22:49	60.11	6499	1169	1247
771	20:23:49	60.11	6499	1168	1247
772	20:24:49	60.11	6499	1168	1246
773	20:25:49	60.12	6499	1167	1246
774	20:26:49	60.11	6499	1167	1245
775	20:27:50	60.12	6499	1166	1245
776	20:28:50	60.10	6499	1166	1244
777	20:29:50	60.11	6499	1165	1244
778	20:30:50	60.11	6499	1165	1243
779	20:31:50	60.12	6499	1164	1243
780	20:32:50	60.11	6499	1164	1242
781	20:33:50	60.12	6499	1163	1242
782	20:34:50	60.12	6499	1163	1241
783	20:35:50	60.11	6499	1162	1241
784	20:36:51	60.12	6499	1162	1241
785	20:37:51	60.11	6499	1161	1240
786	20:38:51	60.12	6499	1161	1240
787	20:39:51	60.11	6499	1160	1239
788	20:40:51	60.11	6499	1160	1239
789	20:41:51	60.13	6499	1159	1238
790	20:42:51	60.13	6499	1159	1238
791	20:43:51	60.11	6499	1158	1237
792	20:44:52	60.13	6499	1158	1237
793	20:45:52	60.11	6499	1157	1236
794	20:46:52	60.12	6499	1157	1236
795	20:47:52	60.10	6499	1156	1235
796	20:48:52	60.12	6499	1156	1235
797	20:49:52	60.11	6499	1155	1235
798	20:50:52	60.11	6499	1155	1234
799	20:51:52	60.12	6499	1154	1234
800	20:52:52	60.10	6499	1154	1233
801	20:53:53	60.09	6499	1153	1233
802	20:54:53	60.10	6499	1153	1232
803	20:55:53	60.12	6499	1152	1232
804	20:56:53	60.12	6499	1152	1231
805	20:57:53	60.12	6499	1151	1231
806	20:58:53	60.10	6499	1151	1231
807	20:59:53	60.11	6499	1150	1230
808	21:00:53	60.12	6499	1150	1230
809	21:01:53	60.10	6499	1149	1229
810	21:02:54	60.12	6499	1149	1229
811	21:03:54	60.12	6499	1148	1228
812	21:04:54	60.12	6499	1148	1228
813	21:05:54	60.12	6499	1147	1227
814	21:06:54	60.11	6499	1147	1227
815	21:07:54	60.12	6499	1146	1226
816	21:08:54	60.11	6499	1146	1226
817	21:09:54	60.12	6499	1145	1226
818	21:10:54	60.11	6499	1145	1225
819	21:11:55	60.11	6499	1144	1225
820	21:12:55	60.10	6499	1144	1224
821	21:13:55	60.11	6499	1143	1224
822	21:14:55	60.11	6499	1143	1223
823	21:15:55	60.12	6499	1142	1223
824	21:16:55	60.12	6499	1142	1222
825	21:17:55	60.12	6499	1141	1222
826	21:18:55	60.11	6499	1141	1222
827	21:19:56	60.08	6499	1140	1221
828	21:20:56	60.09	6499	1140	1221
829	21:21:56	60.11	6499	1140	1220
830	21:22:56	60.12	6499	1139	1220
831	21:23:56	60.12	6499	1139	1219
832	21:24:56	60.13	6499	1138	1219
833	21:25:56	60.12	6499	1138	1219
834	21:26:56	60.11	6499	1137	1218
835	21:27:56	60.10	6499	1137	1218
836	21:28:57	60.12	6499	1136	1217
837	21:29:57	60.11	6499	1136	1217
838	21:30:57	60.12	6499	1135	1216
839	21:31:57	60.11	6499	1135	1216
840	21:32:57	60.11	6499	1134	1215
841	21:33:57	60.12	6499	1134	1215
842	21:34:57	60.11	6499	1133	1215
843	21:35:57	60.12	6499	1133	1214
844	21:36:57	60.11	6499	1132	1214
845	21:37:58	60.11	6499	1132	1213
846	21:38:58	60.11	6499	1131	1213
847	21:39:58	60.11	6499	1131	1212
848	21:40:58	60.12	6499	1131	1212
849	21:41:58	60.13	6499	1130	1212
850	21:42:58	60.12	6499	1130	1211
851	21:43:58	60.12	6499	1129	1211
852	21:44:58	60.11	6499	1129	1210
853	21:45:58	60.10	6499	1128	1210
854	21:46:59	60.11	6499	1128	1209
855	21:47:59	60.11	6499	1127	1209
856	21:48:59	60.12	6499	1127	1209
857	21:49:59	60.11	6499	1126	1208
858	21:50:59	60.11	6499	1126	1208
859	21:51:59	60.11	6499	1125	1207
860	21:52:59	60.11	6499	1125	1207
861	21:53:59	60.12	6499	1124	1206
862	21:54:59	60.11	6499	1124	1206
863	21:56:00	60.10	6499	1123	1206
864	21:57:00	60.12	6499	1123	1205
865	21:58:00	60.11	6499	1122	1205
866	21:59:00	60.10	6499	1122	1204
867	22:00:00	60.23	6499	1121	1204
868	22:01:00	60.12	6499	1121	1204
869	22:02:00	60.12	6499	1121	1203
870	22:03:00	60.10	6499	1120	1203
871	22:04:01	60.11	6499	1120	1202
872	22:05:01	60.11	6499	1119	1202
873	22:06:01	60.11	6499	1119	1202
874	22:07:01	60.11	6499	1119	1201
875	22:08:01	60.11	6499	1118	1201
876	22:09:01	60.11	6499	1118	1200
877	22:10:01	60.11	6499	1117	1200
878	22:11:01	60.11	6499	1117	1200
879	22:12:01	60.12	6499	1116	1199
880	22:13:02	60.12	6499	1116	1199
881	22:14:02	60.11	6499	1115	1198
882	22:15:02	60.12	6499	1115	1198
883	22:16:02	60.11	6499	1114	1197
884	22:17:02	60.12	6499	1114	1197
885	22:18:02	60.11	6499	1113	1197
886	22:19:02	60.13	6499	1113	1196
887	22:20:02	60.08	6499	1113	1196
888	22:21:02	11.29	6499	1112	1196
889	22:21:14	60.33	6499	1112	1195
890	22:22:14	60.12	6499	1112	1195
891	22:23:14	60.12	6499	1111	1194
892	22:24:14	60.11	6499	1111	1194
893	22:25:14	60.12	6499	1110	1194
894	22:26:15	60.13	6499	1110	1193
895	22:27:15	60.08	6499	1109	1193
896	22:28:15	60.12	6499	1109	1192
897	22:29:15	60.11	6499	1108	1192
898	22:30:15	60.12	6499	1108	1192
899	22:31:15	60.12	6499	1107	1191
900	22:32:15	60.11	6499	1107	1191
901	22:33:15	60.10	6499	1106	1190
902	22:34:15	60.10	6499	1106	1190
903	22:35:16	60.12	6499	1106	1190
904	22:36:16	60.11	6499	1105	1189
905	22:37:16	60.12	6499	1105	1189
906	22:38:16	60.12	6499	1104	1188
907	22:39:16	60.11	6499	1104	1188
908	22:40:16	60.12	6499	704.3	760.6
909	22:41:16	60.11	6499	0	0
910	22:42:16	60.12	6501	0	0
911	22:43:16	26.48	6501	0	0
Created by AtlRunQuery on: 2018-09-02 19:17:47.223810
