LHC beam energy and intensities during run 334588:
(Begin/end of run: Fri Sep 01 2017 04:24:27 − 14:12:50)

LB	   Start time
(CEST)	   Duration
(sec)	   Beam energy
(GeV)	   Intensity Beam-1
(1e11 protons)	   Intensity Beam-2
(1e11 protons)
1	04:24:27	60.12	449	0.07792	0.04997
2	04:25:27	60.11	449	0.07784	0.06888
3	04:26:27	60.12	450	0.07776	0.06879
4	04:27:27	22.23	449	0.0777	0.06872
5	04:27:50	17.45	450	0.07737	0.06814
6	04:28:07	44.74	450	0.07518	0.06672
7	04:28:52	60.35	450	2.791	0.0651
8	04:29:52	60.13	449	13.26	6.837
9	04:30:52	60.12	450	104.5	31.11
10	04:31:52	60.10	450	173.2	121.8
11	04:32:53	60.32	450	242.5	211.1
12	04:33:53	60.41	450	336.4	281.9
13	04:34:53	10.26	450	336.1	341
14	04:35:04	60.37	450	335.8	340.9
15	04:36:04	60.12	449	401	340.7
16	04:37:04	60.13	449	469.8	441.4
17	04:38:04	60.11	450	551.8	511.9
18	04:39:04	60.13	450	648.8	582
19	04:40:04	60.10	449	718.3	668
20	04:41:04	60.11	449	787.3	761.4
21	04:42:05	60.11	450	877.7	830.3
22	04:43:05	60.12	450	876.5	884.6
23	04:44:05	60.12	450	925.4	884
24	04:45:05	60.11	450	983.2	967.5
25	04:46:05	60.12	450	981.8	1037
26	04:47:05	60.12	450	1062	1105
27	04:48:05	60.12	449	1130	1205
28	04:49:05	60.12	450	1197	1282
29	04:50:06	60.13	450	1233	1313
30	04:51:06	60.12	450	1303	1312
31	04:52:06	19.87	450	1301	1311
32	04:52:26	60.54	450	1300	1310
33	04:53:26	60.12	450	1298	1309
34	04:54:26	60.11	450	1296	1307
35	04:55:26	28.92	470	1295	1307
36	04:55:55	14.80	505	1282	1294
37	04:56:10	60.46	530	1282	1294
38	04:57:11	16.52	676	1282	1293
39	04:57:27	60.38	726	1282	1293
40	04:58:27	17.88	949	1281	1293
41	04:58:45	60.25	1029	1281	1293
42	04:59:46	60.12	1350	1281	1293
43	05:00:46	60.11	1697	1281	1293
44	05:01:46	60.11	2045	1281	1293
45	05:02:46	60.11	2392	1281	1293
46	05:03:46	60.11	2739	1281	1293
47	05:04:46	60.12	3087	1281	1293
48	05:05:46	60.12	3434	1281	1293
49	05:06:46	60.13	3782	1281	1293
50	05:07:47	60.12	4135	1280	1293
51	05:08:47	60.12	4482	1280	1293
52	05:09:47	60.12	4830	1280	1293
53	05:10:47	60.10	5177	1280	1293
54	05:11:47	60.13	5525	1280	1293
55	05:12:47	60.11	5872	1280	1293
56	05:13:47	60.12	6219	1279	1293
57	05:14:47	10.66	6499	1278	1293
58	05:14:58	10.37	6499	1278	1293
59	05:15:08	60.12	6499	1278	1293
60	05:16:09	60.12	6499	1278	1293
61	05:17:09	60.11	6499	1278	1293
62	05:18:09	60.11	6499	1278	1292
63	05:19:09	60.11	6499	1278	1292
64	05:20:09	60.07	6499	1278	1293
65	05:21:09	60.10	6499	1278	1293
66	05:22:09	60.12	6499	1277	1292
67	05:23:09	60.12	6499	1277	1292
68	05:24:09	60.11	6499	1277	1292
69	05:25:09	60.11	6499	1276	1292
70	05:26:10	60.11	6499	1275	1292
71	05:27:10	19.30	6499	1275	1292
72	05:27:29	60.35	6499	1275	1292
73	05:28:29	60.12	6499	1275	1292
74	05:29:29	60.11	6499	1274	1292
75	05:30:30	60.11	6499	1272	1291
76	05:31:30	60.11	6499	1271	1290
77	05:32:30	60.11	6499	1269	1289
78	05:33:30	60.11	6499	1268	1289
79	05:34:30	60.11	6499	1266	1288
80	05:35:30	60.11	6499	1264	1288
81	05:36:30	10.27	6499	1263	1287
82	05:36:41	19.42	6499	1263	1287
83	05:37:00	10.40	6499	1262	1287
84	05:37:10	20.60	6499	1262	1287
85	05:37:31	60.31	6499	1260	1286
86	05:38:31	60.12	6499	1258	1286
87	05:39:31	60.12	6499	1256	1285
88	05:40:31	60.11	6499	1255	1284
89	05:41:32	60.11	6499	1253	1283
90	05:42:32	60.10	6499	1251	1282
91	05:43:32	60.12	6499	1249	1282
92	05:44:32	60.11	6499	1248	1281
93	05:45:32	60.11	6499	1246	1280
94	05:46:32	60.11	6499	1244	1279
95	05:47:32	60.11	6499	1243	1279
96	05:48:32	50.85	6499	1241	1278
97	05:49:23	38.74	6499	1240	1277
98	05:50:02	60.44	6499	1240	1277
99	05:51:02	60.13	6499	1239	1276
100	05:52:03	60.12	6499	1238	1275
101	05:53:03	60.11	6499	1237	1275
102	05:54:03	60.11	6499	1236	1274
103	05:55:03	60.11	6499	1235	1273
104	05:56:03	60.12	6499	1234	1272
105	05:57:03	60.13	6499	1233	1272
106	05:58:03	60.11	6499	1232	1271
107	05:59:03	60.12	6499	1231	1270
108	06:00:03	60.12	6499	1230	1270
109	06:01:04	60.12	6499	1230	1269
110	06:02:04	60.11	6499	1229	1269
111	06:03:04	60.11	6499	1228	1268
112	06:04:04	60.12	6499	1227	1268
113	06:05:04	60.12	6499	1226	1267
114	06:06:04	60.12	6499	1225	1266
115	06:07:04	60.11	6499	1225	1266
116	06:08:04	60.11	6499	1224	1265
117	06:09:04	60.12	6499	1223	1264
118	06:10:05	60.11	6499	1222	1264
119	06:11:05	60.11	6499	1221	1263
120	06:12:05	60.11	6499	1221	1262
121	06:13:05	60.11	6499	1220	1262
122	06:14:05	60.11	6499	1219	1261
123	06:15:05	60.12	6499	1218	1261
124	06:16:05	60.12	6499	1217	1260
125	06:17:05	60.11	6499	1216	1259
126	06:18:05	60.11	6499	1216	1259
127	06:19:06	60.11	6499	1215	1258
128	06:20:06	60.07	6499	1214	1257
129	06:21:06	60.11	6499	1213	1257
130	06:22:06	60.12	6499	1213	1256
131	06:23:06	60.11	6499	1212	1255
132	06:24:06	60.11	6499	1211	1255
133	06:25:06	60.12	6499	1210	1254
134	06:26:06	60.12	6499	1209	1253
135	06:27:06	60.11	6499	1209	1252
136	06:28:07	60.11	6499	1208	1252
137	06:29:07	60.12	6499	1207	1251
138	06:30:07	60.10	6499	1206	1250
139	06:31:07	60.12	6499	1206	1250
140	06:32:07	10.27	6499	1205	1249
141	06:32:17	60.38	6499	1205	1249
142	06:33:18	60.11	6499	1204	1248
143	06:34:18	60.11	6499	1203	1248
144	06:35:18	60.12	6499	1202	1247
145	06:36:18	60.11	6499	1202	1247
146	06:37:18	60.11	6499	1201	1246
147	06:38:18	60.12	6499	1200	1245
148	06:39:18	60.11	6499	1199	1245
149	06:40:19	60.11	6499	1199	1244
150	06:41:19	60.11	6499	1198	1244
151	06:42:19	60.13	6499	1197	1243
152	06:43:19	60.11	6499	1196	1242
153	06:44:19	60.11	6499	1196	1242
154	06:45:19	60.12	6499	1195	1241
155	06:46:19	60.12	6499	1194	1241
156	06:47:19	60.12	6499	1194	1240
157	06:48:19	60.12	6499	1193	1239
158	06:49:20	60.12	6499	1192	1239
159	06:50:20	60.11	6499	1191	1238
160	06:51:20	60.13	6499	1191	1237
161	06:52:20	60.10	6499	1190	1237
162	06:53:20	60.12	6499	1189	1236
163	06:54:20	60.12	6499	1189	1236
164	06:55:20	60.11	6499	1188	1235
165	06:56:20	60.11	6499	1187	1234
166	06:57:20	60.12	6499	1186	1234
167	06:58:21	60.11	6499	1186	1233
168	06:59:21	60.12	6499	1185	1233
169	07:00:21	60.11	6499	1184	1232
170	07:01:21	60.11	6499	1184	1231
171	07:02:21	60.11	6499	1183	1231
172	07:03:21	60.12	6499	1182	1230
173	07:04:21	60.10	6499	1181	1230
174	07:05:21	60.11	6499	1181	1229
175	07:06:22	60.11	6499	1180	1228
176	07:07:22	60.10	6499	1179	1228
177	07:08:22	60.11	6499	1179	1227
178	07:09:22	60.10	6499	1178	1227
179	07:10:22	10.27	6499	1177	1226
180	07:10:32	60.12	6499	1177	1226
181	07:11:32	10.15	6499	1177	1226
182	07:11:42	60.23	6499	1176	1225
183	07:12:43	50.42	6499	1176	1225
184	07:13:33	60.28	6499	1175	1224
185	07:14:33	60.10	6499	1174	1224
186	07:15:33	60.11	6499	1174	1223
187	07:16:34	60.11	6499	1173	1222
188	07:17:34	60.11	6499	1172	1222
189	07:18:34	60.10	6499	1172	1221
190	07:19:34	60.09	6499	1171	1221
191	07:20:34	60.05	6499	1170	1220
192	07:21:34	60.10	6499	1170	1219
193	07:22:34	60.11	6499	1169	1219
194	07:23:34	60.10	6499	1168	1218
195	07:24:34	60.11	6499	1168	1218
196	07:25:34	60.11	6499	1167	1217
197	07:26:35	60.10	6499	1166	1216
198	07:27:35	60.11	6499	1166	1216
199	07:28:35	60.12	6499	1165	1215
200	07:29:35	60.12	6499	1164	1215
201	07:30:35	60.11	6499	1164	1214
202	07:31:35	60.10	6499	1163	1213
203	07:32:35	60.11	6499	1162	1213
204	07:33:35	60.11	6499	1162	1212
205	07:34:36	60.11	6499	1161	1212
206	07:35:36	60.12	6499	1160	1211
207	07:36:36	60.12	6499	1160	1211
208	07:37:36	60.12	6499	1159	1210
209	07:38:36	60.11	6499	1158	1209
210	07:39:36	60.12	6499	1158	1209
211	07:40:36	60.13	6499	1157	1208
212	07:41:36	60.11	6499	1156	1208
213	07:42:36	60.11	6499	1155	1207
214	07:43:37	60.11	6499	1155	1207
215	07:44:37	60.10	6499	1154	1206
216	07:45:37	60.11	6499	1153	1205
217	07:46:37	60.11	6499	1153	1205
218	07:47:37	60.11	6499	1152	1204
219	07:48:37	60.11	6499	1151	1204
220	07:49:37	60.12	6499	1150	1203
221	07:50:37	60.11	6499	1150	1202
222	07:51:37	60.13	6499	1149	1202
223	07:52:38	60.09	6499	1148	1201
224	07:53:38	60.12	6499	1148	1201
225	07:54:38	60.12	6499	1147	1200
226	07:55:38	60.11	6499	1146	1199
227	07:56:38	60.12	6499	1146	1199
228	07:57:38	60.11	6499	1145	1198
229	07:58:38	60.11	6499	1144	1198
230	07:59:38	60.11	6499	1143	1197
231	08:00:38	60.11	6499	1143	1197
232	08:01:39	60.11	6499	1142	1196
233	08:02:39	60.12	6499	1141	1195
234	08:03:39	60.12	6499	1141	1195
235	08:04:39	60.11	6499	1140	1194
236	08:05:39	60.12	6499	1139	1194
237	08:06:39	10.27	6499	1139	1193
238	08:06:49	60.38	6499	1139	1193
239	08:07:50	60.11	6499	1138	1192
240	08:08:50	60.10	6499	1137	1192
241	08:09:50	60.12	6499	1137	1191
242	08:10:50	60.11	6499	1136	1191
243	08:11:50	60.11	6499	1135	1190
244	08:12:50	60.13	6499	1135	1189
245	08:13:50	60.11	6499	1134	1189
246	08:14:51	60.11	6499	1133	1188
247	08:15:51	60.12	6499	1133	1188
248	08:16:51	60.10	6499	1132	1187
249	08:17:51	60.11	6499	1131	1186
250	08:18:51	60.11	6499	1131	1186
251	08:19:51	60.08	6499	1130	1185
252	08:20:51	60.08	6499	1130	1185
253	08:21:51	60.12	6499	1129	1184
254	08:22:51	60.11	6499	1128	1184
255	08:23:52	60.12	6499	1128	1183
256	08:24:52	60.09	6499	1127	1183
257	08:25:52	60.11	6499	1126	1182
258	08:26:52	60.11	6499	1126	1181
259	08:27:52	60.11	6499	1125	1181
260	08:28:52	60.12	6499	1124	1180
261	08:29:52	60.13	6499	1124	1180
262	08:30:52	60.11	6499	1123	1179
263	08:31:52	60.11	6499	1123	1179
264	08:32:53	60.11	6499	1122	1178
265	08:33:53	60.12	6499	1121	1177
266	08:34:53	60.11	6499	1121	1177
267	08:35:53	60.13	6499	1120	1176
268	08:36:53	60.12	6499	1120	1176
269	08:37:53	60.11	6499	1119	1175
270	08:38:53	60.11	6499	1118	1175
271	08:39:53	60.11	6499	1118	1174
272	08:40:53	60.11	6499	1117	1173
273	08:41:54	60.11	6499	1117	1173
274	08:42:54	60.11	6499	1116	1172
275	08:43:54	60.12	6499	1115	1172
276	08:44:54	60.10	6499	1115	1171
277	08:45:54	60.11	6499	1114	1171
278	08:46:54	60.12	6499	1113	1170
279	08:47:54	60.12	6499	1113	1170
280	08:48:54	60.11	6499	1112	1169
281	08:49:54	60.11	6499	1112	1168
282	08:50:55	60.12	6499	1111	1168
283	08:51:55	60.11	6499	1110	1167
284	08:52:55	60.11	6499	1110	1167
285	08:53:55	60.11	6499	1109	1166
286	08:54:55	60.12	6499	1108	1166
287	08:55:55	60.13	6499	1108	1165
288	08:56:55	60.12	6499	1107	1164
289	08:57:55	60.12	6499	1107	1164
290	08:58:56	60.11	6499	1106	1163
291	08:59:56	60.12	6499	1105	1163
292	09:00:56	60.12	6499	1105	1162
293	09:01:56	60.11	6499	1104	1162
294	09:02:56	60.12	6499	1103	1161
295	09:03:56	60.12	6499	1103	1161
296	09:04:56	60.11	6499	1102	1160
297	09:05:56	60.09	6499	1102	1159
298	09:06:56	60.12	6499	1101	1159
299	09:07:57	60.12	6499	1100	1158
300	09:08:57	60.12	6499	1100	1158
301	09:09:57	60.11	6499	1099	1157
302	09:10:57	60.11	6499	1099	1157
303	09:11:57	60.12	6499	1098	1156
304	09:12:57	60.11	6499	1098	1156
305	09:13:57	60.11	6499	1097	1155
306	09:14:57	13.25	6499	1097	1155
307	09:15:11	60.39	6499	1096	1154
308	09:16:11	60.12	6499	1096	1154
309	09:17:11	60.13	6499	1095	1153
310	09:18:11	60.12	6499	1095	1153
311	09:19:11	60.12	6499	1094	1152
312	09:20:11	60.29	6499	1093	1152
313	09:21:12	60.11	6499	1093	1151
314	09:22:12	60.11	6499	1092	1151
315	09:23:12	60.13	6499	1092	1150
316	09:24:12	60.11	6499	1091	1150
317	09:25:12	60.13	6499	1091	1149
318	09:26:12	60.10	6499	1090	1148
319	09:27:12	60.12	6499	1089	1148
320	09:28:13	60.12	6499	1089	1147
321	09:29:13	60.11	6499	1088	1147
322	09:30:13	60.12	6499	1088	1146
323	09:31:13	60.11	6499	1087	1146
324	09:32:13	60.12	6499	1087	1145
325	09:33:13	60.11	6499	1086	1145
326	09:34:13	60.11	6499	1085	1144
327	09:35:13	60.12	6499	1085	1144
328	09:36:13	60.11	6499	1084	1143
329	09:37:14	60.12	6499	1084	1143
330	09:38:14	60.12	6499	1083	1142
331	09:39:14	60.11	6499	1082	1142
332	09:40:14	60.11	6499	1082	1141
333	09:41:14	60.11	6499	1081	1140
334	09:42:14	60.12	6499	1081	1140
335	09:43:14	60.10	6499	1080	1139
336	09:44:14	60.10	6499	1080	1139
337	09:45:14	60.12	6499	1079	1138
338	09:46:15	60.11	6499	1078	1138
339	09:47:15	60.12	6499	1078	1137
340	09:48:15	60.12	6499	1077	1137
341	09:49:15	60.10	6499	1077	1136
342	09:50:15	60.11	6499	1076	1136
343	09:51:15	60.11	6499	1075	1135
344	09:52:15	60.11	6499	1075	1135
345	09:53:15	60.11	6499	1074	1134
346	09:54:16	60.12	6499	1073	1134
347	09:55:16	60.12	6499	1073	1133
348	09:56:16	60.12	6499	1072	1133
349	09:57:16	60.10	6499	1071	1132
350	09:58:16	60.11	6499	1071	1131
351	09:59:16	60.11	6499	1070	1131
352	10:00:16	60.12	6499	1069	1130
353	10:01:16	60.11	6499	1069	1130
354	10:02:16	60.11	6499	1068	1129
355	10:03:17	60.12	6499	1068	1129
356	10:04:17	60.11	6499	1067	1128
357	10:05:17	60.13	6499	1066	1128
358	10:06:17	60.10	6499	1066	1127
359	10:07:17	60.12	6499	1065	1127
360	10:08:17	60.13	6499	1065	1126
361	10:09:17	60.12	6499	1064	1126
362	10:10:17	60.12	6499	1063	1125
363	10:11:17	60.11	6499	1063	1124
364	10:12:18	60.10	6499	1062	1124
365	10:13:18	60.11	6499	1062	1123
366	10:14:18	60.11	6499	1061	1123
367	10:15:18	60.12	6499	1060	1122
368	10:16:18	60.12	6499	1060	1122
369	10:17:18	60.11	6499	1059	1121
370	10:18:18	60.13	6499	1059	1121
371	10:19:18	60.11	6499	1058	1120
372	10:20:18	60.04	6499	1057	1120
373	10:21:19	60.11	6499	1057	1119
374	10:22:19	60.11	6499	1056	1119
375	10:23:19	60.12	6499	1056	1118
376	10:24:19	60.11	6499	1055	1118
377	10:25:19	60.12	6499	1055	1117
378	10:26:19	60.10	6499	1054	1117
379	10:27:19	60.12	6499	1053	1116
380	10:28:19	60.12	6499	1053	1116
381	10:29:19	60.12	6499	1052	1115
382	10:30:20	60.11	6499	1052	1115
383	10:31:20	60.12	6499	1051	1114
384	10:32:20	60.11	6499	1051	1113
385	10:33:20	60.10	6499	1050	1113
386	10:34:20	60.11	6499	1049	1112
387	10:35:20	60.11	6499	1049	1112
388	10:36:20	60.11	6499	1048	1111
389	10:37:20	60.11	6499	1048	1111
390	10:38:20	60.11	6499	1047	1110
391	10:39:21	60.11	6499	1046	1110
392	10:40:21	60.11	6499	1046	1109
393	10:41:21	60.12	6499	1045	1109
394	10:42:21	60.11	6499	1045	1108
395	10:43:21	60.11	6499	1044	1108
396	10:44:21	60.11	6499	1044	1107
397	10:45:21	60.11	6499	1043	1107
398	10:46:21	60.10	6499	1042	1106
399	10:47:21	60.11	6499	1042	1106
400	10:48:22	60.11	6499	1041	1105
401	10:49:22	60.12	6499	1041	1105
402	10:50:22	60.12	6499	1040	1104
403	10:51:22	60.11	6499	1040	1104
404	10:52:22	60.11	6499	1039	1103
405	10:53:22	60.11	6499	1038	1103
406	10:54:22	60.10	6499	1038	1102
407	10:55:22	60.12	6499	1037	1102
408	10:56:22	60.10	6499	1037	1101
409	10:57:23	60.12	6499	1036	1101
410	10:58:23	60.12	6499	1036	1100
411	10:59:23	48.12	6499	1035	1100
412	11:00:11	60.58	6499	1035	1099
413	11:01:11	60.10	6499	1034	1099
414	11:02:12	60.11	6499	1034	1098
415	11:03:12	60.12	6499	1033	1098
416	11:04:12	60.12	6499	1032	1097
417	11:05:12	60.12	6499	1032	1097
418	11:06:12	60.10	6499	1031	1096
419	11:07:12	60.12	6499	1031	1096
420	11:08:12	60.13	6499	1030	1095
421	11:09:12	60.10	6499	1030	1095
422	11:10:12	60.11	6499	1029	1094
423	11:11:13	60.11	6499	1029	1094
424	11:12:13	60.10	6499	1028	1093
425	11:13:13	60.12	6499	1028	1093
426	11:14:13	60.10	6499	1027	1092
427	11:15:13	60.10	6499	1026	1092
428	11:16:13	60.11	6499	1026	1091
429	11:17:13	60.11	6499	1025	1091
430	11:18:13	60.10	6499	1025	1091
431	11:19:13	60.12	6499	1024	1090
432	11:20:14	60.29	6499	1024	1090
433	11:21:14	60.11	6499	1023	1089
434	11:22:14	60.11	6499	1022	1089
435	11:23:14	60.12	6499	1022	1088
436	11:24:14	60.11	6499	1021	1088
437	11:25:14	60.11	6499	1021	1087
438	11:26:14	60.12	6499	1020	1087
439	11:27:15	60.11	6499	1020	1086
440	11:28:15	60.11	6499	1019	1086
441	11:29:15	60.10	6499	1019	1085
442	11:30:15	60.10	6499	1018	1085
443	11:31:15	60.12	6499	1018	1084
444	11:32:15	60.11	6499	1017	1084
445	11:33:15	60.13	6499	1017	1083
446	11:34:15	44.08	6499	1016	1083
447	11:34:59	14.18	6499	1016	1083
448	11:35:14	24.41	6499	1016	1082
449	11:35:38	60.09	6499	1015	1082
450	11:36:38	60.12	6499	1015	1082
451	11:37:38	60.12	6499	1014	1081
452	11:38:38	60.11	6499	1014	1081
453	11:39:38	60.12	6499	1013	1080
454	11:40:39	60.11	6499	1013	1080
455	11:41:39	60.12	6499	1012	1079
456	11:42:39	60.11	6499	1012	1079
457	11:43:39	60.11	6499	1011	1078
458	11:44:39	60.11	6499	1011	1078
459	11:45:39	60.11	6499	1010	1077
460	11:46:39	60.12	6499	1010	1077
461	11:47:39	60.11	6499	1009	1076
462	11:48:39	60.12	6499	1009	1076
463	11:49:40	60.10	6499	1008	1075
464	11:50:40	60.11	6499	1007	1075
465	11:51:40	60.12	6499	1007	1074
466	11:52:40	60.11	6499	1006	1074
467	11:53:40	60.12	6499	1006	1074
468	11:54:40	60.11	6499	1005	1073
469	11:55:40	60.12	6499	1005	1073
470	11:56:40	60.11	6499	1004	1072
471	11:57:40	60.11	6499	1004	1072
472	11:58:41	60.11	6499	1003	1071
473	11:59:41	60.12	6499	1003	1071
474	12:00:41	60.11	6499	1002	1070
475	12:01:41	60.11	6499	1002	1070
476	12:02:41	60.11	6499	1001	1069
477	12:03:41	60.12	6499	1001	1069
478	12:04:41	60.11	6499	1000	1068
479	12:05:41	60.11	6499	999.6	1068
480	12:06:42	60.11	6499	999.1	1068
481	12:07:42	60.12	6499	998.5	1067
482	12:08:42	60.11	6499	998	1067
483	12:09:42	60.12	6499	997.5	1066
484	12:10:42	60.12	6499	996.9	1066
485	12:11:42	60.11	6499	996.4	1065
486	12:12:42	60.11	6499	995.9	1065
487	12:13:42	60.11	6499	995.4	1064
488	12:14:42	60.12	6499	994.9	1064
489	12:15:43	60.11	6499	994.5	1063
490	12:16:43	60.12	6499	993.9	1063
491	12:17:43	60.12	6499	993.4	1063
492	12:18:43	60.11	6499	992.9	1062
493	12:19:43	60.09	6499	992.4	1062
494	12:20:43	60.06	6499	992	1061
495	12:21:43	60.13	6499	991.5	1061
496	12:22:43	60.12	6499	991	1060
497	12:23:43	60.12	6499	990.5	1060
498	12:24:44	60.12	6499	990	1059
499	12:25:44	60.12	6499	989.5	1059
500	12:26:44	60.11	6499	989	1058
501	12:27:44	60.12	6499	988.5	1058
502	12:28:44	60.12	6499	988.1	1057
503	12:29:44	60.12	6499	987.6	1057
504	12:30:44	10.27	6499	987.3	1057
505	12:30:54	60.38	6499	987	1056
506	12:31:55	60.11	6499	986.5	1056
507	12:32:55	60.12	6499	986	1056
508	12:33:55	60.11	6499	985.6	1055
509	12:34:55	60.11	6499	985.1	1055
510	12:35:55	60.11	6499	984.6	1054
511	12:36:55	60.12	6499	984	1054
512	12:37:56	60.13	6499	983.5	1053
513	12:38:56	60.12	6499	983	1053
514	12:39:56	60.11	6499	982.5	1052
515	12:40:56	60.11	6499	982	1052
516	12:41:56	60.11	6499	981.5	1052
517	12:42:56	60.11	6499	981.1	1051
518	12:43:56	60.11	6499	980.5	1051
519	12:44:56	60.13	6499	980	1050
520	12:45:56	60.12	6499	979.5	1050
521	12:46:57	60.11	6499	979.1	1049
522	12:47:57	60.12	6499	978.6	1049
523	12:48:57	60.12	6499	978.1	1048
524	12:49:57	60.11	6499	977.6	1048
525	12:50:57	60.11	6499	977.1	1048
526	12:51:57	60.12	6499	976.5	1047
527	12:52:57	60.11	6499	976	1047
528	12:53:57	60.11	6499	975.6	1046
529	12:54:58	60.12	6499	975.1	1046
530	12:55:58	60.11	6499	974.6	1045
531	12:56:58	60.10	6499	974.1	1045
532	12:57:58	60.13	6499	973.6	1044
533	12:58:58	60.12	6499	973.1	1044
534	12:59:58	60.11	6499	972.7	1044
535	13:00:58	60.12	6499	972.2	1043
536	13:01:58	60.12	6499	971.7	1043
537	13:02:58	60.11	6499	971.2	1042
538	13:03:59	60.12	6499	970.8	1042
539	13:04:59	20.22	6499	970.4	1042
540	13:05:19	60.18	6499	970.1	1041
541	13:06:19	60.11	6499	969.7	1041
542	13:07:19	60.12	6499	969.2	1040
543	13:08:19	60.11	6499	968.7	1040
544	13:09:19	60.12	6499	968.3	1040
545	13:10:20	60.12	6499	967.8	1039
546	13:11:20	60.11	6499	967.3	1039
547	13:12:20	60.11	6499	966.9	1038
548	13:13:20	60.12	6499	966.4	1038
549	13:14:20	60.12	6499	965.9	1037
550	13:15:20	60.11	6499	965.4	1037
551	13:16:20	60.12	6499	965	1037
552	13:17:20	60.11	6499	964.5	1036
553	13:18:20	60.11	6499	964	1036
554	13:19:21	60.11	6499	963.5	1035
555	13:20:21	60.04	6499	963	1035
556	13:21:21	60.12	6499	962.6	1034
557	13:22:21	60.10	6499	962.1	1034
558	13:23:21	60.13	6499	961.6	1034
559	13:24:21	60.11	6499	961.1	1033
560	13:25:21	60.12	6499	960.7	1033
561	13:26:21	60.13	6499	960.2	1032
562	13:27:21	60.10	6499	959.7	1032
563	13:28:22	60.11	6499	959.3	1031
564	13:29:22	60.12	6499	958.8	1031
565	13:30:22	60.11	6499	958.3	1031
566	13:31:22	60.11	6499	957.8	1030
567	13:32:22	60.11	6499	957.4	1030
568	13:33:22	60.11	6499	956.9	1029
569	13:34:22	60.12	6499	956.4	1029
570	13:35:22	60.13	6499	956	1029
571	13:36:22	60.12	6499	955.5	1028
572	13:37:23	60.12	6499	955	1028
573	13:38:23	60.12	6499	954.5	1027
574	13:39:23	60.11	6499	954.1	1027
575	13:40:23	60.09	6499	953.6	1026
576	13:41:23	60.12	6499	953.2	1026
577	13:42:23	60.11	6499	952.7	1026
578	13:43:23	60.11	6499	952.2	1025
579	13:44:23	60.13	6499	951.8	1025
580	13:45:23	60.11	6499	951.3	1024
581	13:46:24	60.11	6499	950.8	1024
582	13:47:24	60.12	6499	950.3	1023
583	13:48:24	60.11	6499	949.7	1023
584	13:49:24	60.11	6499	949.2	1023
585	13:50:24	60.12	6499	948.8	1022
586	13:51:24	60.11	6499	948.2	1022
587	13:52:24	60.12	6499	947.8	1022
588	13:53:24	60.11	6499	947.4	1021
589	13:54:24	60.11	6499	946.9	1021
590	13:55:25	60.12	6499	946.4	1020
591	13:56:25	60.10	6499	945.9	1020
592	13:57:25	60.11	6499	945.3	1020
593	13:58:25	60.12	6499	944.8	1019
594	13:59:25	60.11	6499	944.3	1019
595	14:00:25	60.12	6499	943.8	1018
596	14:01:25	60.11	6499	943.3	1018
597	14:02:25	60.11	6499	942.8	1017
598	14:03:25	60.11	6499	942.3	1017
599	14:04:26	60.11	6499	941.8	1017
600	14:05:26	60.11	6499	941.3	1016
601	14:06:26	60.12	6499	940.8	1016
602	14:07:26	60.12	6499	940.3	1015
603	14:08:26	10.27	6499	360.9	394.1
604	14:08:36	28.42	6499	0	0
605	14:09:05	60.24	6499	0	0
606	14:10:05	60.12	6499	0	0
607	14:11:05	10.27	6499	0	0
608	14:11:15	60.37	6499	0	0
609	14:12:16	34.16	6482	0	0
Created by AtlRunQuery on: 2018-09-02 19:23:16.951074
