LHC beam energy and intensities during run 334637:
(Begin/end of run: Fri Sep 01 2017 17:47:30 − Sat Sep 02, 02:25:11)

LB	   Start time
(CEST)	   Duration
(sec)	   Beam energy
(GeV)	   Intensity Beam-1
(1e11 protons)	   Intensity Beam-2
(1e11 protons)
1	17:47:30	60.11	59	0	0
2	17:48:30	60.12	59	0	0
3	17:49:30	60.11	59	0	0
4	17:50:31	10.27	59	0	0
5	17:50:41	19.13	59	0	0
6	17:51:00	21.82	59	0	0
7	17:51:22	60.47	59	0	0
8	17:52:22	60.12	59	0	0
9	17:53:22	60.11	59	0	0
10	17:54:23	34.94	59	0	0
11	17:54:57	60.23	59	0	0
12	17:55:58	60.11	59	0	0
13	17:56:58	60.11	59	0	0
14	17:57:58	60.12	59	0	0
15	17:58:58	60.11	59	0	0
16	17:59:58	60.11	59	0	0
17	18:00:58	60.12	59	0	0
18	18:01:58	60.11	59	0	0
19	18:02:58	60.12	59	0	0
20	18:03:59	60.11	59	0	0
21	18:04:59	60.12	59	0	0
22	18:05:59	60.13	59	0	0
23	18:06:59	60.12	159	0	0
24	18:07:59	60.12	516	0	0
25	18:08:59	60.12	872	0	0
26	18:09:59	60.12	1229	0	0
27	18:10:59	60.11	1586	0	0
28	18:12:00	60.12	1948	0	0
29	18:13:00	60.12	2305	0	0
30	18:14:00	60.11	2661	0	0
31	18:15:00	60.11	3018	0	0
32	18:16:00	60.11	3374	0	0
33	18:17:00	60.13	3565	0	0
34	18:18:00	60.11	3565	0	0
35	18:19:00	60.12	3565	0	0
36	18:20:00	60.08	3565	0	0
37	18:21:01	60.09	3565	0	0
38	18:22:01	60.11	3565	0	0
39	18:23:01	60.12	3565	0	0
40	18:24:01	60.11	3565	0	0
41	18:25:01	60.12	3565	0	0
42	18:26:01	60.12	3565	0	0
43	18:27:01	60.10	3453	0	0
44	18:28:01	60.11	3097	0	0
45	18:29:01	60.10	2740	0	0
46	18:30:02	60.12	2378	0	0
47	18:31:02	60.12	2021	0	0
48	18:32:02	60.12	1664	0	0
49	18:33:02	60.11	1308	0	0
50	18:34:02	60.12	951	0	0
51	18:35:02	60.12	594	0	0
52	18:36:02	60.11	238	0	0
53	18:37:02	60.11	59	0	0
54	18:38:02	60.11	59	0	0
55	18:39:03	60.12	59	0	0
56	18:40:03	60.11	59	0	0
57	18:41:03	60.10	59	0	0
58	18:42:03	60.12	59	0	0
59	18:43:03	60.12	59	0	0
60	18:44:03	60.11	59	0	0
61	18:45:03	60.12	59	0	0
62	18:46:03	60.10	59	0	0
63	18:47:04	60.12	59	0	0
64	18:48:04	60.11	59	0	0
65	18:49:04	60.12	59	0	0
66	18:50:04	29.72	59	0	0
67	18:50:34	60.19	59	0	0
68	18:51:34	60.11	59	0	0
69	18:52:34	60.12	59	0	0
70	18:53:34	36.80	59	0	0
71	18:54:11	60.14	240	0	0
72	18:55:11	60.11	449	0	0
73	18:56:11	45.47	450	0	0
74	18:56:57	26.54	450	0	0
75	18:57:23	30.90	450	0	0
76	18:57:54	60.39	450	0	0
77	18:58:54	60.11	449	0	0
78	18:59:54	60.10	450	0	0
79	19:00:55	60.10	450	0	0
80	19:01:55	60.12	450	0	0
81	19:02:55	60.12	450	0	0.03675
82	19:03:55	60.11	450	0	0.06342
83	19:04:55	60.11	450	0.03581	0.06173
84	19:05:55	60.12	449	0.06993	0.06151
85	19:06:55	60.12	450	0.06985	0.06144
86	19:07:55	60.12	450	0.06977	0.06136
87	19:08:55	60.12	449	0.06969	0.06129
88	19:09:56	60.10	450	0.0696	0.06121
89	19:10:56	60.10	450	0.06952	0.06114
90	19:11:56	60.12	450	0.06943	0.06106
91	19:12:56	60.11	450	0.06934	0.06097
92	19:13:56	60.11	450	0.06925	0.06089
93	19:14:56	60.12	450	0.06915	0.0608
94	19:15:56	26.75	450	0.06906	0.06074
95	19:16:23	60.17	450	0.06898	0.06068
96	19:17:23	60.13	450	0.06889	0.06059
97	19:18:23	60.11	450	0.06879	0.06051
98	19:19:23	60.11	450	0.06867	0.06042
99	19:20:24	60.05	449	0.06857	0.06033
100	19:21:24	60.11	450	0.06703	0.06021
101	19:22:24	60.11	450	0.06238	0.05999
102	19:23:24	60.13	450	0.06227	0.05991
103	19:24:24	60.12	450	0.06119	0.05972
104	19:25:24	60.11	450	0.05799	0.05927
105	19:26:24	60.11	450	0.05787	0.05916
106	19:27:24	60.12	450	0.05774	0.05907
107	19:28:24	60.11	450	0.05742	0.05893
108	19:29:24	60.12	449	4.688	0.05819
109	19:30:25	60.11	450	13.56	8.737
110	19:31:25	60.13	449	13.54	13.09
111	19:32:25	60.11	450	13.53	13.08
112	19:33:25	60.11	450	43.4	13.07
113	19:34:25	60.12	450	122.8	76.35
114	19:35:25	60.11	450	218.8	144.3
115	19:36:25	60.11	450	287.3	226.2
116	19:37:25	60.11	450	355.5	320.3
117	19:38:26	60.11	450	441.8	388.9
118	19:39:26	60.11	450	531.6	457.3
119	19:40:26	60.11	450	599.8	545.7
120	19:41:26	60.12	450	654.2	631.7
121	19:42:26	60.11	450	653.6	701.3
122	19:43:26	60.12	450	736.1	769.4
123	19:44:26	60.11	450	804.3	867.9
124	19:45:26	60.11	450	872.8	944.9
125	19:46:26	60.12	450	973.9	1013
126	19:47:27	60.11	450	972.9	1082
127	19:48:27	60.12	449	1009	1187
128	19:49:27	60.11	449	1079	1258
129	19:50:27	60.12	449	1215	1294
130	19:51:27	60.12	450	1291	1293
131	19:52:27	60.10	450	1289	1292
132	19:53:27	60.12	450	1288	1291
133	19:54:27	16.50	450	1287	1290
134	19:54:44	33.26	450	1273	1277
135	19:55:17	60.43	450	1272	1276
136	19:56:18	37.82	467	1270	1276
137	19:56:55	60.35	512	1270	1275
138	19:57:56	60.12	645	1270	1275
139	19:58:56	45.84	843	1270	1275
140	19:59:42	60.12	1035	1270	1275
141	20:00:42	60.11	1352	1269	1275
142	20:01:42	60.12	1699	1269	1275
143	20:02:42	60.12	2046	1269	1275
144	20:03:42	60.12	2394	1269	1275
145	20:04:42	60.11	2741	1269	1275
146	20:05:42	60.11	3089	1269	1275
147	20:06:42	60.11	3436	1269	1275
148	20:07:43	60.12	3789	1269	1274
149	20:08:43	60.11	4137	1268	1274
150	20:09:43	60.12	4484	1268	1274
151	20:10:43	60.10	4832	1268	1274
152	20:11:43	60.12	5179	1268	1274
153	20:12:43	60.11	5526	1268	1274
154	20:13:43	60.12	5874	1267	1274
155	20:14:43	60.11	6221	1267	1274
156	20:15:43	13.08	6499	1266	1274
157	20:15:57	10.46	6499	1266	1274
158	20:16:07	60.11	6499	1266	1274
159	20:17:07	60.11	6499	1266	1274
160	20:18:07	60.11	6499	1266	1274
161	20:19:07	60.11	6499	1266	1274
162	20:20:07	60.04	6499	1266	1274
163	20:21:08	60.10	6499	1266	1274
164	20:22:08	60.11	6499	1266	1274
165	20:23:08	60.11	6499	1265	1274
166	20:24:08	60.12	6499	1265	1274
167	20:25:08	60.10	6499	1265	1274
168	20:26:08	60.11	6499	1264	1274
169	20:27:08	60.12	6499	1264	1274
170	20:28:08	60.12	6499	1263	1274
171	20:29:08	60.12	6499	1263	1274
172	20:30:09	60.12	6499	1263	1274
173	20:31:09	49.02	6499	1263	1274
174	20:31:58	61.23	6499	1263	1274
175	20:32:59	60.51	6499	1262	1273
176	20:33:59	60.50	6499	1262	1273
177	20:35:00	60.66	6499	1261	1273
178	20:36:01	60.43	6499	1260	1272
179	20:37:01	60.72	6499	1259	1271
180	20:38:02	60.73	6499	1258	1271
181	20:39:02	60.14	6499	1257	1270
182	20:40:03	26.28	6499	1257	1269
183	20:40:29	60.14	6499	1256	1269
184	20:41:29	53.56	6499	1255	1268
185	20:42:23	36.53	6499	1255	1268
186	20:42:59	60.43	6499	1254	1267
187	20:44:00	10.78	6499	1253	1267
188	20:44:10	19.67	6499	1253	1267
189	20:44:30	60.45	6499	1253	1266
190	20:45:30	60.11	6499	1252	1265
191	20:46:31	60.11	6499	1251	1265
192	20:47:31	60.11	6499	1250	1264
193	20:48:31	60.11	6499	1249	1263
194	20:49:31	60.10	6499	1248	1263
195	20:50:31	60.11	6499	1247	1262
196	20:51:31	60.12	6499	1246	1261
197	20:52:31	60.11	6499	1246	1261
198	20:53:31	60.13	6499	1245	1260
199	20:54:31	60.12	6499	1244	1259
200	20:55:32	60.10	6499	1243	1259
201	20:56:32	60.11	6499	1242	1258
202	20:57:32	60.12	6499	1241	1257
203	20:58:32	60.12	6499	1241	1257
204	20:59:32	60.11	6499	1240	1256
205	21:00:32	60.12	6499	1239	1255
206	21:01:32	26.19	6499	1238	1255
207	21:01:58	32.59	6499	1238	1254
208	21:02:31	30.93	6499	1238	1254
209	21:03:02	30.90	6499	1237	1254
210	21:03:33	60.44	6499	1237	1253
211	21:04:33	60.12	6499	1236	1253
212	21:05:33	60.11	6499	1235	1252
213	21:06:34	60.12	6499	1234	1251
214	21:07:34	60.11	6499	1233	1251
215	21:08:34	10.26	6499	1233	1250
216	21:08:44	60.12	6499	1232	1250
217	21:09:44	60.12	6499	1232	1249
218	21:10:44	60.13	6499	1231	1249
219	21:11:44	60.10	6499	1230	1248
220	21:12:45	60.12	6499	1229	1247
221	21:13:45	60.12	6499	1229	1247
222	21:14:45	60.12	6499	1228	1246
223	21:15:45	60.11	6499	1227	1245
224	21:16:45	60.12	6499	1226	1245
225	21:17:45	60.12	6499	1226	1244
226	21:18:45	60.11	6499	1225	1244
227	21:19:45	60.10	6499	1224	1243
228	21:20:45	48.59	6499	1223	1242
229	21:21:34	60.32	6499	1223	1242
230	21:22:34	60.11	6499	1222	1241
231	21:23:34	60.11	6499	1221	1241
232	21:24:35	60.12	6499	1221	1240
233	21:25:35	60.11	6499	1220	1239
234	21:26:35	60.19	6499	1219	1239
235	21:27:35	60.28	6499	1218	1238
236	21:28:35	60.11	6499	1218	1237
237	21:29:35	60.12	6499	1217	1237
238	21:30:35	34.33	6499	1216	1236
239	21:31:10	60.09	6499	1216	1236
240	21:32:10	60.12	6499	1215	1235
241	21:33:10	60.11	6499	1214	1234
242	21:34:10	60.11	6499	1214	1234
243	21:35:10	60.12	6499	1213	1233
244	21:36:10	60.11	6499	1212	1233
245	21:37:10	60.10	6499	1211	1232
246	21:38:11	60.13	6499	1211	1231
247	21:39:11	60.12	6499	1210	1231
248	21:40:11	60.11	6499	1209	1230
249	21:41:11	60.11	6499	1209	1230
250	21:42:11	60.11	6499	1208	1229
251	21:43:11	60.12	6499	1207	1228
252	21:44:11	60.11	6499	1206	1228
253	21:45:11	60.12	6499	1206	1227
254	21:46:12	60.13	6499	1205	1226
255	21:47:12	60.11	6499	1204	1226
256	21:48:12	60.11	6499	1204	1225
257	21:49:12	60.11	6499	1203	1224
258	21:50:12	60.11	6499	1202	1224
259	21:51:12	60.10	6499	1202	1223
260	21:52:12	60.11	6499	1201	1223
261	21:53:12	60.11	6499	1200	1222
262	21:54:12	53.52	6499	1200	1221
263	21:55:06	60.44	6499	1199	1221
264	21:56:06	50.52	6499	1198	1220
265	21:56:57	60.43	6499	1198	1220
266	21:57:57	60.11	6499	1197	1219
267	21:58:57	60.11	6499	1196	1218
268	21:59:58	60.11	6499	1196	1218
269	22:00:58	60.11	6499	1195	1217
270	22:01:58	60.13	6499	1194	1217
271	22:02:58	60.11	6499	1194	1216
272	22:03:58	60.12	6499	1193	1215
273	22:04:58	60.11	6499	1192	1215
274	22:05:58	60.11	6499	1191	1214
275	22:06:58	60.11	6499	1191	1214
276	22:07:58	60.11	6499	1190	1213
277	22:08:59	60.12	6499	1189	1212
278	22:09:59	60.12	6499	1189	1212
279	22:10:59	60.13	6499	1188	1211
280	22:11:59	60.11	6499	1187	1210
281	22:12:59	60.13	6499	1187	1210
282	22:13:59	60.09	6499	1186	1209
283	22:14:59	60.12	6499	1185	1209
284	22:15:59	60.12	6499	1185	1208
285	22:17:00	60.12	6499	1184	1208
286	22:18:00	60.11	6499	1183	1207
287	22:19:00	60.11	6499	1183	1206
288	22:20:00	60.08	6499	1182	1206
289	22:21:00	60.10	6499	1181	1205
290	22:22:00	60.12	6499	1181	1205
291	22:23:00	60.12	6499	1180	1204
292	22:24:00	60.12	6499	1179	1203
293	22:25:00	60.12	6499	1179	1203
294	22:26:01	60.11	6499	1178	1202
295	22:27:01	60.12	6499	1178	1202
296	22:28:01	60.12	6499	1177	1201
297	22:29:01	60.10	6499	1176	1201
298	22:30:01	60.11	6499	1176	1200
299	22:31:01	60.11	6499	1175	1199
300	22:32:01	60.12	6499	1174	1199
301	22:33:01	60.12	6499	1174	1198
302	22:34:01	60.12	6499	1173	1198
303	22:35:02	60.11	6499	1172	1197
304	22:36:02	60.11	6499	1172	1196
305	22:37:02	60.12	6499	1171	1196
306	22:38:02	60.11	6499	1171	1195
307	22:39:02	60.13	6499	1170	1195
308	22:40:02	60.12	6499	1169	1194
309	22:41:02	60.13	6499	1168	1194
310	22:42:02	60.13	6499	1168	1193
311	22:43:02	60.10	6499	1167	1192
312	22:44:03	60.12	6499	1166	1192
313	22:45:03	60.12	6499	1166	1191
314	22:46:03	60.12	6499	1165	1191
315	22:47:03	60.10	6499	1164	1190
316	22:48:03	60.12	6499	1164	1190
317	22:49:03	60.12	6499	1163	1189
318	22:50:03	60.13	6499	1163	1189
319	22:51:03	60.12	6499	1162	1188
320	22:52:04	60.11	6499	1161	1188
321	22:53:04	60.12	6499	1161	1187
322	22:54:04	60.11	6499	1160	1186
323	22:55:04	60.11	6499	1159	1186
324	22:56:04	60.13	6499	1159	1185
325	22:57:04	60.10	6499	1158	1185
326	22:58:04	60.11	6499	1157	1184
327	22:59:04	60.12	6499	1157	1183
328	23:00:04	60.11	6499	1156	1183
329	23:01:05	60.13	6499	1155	1182
330	23:02:05	60.12	6499	1155	1182
331	23:03:05	60.12	6499	1154	1181
332	23:04:05	60.10	6499	1153	1181
333	23:05:05	60.10	6499	1153	1180
334	23:06:05	60.11	6499	1152	1179
335	23:07:05	60.12	6499	1152	1179
336	23:08:05	60.11	6499	1151	1178
337	23:09:05	60.12	6499	1150	1178
338	23:10:06	60.12	6499	1150	1177
339	23:11:06	60.11	6499	1149	1176
340	23:12:06	60.11	6499	1148	1176
341	23:13:06	60.11	6499	1148	1175
342	23:14:06	60.11	6499	1147	1175
343	23:15:06	60.11	6499	1146	1174
344	23:16:06	60.12	6499	1146	1174
345	23:17:06	60.11	6499	1145	1173
346	23:18:06	60.11	6499	1144	1172
347	23:19:07	60.09	6499	1144	1172
348	23:20:07	60.08	6499	1143	1171
349	23:21:07	33.27	6499	1143	1171
350	23:21:40	60.39	6499	1142	1170
351	23:22:40	60.11	6499	1141	1170
352	23:23:41	60.12	6499	1141	1169
353	23:24:41	60.12	6499	1140	1169
354	23:25:41	60.13	6499	1139	1168
355	23:26:41	60.10	6499	1139	1168
356	23:27:41	60.12	6499	1138	1167
357	23:28:41	60.10	6499	1138	1166
358	23:29:41	60.12	6499	1137	1166
359	23:30:41	60.12	6499	1136	1165
360	23:31:41	60.12	6499	1136	1165
361	23:32:42	60.11	6499	1135	1164
362	23:33:42	60.11	6499	1134	1164
363	23:34:42	60.12	6499	1134	1163
364	23:35:42	60.09	6499	1133	1163
365	23:36:42	60.12	6499	1133	1162
366	23:37:42	60.11	6499	1132	1161
367	23:38:42	60.11	6499	1131	1161
368	23:39:42	60.12	6499	1131	1160
369	23:40:42	27.68	6499	1130	1160
370	23:41:10	60.23	6499	1130	1159
371	23:42:10	60.12	6499	1129	1159
372	23:43:10	60.11	6499	1129	1158
373	23:44:11	60.11	6499	1128	1158
374	23:45:11	60.11	6499	1127	1157
375	23:46:11	60.11	6499	1127	1157
376	23:47:11	60.12	6499	1126	1156
377	23:48:11	60.10	6499	1126	1156
378	23:49:11	60.11	6499	1125	1155
379	23:50:11	60.12	6499	1124	1154
380	23:51:11	60.11	6499	1124	1154
381	23:52:11	60.12	6499	1123	1153
382	23:53:12	60.12	6499	1123	1153
383	23:54:12	60.11	6499	1122	1152
384	23:55:12	60.12	6499	1121	1152
385	23:56:12	60.11	6499	1121	1151
386	23:57:12	60.11	6499	1120	1151
387	23:58:12	60.11	6499	1120	1150
388	23:59:12	60.12	6499	1119	1150
389	00:00:12	60.12	6499	1118	1149
390	00:01:13	60.12	6499	1118	1148
391	00:02:13	47.93	6499	1117	1148
392	00:03:01	60.28	6499	1117	1148
393	00:04:01	60.12	6499	1116	1147
394	00:05:01	60.12	6499	1116	1146
395	00:06:01	60.12	6499	1115	1146
396	00:07:01	60.12	6499	1114	1145
397	00:08:01	60.11	6499	1114	1145
398	00:09:01	60.12	6499	1113	1144
399	00:10:02	60.11	6499	1113	1144
400	00:11:02	60.09	6499	1112	1143
401	00:12:02	60.12	6499	1112	1143
402	00:13:02	60.11	6499	1111	1142
403	00:14:02	60.12	6499	1110	1142
404	00:15:02	60.11	6499	1110	1141
405	00:16:02	60.11	6499	1109	1141
406	00:17:02	60.12	6499	1109	1140
407	00:18:02	60.11	6499	1108	1139
408	00:19:03	60.13	6499	1108	1139
409	00:20:03	48.67	6499	1107	1138
410	00:20:51	60.47	6499	1107	1138
411	00:21:52	60.11	6499	1106	1137
412	00:22:52	60.11	6499	1105	1137
413	00:23:52	60.11	6499	1105	1136
414	00:24:52	60.11	6499	1104	1136
415	00:25:52	60.11	6499	1104	1135
416	00:26:52	60.12	6499	1103	1135
417	00:27:53	60.13	6499	1103	1134
418	00:28:53	60.10	6499	1102	1134
419	00:29:53	60.12	6499	1101	1133
420	00:30:53	60.11	6499	1101	1133
421	00:31:53	60.12	6499	1100	1132
422	00:32:53	60.12	6499	1100	1132
423	00:33:53	60.11	6499	1099	1131
424	00:34:53	60.09	6499	1099	1131
425	00:35:53	60.12	6499	1098	1130
426	00:36:54	60.14	6499	1097	1130
427	00:37:54	60.12	6499	1097	1129
428	00:38:54	60.11	6499	1096	1129
429	00:39:54	60.12	6499	1096	1128
430	00:40:54	60.11	6499	1095	1128
431	00:41:54	60.11	6499	1095	1127
432	00:42:54	60.13	6499	1094	1127
433	00:43:54	60.11	6499	1093	1126
434	00:44:54	60.10	6499	1093	1126
435	00:45:55	60.10	6499	1092	1125
436	00:46:55	60.10	6499	1092	1124
437	00:47:55	60.11	6499	1091	1124
438	00:48:55	60.10	6499	1091	1123
439	00:49:55	60.12	6499	1090	1123
440	00:50:55	60.11	6499	1090	1122
441	00:51:55	60.11	6499	1089	1122
442	00:52:55	60.11	6499	1089	1121
443	00:53:55	60.12	6499	1088	1121
444	00:54:56	60.11	6499	1087	1120
445	00:55:56	60.11	6499	1087	1120
446	00:56:56	60.12	6499	1086	1119
447	00:57:56	60.11	6499	1085	1119
448	00:58:56	60.12	6499	1085	1118
449	00:59:56	60.11	6499	1084	1118
450	01:00:56	60.12	6499	1083	1117
451	01:01:56	60.09	6499	1083	1117
452	01:02:56	60.10	6499	1082	1116
453	01:03:57	60.12	6499	1081	1116
454	01:04:57	60.12	6499	1081	1115
455	01:05:57	60.11	6499	1080	1115
456	01:06:57	60.13	6499	1080	1114
457	01:07:57	60.11	6499	1079	1114
458	01:08:57	60.11	6499	1078	1113
459	01:09:57	60.11	6499	1078	1113
460	01:10:57	60.11	6499	1077	1112
461	01:11:57	60.11	6499	1077	1111
462	01:12:58	60.12	6499	1076	1111
463	01:13:58	60.11	6499	1076	1110
464	01:14:58	60.11	6499	1075	1110
465	01:15:58	60.12	6499	1075	1109
466	01:16:58	60.11	6499	1074	1109
467	01:17:58	60.12	6499	1074	1108
468	01:18:58	60.12	6499	1073	1108
469	01:19:58	60.08	6499	1072	1107
470	01:20:58	60.10	6499	1072	1107
471	01:21:59	60.11	6499	1071	1106
472	01:22:59	60.11	6499	1071	1106
473	01:23:59	60.11	6499	1070	1105
474	01:24:59	60.10	6499	1070	1105
475	01:25:59	60.10	6499	1069	1104
476	01:26:59	60.10	6499	1069	1104
477	01:27:59	60.11	6499	1068	1103
478	01:28:59	60.11	6499	1068	1103
479	01:29:59	60.10	6499	1067	1102
480	01:31:00	60.12	6499	1066	1102
481	01:32:00	60.12	6499	1066	1101
482	01:33:00	22.15	6499	1066	1101
483	01:33:22	60.24	6499	1065	1101
484	01:34:22	60.11	6499	1065	1100
485	01:35:22	60.12	6499	1064	1100
486	01:36:22	60.12	6499	1064	1099
487	01:37:23	60.11	6499	1063	1099
488	01:38:23	60.10	6499	1062	1098
489	01:39:23	60.13	6499	1062	1098
490	01:40:23	60.11	6499	1061	1097
491	01:41:23	60.11	6499	1061	1096
492	01:42:23	60.11	6499	1060	1096
493	01:43:23	60.12	6499	1060	1096
494	01:44:23	60.11	6499	1059	1095
495	01:45:23	60.11	6499	1059	1094
496	01:46:24	60.12	6499	1058	1094
497	01:47:24	60.12	6499	1058	1093
498	01:48:24	60.12	6499	1057	1093
499	01:49:24	60.11	6499	1057	1092
500	01:50:24	60.10	6499	1056	1092
501	01:51:24	60.12	6499	1056	1091
502	01:52:24	60.11	6499	1055	1091
503	01:53:24	60.11	6499	1054	1090
504	01:54:24	60.14	6499	1054	1090
505	01:55:25	60.12	6499	1053	1089
506	01:56:25	60.12	6499	1053	1089
507	01:57:25	60.12	6499	1052	1088
508	01:58:25	60.12	6499	1052	1088
509	01:59:25	60.11	6499	1051	1087
510	02:00:25	60.11	6499	1051	1087
511	02:01:25	60.11	6499	1050	1086
512	02:02:25	60.11	6499	1050	1086
513	02:03:25	60.10	6499	1049	1086
514	02:04:26	60.11	6499	1049	1085
515	02:05:26	60.11	6499	1048	1085
516	02:06:26	60.11	6499	1048	1084
517	02:07:26	60.13	6499	1047	1084
518	02:08:26	60.11	6499	1047	1083
519	02:09:26	60.11	6499	1046	1082
520	02:10:26	60.11	6499	1045	1082
521	02:11:26	60.11	6499	1045	1082
522	02:12:26	60.10	6499	1045	1081
523	02:13:27	60.10	6499	1044	1081
524	02:14:27	60.12	6499	1044	1080
525	02:15:27	60.12	6499	1043	1080
526	02:16:27	60.11	6499	1043	1079
527	02:17:27	60.11	6499	1042	1079
528	02:18:27	56.60	6499	1042	1079
529	02:19:24	60.37	6499	1041	1078
530	02:20:24	60.05	6499	1041	1078
531	02:21:24	60.11	6499	1040	1077
532	02:22:24	10.26	6499	786.4	814.2
533	02:22:34	33.16	6499	0	0
534	02:23:08	60.44	6499	0	0
535	02:24:08	63.13	6499	0	0
Created by AtlRunQuery on: 2018-09-02 19:24:14.740779
