LHC beam energy and intensities during run 334960:
(Begin/end of run: Wed Sep 06 2017 18:54:41 − Thu Sep 07, 11:17:33)

LB	   Start time
(CEST)	   Duration
(sec)	   Beam energy
(GeV)	   Intensity Beam-1
(1e11 protons)	   Intensity Beam-2
(1e11 protons)
1	18:54:41	60.10	450	0.07666	0
2	18:55:41	60.12	449	0.07664	0
3	18:56:41	60.12	450	0.07654	0
4	18:57:41	60.10	450	0.07643	0
5	18:58:41	60.11	450	0.07632	0.01814
6	18:59:42	60.12	450	0.07622	0.07473
7	19:00:42	60.13	450	0.07615	0.07464
8	19:01:42	11.52	450	0.07611	0.07459
9	19:01:53	25.05	450	0.07608	0.07456
10	19:02:18	60.10	450	0.07603	0.0745
11	19:03:19	53.18	450	0.07595	0.07442
12	19:04:12	31.39	450	0.0759	0.07435
13	19:04:43	60.45	450	0.07583	0.07428
14	19:05:44	60.11	450	0.0728	0.07401
15	19:06:44	60.11	449	0.07263	0.07392
16	19:07:44	60.12	450	0.07255	0.07383
17	19:08:44	60.12	450	0.06962	0.07366
18	19:09:44	60.11	450	0.0665	0.07348
19	19:10:44	60.12	450	0.01715	0.01899
20	19:11:44	60.12	450	0.02975	0
21	19:12:44	60.12	450	0.07928	0.05033
22	19:13:44	60.13	450	0.0785	0.0718
23	19:14:45	60.11	450	6.242	0.0704
24	19:15:45	60.12	450	12.82	10.42
25	19:16:45	60.11	450	12.79	12.96
26	19:17:45	60.12	450	12.77	12.94
27	19:18:45	60.13	450	12.75	12.92
28	19:19:45	60.09	450	12.74	12.9
29	19:20:45	60.07	450	12.72	12.89
30	19:21:45	60.13	450	12.7	12.87
31	19:22:45	60.12	450	12.69	12.85
32	19:23:46	60.11	450	12.68	12.83
33	19:24:46	60.12	450	12.66	12.82
34	19:25:46	60.12	450	12.65	12.8
35	19:26:46	60.12	450	12.64	12.79
36	19:27:46	60.12	450	12.63	12.77
37	19:28:46	60.13	450	12.62	12.76
38	19:29:46	60.11	450	12.6	48.77
39	19:30:46	60.12	450	72.05	105
40	19:31:47	60.12	450	149.2	215.5
41	19:32:47	60.12	450	235.1	326.3
42	19:33:47	60.13	450	350.7	412.6
43	19:34:47	60.11	450	459.1	489.7
44	19:35:47	60.13	450	514.9	547.4
45	19:36:47	60.11	450	562.9	648
46	19:37:47	60.12	450	688.1	734
47	19:38:47	60.12	450	785.8	819.9
48	19:39:47	60.12	450	870.8	948.1
49	19:40:48	60.10	450	956	1039
50	19:41:48	60.11	449	1091	1102
51	19:42:48	60.11	450	1132	1145
52	19:43:48	60.11	450	1193	1278
53	19:44:48	60.12	450	1287	1364
54	19:45:48	60.13	450	1412	1448
55	19:46:48	60.13	450	1498	1544
56	19:47:48	60.12	449	1583	1664
57	19:48:49	60.11	450	1685	1710
58	19:49:49	60.11	450	1738	1762
59	19:50:49	60.12	450	1814	1868
60	19:51:49	60.10	450	1898	1978
61	19:52:49	60.12	450	2010	2060
62	19:53:49	60.12	450	2115	2144
63	19:54:49	60.11	450	2198	2261
64	19:55:49	60.11	450	2271	2256
65	19:56:49	60.11	450	2269	2252
66	19:57:50	10.26	450	2267	2250
67	19:58:00	19.18	450	2260	2242
68	19:58:19	60.46	450	2258	2240
69	19:59:19	44.41	451	2255	2237
70	20:00:04	60.28	482	2254	2235
71	20:01:04	60.11	586	2254	2234
72	20:02:04	60.12	760	2253	2234
73	20:03:04	10.26	994	2253	2233
74	20:03:15	60.11	1044	2253	2233
75	20:04:15	60.11	1363	2253	2233
76	20:05:15	60.11	1710	2253	2233
77	20:06:15	60.12	2058	2253	2233
78	20:07:15	60.11	2405	2252	2233
79	20:08:15	60.12	2752	2252	2233
80	20:09:15	60.11	3100	2252	2233
81	20:10:15	60.12	3447	2252	2233
82	20:11:16	60.11	3800	2252	2233
83	20:12:16	60.11	4148	2252	2233
84	20:13:16	60.12	4495	2251	2233
85	20:14:16	60.11	4843	2251	2233
86	20:15:16	60.10	5190	2251	2233
87	20:16:16	60.12	5538	2251	2233
88	20:17:16	60.11	5885	2250	2233
89	20:18:16	60.11	6232	2249	2233
90	20:19:16	26.63	6499	2249	2233
91	20:19:43	10.19	6499	2248	2233
92	20:19:53	60.34	6499	110	108.8
93	20:20:54	60.08	6499	0	0
94	20:21:54	60.11	6499	0	0
95	20:22:54	51.75	6499	0	0
96	20:23:46	60.46	6501	0	0
97	20:24:46	60.12	6501	0	0
98	20:25:46	60.12	6501	0	0
99	20:26:46	60.11	6501	0	0
100	20:27:46	60.12	6501	0	0
101	20:28:46	60.11	6446	0	0
102	20:29:47	60.12	6262	0	0
103	20:30:47	60.11	5954	0	0
104	20:31:47	60.12	5603	0	0
105	20:32:47	10.26	5249	0	0
106	20:32:57	14.53	5190	0	0
107	20:33:12	34.75	5101	0	0
108	20:33:47	60.42	4895	0	0
109	20:34:47	60.11	4539	0	0
110	20:35:47	60.12	4184	0	0
111	20:36:47	60.11	3828	0	0
112	20:37:47	60.12	3471	0	0
113	20:38:47	60.12	3115	0	0
114	20:39:47	60.12	2758	0	0
115	20:40:48	60.12	2396	0	0
116	20:41:48	60.12	2039	0	0
117	20:42:48	60.12	1683	0	0
118	20:43:48	60.11	1326	0	0
119	20:44:48	60.11	969	0	0
120	20:45:48	60.12	613	0	0
121	20:46:48	60.11	301	0	0
122	20:47:48	60.10	116	0	0
123	20:48:49	60.11	59	0	0
124	20:49:49	60.11	59	0	0
125	20:50:49	60.12	59	0	0
126	20:51:49	60.11	59	0	0
127	20:52:49	60.12	59	0	0
128	20:53:49	60.13	59	0	0
129	20:54:49	60.11	59	0	0
130	20:55:49	60.11	59	0	0
131	20:56:49	60.11	59	0	0
132	20:57:50	60.11	59	0	0
133	20:58:50	60.11	59	0	0
134	20:59:50	60.12	59	0	0
135	21:00:50	60.13	59	0	0
136	21:01:50	60.12	59	0	0
137	21:02:50	60.11	286	0	0
138	21:03:50	60.12	450	0	0
139	21:04:50	27.13	450	0	0
140	21:05:18	30.98	450	0	0
141	21:05:49	60.36	450	0	0
142	21:06:49	60.11	450	0	0
143	21:07:49	60.11	450	0	0
144	21:08:49	60.12	449	0	0
145	21:09:49	60.12	449	0	0
146	21:10:49	60.12	450	0	0
147	21:11:49	60.10	450	0	0
148	21:12:50	60.12	450	0	0
149	21:13:50	60.11	450	0	0
150	21:14:50	60.12	450	0	0
151	21:15:50	60.12	450	0	0
152	21:16:50	60.12	450	0	0
153	21:17:50	60.12	450	0	0
154	21:18:50	60.11	450	0	0
155	21:19:50	60.08	450	0	0
156	21:20:50	60.08	450	0	0
157	21:21:51	60.12	450	0.06881	0.02353
158	21:22:51	60.12	450	0.06889	0.07353
159	21:23:51	60.12	450	0.06783	0.07005
160	21:24:51	60.12	450	0.06741	0.06884
161	21:25:51	60.12	450	0.06737	0.06878
162	21:26:51	60.10	450	0.06733	0.06875
163	21:27:51	60.11	450	0.06709	0.06856
164	21:28:51	60.11	450	0.06686	0.06836
165	21:29:51	60.11	450	0.06682	0.06832
166	21:30:52	60.12	450	0.06676	0.06826
167	21:31:52	60.11	449	0.06655	0.06802
168	21:32:52	60.11	450	0.06651	0.06798
169	21:33:52	60.11	450	0.06646	0.06791
170	21:34:52	60.10	449	0.06473	0.06602
171	21:35:52	60.12	450	0.06257	0.06323
172	21:36:52	60.12	449	11.36	2.668
173	21:37:52	60.12	450	12.8	12.88
174	21:38:52	60.11	450	12.77	23.13
175	21:39:53	60.11	450	42.2	71.02
176	21:40:53	60.11	450	189.3	70.9
177	21:41:53	60.12	449	373.5	70.79
178	21:42:53	60.11	450	484	82.47
179	21:43:53	60.12	450	547.5	192.3
180	21:44:53	60.11	450	625.4	282.8
181	21:45:53	60.12	450	737.4	360.8
182	21:46:53	60.11	450	821.7	434
183	21:47:54	60.13	450	897.1	433.1
184	21:48:54	60.11	450	973.9	472.7
185	21:49:54	60.11	450	1030	529.9
186	21:50:54	60.12	450	1028	689.8
187	21:51:54	60.13	450	1026	882.8
188	21:52:54	60.12	450	1025	1011
189	21:53:54	60.12	450	1134	1063
190	21:54:54	60.11	449	1211	1155
191	21:55:54	60.12	449	1286	1259
192	21:56:55	60.12	450	1381	1336
193	21:57:55	60.12	450	1483	1413
194	21:58:55	60.13	450	1528	1512
195	21:59:55	60.12	450	1572	1559
196	22:00:55	60.12	450	1675	1622
197	22:01:55	60.11	450	1769	1698
198	22:02:55	60.12	450	1845	1807
199	22:03:55	60.12	450	1921	1895
200	22:04:56	60.11	450	2033	1970
201	22:05:56	60.11	450	2030	2042
202	22:06:56	60.11	450	2027	2037
203	22:07:56	60.12	450	2024	2032
204	22:08:56	16.56	450	2022	2030
205	22:09:13	21.55	450	2014	2021
206	22:09:34	60.33	459	2013	2019
207	22:10:34	60.12	532	2012	2018
208	22:11:35	60.12	680	2011	2018
209	22:12:35	60.11	889	2011	2017
210	22:13:35	60.12	1162	2011	2017
211	22:14:35	60.12	1502	2011	2017
212	22:15:35	60.12	1849	2011	2017
213	22:16:35	60.11	2196	2011	2017
214	22:17:35	60.11	2544	2011	2017
215	22:18:35	60.12	2891	2011	2017
216	22:19:35	60.10	3239	2011	2017
217	22:20:36	60.07	3592	2010	2017
218	22:21:36	60.12	3939	2010	2017
219	22:22:36	60.11	4287	2010	2017
220	22:23:36	60.11	4634	2010	2017
221	22:24:36	60.13	4981	2010	2017
222	22:25:36	60.12	5329	2009	2017
223	22:26:36	60.12	5676	2009	2017
224	22:27:36	60.12	6024	2009	2017
225	22:28:36	59.43	6371	2008	2017
226	22:29:36	13.87	6499	2007	2017
227	22:29:50	60.44	6499	2007	2016
228	22:30:50	60.12	6499	2007	2016
229	22:31:50	60.12	6499	2007	2016
230	22:32:50	60.10	6499	2007	2016
231	22:33:51	60.12	6499	2007	2016
232	22:34:51	60.11	6499	2007	2016
233	22:35:51	60.10	6499	2006	2016
234	22:36:51	60.10	6499	2006	2016
235	22:37:51	60.11	6499	2006	2016
236	22:38:51	60.12	6499	2006	2016
237	22:39:51	60.10	6499	2006	2016
238	22:40:51	59.50	6499	2005	2016
239	22:41:51	60.47	6499	2005	2016
240	22:42:51	60.12	6499	2005	2016
241	22:43:51	60.11	6499	2005	2016
242	22:44:52	60.11	6499	2004	2015
243	22:45:52	55.82	6499	2002	2014
244	22:46:47	60.14	6499	2001	2013
245	22:47:48	60.11	6499	1999	2012
246	22:48:48	60.11	6499	1997	2011
247	22:49:48	60.11	6499	1995	2010
248	22:50:48	60.15	6499	1994	2008
249	22:51:48	60.32	6499	1992	2007
250	22:52:48	60.10	6499	1990	2006
251	22:53:49	60.12	6499	1988	2005
252	22:54:49	60.11	6499	1987	2004
253	22:55:49	60.11	6499	1985	2003
254	22:56:49	60.12	6499	1984	2002
255	22:57:49	60.11	6499	1982	2001
256	22:58:49	60.11	6499	1980	2000
257	22:59:49	60.12	6499	1979	1999
258	23:00:49	60.10	6499	1977	1998
259	23:01:49	60.11	6499	1975	1997
260	23:02:50	10.27	6499	1974	1996
261	23:03:00	60.38	6499	1973	1996
262	23:04:00	60.11	6499	1972	1994
263	23:05:00	60.12	6499	1970	1993
264	23:06:00	29.12	6499	1969	1993
265	23:06:30	60.04	6499	1968	1992
266	23:07:30	60.12	6499	1967	1991
267	23:08:30	60.12	6499	1965	1990
268	23:09:30	60.12	6499	1963	1988
269	23:10:30	54.72	6499	1962	1987
270	23:11:25	60.24	6499	1961	1986
271	23:12:25	60.12	6499	1959	1985
272	23:13:25	60.11	6499	1958	1984
273	23:14:25	60.11	6499	1956	1983
274	23:15:25	60.11	6499	1955	1982
275	23:16:25	60.11	6499	1953	1981
276	23:17:25	60.10	6499	1952	1980
277	23:18:26	60.11	6499	1951	1979
278	23:19:26	60.12	6499	1949	1978
279	23:20:26	60.04	6499	1948	1977
280	23:21:26	60.11	6499	1947	1976
281	23:22:26	60.10	6499	1945	1975
282	23:23:26	60.11	6499	1944	1974
283	23:24:26	60.12	6499	1943	1973
284	23:25:26	60.12	6499	1941	1972
285	23:26:26	60.10	6499	1940	1971
286	23:27:26	60.12	6499	1938	1970
287	23:28:27	60.12	6499	1937	1969
288	23:29:27	60.10	6499	1936	1968
289	23:30:27	60.11	6499	1935	1967
290	23:31:27	60.11	6499	1934	1966
291	23:32:27	60.11	6499	1932	1965
292	23:33:27	60.11	6499	1931	1964
293	23:34:27	54.97	6499	1930	1964
294	23:35:22	60.47	6499	1929	1963
295	23:36:23	60.47	6499	1928	1962
296	23:37:23	60.50	6499	1927	1961
297	23:38:24	60.11	6499	1926	1960
298	23:39:24	60.12	6499	1925	1959
299	23:40:24	60.11	6499	1923	1958
300	23:41:24	60.12	6499	1922	1957
301	23:42:24	60.11	6499	1921	1956
302	23:43:24	60.12	6499	1920	1955
303	23:44:24	60.11	6499	1919	1954
304	23:45:24	60.12	6499	1918	1953
305	23:46:25	60.11	6499	1917	1952
306	23:47:25	26.73	6499	1916	1952
307	23:47:51	60.43	6499	1915	1951
308	23:48:52	60.11	6499	1914	1950
309	23:49:52	60.11	6499	1913	1949
310	23:50:52	60.12	6499	1912	1948
311	23:51:52	60.12	6499	1911	1947
312	23:52:52	60.12	6499	1910	1947
313	23:53:52	60.12	6499	1909	1946
314	23:54:53	60.11	6499	1908	1945
315	23:55:53	60.11	6499	1907	1944
316	23:56:53	60.11	6499	1906	1943
317	23:57:53	60.10	6499	1905	1942
318	23:58:53	60.13	6499	1904	1941
319	23:59:53	60.11	6499	1903	1940
320	00:00:53	60.12	6499	1902	1940
321	00:01:53	60.11	6499	1901	1939
322	00:02:53	60.12	6499	1900	1938
323	00:03:54	60.11	6499	1899	1937
324	00:04:54	60.12	6499	1898	1936
325	00:05:54	60.10	6499	1897	1935
326	00:06:54	60.13	6499	1896	1934
327	00:07:54	60.12	6499	1895	1933
328	00:08:54	60.12	6499	1894	1932
329	00:09:54	60.12	6499	1893	1932
330	00:10:54	60.11	6499	1892	1931
331	00:11:54	60.12	6499	1891	1930
332	00:12:55	60.12	6499	1890	1929
333	00:13:55	60.13	6499	1890	1928
334	00:14:55	60.11	6499	1889	1927
335	00:15:55	60.12	6499	1888	1926
336	00:16:55	60.11	6499	1887	1926
337	00:17:55	60.12	6499	1886	1925
338	00:18:55	60.12	6499	1885	1924
339	00:19:55	60.08	6499	1884	1923
340	00:20:56	60.10	6499	1883	1922
341	00:21:56	60.12	6499	1882	1921
342	00:22:56	16.11	6499	1881	1921
343	00:23:12	33.48	6499	1881	1920
344	00:23:45	60.37	6499	1880	1920
345	00:24:46	60.11	6499	1879	1919
346	00:25:46	60.10	6499	1878	1918
347	00:26:46	60.10	6499	1877	1917
348	00:27:46	60.10	6499	1876	1916
349	00:28:46	60.12	6499	1875	1916
350	00:29:46	60.12	6499	1874	1915
351	00:30:46	60.11	6499	1874	1914
352	00:31:46	60.11	6499	1873	1913
353	00:32:47	60.12	6499	1872	1912
354	00:33:47	60.10	6499	1871	1911
355	00:34:47	41.94	6499	1870	1911
356	00:35:29	60.26	6499	1869	1910
357	00:36:29	60.11	6499	1868	1909
358	00:37:29	60.11	6499	1868	1908
359	00:38:29	60.11	6499	1867	1907
360	00:39:29	60.11	6499	1866	1907
361	00:40:29	60.11	6499	1865	1906
362	00:41:30	60.13	6499	1864	1905
363	00:42:30	60.11	6499	1863	1904
364	00:43:30	60.11	6499	1862	1903
365	00:44:30	60.12	6499	1861	1902
366	00:45:30	60.10	6499	1861	1902
367	00:46:30	60.13	6499	1860	1901
368	00:47:30	60.11	6499	1859	1900
369	00:48:30	60.11	6499	1858	1899
370	00:49:30	60.12	6499	1857	1898
371	00:50:31	60.13	6499	1856	1898
372	00:51:31	60.11	6499	1855	1897
373	00:52:31	60.12	6499	1854	1896
374	00:53:31	60.10	6499	1853	1895
375	00:54:31	60.11	6499	1853	1894
376	00:55:31	60.11	6499	1852	1893
377	00:56:31	60.12	6499	1851	1893
378	00:57:31	60.11	6499	1850	1892
379	00:58:31	60.11	6499	1849	1891
380	00:59:32	60.11	6499	1848	1890
381	01:00:32	60.11	6499	1847	1889
382	01:01:32	60.12	6499	1846	1888
383	01:02:32	60.10	6499	1845	1888
384	01:03:32	60.11	6499	1844	1887
385	01:04:32	60.11	6499	1843	1886
386	01:05:32	60.11	6499	1842	1885
387	01:06:32	60.12	6499	1842	1884
388	01:07:32	60.12	6499	1841	1883
389	01:08:33	60.11	6499	1840	1883
390	01:09:33	60.10	6499	1839	1882
391	01:10:33	60.11	6499	1838	1881
392	01:11:33	60.12	6499	1837	1880
393	01:12:33	60.13	6499	1836	1879
394	01:13:33	60.13	6499	1835	1878
395	01:14:33	60.12	6499	1834	1878
396	01:15:33	60.11	6499	1834	1877
397	01:16:34	60.12	6499	1833	1876
398	01:17:34	60.11	6499	1832	1875
399	01:18:34	60.10	6499	1831	1874
400	01:19:34	60.10	6499	1830	1874
401	01:20:34	60.05	6499	1829	1873
402	01:21:34	60.11	6499	1828	1872
403	01:22:34	60.12	6499	1827	1871
404	01:23:34	60.11	6499	1827	1870
405	01:24:34	60.12	6499	1826	1869
406	01:25:34	60.11	6499	1825	1869
407	01:26:35	60.11	6499	1824	1868
408	01:27:35	60.11	6499	1823	1867
409	01:28:35	60.12	6499	1822	1866
410	01:29:35	60.11	6499	1821	1865
411	01:30:35	60.12	6499	1820	1864
412	01:31:35	60.11	6499	1820	1864
413	01:32:35	60.12	6499	1819	1863
414	01:33:35	60.10	6499	1818	1862
415	01:34:35	60.11	6499	1817	1861
416	01:35:36	60.11	6499	1816	1860
417	01:36:36	60.13	6499	1815	1859
418	01:37:36	49.25	6499	1815	1859
419	01:38:25	60.44	6499	1814	1858
420	01:39:26	60.12	6499	1813	1857
421	01:40:26	60.10	6499	1812	1856
422	01:41:26	60.13	6499	1811	1856
423	01:42:26	34.60	6499	1811	1855
424	01:43:00	60.08	6499	1810	1854
425	01:44:01	60.11	6499	1809	1854
426	01:45:01	60.10	6499	1808	1853
427	01:46:01	60.11	6499	1807	1852
428	01:47:01	60.11	6499	1807	1851
429	01:48:01	60.12	6499	1806	1850
430	01:49:01	60.11	6499	1805	1850
431	01:50:01	60.12	6499	1804	1849
432	01:51:01	60.11	6499	1803	1848
433	01:52:01	60.10	6499	1802	1847
434	01:53:02	60.12	6499	1801	1846
435	01:54:02	60.11	6499	1801	1846
436	01:55:02	60.11	6499	1800	1845
437	01:56:02	60.11	6499	1799	1844
438	01:57:02	60.11	6499	1798	1843
439	01:58:02	60.11	6499	1797	1842
440	01:59:02	60.13	6499	1796	1842
441	02:00:02	60.11	6499	1796	1841
442	02:01:02	60.13	6499	1795	1840
443	02:02:03	60.12	6499	1794	1839
444	02:03:03	60.10	6499	1793	1838
445	02:04:03	60.12	6499	1792	1838
446	02:05:03	60.11	6499	1791	1837
447	02:06:03	60.11	6499	1791	1836
448	02:07:03	60.12	6499	1790	1835
449	02:08:03	60.11	6499	1789	1834
450	02:09:03	60.12	6499	1788	1834
451	02:10:03	60.11	6499	1787	1833
452	02:11:04	60.12	6499	1787	1832
453	02:12:04	60.11	6499	1786	1831
454	02:13:04	60.11	6499	1785	1831
455	02:14:04	60.10	6499	1784	1830
456	02:15:04	60.12	6499	1783	1829
457	02:16:04	60.12	6499	1782	1828
458	02:17:04	60.11	6499	1782	1827
459	02:18:04	10.27	6499	1781	1827
460	02:18:15	60.12	6499	1781	1826
461	02:19:15	60.12	6499	1780	1826
462	02:20:15	60.06	6499	1779	1825
463	02:21:15	60.10	6499	1778	1824
464	02:22:15	60.10	6499	1778	1823
465	02:23:15	60.12	6499	1777	1823
466	02:24:15	60.11	6499	1776	1822
467	02:25:15	60.12	6499	1775	1821
468	02:26:16	60.11	6499	1774	1820
469	02:27:16	60.10	6499	1774	1819
470	02:28:16	13.37	6499	1773	1819
471	02:28:29	60.50	6499	1773	1819
472	02:29:30	60.12	6499	1772	1818
473	02:30:30	60.11	6499	1771	1817
474	02:31:30	60.11	6499	1770	1816
475	02:32:30	60.12	6499	1769	1816
476	02:33:30	60.10	6499	1769	1815
477	02:34:30	60.11	6499	1768	1814
478	02:35:30	60.12	6499	1767	1813
479	02:36:30	60.11	6499	1766	1812
480	02:37:31	60.11	6499	1766	1812
481	02:38:31	60.11	6499	1765	1811
482	02:39:31	60.10	6499	1764	1810
483	02:40:31	60.12	6499	1763	1809
484	02:41:31	31.46	6499	1763	1809
485	02:42:02	28.18	6499	1762	1808
486	02:42:31	29.57	6499	1762	1808
487	02:43:00	60.04	6499	1761	1807
488	02:44:00	21.26	6499	1761	1807
489	02:44:21	60.16	6499	1760	1806
490	02:45:22	60.11	6499	1760	1806
491	02:46:22	60.12	6499	1759	1805
492	02:47:22	60.11	6499	1758	1804
493	02:48:22	60.11	6499	1757	1803
494	02:49:22	60.12	6499	1756	1802
495	02:50:22	60.11	6499	1755	1802
496	02:51:22	60.12	6499	1754	1801
497	02:52:22	60.11	6499	1754	1800
498	02:53:23	60.10	6499	1753	1799
499	02:54:23	60.11	6499	1752	1799
500	02:55:23	60.11	6499	1751	1798
501	02:56:23	60.11	6499	1750	1797
502	02:57:23	60.12	6499	1750	1796
503	02:58:23	60.11	6499	1749	1795
504	02:59:23	60.12	6499	1748	1795
505	03:00:23	60.13	6499	1747	1794
506	03:01:23	60.10	6499	1746	1793
507	03:02:24	60.12	6499	1746	1792
508	03:03:24	60.13	6499	1745	1792
509	03:04:24	60.10	6499	1744	1791
510	03:05:24	60.12	6499	1743	1790
511	03:06:24	60.11	6499	1742	1789
512	03:07:24	60.10	6499	1742	1788
513	03:08:24	60.10	6499	1741	1788
514	03:09:24	60.10	6499	1740	1787
515	03:10:24	60.11	6499	1739	1786
516	03:11:25	55.23	6499	1738	1785
517	03:12:20	60.22	6499	1738	1785
518	03:13:20	60.12	6499	1737	1784
519	03:14:20	60.11	6499	1736	1783
520	03:15:20	60.11	6499	1735	1783
521	03:16:20	60.11	6499	1735	1782
522	03:17:20	60.12	6499	1734	1781
523	03:18:21	60.12	6499	1733	1780
524	03:19:21	60.11	6499	1732	1779
525	03:20:21	60.04	6499	1732	1779
526	03:21:21	60.13	6499	1731	1778
527	03:22:21	60.11	6499	1730	1777
528	03:23:21	60.12	6499	1729	1776
529	03:24:21	60.12	6499	1728	1776
530	03:25:21	60.12	6499	1728	1775
531	03:26:21	60.11	6499	1727	1774
532	03:27:22	60.10	6499	1726	1773
533	03:28:22	60.11	6499	1725	1773
534	03:29:22	60.11	6499	1725	1772
535	03:30:22	60.11	6499	1724	1771
536	03:31:22	60.12	6499	1723	1770
537	03:32:22	60.12	6499	1722	1770
538	03:33:22	60.12	6499	1722	1769
539	03:34:22	60.11	6499	1721	1768
540	03:35:22	60.10	6499	1720	1767
541	03:36:23	60.12	6499	1719	1767
542	03:37:23	60.12	6499	1719	1766
543	03:38:23	60.12	6499	1718	1765
544	03:39:23	60.12	6499	1717	1764
545	03:40:23	60.12	6499	1716	1764
546	03:41:23	60.12	6499	1716	1763
547	03:42:23	60.11	6499	1715	1762
548	03:43:23	60.11	6499	1714	1761
549	03:44:23	60.11	6499	1713	1761
550	03:45:24	60.12	6499	1713	1760
551	03:46:24	60.11	6499	1712	1759
552	03:47:24	37.87	6499	1711	1759
553	03:48:02	60.55	6499	1711	1758
554	03:49:02	60.09	6499	1710	1757
555	03:50:02	60.11	6499	1709	1757
556	03:51:02	60.12	6499	1708	1756
557	03:52:03	60.13	6499	1708	1755
558	03:53:03	60.13	6499	1707	1754
559	03:54:03	60.11	6499	1706	1754
560	03:55:03	60.12	6499	1705	1753
561	03:56:03	60.12	6499	1705	1752
562	03:57:03	60.12	6499	1704	1752
563	03:58:03	60.11	6499	1703	1751
564	03:59:03	60.12	6499	1702	1750
565	04:00:04	60.12	6499	1702	1749
566	04:01:04	60.11	6499	1701	1749
567	04:02:04	60.12	6499	1700	1748
568	04:03:04	60.12	6499	1700	1747
569	04:04:04	60.12	6499	1699	1746
570	04:05:04	60.12	6499	1698	1746
571	04:06:04	60.12	6499	1697	1745
572	04:07:04	60.12	6499	1697	1744
573	04:08:04	60.11	6499	1696	1743
574	04:09:05	60.11	6499	1695	1743
575	04:10:05	60.12	6499	1694	1742
576	04:11:05	60.12	6499	1694	1741
577	04:12:05	60.12	6499	1693	1741
578	04:13:05	60.10	6499	1692	1740
579	04:14:05	60.12	6499	1691	1739
580	04:15:05	60.11	6499	1691	1738
581	04:16:05	60.09	6499	1690	1738
582	04:17:05	60.11	6499	1689	1737
583	04:18:06	60.11	6499	1688	1736
584	04:19:06	60.12	6499	1688	1736
585	04:20:06	60.08	6499	1687	1735
586	04:21:06	60.09	6499	1686	1734
587	04:22:06	60.11	6499	1686	1733
588	04:23:06	60.11	6499	1685	1733
589	04:24:06	60.12	6499	1684	1732
590	04:25:06	60.11	6499	1684	1731
591	04:26:06	60.11	6499	1683	1731
592	04:27:07	60.10	6499	1682	1730
593	04:28:07	60.13	6499	1681	1729
594	04:29:07	60.11	6499	1681	1728
595	04:30:07	60.12	6499	1680	1728
596	04:31:07	60.12	6499	1679	1727
597	04:32:07	60.10	6499	1679	1726
598	04:33:07	60.11	6499	1678	1726
599	04:34:07	60.11	6499	1677	1725
600	04:35:07	60.12	6499	1676	1724
601	04:36:08	60.11	6499	1676	1724
602	04:37:08	60.12	6499	1675	1723
603	04:38:08	60.11	6499	1674	1722
604	04:39:08	60.11	6499	1674	1721
605	04:40:08	60.12	6499	1673	1721
606	04:41:08	60.11	6499	1672	1720
607	04:42:08	60.11	6499	1671	1719
608	04:43:08	60.11	6499	1671	1719
609	04:44:08	60.11	6499	1670	1718
610	04:45:09	60.12	6499	1669	1717
611	04:46:09	60.11	6499	1669	1717
612	04:47:09	60.10	6499	1668	1716
613	04:48:09	60.12	6499	1667	1715
614	04:49:09	60.12	6499	1666	1714
615	04:50:09	60.13	6499	1666	1714
616	04:51:09	60.12	6499	1665	1713
617	04:52:09	60.12	6499	1664	1712
618	04:53:10	60.11	6499	1664	1712
619	04:54:10	60.11	6499	1663	1711
620	04:55:10	60.11	6499	1662	1710
621	04:56:10	60.12	6499	1662	1709
622	04:57:10	60.11	6499	1661	1709
623	04:58:10	60.11	6499	1660	1708
624	04:59:10	60.11	6499	1660	1707
625	05:00:10	60.11	6499	1659	1707
626	05:01:10	60.10	6499	1658	1706
627	05:02:11	30.72	6499	1658	1706
628	05:02:41	60.43	6499	1657	1705
629	05:03:42	60.12	6499	1656	1704
630	05:04:42	60.11	6499	1656	1704
631	05:05:42	60.11	6499	1655	1703
632	05:06:42	60.12	6499	1654	1702
633	05:07:42	60.11	6499	1654	1702
634	05:08:42	60.11	6499	1653	1701
635	05:09:42	60.11	6499	1652	1700
636	05:10:42	60.12	6499	1652	1700
637	05:11:43	60.11	6499	1651	1699
638	05:12:43	10.27	6499	1651	1699
639	05:12:53	10.27	6499	1651	1698
640	05:13:03	17.02	6499	1650	1698
641	05:13:20	60.13	6499	1650	1698
642	05:14:20	60.12	6499	1649	1697
643	05:15:20	60.10	6499	1649	1697
644	05:16:21	60.11	6499	1648	1696
645	05:17:21	60.10	6499	1647	1695
646	05:18:21	60.11	6499	1647	1695
647	05:19:21	60.11	6499	1646	1694
648	05:20:21	60.29	6499	1645	1693
649	05:21:21	60.13	6499	1645	1693
650	05:22:21	60.12	6499	1644	1692
651	05:23:22	60.11	6499	1643	1691
652	05:24:22	60.11	6499	1643	1690
653	05:25:22	60.12	6499	1642	1690
654	05:26:22	60.11	6499	1641	1689
655	05:27:22	60.11	6499	1641	1689
656	05:28:22	60.12	6499	1640	1688
657	05:29:22	60.12	6499	1639	1687
658	05:30:22	60.12	6499	1639	1687
659	05:31:22	60.11	6499	1638	1686
660	05:32:23	60.10	6499	1637	1685
661	05:33:23	60.11	6499	1637	1684
662	05:34:23	60.11	6499	1636	1684
663	05:35:23	60.11	6499	1635	1683
664	05:36:23	60.12	6499	1635	1682
665	05:37:23	60.12	6499	1634	1682
666	05:38:23	60.11	6499	1633	1681
667	05:39:23	60.11	6499	1633	1680
668	05:40:23	60.11	6499	1632	1680
669	05:41:24	60.11	6499	1631	1679
670	05:42:24	60.11	6499	1631	1678
671	05:43:24	60.11	6499	1630	1678
672	05:44:24	60.11	6499	1629	1677
673	05:45:24	60.13	6499	1629	1677
674	05:46:24	60.11	6499	1628	1676
675	05:47:24	60.12	6499	1627	1675
676	05:48:24	60.10	6499	1627	1675
677	05:49:25	60.11	6499	1626	1674
678	05:50:25	60.10	6499	1625	1673
679	05:51:25	60.11	6499	1625	1673
680	05:52:25	60.12	6499	1624	1672
681	05:53:25	60.11	6499	1623	1671
682	05:54:25	60.11	6499	1623	1671
683	05:55:25	60.12	6499	1622	1670
684	05:56:25	60.12	6499	1621	1669
685	05:57:25	60.11	6499	1621	1669
686	05:58:26	60.12	6499	1620	1668
687	05:59:26	60.11	6499	1619	1667
688	06:00:26	60.11	6499	1619	1667
689	06:01:26	60.11	6499	1618	1666
690	06:02:26	60.11	6499	1617	1665
691	06:03:26	60.11	6499	1617	1665
692	06:04:26	60.12	6499	1616	1664
693	06:05:26	60.11	6499	1615	1664
694	06:06:26	60.12	6499	1615	1663
695	06:07:27	60.11	6499	1614	1662
696	06:08:27	60.11	6499	1613	1662
697	06:09:27	60.11	6499	1613	1661
698	06:10:27	60.12	6499	1612	1660
699	06:11:27	60.11	6499	1612	1660
700	06:12:27	60.13	6499	1611	1659
701	06:13:27	60.12	6499	1610	1658
702	06:14:27	60.11	6499	1610	1658
703	06:15:27	60.11	6499	1609	1657
704	06:16:28	60.12	6499	1608	1657
705	06:17:28	60.11	6499	1608	1656
706	06:18:28	60.12	6499	1607	1655
707	06:19:28	60.10	6499	1606	1655
708	06:20:28	47.34	6499	1606	1654
709	06:21:15	60.28	6499	1605	1653
710	06:22:16	60.11	6499	1605	1653
711	06:23:16	60.12	6499	1604	1652
712	06:24:16	60.11	6499	1603	1652
713	06:25:16	60.12	6499	1603	1651
714	06:26:16	49.48	6499	1602	1650
715	06:27:06	60.20	6499	1601	1650
716	06:28:06	60.11	6499	1601	1649
717	06:29:06	60.12	6499	1600	1649
718	06:30:06	60.13	6499	1600	1648
719	06:31:06	60.11	6499	1599	1647
720	06:32:06	60.12	6499	1598	1647
721	06:33:06	60.10	6499	1598	1646
722	06:34:06	60.11	6499	1597	1645
723	06:35:07	60.11	6499	1596	1645
724	06:36:07	60.11	6499	1596	1644
725	06:37:07	60.11	6499	1595	1644
726	06:38:07	60.12	6499	1595	1643
727	06:39:07	60.11	6499	1594	1642
728	06:40:07	60.10	6499	1593	1642
729	06:41:07	60.12	6499	1593	1641
730	06:42:07	60.11	6499	1592	1640
731	06:43:07	60.11	6499	1591	1640
732	06:44:08	60.11	6499	1591	1639
733	06:45:08	60.11	6499	1590	1639
734	06:46:08	60.12	6499	1589	1638
735	06:47:08	60.11	6499	1589	1637
736	06:48:08	60.11	6499	1588	1637
737	06:49:08	60.11	6499	1588	1636
738	06:50:08	60.13	6499	1587	1636
739	06:51:08	60.19	6499	1586	1635
740	06:52:09	60.11	6499	1586	1634
741	06:53:09	60.12	6499	1585	1634
742	06:54:09	60.11	6499	1584	1633
743	06:55:09	60.12	6499	1584	1632
744	06:56:09	60.11	6499	1583	1632
745	06:57:09	60.11	6499	1583	1631
746	06:58:09	60.11	6499	1582	1631
747	06:59:09	60.11	6499	1581	1630
748	07:00:09	60.11	6499	1581	1629
749	07:01:10	60.12	6499	1580	1629
750	07:02:10	60.11	6499	1580	1628
751	07:03:10	60.12	6499	1579	1628
752	07:04:10	16.16	6499	1578	1627
753	07:04:26	60.47	6499	1578	1627
754	07:05:27	10.27	6499	1578	1627
755	07:05:37	60.42	6499	1577	1626
756	07:06:37	60.11	6499	1577	1626
757	07:07:37	60.12	6499	1576	1625
758	07:08:37	60.12	6499	1576	1624
759	07:09:38	60.10	6499	1575	1624
760	07:10:38	60.11	6499	1574	1623
761	07:11:38	60.10	6499	1574	1622
762	07:12:38	60.11	6499	1573	1622
763	07:13:38	60.11	6499	1572	1621
764	07:14:38	60.11	6499	1572	1621
765	07:15:38	60.12	6499	1571	1620
766	07:16:38	60.11	6499	1571	1619
767	07:17:38	60.12	6499	1570	1619
768	07:18:39	60.11	6499	1569	1618
769	07:19:39	60.09	6499	1569	1618
770	07:20:39	60.06	6499	1568	1617
771	07:21:39	60.10	6499	1568	1616
772	07:22:39	60.11	6499	1567	1616
773	07:23:39	60.11	6499	1566	1615
774	07:24:39	60.12	6499	1566	1615
775	07:25:39	60.12	6499	1565	1614
776	07:26:39	60.12	6499	1564	1613
777	07:27:40	60.12	6499	1564	1613
778	07:28:40	60.12	6499	1563	1612
779	07:29:40	60.11	6499	1562	1612
780	07:30:40	60.11	6499	1562	1611
781	07:31:40	60.12	6499	1561	1610
782	07:32:40	60.11	6499	1561	1610
783	07:33:40	60.13	6499	1560	1609
784	07:34:40	60.12	6499	1559	1608
785	07:35:40	60.11	6499	1559	1608
786	07:36:41	60.10	6499	1558	1607
787	07:37:41	60.11	6499	1557	1607
788	07:38:41	60.10	6499	1557	1606
789	07:39:41	60.12	6499	1556	1605
790	07:40:41	60.12	6499	1556	1605
791	07:41:41	60.11	6499	1555	1604
792	07:42:41	60.12	6499	1554	1603
793	07:43:41	60.11	6499	1554	1603
794	07:44:41	60.11	6499	1553	1602
795	07:45:42	60.11	6499	1552	1602
796	07:46:42	60.11	6499	1552	1601
797	07:47:42	60.11	6499	1551	1600
798	07:48:42	60.10	6499	1551	1600
799	07:49:42	60.12	6499	1550	1599
800	07:50:42	60.11	6499	1549	1599
801	07:51:42	60.12	6499	1549	1598
802	07:52:42	60.12	6499	1548	1597
803	07:53:42	60.11	6499	1547	1597
804	07:54:43	60.11	6499	1547	1596
805	07:55:43	60.11	6499	1546	1596
806	07:56:43	60.11	6499	1546	1595
807	07:57:43	60.11	6499	1545	1594
808	07:58:43	60.12	6499	1544	1594
809	07:59:43	60.12	6499	1544	1593
810	08:00:43	60.11	6499	1543	1593
811	08:01:43	60.10	6499	1543	1592
812	08:02:43	60.09	6499	1542	1592
813	08:03:44	60.11	6499	1541	1591
814	08:04:44	60.11	6499	1541	1590
815	08:05:44	60.11	6499	1540	1590
816	08:06:44	60.10	6499	1539	1589
817	08:07:44	60.11	6499	1539	1589
818	08:08:44	60.11	6499	1538	1588
819	08:09:44	60.12	6499	1538	1587
820	08:10:44	60.11	6499	1537	1587
821	08:11:44	24.70	6499	1537	1586
822	08:12:09	60.44	6499	1536	1586
823	08:13:10	60.12	6499	1536	1585
824	08:14:10	60.11	6499	1535	1585
825	08:15:10	60.11	6499	1534	1584
826	08:16:10	60.11	6499	1534	1584
827	08:17:10	60.12	6499	1533	1583
828	08:18:10	60.12	6499	1533	1582
829	08:19:10	60.10	6499	1532	1582
830	08:20:10	60.04	6499	1531	1581
831	08:21:10	60.09	6499	1531	1581
832	08:22:11	60.11	6499	1530	1580
833	08:23:11	60.11	6499	1530	1580
834	08:24:11	60.11	6499	1529	1579
835	08:25:11	60.13	6499	1528	1578
836	08:26:11	60.10	6499	1528	1578
837	08:27:11	60.10	6499	1527	1577
838	08:28:11	60.12	6499	1527	1577
839	08:29:11	60.11	6499	1526	1576
840	08:30:11	60.11	6499	1526	1575
841	08:31:12	60.12	6499	1525	1575
842	08:32:12	60.12	6499	1524	1574
843	08:33:12	60.12	6499	1524	1574
844	08:34:12	60.12	6499	1523	1573
845	08:35:12	60.11	6499	1523	1573
846	08:36:12	60.12	6499	1522	1572
847	08:37:12	60.12	6499	1521	1571
848	08:38:12	60.10	6499	1521	1571
849	08:39:12	60.12	6499	1520	1570
850	08:40:13	60.11	6499	1520	1570
851	08:41:13	60.13	6499	1519	1569
852	08:42:13	60.09	6499	1518	1569
853	08:43:13	60.11	6499	1518	1568
854	08:44:13	60.11	6499	1517	1567
855	08:45:13	60.11	6499	1517	1567
856	08:46:13	60.12	6499	1516	1566
857	08:47:13	60.12	6499	1515	1566
858	08:48:13	60.12	6499	1515	1565
859	08:49:14	60.12	6499	1514	1565
860	08:50:14	60.12	6499	1514	1564
861	08:51:14	60.12	6499	1513	1563
862	08:52:14	60.11	6499	1513	1563
863	08:53:14	60.12	6499	1512	1562
864	08:54:14	60.12	6499	1511	1562
865	08:55:14	60.12	6499	1511	1561
866	08:56:14	60.11	6499	1510	1561
867	08:57:15	60.12	6499	1510	1560
868	08:58:15	60.12	6499	1509	1560
869	08:59:15	60.13	6499	1508	1559
870	09:00:15	60.11	6499	1508	1558
871	09:01:15	60.12	6499	1507	1558
872	09:02:15	60.11	6499	1507	1557
873	09:03:15	60.11	6499	1506	1557
874	09:04:15	60.11	6499	1506	1556
875	09:05:15	60.12	6499	1505	1556
876	09:06:16	60.11	6499	1504	1555
877	09:07:16	60.12	6499	1504	1554
878	09:08:16	60.11	6499	1503	1554
879	09:09:16	60.10	6499	1503	1553
880	09:10:16	60.11	6499	1502	1553
881	09:11:16	60.12	6499	1502	1552
882	09:12:16	60.12	6499	1501	1552
883	09:13:16	60.11	6499	1500	1551
884	09:14:16	60.11	6499	1500	1550
885	09:15:17	60.12	6499	1499	1550
886	09:16:17	60.11	6499	1499	1549
887	09:17:17	60.12	6499	1498	1549
888	09:18:17	60.11	6499	1498	1548
889	09:19:17	60.11	6499	1497	1548
890	09:20:17	60.04	6499	1496	1547
891	09:21:17	60.11	6499	1496	1547
892	09:22:17	60.12	6499	1495	1546
893	09:23:17	60.11	6499	1495	1546
894	09:24:18	60.11	6499	1494	1545
895	09:25:18	60.11	6499	1494	1544
896	09:26:18	60.10	6499	1493	1544
897	09:27:18	60.11	6499	1492	1543
898	09:28:18	60.12	6499	1492	1543
899	09:29:18	60.11	6499	1491	1542
900	09:30:18	60.11	6499	1491	1542
901	09:31:18	60.12	6499	1490	1541
902	09:32:18	60.10	6499	1490	1541
903	09:33:19	60.11	6499	1489	1540
904	09:34:19	60.11	6499	1489	1540
905	09:35:19	60.11	6499	1488	1539
906	09:36:19	60.11	6499	1487	1538
907	09:37:19	60.12	6499	1487	1538
908	09:38:19	60.13	6499	1486	1537
909	09:39:19	60.13	6499	1486	1537
910	09:40:19	60.11	6499	1485	1536
911	09:41:19	60.11	6499	1485	1536
912	09:42:20	60.13	6499	1484	1535
913	09:43:20	60.11	6499	1484	1535
914	09:44:20	60.11	6499	1483	1534
915	09:45:20	60.11	6499	1482	1534
916	09:46:20	60.13	6499	1482	1533
917	09:47:20	60.11	6499	1481	1532
918	09:48:20	60.12	6499	1481	1532
919	09:49:20	60.12	6499	1480	1531
920	09:50:21	60.12	6499	1480	1531
921	09:51:21	60.11	6499	1479	1530
922	09:52:21	60.11	6499	1479	1530
923	09:53:21	60.11	6499	1478	1529
924	09:54:21	60.11	6499	1477	1529
925	09:55:21	60.12	6499	1477	1528
926	09:56:21	60.11	6499	1476	1528
927	09:57:21	60.11	6499	1476	1527
928	09:58:21	60.12	6499	1475	1527
929	09:59:22	60.13	6499	1475	1526
930	10:00:22	59.75	6499	1474	1526
931	10:01:21	60.46	6499	1474	1525
932	10:02:22	60.10	6499	1473	1524
933	10:03:22	60.11	6499	1473	1524
934	10:04:22	60.12	6499	1472	1523
935	10:05:22	60.11	6499	1471	1523
936	10:06:22	60.12	6499	1471	1522
937	10:07:22	60.11	6499	1470	1522
938	10:08:23	60.11	6499	1470	1521
939	10:09:23	60.11	6499	1469	1521
940	10:10:23	60.12	6499	1469	1520
941	10:11:23	60.10	6499	1468	1520
942	10:12:23	60.11	6499	1468	1519
943	10:13:23	60.12	6499	1467	1519
944	10:14:23	60.12	6499	1467	1518
945	10:15:23	60.11	6499	1466	1518
946	10:16:23	60.10	6499	1466	1517
947	10:17:24	60.11	6499	1465	1516
948	10:18:24	60.11	6499	1464	1516
949	10:19:24	60.11	6499	1464	1515
950	10:20:24	60.05	6499	1463	1515
951	10:21:24	60.10	6499	1463	1514
952	10:22:24	60.11	6499	1462	1514
953	10:23:24	60.12	6499	1461	1513
954	10:24:24	60.12	6499	1461	1513
955	10:25:24	60.12	6499	1460	1512
956	10:26:25	60.11	6499	1460	1512
957	10:27:25	60.11	6499	1459	1511
958	10:28:25	60.11	6499	1459	1511
959	10:29:25	60.12	6499	1458	1510
960	10:30:25	60.12	6499	1458	1510
961	10:31:25	60.11	6499	1457	1509
962	10:32:25	60.11	6499	1457	1509
963	10:33:25	60.11	6499	1456	1508
964	10:34:25	60.11	6499	1455	1508
965	10:35:26	60.11	6499	1455	1507
966	10:36:26	60.12	6499	1454	1507
967	10:37:26	60.10	6499	1454	1506
968	10:38:26	60.11	6499	1453	1505
969	10:39:26	60.12	6499	1453	1505
970	10:40:26	60.11	6499	1452	1504
971	10:41:26	60.12	6499	1452	1504
972	10:42:26	60.12	6499	1451	1503
973	10:43:26	60.11	6499	1451	1503
974	10:44:27	60.11	6499	1450	1502
975	10:45:27	60.12	6499	1450	1502
976	10:46:27	60.11	6499	1449	1501
977	10:47:27	60.11	6499	1449	1501
978	10:48:27	60.12	6499	1448	1500
979	10:49:27	60.10	6499	1448	1500
980	10:50:27	60.11	6499	1447	1499
981	10:51:27	60.12	6499	1446	1499
982	10:52:27	60.11	6499	1446	1498
983	10:53:28	60.13	6499	1445	1498
984	10:54:28	60.10	6499	1445	1497
985	10:55:28	60.11	6499	1444	1497
986	10:56:28	60.11	6499	1444	1496
987	10:57:28	60.10	6499	1444	1496
988	10:58:28	60.12	6499	1443	1496
989	10:59:28	60.11	6499	1443	1495
990	11:00:28	60.11	6499	1442	1495
991	11:01:28	60.12	6499	1442	1494
992	11:02:29	60.11	6499	1441	1494
993	11:03:29	60.12	6499	1441	1493
994	11:04:29	60.12	6499	1440	1493
995	11:05:29	60.12	6499	1440	1492
996	11:06:29	60.11	6499	1439	1492
997	11:07:29	60.12	6499	1438	1491
998	11:08:29	60.12	6499	1438	1491
999	11:09:29	60.11	6499	1437	1490
1000	11:10:30	29.65	6499	1437	1490
1001	11:10:59	60.27	6499	8.194	5.545
1002	11:11:59	60.11	6499	0	0
1003	11:13:00	60.11	6501	0	0
1004	11:14:00	60.12	6501	0	0
1005	11:15:00	60.11	6501	0	0
1006	11:16:00	60.11	6501	0	0
1007	11:17:00	32.63	6471	0	0
Created by AtlRunQuery on: 2018-09-03 10:40:15.788094
