LHC beam energy and intensities during run 335016:
(Begin/end of run: Fri Sep 08 2017 02:37:14 − 05:24:49)

LB	   Start time
(CEST)	   Duration
(sec)	   Beam energy
(GeV)	   Intensity Beam-1
(1e11 protons)	   Intensity Beam-2
(1e11 protons)
1	02:37:14	60.11	450	2140	2165
2	02:38:14	60.12	450	2138	2163
3	02:39:14	55.83	450	2136	2160
4	02:40:10	10.05	450	2134	2158
5	02:40:20	55.28	449	2132	2156
6	02:41:15	10.10	450	2122	2147
7	02:41:25	19.00	450	2121	2146
8	02:41:44	60.41	449	2119	2143
9	02:42:45	60.11	478	2117	2141
10	02:43:45	60.11	579	2117	2140
11	02:44:45	60.11	750	2116	2140
12	02:45:45	17.33	980	2116	2140
13	02:46:02	60.06	1057	2116	2140
14	02:47:03	60.11	1385	2116	2140
15	02:48:03	60.10	1733	2116	2140
16	02:49:03	60.11	2080	2116	2140
17	02:50:03	60.12	2427	2116	2140
18	02:51:03	60.12	2775	2116	2140
19	02:52:03	60.13	3122	2116	2140
20	02:53:03	60.11	3469	2116	2139
21	02:54:03	60.10	3817	2115	2139
22	02:55:03	60.11	4164	2115	2139
23	02:56:04	60.13	4518	2115	2139
24	02:57:04	60.10	4865	2115	2139
25	02:58:04	60.12	5212	2115	2139
26	02:59:04	60.12	5560	2115	2138
27	03:00:04	60.12	5907	2115	2138
28	03:01:04	60.11	6255	2114	2138
29	03:02:04	13.66	6499	2113	2138
30	03:02:18	10.39	6499	2113	2138
31	03:02:28	60.13	6499	2113	2138
32	03:03:28	60.12	6499	2113	2137
33	03:04:29	60.10	6499	2113	2137
34	03:05:29	60.11	6499	2113	2137
35	03:06:29	60.12	6499	2113	2137
36	03:07:29	60.11	6499	2113	2137
37	03:08:29	60.12	6499	2113	2137
38	03:09:29	60.12	6499	2113	2137
39	03:10:29	60.13	6499	2112	2137
40	03:11:29	60.11	6499	2112	2137
41	03:12:29	60.12	6499	2112	2137
42	03:13:30	60.11	6499	2112	2137
43	03:14:30	49.27	6499	2112	2137
44	03:15:19	60.42	6499	2112	2137
45	03:16:19	60.11	6499	2111	2137
46	03:17:19	60.11	6499	2111	2136
47	03:18:20	60.11	6499	2108	2136
48	03:19:20	60.10	6499	2107	2135
49	03:20:20	60.04	6499	2105	2134
50	03:21:20	60.10	6499	2103	2132
51	03:22:20	60.11	6499	2101	2131
52	03:23:20	60.11	6499	2100	2130
53	03:24:20	60.12	6499	2098	2129
54	03:25:20	19.12	6499	2096	2128
55	03:25:39	60.26	6499	2095	2127
56	03:26:40	60.12	6499	2093	2126
57	03:27:40	60.10	6499	2091	2125
58	03:28:40	60.12	6499	2089	2123
59	03:29:40	60.11	6499	2088	2122
60	03:30:40	60.12	6499	2086	2121
61	03:31:40	10.26	6499	2085	2121
62	03:31:50	60.37	6499	2083	2120
63	03:32:51	60.10	6499	2081	2119
64	03:33:51	60.11	6499	2079	2117
65	03:34:51	60.12	6499	2077	2116
66	03:35:51	60.11	6499	2075	2115
67	03:36:51	60.12	6499	2074	2114
68	03:37:51	60.11	6499	2072	2113
69	03:38:52	60.10	6499	2070	2111
70	03:39:52	60.12	6499	2068	2110
71	03:40:52	60.11	6499	2066	2109
72	03:41:52	60.11	6499	2064	2108
73	03:42:52	60.11	6499	2062	2107
74	03:43:52	60.11	6499	2061	2106
75	03:44:52	58.56	6499	2059	2104
76	03:45:51	14.71	6499	2058	2104
77	03:46:05	60.23	6499	2057	2103
78	03:47:06	60.09	6499	2055	2102
79	03:48:06	60.11	6499	2053	2101
80	03:49:06	60.11	6499	2052	2100
81	03:50:06	60.12	6499	2050	2099
82	03:51:06	60.12	6499	2048	2098
83	03:52:06	60.11	6499	2047	2097
84	03:53:06	60.12	6499	2045	2095
85	03:54:06	60.12	6499	2043	2094
86	03:55:07	60.11	6499	2042	2093
87	03:56:07	60.11	6499	2040	2092
88	03:57:07	60.11	6499	2039	2091
89	03:58:07	60.10	6499	2037	2090
90	03:59:07	60.12	6499	2036	2089
91	04:00:07	60.11	6499	2034	2088
92	04:01:07	60.12	6499	2033	2087
93	04:02:07	60.11	6499	2031	2086
94	04:03:07	60.10	6499	2030	2085
95	04:04:08	60.11	6499	2028	2084
96	04:05:08	60.11	6499	2027	2083
97	04:06:08	60.12	6499	2025	2082
98	04:07:08	60.10	6499	2024	2081
99	04:08:08	60.11	6499	2022	2080
100	04:09:08	60.12	6499	2021	2079
101	04:10:08	60.12	6499	2019	2078
102	04:11:08	60.12	6499	2018	2077
103	04:12:09	60.12	6499	2017	2076
104	04:13:09	60.11	6499	2015	2075
105	04:14:09	60.12	6499	2014	2074
106	04:15:09	60.12	6499	2012	2073
107	04:16:09	60.12	6499	2011	2071
108	04:17:09	60.11	6499	2010	2071
109	04:18:09	60.12	6499	2008	2069
110	04:19:09	60.12	6499	2007	2068
111	04:20:09	60.05	6499	2006	2068
112	04:21:09	60.11	6499	2004	2067
113	04:22:10	60.12	6499	2003	2066
114	04:23:10	60.11	6499	2002	2065
115	04:24:10	60.12	6499	2000	2064
116	04:25:10	60.10	6499	1999	2063
117	04:26:10	60.11	6499	1998	2062
118	04:27:10	60.12	6499	1997	2061
119	04:28:10	60.12	6499	1995	2060
120	04:29:10	60.11	6499	1994	2059
121	04:30:11	10.26	6499	1993	2058
122	04:30:21	60.11	6499	1993	2057
123	04:31:21	60.12	6499	1991	2057
124	04:32:21	60.11	6499	1990	2056
125	04:33:21	60.11	6499	1989	2055
126	04:34:21	30.46	6499	1988	2054
127	04:34:52	60.20	6499	1987	2053
128	04:35:52	60.12	6499	1986	2052
129	04:36:52	10.27	6499	1985	2052
130	04:37:02	60.38	6499	1985	2051
131	04:38:03	60.12	6499	1983	2050
132	04:39:03	60.10	6499	1982	2049
133	04:40:03	60.11	6499	1981	2048
134	04:41:03	60.12	6499	1980	2047
135	04:42:03	60.11	6499	1979	2046
136	04:43:03	60.12	6499	1978	2045
137	04:44:03	34.63	6499	1977	2045
138	04:44:38	60.04	6499	1976	2044
139	04:45:38	10.27	6499	1975	2043
140	04:45:48	60.12	6499	1975	2043
141	04:46:48	60.11	6499	1973	2042
142	04:47:49	60.12	6499	1972	2041
143	04:48:49	60.10	6499	1971	2040
144	04:49:49	60.11	6499	1970	2039
145	04:50:49	60.11	6499	1969	2038
146	04:51:49	60.10	6499	1968	2037
147	04:52:49	60.12	6499	1967	2036
148	04:53:49	60.11	6499	1966	2035
149	04:54:49	60.11	6499	1965	2034
150	04:55:49	60.10	6499	1964	2033
151	04:56:49	60.11	6499	1963	2032
152	04:57:50	60.11	6499	1962	2031
153	04:58:50	60.11	6499	1960	2030
154	04:59:50	60.11	6499	1959	2029
155	05:00:50	60.12	6499	1958	2029
156	05:01:50	60.11	6499	1957	2028
157	05:02:50	60.11	6499	1956	2027
158	05:03:50	60.09	6499	1955	2026
159	05:04:50	60.11	6499	1954	2025
160	05:05:50	60.11	6499	1953	2024
161	05:06:51	60.12	6499	1952	2023
162	05:07:51	60.11	6499	1951	2022
163	05:08:51	60.13	6499	1950	2021
164	05:09:51	60.11	6499	1949	2020
165	05:10:51	60.12	6499	1948	2019
166	05:11:51	60.12	6499	1947	2018
167	05:12:51	60.12	6499	1946	2018
168	05:13:51	60.12	6499	1944	2017
169	05:14:52	60.12	6499	1943	2016
170	05:15:52	60.10	6499	1942	2015
171	05:16:52	60.11	6499	1941	2014
172	05:17:52	13.31	6499	1941	2013
173	05:18:05	60.31	6499	1940	2013
174	05:19:05	60.12	6499	1939	2012
175	05:20:06	40.44	6499	1938	2011
176	05:20:46	60.44	6499	16.75	17.02
177	05:21:46	60.12	6499	0	0
178	05:22:47	60.11	6499	0	0
179	05:23:47	62.08	6499	0	0
Created by AtlRunQuery on: 2018-09-03 10:42:36.727818
