LHC beam energy and intensities during run 335083:
(Begin/end of run: Sat Sep 09 2017 05:41:29 − 18:54:52)

LB	   Start time
(CEST)	   Duration
(sec)	   Beam energy
(GeV)	   Intensity Beam-1
(1e11 protons)	   Intensity Beam-2
(1e11 protons)
1	05:41:29	60.11	450	0.05816	0.01141
2	05:42:29	60.12	450	0.0638	0.04961
3	05:43:29	60.11	450	0.06355	0.04935
4	05:44:29	60.11	450	4.941	0.04774
5	05:45:29	25.93	450	14.29	3.218
6	05:45:55	53.74	450	14.26	14.66
7	05:46:49	10.24	450	14.23	14.65
8	05:46:59	60.37	449	14.21	14.64
9	05:47:59	60.12	449	14.17	14.61
10	05:48:59	60.12	450	14.13	14.59
11	05:50:00	60.12	449	14.1	14.57
12	05:51:00	60.12	450	14.07	14.55
13	05:52:00	60.11	450	14.04	14.52
14	05:53:00	60.11	450	14.01	14.5
15	05:54:00	60.12	449	13.99	14.48
16	05:55:00	60.12	449	13.97	14.47
17	05:56:00	60.12	450	13.94	14.45
18	05:57:00	60.11	450	13.92	14.43
19	05:58:00	60.11	450	13.9	14.42
20	05:59:01	60.11	450	54.22	14.4
21	06:00:01	60.11	450	113.9	76.51
22	06:01:01	60.12	450	218.5	158.7
23	06:02:01	60.12	449	336.9	245.2
24	06:03:01	60.12	450	423.6	355.9
25	06:04:01	60.13	450	500.5	469
26	06:05:01	60.11	449	559.1	523.4
27	06:06:01	60.12	450	664.1	575.2
28	06:07:01	60.11	450	750.1	695.2
29	06:08:02	60.12	450	835.4	799.9
30	06:09:02	60.11	450	959.1	886.5
31	06:10:02	60.10	450	1057	973
32	06:11:02	60.11	450	1117	1102
33	06:12:02	60.13	450	1160	1147
34	06:13:02	60.11	450	1294	1212
35	06:14:02	60.11	449	1381	1302
36	06:15:02	60.13	450	1465	1433
37	06:16:02	60.12	450	1559	1520
38	06:17:03	60.11	450	1683	1607
39	06:18:03	60.11	450	1728	1707
40	06:19:03	60.12	449	1784	1765
41	06:20:03	60.07	450	1888	1843
42	06:21:03	60.09	450	2003	1926
43	06:22:03	60.12	450	2017	2035
44	06:23:03	60.12	450	2033	2146
45	06:24:03	60.11	450	2144	2231
46	06:25:03	60.12	450	2140	2300
47	06:26:04	60.11	450	2197	2297
48	06:27:04	60.11	450	2271	2294
49	06:28:04	56.89	450	2268	2289
50	06:29:01	22.87	450	2258	2278
51	06:29:24	12.43	450	2257	2277
52	06:29:36	60.33	450	2255	2275
53	06:30:36	60.12	450	2252	2271
54	06:31:36	60.10	494	2250	2270
55	06:32:37	60.11	612	2250	2269
56	06:33:37	57.85	797	2250	2269
57	06:34:35	60.12	1033	2250	2269
58	06:35:35	60.11	1349	2249	2268
59	06:36:35	60.12	1696	2249	2268
60	06:37:35	60.10	2044	2249	2268
61	06:38:35	14.12	2391	2249	2268
62	06:38:49	60.26	2472	2249	2268
63	06:39:49	60.12	2820	2249	2268
64	06:40:49	60.12	3167	2249	2268
65	06:41:50	60.12	3520	2249	2268
66	06:42:50	60.12	3868	2248	2268
67	06:43:50	60.13	4215	2248	2268
68	06:44:50	60.12	4562	2248	2268
69	06:45:50	60.12	4910	2248	2268
70	06:46:50	60.12	5257	2248	2268
71	06:47:50	60.12	5605	2248	2268
72	06:48:50	60.12	5952	2248	2268
73	06:49:51	60.11	6305	875.4	883.1
74	06:50:51	10.27	6499	0	0
75	06:51:01	24.40	6499	0	0
76	06:51:25	13.79	6499	0	0
77	06:51:39	17.16	6499	0	0
78	06:51:56	60.40	6499	0	0
79	06:52:57	60.11	6499	0	0
80	06:53:57	10.27	6501	0	0
81	06:54:07	22.00	6501	0	0
82	06:54:29	30.92	6501	0	0
83	06:55:00	60.29	6501	0	0
84	06:56:00	60.12	6501	0	0
85	06:57:00	60.13	6501	0	0
86	06:58:01	60.12	6501	0	0
87	06:59:01	60.12	6456	0	0
88	07:00:01	60.12	6288	0	0
89	07:01:01	60.11	5994	0	0
90	07:02:01	60.11	5642	0	0
91	07:03:01	60.12	5289	0	0
92	07:04:01	60.12	4934	0	0
93	07:05:01	60.13	4579	0	0
94	07:06:01	60.12	4223	0	0
95	07:07:02	60.11	3861	0	0
96	07:08:02	60.12	3505	0	0
97	07:09:02	60.11	3149	0	0
98	07:10:02	60.12	2792	0	0
99	07:11:02	60.12	2435	0	0
100	07:12:02	60.11	2079	0	0
101	07:13:02	60.11	1722	0	0
102	07:14:02	60.11	1366	0	0
103	07:15:02	60.13	1009	0	0
104	07:16:03	60.12	646	0	0
105	07:17:03	60.11	325	0	0
106	07:18:03	60.12	128	0	0
107	07:19:03	60.12	59	0	0
108	07:20:03	60.07	59	0	0
109	07:21:03	60.13	59	0	0
110	07:22:03	60.12	59	0	0
111	07:23:03	60.12	59	0	0
112	07:24:04	60.13	59	0	0
113	07:25:04	60.11	59	0	0
114	07:26:04	60.12	59	0	0
115	07:27:04	60.12	59	0	0
116	07:28:04	60.11	59	0	0
117	07:29:04	60.11	59	0	0
118	07:30:04	60.11	59	0	0
119	07:31:04	60.13	59	0	0
120	07:32:04	60.12	59	0	0
121	07:33:05	60.11	59	0	0
122	07:34:05	60.11	59	0	0
123	07:35:05	60.12	59	0	0
124	07:36:05	60.11	297	0	0
125	07:37:05	60.12	450	0	0
126	07:38:05	60.11	450	0	0
127	07:39:05	25.73	450	0	0
128	07:39:31	30.90	450	0	0
129	07:40:02	60.36	449	0	0
130	07:41:02	60.11	450	0	0
131	07:42:02	60.10	450	0	0
132	07:43:02	60.12	449	0	0
133	07:44:03	60.11	450	0	0
134	07:45:03	60.11	450	0	0
135	07:46:03	60.11	449	0	0
136	07:47:03	60.11	450	0	0
137	07:48:03	60.11	450	0	0
138	07:49:03	60.12	450	0.0632	0.01672
139	07:50:03	60.12	449	0.06839	0.06731
140	07:51:03	60.11	450	0.06827	0.06721
141	07:52:03	60.11	450	0.06811	0.06704
142	07:53:04	60.11	449	0.06789	0.06682
143	07:54:04	60.12	449	0.06766	0.06674
144	07:55:04	60.11	450	0.06598	0.06648
145	07:56:04	60.12	450	0.06591	0
146	07:57:04	60.12	450	0.06584	0.007843
147	07:58:04	60.12	450	0.0622	0.07266
148	07:59:04	60.11	450	0.05964	0.07244
149	08:00:04	60.10	450	0.05956	0.07234
150	08:01:04	60.11	449	0.05946	0.07223
151	08:02:05	60.12	450	0.05937	0.07211
152	08:03:05	60.12	450	0.05926	0.07197
153	08:04:05	60.12	449	0.05915	0.07186
154	08:05:05	60.12	450	0.05739	0.07044
155	08:06:05	60.11	450	1.535	0.06782
156	08:07:05	60.12	450	14.16	6.273
157	08:08:05	60.12	450	14.12	14.68
158	08:09:05	60.11	449	14.07	14.65
159	08:10:06	60.11	449	14.05	14.63
160	08:11:06	60.13	450	14.03	14.61
161	08:12:06	60.12	450	14.01	14.59
162	08:13:06	60.11	450	75.55	34.17
163	08:14:06	60.11	449	154.7	76.19
164	08:15:06	60.12	450	234.1	193.8
165	08:16:06	60.12	450	324.1	273.4
166	08:17:06	60.12	450	438.8	351.9
167	08:18:06	60.12	450	483.8	443.6
168	08:19:07	60.10	450	507.2	497.7
169	08:20:07	60.06	450	506.2	569
170	08:21:07	60.10	449	611.2	646.5
171	08:22:07	60.12	450	690	745.7
172	08:23:07	60.12	450	767.8	843.8
173	08:24:07	60.12	449	873.2	920.4
174	08:25:07	60.11	450	967.4	991.1
175	08:26:07	60.11	450	1019	1045
176	08:27:07	60.11	450	1061	1135
177	08:28:08	60.10	450	1176	1212
178	08:29:08	60.11	449	1260	1286
179	08:30:08	60.12	450	1336	1405
180	08:31:08	60.12	450	1415	1486
181	08:32:08	60.12	450	1536	1544
182	08:33:08	60.11	450	1574	1584
183	08:34:08	60.11	450	1628	1699
184	08:35:08	60.12	450	1715	1776
185	08:36:08	60.12	449	1826	1852
186	08:37:09	60.12	449	1902	1945
187	08:38:09	60.11	449	1979	2051
188	08:39:09	60.11	450	2075	2063
189	08:40:09	60.12	450	2071	2059
190	08:41:09	10.27	450	2068	2056
191	08:41:19	19.16	450	2059	2046
192	08:41:38	60.47	450	2057	2043
193	08:42:39	60.12	450	2053	2039
194	08:43:39	60.11	483	2051	2037
195	08:44:39	60.13	589	2051	2036
196	08:45:39	60.11	765	2050	2035
197	08:46:39	60.11	999	2050	2035
198	08:47:40	60.12	1312	2050	2035
199	08:48:40	60.11	1659	2050	2035
200	08:49:40	60.13	2007	2050	2035
201	08:50:40	60.12	2354	2050	2035
202	08:51:40	60.12	2702	2050	2035
203	08:52:40	60.12	3049	2050	2035
204	08:53:40	60.11	3396	2050	2035
205	08:54:40	60.12	3744	2049	2035
206	08:55:40	60.11	4091	2049	2035
207	08:56:41	60.12	4444	2049	2035
208	08:57:41	60.11	4792	2049	2035
209	08:58:41	60.11	5139	2049	2035
210	08:59:41	60.11	5487	2048	2035
211	09:00:41	60.13	5834	2048	2034
212	09:01:41	60.11	6181	2047	2034
213	09:02:41	21.76	6494	2046	2034
214	09:03:03	10.30	6499	2046	2034
215	09:03:13	60.13	6499	2046	2034
216	09:04:13	60.11	6499	2046	2034
217	09:05:14	60.12	6499	2046	2034
218	09:06:14	60.12	6499	2045	2034
219	09:07:14	60.11	6499	2045	2034
220	09:08:14	60.12	6499	2045	2034
221	09:09:14	60.11	6499	2044	2034
222	09:10:14	60.11	6499	2043	2034
223	09:11:14	60.12	6499	2043	2034
224	09:12:14	60.11	6499	2043	2034
225	09:13:14	60.11	6499	2043	2034
226	09:14:15	60.11	6499	2043	2033
227	09:15:15	19.35	6499	2043	2033
228	09:15:34	60.30	6499	2043	2033
229	09:16:34	60.11	6499	2042	2033
230	09:17:34	60.11	6499	2041	2033
231	09:18:35	60.11	6499	2038	2032
232	09:19:35	60.10	6499	2036	2031
233	09:20:35	60.06	6499	2033	2030
234	09:21:35	60.10	6499	2031	2029
235	09:22:35	60.11	6499	2029	2028
236	09:23:35	60.13	6499	2027	2027
237	09:24:35	33.77	6499	2025	2026
238	09:25:09	60.41	6499	2024	2025
239	09:26:09	10.27	6499	2023	2025
240	09:26:20	60.38	6499	2022	2024
241	09:27:20	60.12	6499	2020	2024
242	09:28:20	60.11	6499	2019	2023
243	09:29:20	60.12	6499	2017	2022
244	09:30:20	60.12	6499	2015	2021
245	09:31:20	60.11	6499	2013	2020
246	09:32:21	60.10	6499	2011	2018
247	09:33:21	60.11	6499	2010	2017
248	09:34:21	60.12	6499	2008	2016
249	09:35:21	60.10	6499	2006	2015
250	09:36:21	60.12	6499	2005	2015
251	09:37:21	49.45	6499	2003	2014
252	09:38:11	60.50	6499	2001	2013
253	09:39:11	60.11	6499	2000	2012
254	09:40:11	60.13	6499	1998	2011
255	09:41:11	60.11	6499	1997	2010
256	09:42:11	60.11	6499	1995	2009
257	09:43:12	60.11	6499	1994	2008
258	09:44:12	55.87	6499	1992	2007
259	09:45:08	60.57	6499	1990	2006
260	09:46:08	60.12	6499	1989	2005
261	09:47:08	60.11	6499	1987	2004
262	09:48:08	60.11	6499	1986	2003
263	09:49:08	60.11	6499	1984	2002
264	09:50:09	60.11	6499	1983	2001
265	09:51:09	60.12	6499	1981	2000
266	09:52:09	60.12	6499	1980	1999
267	09:53:09	13.10	6499	1979	1998
268	09:53:22	60.27	6499	1978	1998
269	09:54:22	60.12	6499	1977	1997
270	09:55:22	60.11	6499	1976	1996
271	09:56:22	60.11	6499	1974	1995
272	09:57:23	60.12	6499	1973	1994
273	09:58:23	60.10	6499	1972	1993
274	09:59:23	60.11	6499	1970	1992
275	10:00:23	60.12	6499	1969	1991
276	10:01:23	60.11	6499	1968	1990
277	10:02:23	60.11	6499	1967	1989
278	10:03:23	60.12	6499	1966	1989
279	10:04:23	60.12	6499	1964	1988
280	10:05:23	60.12	6499	1963	1987
281	10:06:24	60.12	6499	1962	1986
282	10:07:24	40.23	6499	1961	1985
283	10:08:04	60.20	6499	1960	1984
284	10:09:04	60.12	6499	1959	1983
285	10:10:04	60.12	6499	1957	1982
286	10:11:04	60.12	6499	1956	1981
287	10:12:05	60.11	6499	1955	1981
288	10:13:05	60.11	6499	1954	1980
289	10:14:05	60.11	6499	1953	1979
290	10:15:05	60.11	6499	1951	1978
291	10:16:05	60.10	6499	1950	1977
292	10:17:05	60.11	6499	1949	1976
293	10:18:05	60.12	6499	1948	1975
294	10:19:05	60.12	6499	1947	1974
295	10:20:05	60.09	6499	1946	1973
296	10:21:06	60.10	6499	1945	1972
297	10:22:06	60.11	6499	1944	1972
298	10:23:06	60.12	6499	1942	1971
299	10:24:06	60.12	6499	1941	1970
300	10:25:06	60.10	6499	1940	1969
301	10:26:06	60.11	6499	1939	1968
302	10:27:06	60.12	6499	1938	1967
303	10:28:06	60.11	6499	1937	1966
304	10:29:06	60.11	6499	1936	1965
305	10:30:07	60.12	6499	1935	1965
306	10:31:07	35.50	6499	1934	1964
307	10:31:42	60.43	6499	1933	1963
308	10:32:43	60.12	6499	1932	1962
309	10:33:43	60.11	6499	1931	1961
310	10:34:43	60.11	6499	1930	1960
311	10:35:43	60.12	6499	1929	1959
312	10:36:43	60.12	6499	1928	1959
313	10:37:43	60.11	6499	1927	1958
314	10:38:43	60.12	6499	1926	1957
315	10:39:43	60.11	6499	1925	1956
316	10:40:43	60.12	6499	1924	1955
317	10:41:44	60.11	6499	1923	1954
318	10:42:44	60.11	6499	1922	1953
319	10:43:44	60.11	6499	1921	1952
320	10:44:44	60.11	6499	1920	1952
321	10:45:44	60.11	6499	1919	1951
322	10:46:44	60.12	6499	1918	1950
323	10:47:44	60.11	6499	1917	1949
324	10:48:44	60.11	6499	1916	1948
325	10:49:45	60.11	6499	1915	1947
326	10:50:45	60.11	6499	1913	1946
327	10:51:45	60.11	6499	1912	1945
328	10:52:45	60.11	6499	1911	1945
329	10:53:45	60.11	6499	1910	1944
330	10:54:45	60.11	6499	1909	1943
331	10:55:45	60.11	6499	1908	1942
332	10:56:45	60.11	6499	1908	1941
333	10:57:45	60.11	6499	1907	1940
334	10:58:45	60.11	6499	1905	1939
335	10:59:46	60.10	6499	1905	1939
336	11:00:46	60.11	6499	1903	1938
337	11:01:46	60.12	6499	1902	1937
338	11:02:46	60.11	6499	1902	1936
339	11:03:46	60.11	6499	1900	1935
340	11:04:46	60.13	6499	1900	1934
341	11:05:46	60.12	6499	1899	1934
342	11:06:46	60.11	6499	1898	1933
343	11:07:47	49.43	6499	1897	1932
344	11:08:36	60.27	6499	1896	1931
345	11:09:36	60.11	6499	1895	1930
346	11:10:36	60.13	6499	1894	1930
347	11:11:36	60.10	6499	1893	1929
348	11:12:37	60.10	6499	1892	1928
349	11:13:37	60.11	6499	1891	1927
350	11:14:37	60.12	6499	1890	1926
351	11:15:37	60.11	6499	1889	1925
352	11:16:37	60.12	6499	1888	1924
353	11:17:37	60.11	6499	1887	1924
354	11:18:37	60.12	6499	1886	1923
355	11:19:37	60.09	6499	1886	1922
356	11:20:37	60.06	6499	1885	1921
357	11:21:37	60.10	6499	1884	1920
358	11:22:38	60.12	6499	1883	1919
359	11:23:38	60.10	6499	1882	1919
360	11:24:38	60.11	6499	1881	1918
361	11:25:38	60.11	6499	1880	1917
362	11:26:38	60.10	6499	1879	1916
363	11:27:38	60.12	6499	1878	1915
364	11:28:38	60.12	6499	1877	1914
365	11:29:38	60.13	6499	1876	1914
366	11:30:39	60.12	6499	1875	1913
367	11:31:39	60.11	6499	1874	1912
368	11:32:39	60.12	6499	1873	1911
369	11:33:39	60.11	6499	1872	1910
370	11:34:39	60.12	6499	1871	1909
371	11:35:39	60.11	6499	1870	1908
372	11:36:39	60.12	6499	1869	1908
373	11:37:39	60.12	6499	1868	1907
374	11:38:39	60.11	6499	1868	1906
375	11:39:40	60.12	6499	1867	1905
376	11:40:40	60.11	6499	1866	1904
377	11:41:40	60.11	6499	1865	1903
378	11:42:40	60.11	6499	1864	1902
379	11:43:40	60.13	6499	1863	1902
380	11:44:40	60.13	6499	1862	1901
381	11:45:40	60.11	6499	1861	1900
382	11:46:40	60.12	6499	1860	1899
383	11:47:40	60.12	6499	1859	1898
384	11:48:41	60.12	6499	1858	1898
385	11:49:41	60.11	6499	1857	1897
386	11:50:41	60.12	6499	1856	1896
387	11:51:41	60.11	6499	1855	1895
388	11:52:41	60.12	6499	1854	1894
389	11:53:41	60.12	6499	1853	1893
390	11:54:41	60.11	6499	1853	1893
391	11:55:41	60.11	6499	1852	1892
392	11:56:42	60.12	6499	1851	1891
393	11:57:42	60.11	6499	1850	1890
394	11:58:42	60.11	6499	1849	1889
395	11:59:42	60.10	6499	1848	1888
396	12:00:42	60.12	6499	1847	1888
397	12:01:42	60.09	6499	1846	1887
398	12:02:42	60.11	6499	1845	1886
399	12:03:42	60.11	6499	1845	1885
400	12:04:42	60.11	6499	1844	1884
401	12:05:43	60.12	6499	1843	1883
402	12:06:43	60.10	6499	1842	1883
403	12:07:43	60.12	6499	1841	1882
404	12:08:43	60.11	6499	1840	1881
405	12:09:43	60.11	6499	1839	1880
406	12:10:43	60.12	6499	1839	1879
407	12:11:43	60.11	6499	1838	1879
408	12:12:43	60.11	6499	1837	1878
409	12:13:43	60.10	6499	1836	1877
410	12:14:44	60.11	6499	1835	1876
411	12:15:44	60.11	6499	1834	1875
412	12:16:44	60.12	6499	1833	1874
413	12:17:44	60.12	6499	1833	1874
414	12:18:44	60.11	6499	1832	1873
415	12:19:44	60.10	6499	1831	1872
416	12:20:44	60.08	6499	1830	1871
417	12:21:44	60.12	6499	1829	1870
418	12:22:44	60.11	6499	1828	1869
419	12:23:44	60.11	6499	1827	1869
420	12:24:45	60.12	6499	1827	1868
421	12:25:45	11.78	6499	1826	1867
422	12:25:57	60.58	6499	1826	1867
423	12:26:57	60.12	6499	1825	1866
424	12:27:57	60.11	6499	1824	1865
425	12:28:57	60.13	6499	1823	1864
426	12:29:57	60.10	6499	1822	1864
427	12:30:58	60.11	6499	1821	1863
428	12:31:58	60.12	6499	1820	1862
429	12:32:58	60.11	6499	1820	1861
430	12:33:58	60.11	6499	1819	1860
431	12:34:58	60.12	6499	1818	1860
432	12:35:58	60.11	6499	1817	1859
433	12:36:58	60.11	6499	1816	1858
434	12:37:58	60.12	6499	1815	1857
435	12:38:58	60.11	6499	1815	1856
436	12:39:59	60.12	6499	1814	1856
437	12:40:59	60.11	6499	1813	1855
438	12:41:59	60.12	6499	1812	1854
439	12:42:59	60.11	6499	1811	1853
440	12:43:59	60.11	6499	1810	1853
441	12:44:59	60.11	6499	1810	1852
442	12:45:59	60.11	6499	1809	1851
443	12:46:59	60.12	6499	1808	1850
444	12:47:59	60.12	6499	1807	1849
445	12:49:00	60.11	6499	1806	1849
446	12:50:00	60.12	6499	1805	1848
447	12:51:00	60.12	6499	1804	1847
448	12:52:00	60.11	6499	1804	1846
449	12:53:00	60.11	6499	1803	1845
450	12:54:00	60.12	6499	1802	1845
451	12:55:00	60.12	6499	1801	1844
452	12:56:00	60.11	6499	1801	1843
453	12:57:01	60.13	6499	1800	1842
454	12:58:01	60.11	6499	1799	1842
455	12:59:01	60.12	6499	1798	1841
456	13:00:01	60.11	6499	1797	1840
457	13:01:01	60.11	6499	1797	1839
458	13:02:01	60.11	6499	1796	1838
459	13:03:01	60.11	6499	1795	1838
460	13:04:01	60.11	6499	1794	1837
461	13:05:01	60.11	6499	1793	1836
462	13:06:02	60.11	6499	1793	1835
463	13:07:02	60.11	6499	1792	1835
464	13:08:02	60.12	6499	1791	1834
465	13:09:02	60.12	6499	1790	1833
466	13:10:02	51.75	6499	1789	1832
467	13:10:54	60.46	6499	1789	1832
468	13:11:54	60.12	6499	1788	1831
469	13:12:54	60.12	6499	1787	1830
470	13:13:54	60.09	6499	1786	1829
471	13:14:55	60.12	6499	1786	1829
472	13:15:55	60.11	6499	1785	1828
473	13:16:55	60.11	6499	1784	1827
474	13:17:55	60.11	6499	1783	1826
475	13:18:55	60.12	6499	1782	1826
476	13:19:55	60.08	6499	1782	1825
477	13:20:55	60.09	6499	1781	1824
478	13:21:55	60.13	6499	1780	1823
479	13:22:55	60.11	6499	1779	1822
480	13:23:56	60.12	6499	1779	1822
481	13:24:56	60.11	6499	1778	1821
482	13:25:56	60.12	6499	1777	1820
483	13:26:56	60.11	6499	1776	1819
484	13:27:56	60.13	6499	1775	1819
485	13:28:56	60.11	6499	1774	1818
486	13:29:56	60.12	6499	1774	1817
487	13:30:56	60.11	6499	1773	1816
488	13:31:56	60.12	6499	1772	1815
489	13:32:57	60.12	6499	1771	1815
490	13:33:57	60.11	6499	1770	1814
491	13:34:57	60.12	6499	1769	1813
492	13:35:57	60.10	6499	1768	1812
493	13:36:57	60.12	6499	1768	1812
494	13:37:57	60.12	6499	1767	1811
495	13:38:57	60.13	6499	1766	1810
496	13:39:57	60.12	6499	1765	1809
497	13:40:57	60.12	6499	1764	1809
498	13:41:58	60.12	6499	1763	1808
499	13:42:58	60.10	6499	1763	1807
500	13:43:58	60.11	6499	1762	1806
501	13:44:58	60.10	6499	1761	1805
502	13:45:58	60.12	6499	1760	1805
503	13:46:58	60.11	6499	1759	1804
504	13:47:58	60.11	6499	1759	1803
505	13:48:58	60.10	6499	1758	1802
506	13:49:58	60.12	6499	1757	1802
507	13:50:59	60.11	6499	1756	1801
508	13:51:59	60.11	6499	1755	1800
509	13:52:59	60.11	6499	1755	1799
510	13:53:59	60.12	6499	1754	1799
511	13:54:59	60.12	6499	1753	1798
512	13:55:59	60.12	6499	1752	1797
513	13:56:59	60.12	6499	1752	1796
514	13:57:59	60.12	6499	1751	1796
515	13:59:00	60.11	6499	1750	1795
516	14:00:00	60.12	6499	1749	1794
517	14:01:00	60.12	6499	1748	1793
518	14:02:00	60.13	6499	1748	1793
519	14:03:00	60.12	6499	1747	1792
520	14:04:00	60.10	6499	1746	1791
521	14:05:00	60.10	6499	1745	1790
522	14:06:00	60.11	6499	1744	1790
523	14:07:00	60.10	6499	1744	1789
524	14:08:01	60.11	6499	1743	1788
525	14:09:01	60.10	6499	1742	1787
526	14:10:01	60.10	6499	1741	1787
527	14:11:01	60.11	6499	1741	1786
528	14:12:01	60.12	6499	1740	1785
529	14:13:01	60.12	6499	1739	1784
530	14:14:01	60.10	6499	1738	1784
531	14:15:01	60.12	6499	1738	1783
532	14:16:01	60.12	6499	1737	1782
533	14:17:02	60.12	6499	1736	1781
534	14:18:02	60.12	6499	1735	1781
535	14:19:02	60.11	6499	1735	1780
536	14:20:02	60.08	6499	1734	1779
537	14:21:02	60.10	6499	1733	1778
538	14:22:02	60.11	6499	1732	1778
539	14:23:02	60.12	6499	1732	1777
540	14:24:02	60.11	6499	1731	1776
541	14:25:02	60.11	6499	1730	1776
542	14:26:02	60.11	6499	1729	1775
543	14:27:03	60.12	6499	1729	1774
544	14:28:03	60.11	6499	1728	1773
545	14:29:03	60.12	6499	1727	1773
546	14:30:03	60.12	6499	1726	1772
547	14:31:03	60.12	6499	1726	1771
548	14:32:03	60.12	6499	1725	1770
549	14:33:03	60.12	6499	1724	1770
550	14:34:03	60.11	6499	1723	1769
551	14:35:04	60.10	6499	1722	1768
552	14:36:04	60.11	6499	1722	1768
553	14:37:04	60.11	6499	1721	1767
554	14:38:04	60.12	6499	1720	1766
555	14:39:04	60.12	6499	1719	1765
556	14:40:04	60.11	6499	1719	1765
557	14:41:04	60.10	6499	1718	1764
558	14:42:04	60.10	6499	1717	1763
559	14:43:04	60.11	6499	1716	1762
560	14:44:05	60.11	6499	1716	1762
561	14:45:05	60.11	6499	1715	1761
562	14:46:05	60.11	6499	1714	1760
563	14:47:05	39.59	6499	1714	1760
564	14:47:44	60.35	6499	1713	1759
565	14:48:45	60.11	6499	1712	1758
566	14:49:45	60.11	6499	1712	1758
567	14:50:45	60.12	6499	1711	1757
568	14:51:45	60.12	6499	1710	1756
569	14:52:45	60.12	6499	1709	1755
570	14:53:45	60.11	6499	1709	1755
571	14:54:45	60.12	6499	1708	1754
572	14:55:46	60.13	6499	1707	1753
573	14:56:46	60.11	6499	1707	1753
574	14:57:46	60.12	6499	1706	1752
575	14:58:46	60.11	6499	1705	1751
576	14:59:46	60.10	6499	1704	1751
577	15:00:46	60.10	6499	1704	1750
578	15:01:46	60.11	6499	1703	1749
579	15:02:46	60.12	6499	1702	1748
580	15:03:47	60.10	6499	1702	1748
581	15:04:47	60.11	6499	1701	1747
582	15:05:47	60.11	6499	1700	1746
583	15:06:47	60.11	6499	1699	1746
584	15:07:47	60.10	6499	1699	1745
585	15:08:47	60.12	6499	1698	1744
586	15:09:47	60.11	6499	1697	1744
587	15:10:47	60.12	6499	1696	1743
588	15:11:47	60.10	6499	1696	1742
589	15:12:47	60.11	6499	1695	1741
590	15:13:48	60.11	6499	1694	1741
591	15:14:48	60.12	6499	1694	1740
592	15:15:48	60.09	6499	1693	1739
593	15:16:48	60.12	6499	1692	1739
594	15:17:48	60.11	6499	1691	1738
595	15:18:48	60.12	6499	1691	1737
596	15:19:48	60.09	6499	1690	1737
597	15:20:48	60.07	6499	1689	1736
598	15:21:48	60.11	6499	1689	1735
599	15:22:49	60.11	6499	1688	1734
600	15:23:49	60.11	6499	1687	1734
601	15:24:49	60.11	6499	1686	1733
602	15:25:49	60.11	6499	1686	1732
603	15:26:49	60.11	6499	1685	1732
604	15:27:49	60.12	6499	1684	1731
605	15:28:49	60.12	6499	1684	1730
606	15:29:49	60.11	6499	1683	1730
607	15:30:49	60.11	6499	1682	1729
608	15:31:50	60.11	6499	1681	1728
609	15:32:50	60.10	6499	1681	1728
610	15:33:50	60.11	6499	1680	1727
611	15:34:50	60.11	6499	1679	1726
612	15:35:50	60.11	6499	1679	1726
613	15:36:50	60.11	6499	1678	1725
614	15:37:50	60.13	6499	1677	1724
615	15:38:50	60.11	6499	1677	1724
616	15:39:50	60.12	6499	1676	1723
617	15:40:51	60.11	6499	1675	1722
618	15:41:51	60.10	6499	1675	1721
619	15:42:51	60.11	6499	1674	1721
620	15:43:51	60.12	6499	1673	1720
621	15:44:51	60.13	6499	1673	1719
622	15:45:51	60.12	6499	1672	1719
623	15:46:51	60.10	6499	1671	1718
624	15:47:51	60.12	6499	1670	1717
625	15:48:51	60.10	6499	1670	1717
626	15:49:52	60.12	6499	1669	1716
627	15:50:52	60.12	6499	1668	1715
628	15:51:52	60.12	6499	1668	1715
629	15:52:52	60.12	6499	1667	1714
630	15:53:52	60.12	6499	1666	1713
631	15:54:52	60.12	6499	1666	1713
632	15:55:52	60.12	6499	1665	1712
633	15:56:52	60.11	6499	1664	1711
634	15:57:53	60.12	6499	1664	1711
635	15:58:53	60.11	6499	1663	1710
636	15:59:53	60.10	6499	1662	1709
637	16:00:53	60.11	6499	1662	1709
638	16:01:53	60.11	6499	1661	1708
639	16:02:53	60.11	6499	1660	1707
640	16:03:53	60.12	6499	1660	1707
641	16:04:53	34.70	6499	1659	1706
642	16:05:28	60.46	6499	1659	1706
643	16:06:28	60.12	6499	1658	1705
644	16:07:29	60.12	6499	1657	1704
645	16:08:29	60.11	6499	1657	1704
646	16:09:29	60.12	6499	1656	1703
647	16:10:29	60.12	6499	1655	1702
648	16:11:29	60.11	6499	1655	1702
649	16:12:29	60.12	6499	1654	1701
650	16:13:29	60.12	6499	1653	1700
651	16:14:29	60.11	6499	1653	1700
652	16:15:30	60.11	6499	1652	1699
653	16:16:30	60.11	6499	1651	1699
654	16:17:30	60.11	6499	1651	1698
655	16:18:30	60.11	6499	1650	1697
656	16:19:30	60.11	6499	1649	1697
657	16:20:30	60.05	6499	1649	1696
658	16:21:30	60.12	6499	1648	1695
659	16:22:30	60.12	6499	1647	1695
660	16:23:30	60.12	6499	1646	1694
661	16:24:30	60.10	6499	1646	1693
662	16:25:31	60.12	6499	1645	1693
663	16:26:31	60.11	6499	1644	1692
664	16:27:31	60.12	6499	1644	1691
665	16:28:31	60.11	6499	1643	1691
666	16:29:31	60.11	6499	1642	1690
667	16:30:31	60.13	6499	1642	1689
668	16:31:31	60.10	6499	1641	1689
669	16:32:31	60.11	6499	1641	1688
670	16:33:31	60.12	6499	1640	1687
671	16:34:32	60.12	6499	1639	1687
672	16:35:32	60.11	6499	1639	1686
673	16:36:32	60.12	6499	1638	1686
674	16:37:32	60.12	6499	1637	1685
675	16:38:32	60.12	6499	1637	1684
676	16:39:32	60.11	6499	1636	1684
677	16:40:32	60.10	6499	1635	1683
678	16:41:32	60.12	6499	1635	1682
679	16:42:33	60.12	6499	1634	1682
680	16:43:33	60.10	6499	1633	1681
681	16:44:33	60.11	6499	1633	1680
682	16:45:33	60.10	6499	1632	1680
683	16:46:33	60.12	6499	1631	1679
684	16:47:33	60.11	6499	1631	1679
685	16:48:33	60.11	6499	1630	1678
686	16:49:33	60.12	6499	1630	1677
687	16:50:33	60.11	6499	1629	1677
688	16:51:34	60.11	6499	1628	1676
689	16:52:34	60.11	6499	1628	1675
690	16:53:34	60.10	6499	1627	1675
691	16:54:34	60.12	6499	1626	1674
692	16:55:34	60.11	6499	1626	1674
693	16:56:34	60.11	6499	1625	1673
694	16:57:34	60.12	6499	1624	1672
695	16:58:34	60.12	6499	1624	1672
696	16:59:34	60.11	6499	1623	1671
697	17:00:35	60.10	6499	1622	1670
698	17:01:35	60.10	6499	1622	1670
699	17:02:35	60.11	6499	1621	1669
700	17:03:35	60.11	6499	1621	1669
701	17:04:35	60.11	6499	1620	1668
702	17:05:35	60.12	6499	1619	1667
703	17:06:35	60.12	6499	1619	1667
704	17:07:35	60.12	6499	1618	1666
705	17:08:35	60.11	6499	1617	1665
706	17:09:36	60.11	6499	1617	1665
707	17:10:36	60.12	6499	1616	1664
708	17:11:36	60.12	6499	1615	1664
709	17:12:36	37.56	6499	1615	1663
710	17:13:13	60.12	6499	1614	1663
711	17:14:14	60.11	6499	1614	1662
712	17:15:14	60.09	6499	1613	1661
713	17:16:14	60.10	6499	1612	1661
714	17:17:14	60.12	6499	1612	1660
715	17:18:14	60.11	6499	1611	1659
716	17:19:14	60.12	6499	1610	1659
717	17:20:14	60.29	6499	1610	1658
718	17:21:15	60.12	6499	1609	1658
719	17:22:15	60.11	6499	1608	1657
720	17:23:15	60.11	6499	1608	1656
721	17:24:15	60.10	6499	1607	1656
722	17:25:15	60.10	6499	1606	1655
723	17:26:15	60.12	6499	1606	1655
724	17:27:15	60.11	6499	1605	1654
725	17:28:15	60.11	6499	1604	1653
726	17:29:15	60.12	6499	1604	1653
727	17:30:16	60.12	6499	1603	1652
728	17:31:16	60.11	6499	1602	1651
729	17:32:16	60.11	6499	1602	1651
730	17:33:16	60.12	6499	1601	1650
731	17:34:16	60.11	6499	1600	1649
732	17:35:16	60.10	6499	1600	1649
733	17:36:16	60.11	6499	1599	1648
734	17:37:16	60.12	6499	1598	1648
735	17:38:16	60.11	6499	1598	1647
736	17:39:17	60.12	6499	1597	1646
737	17:40:17	60.11	6499	1596	1646
738	17:41:17	60.11	6499	1596	1645
739	17:42:17	60.12	6499	1595	1644
740	17:43:17	60.12	6499	1594	1644
741	17:44:17	60.12	6499	1594	1643
742	17:45:17	60.12	6499	1593	1643
743	17:46:17	60.11	6499	1592	1642
744	17:47:17	60.12	6499	1592	1641
745	17:48:18	60.11	6499	1591	1641
746	17:49:18	60.11	6499	1590	1640
747	17:50:18	60.12	6499	1590	1640
748	17:51:18	60.12	6499	1589	1639
749	17:52:18	60.11	6499	1589	1638
750	17:53:18	60.11	6499	1588	1638
751	17:54:18	60.11	6499	1587	1637
752	17:55:18	60.10	6499	1587	1637
753	17:56:19	60.11	6499	1586	1636
754	17:57:19	60.10	6499	1585	1635
755	17:58:19	60.11	6499	1585	1635
756	17:59:19	60.11	6499	1584	1634
757	18:00:19	60.11	6499	1583	1634
758	18:01:19	60.12	6499	1583	1633
759	18:02:19	60.11	6499	1582	1632
760	18:03:19	60.13	6499	1582	1632
761	18:04:19	60.11	6499	1581	1631
762	18:05:20	60.11	6499	1580	1630
763	18:06:20	60.10	6499	1580	1630
764	18:07:20	60.11	6499	1579	1629
765	18:08:20	60.11	6499	1578	1629
766	18:09:20	60.10	6499	1578	1628
767	18:10:20	60.12	6499	1577	1627
768	18:11:20	60.12	6499	1576	1627
769	18:12:20	60.11	6499	1576	1626
770	18:13:20	60.12	6499	1575	1626
771	18:14:21	60.11	6499	1575	1625
772	18:15:21	60.11	6499	1574	1624
773	18:16:21	60.12	6499	1573	1624
774	18:17:21	60.12	6499	1573	1623
775	18:18:21	60.11	6499	1572	1623
776	18:19:21	60.10	6499	1571	1622
777	18:20:21	60.04	6499	1571	1621
778	18:21:21	60.11	6499	1570	1621
779	18:22:21	60.11	6499	1569	1620
780	18:23:21	60.11	6499	1569	1620
781	18:24:22	60.11	6499	1568	1619
782	18:25:22	60.11	6499	1568	1618
783	18:26:22	48.55	6499	1567	1618
784	18:27:10	60.41	6499	1566	1617
785	18:28:11	60.12	6499	1566	1617
786	18:29:11	60.11	6499	1565	1616
787	18:30:11	60.12	6499	1564	1616
788	18:31:11	60.11	6499	1564	1615
789	18:32:11	60.11	6499	1563	1614
790	18:33:11	60.11	6499	1563	1614
791	18:34:11	60.11	6499	1562	1613
792	18:35:12	60.12	6499	1561	1612
793	18:36:12	60.11	6499	1561	1612
794	18:37:12	60.12	6499	1560	1611
795	18:38:12	60.11	6499	1559	1611
796	18:39:12	60.11	6499	1559	1610
797	18:40:12	60.11	6499	1558	1610
798	18:41:12	60.10	6499	1558	1609
799	18:42:12	60.11	6499	1557	1608
800	18:43:12	60.11	6499	1556	1608
801	18:44:13	60.12	6499	1556	1607
802	18:45:13	60.12	6499	1555	1607
803	18:46:13	53.16	6499	1553	1605
804	18:47:06	60.30	6499	10.7	11.16
805	18:48:06	60.12	6499	0	0
806	18:49:06	54.31	6499	0	0
807	18:50:01	60.16	6500	0	0
808	18:51:01	60.12	6501	0	0
809	18:52:01	60.11	6501	0	0
810	18:53:01	60.11	6501	0	0
811	18:54:01	51.07	6501	0	0
Created by AtlRunQuery on: 2018-09-03 10:47:06.260224
