LHC beam energy and intensities during run 335131:
(Begin/end of run: Sun Sep 10 2017 03:58:38 − 06:36:53)

LB	   Start time
(CEST)	   Duration
(sec)	   Beam energy
(GeV)	   Intensity Beam-1
(1e11 protons)	   Intensity Beam-2
(1e11 protons)
1	03:58:38	60.11	6499	1988	2023
2	03:59:38	60.10	6499	1986	2022
3	04:00:39	60.10	6499	1983	2021
4	04:01:39	54.48	6499	1980	2020
5	04:02:33	27.34	6499	1978	2019
6	04:03:00	15.07	6499	1977	2019
7	04:03:16	32.33	6499	1969	2011
8	04:03:48	60.40	6499	1967	2010
9	04:04:48	60.12	6499	1964	2009
10	04:05:48	60.12	6499	1961	2008
11	04:06:48	60.12	6499	1958	2007
12	04:07:49	60.09	6499	1956	2005
13	04:08:49	60.12	6499	1953	2004
14	04:09:49	60.12	6499	1950	2003
15	04:10:49	10.27	6499	1949	2002
16	04:10:59	22.93	6499	1948	2002
17	04:11:22	60.22	6499	1946	2001
18	04:12:22	60.11	6499	1944	2000
19	04:13:22	60.11	6499	1942	1999
20	04:14:23	60.12	6499	1939	1998
21	04:15:23	60.12	6499	1937	1997
22	04:16:23	25.52	6499	1936	1996
23	04:16:48	60.39	6499	1934	1995
24	04:17:49	60.11	6499	1932	1994
25	04:18:49	60.11	6499	1930	1993
26	04:19:49	60.08	6499	1928	1992
27	04:20:49	60.08	6499	1927	1991
28	04:21:49	60.11	6499	1925	1990
29	04:22:49	60.12	6499	1924	1989
30	04:23:49	17.46	6499	1923	1988
31	04:24:07	60.18	6499	1922	1988
32	04:25:07	60.11	6499	1920	1987
33	04:26:07	60.11	6499	1919	1986
34	04:27:07	60.13	6499	1917	1985
35	04:28:07	60.12	6499	1916	1984
36	04:29:07	60.11	6499	1914	1983
37	04:30:08	60.11	6499	1913	1982
38	04:31:08	60.10	6499	1912	1981
39	04:32:08	60.10	6499	1910	1980
40	04:33:08	60.11	6499	1909	1979
41	04:34:08	60.10	6499	1907	1978
42	04:35:08	60.12	6499	1906	1977
43	04:36:08	60.12	6499	1905	1976
44	04:37:08	60.11	6499	1903	1976
45	04:38:08	60.12	6499	1902	1975
46	04:39:09	60.12	6499	1901	1974
47	04:40:09	30.91	6499	1900	1973
48	04:40:40	60.51	6499	1899	1972
49	04:41:40	60.11	6499	1898	1972
50	04:42:40	60.12	6499	1896	1971
51	04:43:40	60.11	6499	1895	1970
52	04:44:40	60.11	6499	1894	1969
53	04:45:41	60.12	6499	1893	1968
54	04:46:41	60.12	6499	1891	1967
55	04:47:41	60.11	6499	1890	1966
56	04:48:41	60.11	6499	1889	1965
57	04:49:41	60.12	6499	1888	1964
58	04:50:41	60.13	6499	1887	1964
59	04:51:41	60.11	6499	1886	1963
60	04:52:41	60.12	6499	1884	1962
61	04:53:41	60.11	6499	1883	1961
62	04:54:42	60.12	6499	1882	1960
63	04:55:42	60.10	6499	1881	1959
64	04:56:42	60.12	6499	1880	1958
65	04:57:42	60.12	6499	1879	1958
66	04:58:42	60.11	6499	1877	1957
67	04:59:42	60.12	6499	1876	1956
68	05:00:42	60.11	6499	1875	1955
69	05:01:42	60.11	6499	1874	1954
70	05:02:42	60.11	6499	1873	1953
71	05:03:43	60.11	6499	1872	1952
72	05:04:43	60.11	6499	1871	1951
73	05:05:43	60.12	6499	1870	1951
74	05:06:43	60.12	6499	1869	1950
75	05:07:43	60.11	6499	1868	1949
76	05:08:43	60.12	6499	1867	1948
77	05:09:43	60.11	6499	1866	1947
78	05:10:43	60.11	6499	1864	1946
79	05:11:44	60.10	6499	1863	1945
80	05:12:44	60.11	6499	1862	1944
81	05:13:44	60.11	6499	1861	1944
82	05:14:44	60.11	6499	1860	1943
83	05:15:44	60.12	6499	1859	1942
84	05:16:44	60.11	6499	1858	1941
85	05:17:44	60.11	6499	1857	1940
86	05:18:44	60.11	6499	1856	1939
87	05:19:44	60.09	6499	1855	1938
88	05:20:44	60.06	6499	1854	1938
89	05:21:45	60.11	6499	1853	1937
90	05:22:45	60.12	6499	1852	1936
91	05:23:45	60.12	6499	1851	1935
92	05:24:45	60.12	6499	1850	1934
93	05:25:45	45.75	6499	1850	1934
94	05:26:31	60.45	6499	1849	1933
95	05:27:31	60.10	6499	1848	1932
96	05:28:31	60.12	6499	1847	1931
97	05:29:31	60.12	6499	1846	1930
98	05:30:32	60.10	6499	1845	1929
99	05:31:32	60.11	6499	1844	1929
100	05:32:32	60.10	6499	1843	1928
101	05:33:32	60.10	6499	1842	1927
102	05:34:32	60.12	6499	1841	1926
103	05:35:32	60.13	6499	1840	1925
104	05:36:32	60.12	6499	1839	1925
105	05:37:32	60.12	6499	1838	1924
106	05:38:32	60.11	6499	1837	1923
107	05:39:33	60.12	6499	1836	1922
108	05:40:33	60.11	6499	1835	1921
109	05:41:33	60.10	6499	1834	1920
110	05:42:33	60.12	6499	1833	1920
111	05:43:33	60.12	6499	1832	1919
112	05:44:33	60.12	6499	1831	1918
113	05:45:33	60.12	6499	1830	1917
114	05:46:33	60.10	6499	1829	1916
115	05:47:33	60.10	6499	1829	1915
116	05:48:34	60.12	6499	1828	1915
117	05:49:34	60.12	6499	1827	1914
118	05:50:34	60.12	6499	1826	1913
119	05:51:34	60.11	6499	1825	1912
120	05:52:34	60.11	6499	1824	1911
121	05:53:34	60.11	6499	1823	1911
122	05:54:34	60.11	6499	1822	1910
123	05:55:34	60.11	6499	1821	1909
124	05:56:34	60.11	6499	1820	1908
125	05:57:35	60.11	6499	1819	1907
126	05:58:35	60.11	6499	1818	1907
127	05:59:35	60.12	6499	1817	1906
128	06:00:35	60.10	6499	1817	1905
129	06:01:35	60.11	6499	1816	1904
130	06:02:35	60.12	6499	1815	1903
131	06:03:35	60.12	6499	1814	1902
132	06:04:35	60.12	6499	1813	1902
133	06:05:36	60.11	6499	1812	1901
134	06:06:36	60.12	6499	1811	1900
135	06:07:36	60.11	6499	1810	1899
136	06:08:36	60.10	6499	1809	1898
137	06:09:36	60.11	6499	1809	1898
138	06:10:36	60.12	6499	1807	1897
139	06:11:36	60.11	6499	1806	1896
140	06:12:36	60.12	6499	1805	1895
141	06:13:36	60.10	6499	1805	1894
142	06:14:37	60.12	6499	1804	1894
143	06:15:37	60.11	6499	1803	1893
144	06:16:37	60.11	6499	1802	1892
145	06:17:37	60.13	6499	1801	1891
146	06:18:37	60.11	6499	1800	1890
147	06:19:37	60.09	6499	1799	1889
148	06:20:37	60.06	6499	1798	1889
149	06:21:37	60.12	6499	1797	1888
150	06:22:37	60.12	6499	1796	1887
151	06:23:38	60.12	6499	1795	1886
152	06:24:38	60.11	6499	1794	1885
153	06:25:38	60.10	6499	1793	1885
154	06:26:38	60.11	6499	1793	1884
155	06:27:38	60.11	6499	1792	1883
156	06:28:38	60.12	6499	1791	1882
157	06:29:38	11.48	6499	1790	1882
158	06:29:50	60.41	6499	18.85	19.52
159	06:30:50	60.12	6499	0	0
160	06:31:50	60.10	6499	0	0
161	06:32:50	60.11	6499	0	0
162	06:33:50	60.11	6499	0	0
163	06:34:51	60.12	6499	0	0
164	06:35:51	62.84	6499	0	0
Created by AtlRunQuery on: 2018-09-03 10:49:05.650089
