LHC beam energy and intensities during run 336852:
(Begin/end of run: Fri Sep 29 2017 05:42:34 − Sat Sep 30, 01:07:40)

LB	   Start time
(CEST)	   Duration
(sec)	   Beam energy
(GeV)	   Intensity Beam-1
(1e11 protons)	   Intensity Beam-2
(1e11 protons)
1	05:42:34	60.12	449	0	0
2	05:43:34	60.12	450	0	0.02942
3	05:44:34	60.11	450	0.05988	0.09639
4	05:45:34	60.11	450	0.09484	0.09635
5	05:46:35	60.12	450	0.09476	0.09631
6	05:47:35	23.01	450	0.09471	0.09628
7	05:47:58	22.99	450	0.09467	0.09626
8	05:48:21	10.11	449	0.09465	0.09625
9	05:48:31	34.65	450	0.09451	0.09606
10	05:49:05	60.27	449	3.124	0.09435
11	05:50:06	60.12	450	14.47	7.856
12	05:51:06	60.13	450	14.45	14.59
13	05:52:06	60.12	450	14.43	14.57
14	05:53:06	60.12	449	14.4	14.55
15	05:54:06	60.12	449	14.38	14.53
16	05:55:06	60.11	450	72.41	22.07
17	05:56:06	60.11	449	150.7	88.89
18	05:57:07	60.12	449	235.2	198.9
19	05:58:07	60.11	450	234.5	236.1
20	05:59:07	60.11	449	233.8	235.7
21	06:00:07	60.12	450	233.2	235.3
22	06:01:07	60.12	450	232.7	234.9
23	06:02:07	60.11	450	232.3	234.5
24	06:03:07	60.11	450	231.8	234.1
25	06:04:07	60.12	449	371.4	275.2
26	06:05:07	60.11	449	465.2	381.5
27	06:06:08	60.12	450	540.7	381
28	06:07:08	60.11	450	595.9	380.3
29	06:08:08	60.12	449	724.4	410.4
30	06:09:08	60.12	450	817.6	526.9
31	06:10:08	60.10	450	910.5	589.7
32	06:11:08	60.11	450	1031	673.1
33	06:12:08	60.13	450	1150	766.7
34	06:13:08	60.12	450	1209	893.3
35	06:14:08	60.11	450	1263	1006
36	06:15:09	60.13	450	1393	1099
37	06:16:09	60.11	450	1391	1187
38	06:17:09	60.12	449	1445	1255
39	06:18:09	60.11	450	1537	1357
40	06:19:09	60.11	450	1677	1449
41	06:20:09	60.07	450	1773	1543
42	06:21:09	60.10	450	1818	1685
43	06:22:09	60.13	450	1815	1778
44	06:23:09	60.12	450	1883	1849
45	06:24:10	60.13	450	1970	1899
46	06:25:10	60.12	450	2062	2031
47	06:26:10	60.12	449	2170	2123
48	06:27:10	60.11	449	2296	2214
49	06:28:10	60.12	450	2387	2329
50	06:29:10	60.12	450	2453	2451
51	06:30:10	60.11	450	2445	2468
52	06:31:10	60.10	450	2438	2463
53	06:32:11	60.11	450	2432	2458
54	06:33:11	60.11	449	2427	2453
55	06:34:11	54.00	453	2423	2448
56	06:35:05	27.61	503	2414	2438
57	06:35:32	49.24	549	2414	2437
58	06:36:22	60.25	674	2414	2434
59	06:37:22	40.27	881	2413	2432
60	06:38:02	60.18	1053	2413	2431
61	06:39:02	60.12	1374	2413	2431
62	06:40:02	60.11	1722	2412	2431
63	06:41:03	60.11	2075	2413	2430
64	06:42:03	60.11	2422	2412	2431
65	06:43:03	60.10	2770	2412	2431
66	06:44:03	60.12	3117	2412	2431
67	06:45:03	60.12	3464	2412	2430
68	06:46:03	60.11	3812	2411	2430
69	06:47:03	60.12	4159	2410	2430
70	06:48:03	60.12	4507	2410	2430
71	06:49:03	60.11	4854	2410	2430
72	06:50:04	60.12	5207	2409	2430
73	06:51:04	60.11	5555	2409	2430
74	06:52:04	60.11	5902	2408	2429
75	06:53:04	60.11	6249	2406	2429
76	06:54:04	15.77	6499	2404	2429
77	06:54:20	16.77	6499	2404	2429
78	06:54:37	60.39	6499	2404	2429
79	06:55:37	60.11	6499	2404	2428
80	06:56:37	60.12	6499	2401	2428
81	06:57:37	60.13	6499	2400	2428
82	06:58:37	60.12	6499	2400	2428
83	06:59:37	60.11	6499	2400	2428
84	07:00:38	60.11	6499	2400	2428
85	07:01:38	60.11	6499	2400	2428
86	07:02:38	60.12	6499	2399	2428
87	07:03:38	60.12	6499	2399	2428
88	07:04:38	60.11	6499	2398	2428
89	07:05:38	60.12	6499	2398	2428
90	07:06:38	60.12	6499	2398	2427
91	07:07:38	60.12	6499	2398	2427
92	07:08:38	60.11	6499	2397	2427
93	07:09:39	60.12	6499	2397	2427
94	07:10:39	60.11	6499	2397	2427
95	07:11:39	60.11	6499	2396	2427
96	07:12:39	60.12	6499	2394	2427
97	07:13:39	60.11	6499	2391	2426
98	07:14:39	28.47	6499	2388	2425
99	07:15:08	60.44	6499	2386	2425
100	07:16:08	60.11	6499	2383	2424
101	07:17:08	60.11	6499	2375	2423
102	07:18:08	19.34	6499	2366	2421
103	07:18:28	60.05	6499	2363	2420
104	07:19:28	24.82	6499	2360	2418
105	07:19:52	60.04	6499	2358	2417
106	07:20:53	60.07	6499	2354	2415
107	07:21:53	60.10	6499	2351	2413
108	07:22:53	60.10	6499	2348	2411
109	07:23:53	60.12	6499	2345	2409
110	07:24:53	60.12	6499	2342	2407
111	07:25:53	60.11	6499	2339	2405
112	07:26:53	60.11	6499	2337	2403
113	07:27:53	60.10	6499	2335	2401
114	07:28:53	48.94	6499	2333	2400
115	07:29:42	60.26	6499	2331	2399
116	07:30:43	23.15	6499	2330	2398
117	07:31:06	33.41	6499	2329	2397
118	07:31:39	58.98	6499	2327	2396
119	07:32:38	10.43	6499	2326	2395
120	07:32:49	60.37	6499	2325	2394
121	07:33:49	60.12	6499	2322	2392
122	07:34:49	60.12	6499	2320	2390
123	07:35:49	60.12	6499	2318	2388
124	07:36:49	10.27	6499	2317	2387
125	07:37:00	43.15	6499	2316	2386
126	07:37:43	60.03	6499	2314	2385
127	07:38:43	60.11	6499	2312	2383
128	07:39:43	60.11	6499	2309	2381
129	07:40:43	32.80	6499	2308	2380
130	07:41:16	18.63	6499	2307	2379
131	07:41:34	10.43	6499	2306	2379
132	07:41:45	60.37	6499	2305	2378
133	07:42:45	60.11	6499	2303	2376
134	07:43:45	18.99	6499	2302	2375
135	07:44:04	60.16	6499	2300	2374
136	07:45:04	60.11	6499	2298	2372
137	07:46:05	60.10	6499	2296	2371
138	07:47:05	54.69	6499	2294	2369
139	07:47:59	60.27	6499	2292	2368
140	07:49:00	60.12	6499	2290	2366
141	07:50:00	45.65	6499	2289	2365
142	07:50:45	60.04	6499	2287	2363
143	07:51:45	60.11	6499	2285	2362
144	07:52:46	60.12	6499	2283	2360
145	07:53:46	60.11	6499	2281	2358
146	07:54:46	27.18	6499	2280	2357
147	07:55:13	60.23	6499	2278	2356
148	07:56:13	60.12	6499	2276	2354
149	07:57:13	60.11	6499	2274	2353
150	07:58:13	60.11	6499	2273	2351
151	07:59:13	60.12	6499	2271	2350
152	08:00:14	60.11	6499	2269	2348
153	08:01:14	60.12	6499	2267	2347
154	08:02:14	60.12	6499	2265	2345
155	08:03:14	60.11	6499	2263	2344
156	08:04:14	60.12	6499	2262	2342
157	08:05:14	60.12	6499	2260	2340
158	08:06:14	13.23	6499	2259	2339
159	08:06:28	60.16	6499	2258	2338
160	08:07:28	60.12	6499	2256	2337
161	08:08:28	60.11	6499	2254	2335
162	08:09:28	60.12	6499	2253	2334
163	08:10:28	60.11	6499	2251	2332
164	08:11:28	60.11	6499	2249	2331
165	08:12:28	60.12	6499	2247	2329
166	08:13:28	10.88	6499	2246	2329
167	08:13:39	32.94	6499	2246	2328
168	08:14:12	60.38	6499	2244	2327
169	08:15:13	60.10	6499	2243	2325
170	08:16:13	60.12	6499	2241	2324
171	08:17:13	32.79	6499	2240	2323
172	08:17:46	27.82	6499	2239	2322
173	08:18:13	60.38	6499	2238	2321
174	08:19:14	60.11	6499	2236	2319
175	08:20:14	60.29	6499	2234	2318
176	08:21:14	60.10	6499	2233	2316
177	08:22:14	10.26	6499	2232	2316
178	08:22:25	19.79	6499	2231	2315
179	08:22:44	60.36	6499	2230	2314
180	08:23:45	46.54	6499	2229	2313
181	08:24:31	60.17	6499	2227	2312
182	08:25:31	60.11	6499	2226	2310
183	08:26:32	22.74	6499	2225	2309
184	08:26:54	21.45	6499	2224	2309
185	08:27:16	60.49	6499	2223	2308
186	08:28:16	60.12	6499	2221	2307
187	08:29:16	60.11	6499	2220	2305
188	08:30:16	60.10	6499	2218	2304
189	08:31:17	60.12	6499	2217	2302
190	08:32:17	60.11	6499	2215	2301
191	08:33:17	60.11	6499	2213	2299
192	08:34:17	60.12	6499	2212	2298
193	08:35:17	60.13	6499	2210	2296
194	08:36:17	60.10	6499	2209	2295
195	08:37:17	10.27	6499	2208	2294
196	08:37:27	19.16	6499	2207	2294
197	08:37:47	37.23	6499	2207	2293
198	08:38:24	60.07	6499	2205	2292
199	08:39:24	60.11	6499	2204	2290
200	08:40:24	60.12	6499	2202	2289
201	08:41:24	50.16	6499	2201	2288
202	08:42:14	31.03	6499	2200	2287
203	08:42:45	60.07	6499	2198	2286
204	08:43:45	21.21	6499	2197	2285
205	08:44:07	60.19	6499	2196	2284
206	08:45:07	60.11	6499	2195	2282
207	08:46:07	60.11	6499	2193	2281
208	08:47:07	60.09	6499	2192	2279
209	08:48:07	60.12	6499	2190	2278
210	08:49:07	26.69	6499	2189	2277
211	08:49:34	60.21	6499	2188	2276
212	08:50:34	18.83	6499	2187	2275
213	08:50:53	60.07	6499	2186	2274
214	08:51:53	21.27	6499	2185	2273
215	08:52:14	33.67	6499	2184	2272
216	08:52:48	60.28	6499	2183	2271
217	08:53:48	60.11	6499	2181	2270
218	08:54:48	60.11	6499	2180	2269
219	08:55:49	60.12	6499	2178	2267
220	08:56:49	60.49	6499	2177	2266
221	08:57:49	60.46	6499	2175	2264
222	08:58:50	60.13	6499	2174	2263
223	08:59:50	58.68	6499	2172	2262
224	09:00:48	10.20	6499	2172	2261
225	09:00:59	60.38	6499	2171	2260
226	09:01:59	60.11	6499	2169	2259
227	09:02:59	60.11	6499	2167	2257
228	09:03:59	60.12	6499	2166	2256
229	09:04:59	60.13	6499	2165	2255
230	09:05:59	60.11	6499	2163	2253
231	09:07:00	60.11	6499	2162	2252
232	09:08:00	60.10	6499	2160	2251
233	09:09:00	60.11	6499	2159	2249
234	09:10:00	46.37	6499	2157	2248
235	09:10:46	60.07	6499	2156	2247
236	09:11:46	60.11	6499	2155	2245
237	09:12:46	21.33	6499	2153	2244
238	09:13:08	60.05	6499	2152	2243
239	09:14:08	31.49	6499	2151	2242
240	09:14:39	60.17	6499	2150	2241
241	09:15:39	51.35	6499	2148	2240
242	09:16:31	60.11	6499	2147	2239
243	09:17:31	60.11	6499	2145	2237
244	09:18:31	60.11	6499	2144	2236
245	09:19:31	60.10	6499	2142	2234
246	09:20:31	60.05	6499	2141	2233
247	09:21:31	60.12	6499	2139	2232
248	09:22:31	60.11	6499	2137	2230
249	09:23:32	45.79	6499	2136	2229
250	09:24:17	60.17	6499	2135	2228
251	09:25:17	60.12	6499	2133	2226
252	09:26:18	60.11	6499	2132	2225
253	09:27:18	60.10	6499	2130	2223
254	09:28:18	60.12	6499	2128	2222
255	09:29:18	60.11	6499	2127	2221
256	09:30:18	60.10	6499	2125	2219
257	09:31:18	60.12	6499	2124	2218
258	09:32:18	60.11	6499	2122	2217
259	09:33:18	60.11	6499	2121	2215
260	09:34:18	60.11	6499	2119	2214
261	09:35:19	10.27	6499	2118	2213
262	09:35:29	53.63	6499	2117	2212
263	09:36:22	60.34	6499	2116	2211
264	09:37:23	60.12	6499	2114	2210
265	09:38:23	60.18	6499	2113	2208
266	09:39:23	60.12	6499	2112	2207
267	09:40:23	14.35	6499	2111	2206
268	09:40:38	46.16	6499	2110	2205
269	09:41:24	60.46	6499	2109	2204
270	09:42:24	60.12	6499	2107	2203
271	09:43:24	33.24	6499	2106	2202
272	09:43:58	60.19	6499	2105	2201
273	09:44:58	22.82	6499	2104	2200
274	09:45:21	60.07	6499	2103	2199
275	09:46:21	60.10	6499	2101	2197
276	09:47:21	60.13	6499	2100	2196
277	09:48:21	60.10	6499	2098	2195
278	09:49:21	60.11	6499	2097	2193
279	09:50:21	60.10	6499	2096	2192
280	09:51:21	60.12	6499	2094	2191
281	09:52:21	60.11	6499	2093	2189
282	09:53:21	60.10	6499	2091	2188
283	09:54:22	60.12	6499	2090	2187
284	09:55:22	60.11	6499	2088	2185
285	09:56:22	60.12	6499	2087	2184
286	09:57:22	60.11	6499	2086	2183
287	09:58:22	60.11	6499	2084	2181
288	09:59:22	60.12	6499	2083	2180
289	10:00:22	60.11	6499	2082	2179
290	10:01:22	60.12	6499	2080	2177
291	10:02:22	60.12	6499	2079	2176
292	10:03:23	39.22	6499	2078	2175
293	10:04:02	23.16	6499	2077	2174
294	10:04:25	60.36	6499	2076	2173
295	10:05:25	60.12	6499	2074	2172
296	10:06:25	60.12	6499	2073	2171
297	10:07:26	60.12	6499	2072	2169
298	10:08:26	60.10	6499	2070	2168
299	10:09:26	60.11	6499	2069	2167
300	10:10:26	60.11	6499	2068	2166
301	10:11:26	60.12	6499	2066	2164
302	10:12:26	60.12	6499	2065	2163
303	10:13:26	60.13	6499	2063	2162
304	10:14:26	60.12	6499	2062	2160
305	10:15:26	60.11	6499	2061	2159
306	10:16:27	60.11	6499	2059	2158
307	10:17:27	60.11	6499	2058	2157
308	10:18:27	56.22	6499	2057	2155
309	10:19:23	60.24	6499	2055	2154
310	10:20:23	60.04	6499	2054	2153
311	10:21:23	60.12	6499	2053	2152
312	10:22:23	60.11	6499	2051	2150
313	10:23:24	60.11	6499	2050	2149
314	10:24:24	60.11	6499	2049	2148
315	10:25:24	35.03	6499	2048	2147
316	10:25:59	60.16	6499	2047	2146
317	10:26:59	60.12	6499	2045	2145
318	10:27:59	60.11	6499	2044	2143
319	10:28:59	60.12	6499	2043	2142
320	10:29:59	60.11	6499	2041	2141
321	10:30:59	28.64	6499	2040	2140
322	10:31:28	28.46	6499	2040	2139
323	10:31:56	60.35	6499	2039	2138
324	10:32:57	60.12	6499	2038	2137
325	10:33:57	60.10	6499	2036	2136
326	10:34:57	60.11	6499	2035	2135
327	10:35:57	60.11	6499	2034	2134
328	10:36:57	60.12	6499	2032	2132
329	10:37:57	60.11	6499	2031	2131
330	10:38:58	60.12	6499	2030	2130
331	10:39:58	60.12	6499	2028	2129
332	10:40:58	60.11	6499	2027	2127
333	10:41:58	60.11	6499	2026	2126
334	10:42:58	60.12	6499	2025	2125
335	10:43:58	60.11	6499	2023	2124
336	10:44:58	60.11	6499	2022	2122
337	10:45:58	60.09	6499	2020	2121
338	10:46:58	60.12	6499	2019	2120
339	10:47:59	60.10	6499	2018	2119
340	10:48:59	60.10	6499	2016	2117
341	10:49:59	60.11	6499	2015	2116
342	10:50:59	60.10	6499	2013	2115
343	10:51:59	60.11	6499	2012	2114
344	10:52:59	60.13	6499	2011	2112
345	10:53:59	60.11	6499	2009	2111
346	10:54:59	60.11	6499	2008	2110
347	10:55:59	60.11	6499	2006	2108
348	10:57:00	60.11	6499	2005	2107
349	10:58:00	60.12	6499	2003	2106
350	10:59:00	60.12	6499	2002	2105
351	11:00:00	60.12	6499	2001	2103
352	11:01:00	60.12	6499	1999	2102
353	11:02:00	60.12	6499	1998	2101
354	11:03:00	28.26	6499	1997	2100
355	11:03:28	13.91	6499	1996	2099
356	11:03:42	21.18	6499	1996	2099
357	11:04:04	60.14	6499	1995	2098
358	11:05:04	60.11	6499	1994	2097
359	11:06:04	60.11	6499	1992	2095
360	11:07:04	60.12	6499	1991	2094
361	11:08:04	60.11	6499	1989	2093
362	11:09:04	60.10	6499	1988	2092
363	11:10:04	60.13	6499	1986	2090
364	11:11:04	60.11	6499	1985	2089
365	11:12:04	53.04	6499	1984	2088
366	11:12:58	60.18	6499	1982	2087
367	11:13:58	60.11	6499	1981	2085
368	11:14:58	59.70	6499	1980	2084
369	11:15:58	30.93	6499	1979	2083
370	11:16:28	60.39	6499	1978	2082
371	11:17:29	30.72	6499	1976	2081
372	11:18:00	60.40	6499	1976	2080
373	11:19:00	60.11	6499	1974	2079
374	11:20:00	60.09	6499	1973	2078
375	11:21:00	60.09	6499	1972	2077
376	11:22:00	60.11	6499	1970	2075
377	11:23:00	60.12	6499	1969	2074
378	11:24:00	47.27	6499	1968	2073
379	11:24:48	42.88	6499	1967	2072
380	11:25:31	60.38	6499	1966	2071
381	11:26:31	60.12	6499	1964	2070
382	11:27:31	60.12	6499	1963	2069
383	11:28:31	60.11	6499	1962	2067
384	11:29:31	60.11	6499	1961	2066
385	11:30:31	60.11	6499	1959	2065
386	11:31:32	60.11	6499	1958	2064
387	11:32:32	60.11	6499	1957	2062
388	11:33:32	60.11	6499	1956	2061
389	11:34:32	60.12	6499	1954	2060
390	11:35:32	60.12	6499	1953	2059
391	11:36:32	60.12	6499	1952	2058
392	11:37:32	60.11	6499	1951	2056
393	11:38:32	60.11	6499	1949	2055
394	11:39:32	60.13	6499	1948	2054
395	11:40:33	60.10	6499	1947	2053
396	11:41:33	60.11	6499	1946	2051
397	11:42:33	60.12	6499	1944	2050
398	11:43:33	60.11	6499	1943	2049
399	11:44:33	60.13	6499	1942	2048
400	11:45:33	60.12	6499	1941	2047
401	11:46:33	60.12	6499	1940	2045
402	11:47:33	60.11	6499	1938	2044
403	11:48:34	60.11	6499	1937	2043
404	11:49:34	60.11	6499	1936	2042
405	11:50:34	60.10	6499	1935	2041
406	11:51:34	60.11	6499	1933	2040
407	11:52:34	60.12	6499	1932	2038
408	11:53:34	60.11	6499	1931	2037
409	11:54:34	60.11	6499	1929	2036
410	11:55:34	60.11	6499	1928	2035
411	11:56:34	16.21	6499	1927	2034
412	11:56:51	41.04	6499	1927	2033
413	11:57:32	60.45	6499	1926	2032
414	11:58:32	60.12	6499	1924	2031
415	11:59:32	60.12	6499	1923	2030
416	12:00:32	60.11	6499	1922	2029
417	12:01:32	60.13	6499	1921	2028
418	12:02:33	60.12	6499	1919	2027
419	12:03:33	60.12	6499	1918	2025
420	12:04:33	60.12	6499	1917	2024
421	12:05:33	60.11	6499	1916	2023
422	12:06:33	60.12	6499	1915	2022
423	12:07:33	60.11	6499	1913	2021
424	12:08:33	60.13	6499	1912	2020
425	12:09:33	60.11	6499	1911	2018
426	12:10:34	60.12	6499	1910	2017
427	12:11:34	60.11	6499	1908	2016
428	12:12:34	60.11	6499	1907	2015
429	12:13:34	60.12	6499	1906	2014
430	12:14:34	60.12	6499	1905	2013
431	12:15:34	60.11	6499	1903	2011
432	12:16:34	60.11	6499	1902	2010
433	12:17:34	60.12	6499	1901	2009
434	12:18:34	60.12	6499	1900	2008
435	12:19:35	60.10	6499	1898	2007
436	12:20:35	60.05	6499	1897	2006
437	12:21:35	60.10	6499	1896	2005
438	12:22:35	60.11	6499	1895	2004
439	12:23:35	60.12	6499	1894	2002
440	12:24:35	60.12	6499	1892	2001
441	12:25:35	10.27	6499	1892	2001
442	12:25:45	17.81	6499	1891	2000
443	12:26:03	60.36	6499	1891	2000
444	12:27:04	60.12	6499	1889	1999
445	12:28:04	60.11	6499	1888	1997
446	12:29:04	60.11	6499	1887	1996
447	12:30:04	60.11	6499	1886	1995
448	12:31:04	60.11	6499	1885	1994
449	12:32:04	60.10	6499	1884	1993
450	12:33:04	60.12	6499	1883	1992
451	12:34:04	60.09	6499	1881	1991
452	12:35:04	60.11	6499	1880	1990
453	12:36:05	60.12	6499	1879	1988
454	12:37:05	60.12	6499	1878	1987
455	12:38:05	60.12	6499	1877	1986
456	12:39:05	60.10	6499	1876	1985
457	12:40:05	60.12	6499	1875	1984
458	12:41:05	60.10	6499	1874	1983
459	12:42:05	60.12	6499	1872	1982
460	12:43:05	60.12	6499	1871	1981
461	12:44:05	60.11	6499	1870	1980
462	12:45:06	60.11	6499	1869	1978
463	12:46:06	60.11	6499	1868	1977
464	12:47:06	60.11	6499	1867	1976
465	12:48:06	60.11	6499	1865	1975
466	12:49:06	60.09	6499	1864	1974
467	12:50:06	60.12	6499	1863	1973
468	12:51:06	60.11	6499	1862	1972
469	12:52:06	60.11	6499	1861	1971
470	12:53:06	60.11	6499	1860	1970
471	12:54:07	60.11	6499	1859	1969
472	12:55:07	60.10	6499	1857	1968
473	12:56:07	60.11	6499	1856	1967
474	12:57:07	60.10	6499	1855	1965
475	12:58:07	60.11	6499	1854	1964
476	12:59:07	60.11	6499	1853	1963
477	13:00:07	60.11	6499	1852	1962
478	13:01:07	60.12	6499	1851	1961
479	13:02:07	60.12	6499	1849	1960
480	13:03:08	60.11	6499	1848	1959
481	13:04:08	51.38	6499	1847	1958
482	13:04:59	35.30	6499	1846	1957
483	13:05:34	60.33	6499	1845	1956
484	13:06:35	60.11	6499	1844	1955
485	13:07:35	60.25	6499	1843	1954
486	13:08:35	10.27	6499	1843	1954
487	13:08:45	57.37	6499	1842	1953
488	13:09:43	60.09	6499	1841	1952
489	13:10:43	60.13	6499	1840	1951
490	13:11:43	60.11	6499	1839	1950
491	13:12:43	60.12	6499	1837	1949
492	13:13:43	60.12	6499	1836	1948
493	13:14:43	60.12	6499	1835	1947
494	13:15:43	60.11	6499	1834	1946
495	13:16:43	60.11	6499	1833	1945
496	13:17:44	60.11	6499	1832	1944
497	13:18:44	60.12	6499	1831	1943
498	13:19:44	60.10	6499	1830	1942
499	13:20:44	60.06	6499	1828	1941
500	13:21:44	60.12	6499	1827	1940
501	13:22:44	60.12	6499	1826	1939
502	13:23:44	60.13	6499	1825	1938
503	13:24:44	60.10	6499	1824	1937
504	13:25:44	60.10	6499	1823	1936
505	13:26:45	60.12	6499	1822	1934
506	13:27:45	60.12	6499	1821	1933
507	13:28:45	60.12	6499	1820	1932
508	13:29:45	60.12	6499	1819	1931
509	13:30:45	60.12	6499	1818	1930
510	13:31:45	60.12	6499	1817	1929
511	13:32:45	60.12	6499	1816	1928
512	13:33:45	60.12	6499	1815	1927
513	13:34:46	60.10	6499	1813	1926
514	13:35:46	60.11	6499	1812	1925
515	13:36:46	36.27	6499	1812	1924
516	13:37:22	44.15	6499	1811	1924
517	13:38:06	60.58	6499	1810	1923
518	13:39:07	60.11	6499	1809	1922
519	13:40:07	60.11	6499	1808	1920
520	13:41:07	60.11	6499	1807	1919
521	13:42:07	60.11	6499	1805	1918
522	13:43:07	60.12	6499	1804	1917
523	13:44:07	60.10	6499	1803	1916
524	13:45:07	14.73	6499	1802	1915
525	13:45:22	60.16	6499	1802	1915
526	13:46:22	60.11	6499	1800	1913
527	13:47:22	60.11	6499	1799	1912
528	13:48:22	60.12	6499	1798	1911
529	13:49:23	60.11	6499	1797	1910
530	13:50:23	60.11	6499	1796	1909
531	13:51:23	60.12	6499	1795	1908
532	13:52:23	60.11	6499	1793	1907
533	13:53:23	60.11	6499	1792	1905
534	13:54:23	60.11	6499	1791	1904
535	13:55:23	60.12	6499	1790	1903
536	13:56:23	60.11	6499	1789	1902
537	13:57:24	60.11	6499	1788	1901
538	13:58:24	60.11	6499	1787	1900
539	13:59:24	10.27	6499	1786	1899
540	13:59:34	12.40	6499	1786	1899
541	13:59:46	10.14	6499	1785	1899
542	13:59:57	34.83	6499	1785	1898
543	14:00:31	60.09	6499	1784	1897
544	14:01:31	60.10	6499	1783	1896
545	14:02:32	60.12	6499	1782	1895
546	14:03:32	60.11	6499	1781	1894
547	14:04:32	60.10	6499	1780	1893
548	14:05:32	60.12	6499	1778	1892
549	14:06:32	60.12	6499	1777	1891
550	14:07:32	60.12	6499	1776	1890
551	14:08:32	60.10	6499	1775	1889
552	14:09:32	60.11	6499	1774	1887
553	14:10:32	60.10	6499	1773	1886
554	14:11:33	60.11	6499	1772	1885
555	14:12:33	60.12	6499	1770	1884
556	14:13:33	60.10	6499	1769	1883
557	14:14:33	60.12	6499	1768	1882
558	14:15:33	60.12	6499	1767	1881
559	14:16:33	60.12	6499	1766	1880
560	14:17:33	60.11	6499	1765	1879
561	14:18:33	60.11	6499	1764	1878
562	14:19:33	60.10	6499	1763	1876
563	14:20:34	60.08	6499	1762	1875
564	14:21:34	60.12	6499	1761	1874
565	14:22:34	60.11	6499	1759	1873
566	14:23:34	60.12	6499	1758	1872
567	14:24:34	60.11	6499	1757	1871
568	14:25:34	60.11	6499	1756	1870
569	14:26:34	60.12	6499	1755	1869
570	14:27:34	60.13	6499	1754	1868
571	14:28:34	60.11	6499	1753	1867
572	14:29:35	60.11	6499	1752	1866
573	14:30:35	60.11	6499	1751	1865
574	14:31:35	60.11	6499	1750	1864
575	14:32:35	60.11	6499	1748	1863
576	14:33:35	60.11	6499	1747	1861
577	14:34:35	60.12	6499	1746	1860
578	14:35:35	60.11	6499	1745	1859
579	14:36:35	60.11	6499	1744	1858
580	14:37:35	60.11	6499	1743	1857
581	14:38:36	60.12	6499	1742	1856
582	14:39:36	60.11	6499	1741	1855
583	14:40:36	60.10	6499	1740	1854
584	14:41:36	60.10	6499	1739	1853
585	14:42:36	31.37	6499	1738	1852
586	14:43:07	30.12	6499	1738	1852
587	14:43:38	60.49	6499	1737	1851
588	14:44:38	60.12	6499	1736	1850
589	14:45:38	60.12	6499	1735	1849
590	14:46:38	60.11	6499	1734	1848
591	14:47:38	60.11	6499	1733	1847
592	14:48:38	60.10	6499	1732	1846
593	14:49:39	60.10	6499	1731	1845
594	14:50:39	60.12	6499	1729	1844
595	14:51:39	60.13	6499	1728	1843
596	14:52:39	60.11	6499	1727	1842
597	14:53:39	60.11	6499	1726	1840
598	14:54:39	60.10	6499	1725	1839
599	14:55:39	60.11	6499	1724	1838
600	14:56:39	60.12	6499	1723	1837
601	14:57:39	60.12	6499	1722	1836
602	14:58:40	60.10	6499	1721	1835
603	14:59:40	60.11	6499	1720	1834
604	15:00:40	60.11	6499	1719	1833
605	15:01:40	60.10	6499	1718	1832
606	15:02:40	60.11	6499	1717	1831
607	15:03:40	60.12	6499	1716	1830
608	15:04:40	60.12	6499	1715	1829
609	15:05:40	60.12	6499	1714	1828
610	15:06:41	60.11	6499	1713	1827
611	15:07:41	60.10	6499	1712	1826
612	15:08:41	60.12	6499	1711	1825
613	15:09:41	60.11	6499	1710	1824
614	15:10:41	60.11	6499	1709	1823
615	15:11:41	60.12	6499	1708	1822
616	15:12:41	60.12	6499	1707	1821
617	15:13:41	60.12	6499	1706	1820
618	15:14:41	60.11	6499	1705	1819
619	15:15:42	60.11	6499	1704	1818
620	15:16:42	60.11	6499	1703	1817
621	15:17:42	60.11	6499	1702	1816
622	15:18:42	60.11	6499	1701	1815
623	15:19:42	30.63	6499	1700	1814
624	15:20:13	26.54	6499	1700	1814
625	15:20:39	60.47	6499	1699	1813
626	15:21:40	60.12	6499	1698	1812
627	15:22:40	60.11	6499	1697	1811
628	15:23:40	60.11	6499	1696	1810
629	15:24:40	60.10	6499	1695	1809
630	15:25:40	60.11	6499	1694	1808
631	15:26:40	60.12	6499	1693	1807
632	15:27:40	60.13	6499	1692	1806
633	15:28:40	60.11	6499	1691	1805
634	15:29:41	60.12	6499	1690	1804
635	15:30:41	60.11	6499	1689	1803
636	15:31:41	60.12	6499	1688	1802
637	15:32:41	60.11	6499	1687	1801
638	15:33:41	60.11	6499	1686	1800
639	15:34:41	60.11	6499	1685	1799
640	15:35:41	60.12	6499	1684	1798
641	15:36:41	60.12	6499	1683	1797
642	15:37:41	60.12	6499	1682	1796
643	15:38:42	60.11	6499	1681	1795
644	15:39:42	10.27	6499	1680	1795
645	15:39:52	18.16	6499	1680	1794
646	15:40:10	60.50	6499	1679	1794
647	15:41:11	60.11	6499	1678	1793
648	15:42:11	60.12	6499	1677	1792
649	15:43:11	60.11	6499	1676	1791
650	15:44:11	60.11	6499	1675	1790
651	15:45:11	60.11	6499	1674	1789
652	15:46:11	60.11	6499	1673	1788
653	15:47:11	60.12	6499	1672	1787
654	15:48:11	60.11	6499	1671	1786
655	15:49:11	60.11	6499	1670	1785
656	15:50:12	60.10	6499	1669	1784
657	15:51:12	60.12	6499	1668	1783
658	15:52:12	60.11	6499	1667	1782
659	15:53:12	60.11	6499	1666	1781
660	15:54:12	60.11	6499	1665	1780
661	15:55:12	60.10	6499	1664	1779
662	15:56:12	60.12	6499	1663	1778
663	15:57:12	60.11	6499	1662	1778
664	15:58:12	60.11	6499	1662	1777
665	15:59:13	60.11	6499	1661	1776
666	16:00:13	60.11	6499	1660	1775
667	16:01:13	60.12	6499	1659	1774
668	16:02:13	60.11	6499	1658	1773
669	16:03:13	28.27	6499	1657	1772
670	16:03:41	30.90	6499	1656	1772
671	16:04:12	60.29	6499	1656	1771
672	16:05:13	60.13	6499	1655	1770
673	16:06:13	60.12	6499	1654	1769
674	16:07:13	60.12	6499	1653	1768
675	16:08:13	60.11	6499	1652	1767
676	16:09:13	60.11	6499	1651	1766
677	16:10:13	60.11	6499	1650	1765
678	16:11:13	60.12	6499	1649	1764
679	16:12:13	60.47	6499	1648	1763
680	16:13:14	60.16	6499	1647	1762
681	16:14:14	60.10	6499	1646	1761
682	16:15:14	60.11	6499	1645	1760
683	16:16:14	60.12	6499	1644	1760
684	16:17:14	60.12	6499	1643	1759
685	16:18:14	60.12	6499	1642	1758
686	16:19:15	60.11	6499	1641	1757
687	16:20:15	60.04	6499	1640	1756
688	16:21:15	60.10	6499	1639	1755
689	16:22:15	60.10	6499	1639	1754
690	16:23:15	60.12	6499	1638	1753
691	16:24:15	60.11	6499	1637	1752
692	16:25:15	60.12	6499	1636	1751
693	16:26:15	60.11	6499	1635	1750
694	16:27:15	21.73	6499	1634	1750
695	16:27:37	36.16	6499	1634	1749
696	16:28:13	60.57	6499	1633	1748
697	16:29:14	60.11	6499	1632	1748
698	16:30:14	60.10	6499	1631	1747
699	16:31:14	60.12	6499	1630	1746
700	16:32:14	60.11	6499	1629	1745
701	16:33:14	60.12	6499	1628	1744
702	16:34:14	60.12	6499	1627	1743
703	16:35:14	60.13	6499	1626	1742
704	16:36:15	60.12	6499	1625	1741
705	16:37:15	60.11	6499	1625	1740
706	16:38:15	60.11	6499	1624	1739
707	16:39:15	60.12	6499	1623	1738
708	16:40:15	60.12	6499	1622	1737
709	16:41:15	60.11	6499	1621	1737
710	16:42:15	60.10	6499	1620	1736
711	16:43:15	60.11	6499	1619	1735
712	16:44:15	60.10	6499	1618	1734
713	16:45:16	60.11	6499	1617	1733
714	16:46:16	60.12	6499	1616	1732
715	16:47:16	60.11	6499	1615	1731
716	16:48:16	60.13	6499	1614	1730
717	16:49:16	60.11	6499	1614	1730
718	16:50:16	60.11	6499	1613	1729
719	16:51:16	60.11	6499	1612	1728
720	16:52:16	60.11	6499	1611	1727
721	16:53:17	60.11	6499	1610	1726
722	16:54:17	60.11	6499	1609	1725
723	16:55:17	60.11	6499	1608	1724
724	16:56:17	60.12	6499	1607	1723
725	16:57:17	60.10	6499	1606	1722
726	16:58:17	60.11	6499	1605	1721
727	16:59:17	60.11	6499	1605	1720
728	17:00:17	60.11	6499	1604	1719
729	17:01:17	60.10	6499	1603	1718
730	17:02:17	19.64	6499	1602	1718
731	17:02:37	60.25	6499	1601	1717
732	17:03:37	60.12	6499	1601	1716
733	17:04:38	60.10	6499	1600	1715
734	17:05:38	60.10	6499	1599	1715
735	17:06:38	60.11	6499	1598	1714
736	17:07:38	60.11	6499	1597	1713
737	17:08:38	60.10	6499	1596	1712
738	17:09:38	60.11	6499	1595	1711
739	17:10:38	60.11	6499	1594	1710
740	17:11:38	60.12	6499	1594	1709
741	17:12:38	60.12	6499	1593	1708
742	17:13:38	60.12	6499	1592	1708
743	17:14:39	60.11	6499	1591	1707
744	17:15:39	60.11	6499	1590	1706
745	17:16:39	60.11	6499	1589	1705
746	17:17:39	60.11	6499	1588	1704
747	17:18:39	60.10	6499	1587	1703
748	17:19:39	60.09	6499	1586	1702
749	17:20:39	60.06	6499	1586	1701
750	17:21:39	15.43	6499	1585	1701
751	17:21:55	20.17	6499	1585	1701
752	17:22:15	60.57	6499	1584	1700
753	17:23:15	60.11	6499	1583	1699
754	17:24:16	60.11	6499	1582	1698
755	17:25:16	60.11	6499	1582	1697
756	17:26:16	60.11	6499	1581	1697
757	17:27:16	60.12	6499	1580	1696
758	17:28:16	60.12	6499	1579	1695
759	17:29:16	60.12	6499	1578	1695
760	17:30:16	60.11	6499	1577	1694
761	17:31:16	60.11	6499	1576	1693
762	17:32:17	17.26	6499	1576	1692
763	17:32:34	60.14	6499	1575	1692
764	17:33:34	60.11	6499	1574	1691
765	17:34:34	60.11	6499	1573	1690
766	17:35:34	60.11	6499	1572	1689
767	17:36:34	60.12	6499	1572	1688
768	17:37:34	60.11	6499	1571	1688
769	17:38:34	60.11	6499	1570	1687
770	17:39:35	60.12	6499	1569	1686
771	17:40:35	60.12	6499	1568	1685
772	17:41:35	60.11	6499	1567	1684
773	17:42:35	60.12	6499	1566	1683
774	17:43:35	60.11	6499	1566	1682
775	17:44:35	60.11	6499	1565	1681
776	17:45:35	60.11	6499	1564	1681
777	17:46:35	60.11	6499	1563	1680
778	17:47:36	60.11	6499	1562	1679
779	17:48:36	60.11	6499	1561	1678
780	17:49:36	60.11	6499	1560	1677
781	17:50:36	60.11	6499	1560	1677
782	17:51:36	60.13	6499	1559	1676
783	17:52:36	60.11	6499	1558	1675
784	17:53:36	60.12	6499	1557	1674
785	17:54:36	60.12	6499	1556	1674
786	17:55:36	60.12	6499	1555	1673
787	17:56:37	60.12	6499	1554	1672
788	17:57:37	60.12	6499	1554	1671
789	17:58:37	60.10	6499	1553	1670
790	17:59:37	60.11	6499	1552	1670
791	18:00:37	60.10	6499	1551	1669
792	18:01:37	60.12	6499	1550	1668
793	18:02:37	60.11	6499	1549	1667
794	18:03:37	60.12	6499	1549	1666
795	18:04:37	60.12	6499	1548	1666
796	18:05:38	60.11	6499	1547	1665
797	18:06:38	60.12	6499	1546	1664
798	18:07:38	60.11	6499	1545	1663
799	18:08:38	60.11	6499	1545	1662
800	18:09:38	60.11	6499	1544	1662
801	18:10:38	60.13	6499	1543	1661
802	18:11:38	60.12	6499	1542	1660
803	18:12:38	60.12	6499	1541	1659
804	18:13:39	54.46	6499	1540	1658
805	18:14:33	43.08	6499	1540	1658
806	18:15:16	60.49	6499	1539	1657
807	18:16:17	60.10	6499	1538	1656
808	18:17:17	60.12	6499	1537	1656
809	18:18:17	60.12	6499	1537	1655
810	18:19:17	60.12	6499	1536	1654
811	18:20:17	60.29	6499	1535	1653
812	18:21:17	60.13	6499	1534	1652
813	18:22:17	60.12	6499	1533	1652
814	18:23:18	60.11	6499	1532	1651
815	18:24:18	60.11	6499	1532	1650
816	18:25:18	60.11	6499	1531	1649
817	18:26:18	60.11	6499	1530	1648
818	18:27:18	60.12	6499	1529	1648
819	18:28:18	60.11	6499	1528	1647
820	18:29:18	60.12	6499	1528	1646
821	18:30:18	60.12	6499	1527	1645
822	18:31:18	60.11	6499	1526	1645
823	18:32:19	60.11	6499	1525	1644
824	18:33:19	60.11	6499	1524	1643
825	18:34:19	60.12	6499	1523	1642
826	18:35:19	60.11	6499	1523	1641
827	18:36:19	60.13	6499	1522	1640
828	18:37:19	60.11	6499	1521	1640
829	18:38:19	48.97	6499	1520	1639
830	18:39:08	60.23	6499	1519	1638
831	18:40:08	60.11	6499	1519	1637
832	18:41:09	60.11	6499	1518	1637
833	18:42:09	60.12	6499	1517	1636
834	18:43:09	60.11	6499	1516	1635
835	18:44:09	60.11	6499	1516	1634
836	18:45:09	60.11	6499	1515	1633
837	18:46:09	60.11	6499	1514	1633
838	18:47:09	60.12	6499	1513	1632
839	18:48:09	60.12	6499	1512	1631
840	18:49:09	60.11	6499	1512	1630
841	18:50:10	60.13	6499	1511	1630
842	18:51:10	60.10	6499	1510	1629
843	18:52:10	60.12	6499	1509	1628
844	18:53:10	60.11	6499	1508	1627
845	18:54:10	60.11	6499	1508	1627
846	18:55:10	60.13	6499	1507	1626
847	18:56:10	60.11	6499	1506	1625
848	18:57:10	60.11	6499	1505	1624
849	18:58:11	60.12	6499	1504	1624
850	18:59:11	60.09	6499	1504	1623
851	19:00:11	60.11	6499	1503	1622
852	19:01:11	60.12	6499	1502	1621
853	19:02:11	60.12	6499	1501	1621
854	19:03:11	60.11	6499	1500	1620
855	19:04:11	60.12	6499	1500	1619
856	19:05:11	60.11	6499	1499	1618
857	19:06:11	60.11	6499	1498	1618
858	19:07:12	60.12	6499	1497	1617
859	19:08:12	60.11	6499	1497	1616
860	19:09:12	60.11	6499	1496	1615
861	19:10:12	60.11	6499	1495	1615
862	19:11:12	60.13	6499	1494	1614
863	19:12:12	60.10	6499	1493	1613
864	19:13:12	60.12	6499	1493	1612
865	19:14:12	60.12	6499	1492	1612
866	19:15:12	60.11	6499	1491	1611
867	19:16:13	60.11	6499	1490	1610
868	19:17:13	36.87	6499	1490	1610
869	19:17:50	27.84	6499	1489	1609
870	19:18:17	60.26	6499	1489	1609
871	19:19:18	60.11	6499	1488	1608
872	19:20:18	60.04	6499	1487	1607
873	19:21:18	60.10	6499	1487	1607
874	19:22:18	60.10	6499	1486	1606
875	19:23:18	60.12	6499	1485	1605
876	19:24:18	60.12	6499	1484	1604
877	19:25:18	60.12	6499	1483	1604
878	19:26:18	60.11	6499	1483	1603
879	19:27:18	60.11	6499	1482	1602
880	19:28:19	60.11	6499	1481	1601
881	19:29:19	60.12	6499	1480	1601
882	19:30:19	60.12	6499	1479	1600
883	19:31:19	60.10	6499	1478	1599
884	19:32:19	60.11	6499	1477	1598
885	19:33:19	60.12	6499	1476	1597
886	19:34:19	60.11	6499	1475	1596
887	19:35:19	60.11	6499	1474	1595
888	19:36:19	60.12	6499	1473	1594
889	19:37:20	60.11	6499	1473	1593
890	19:38:20	60.10	6499	1472	1592
891	19:39:20	60.11	6499	1471	1591
892	19:40:20	60.11	6499	1470	1591
893	19:41:20	60.12	6499	1469	1590
894	19:42:20	60.11	6499	1468	1589
895	19:43:20	60.13	6499	1467	1588
896	19:44:20	60.11	6499	1466	1587
897	19:45:20	60.11	6499	1465	1586
898	19:46:21	60.12	6499	1465	1585
899	19:47:21	60.12	6499	1464	1584
900	19:48:21	60.11	6499	1463	1583
901	19:49:21	60.11	6499	1462	1582
902	19:50:21	60.12	6499	1461	1582
903	19:51:21	60.12	6499	1460	1581
904	19:52:21	60.11	6499	1459	1580
905	19:53:21	60.11	6499	1458	1579
906	19:54:22	60.12	6499	1457	1578
907	19:55:22	60.11	6499	1457	1577
908	19:56:22	60.12	6499	1456	1577
909	19:57:22	60.11	6499	1455	1576
910	19:58:22	60.12	6499	1454	1575
911	19:59:22	60.12	6499	1453	1574
912	20:00:22	60.11	6499	1452	1573
913	20:01:22	60.10	6499	1451	1572
914	20:02:22	60.11	6499	1450	1571
915	20:03:23	60.11	6499	1450	1571
916	20:04:23	60.12	6499	1449	1570
917	20:05:23	60.11	6499	1448	1569
918	20:06:23	60.11	6499	1447	1568
919	20:07:23	60.11	6499	1446	1567
920	20:08:23	60.11	6499	1445	1566
921	20:09:23	60.11	6499	1445	1565
922	20:10:23	60.12	6499	1444	1565
923	20:11:23	60.10	6499	1443	1564
924	20:12:24	60.12	6499	1442	1563
925	20:13:24	60.11	6499	1441	1562
926	20:14:24	60.11	6499	1441	1561
927	20:15:24	60.12	6499	1440	1560
928	20:16:24	60.12	6499	1439	1559
929	20:17:24	60.12	6499	1438	1559
930	20:18:24	60.12	6499	1437	1558
931	20:19:24	60.11	6499	1436	1557
932	20:20:24	60.04	6499	1436	1556
933	20:21:24	60.11	6499	1435	1555
934	20:22:25	60.11	6499	1434	1554
935	20:23:25	60.11	6499	1433	1553
936	20:24:25	60.11	6499	1432	1553
937	20:25:25	60.11	6499	1431	1552
938	20:26:25	60.12	6499	1431	1551
939	20:27:25	60.12	6499	1430	1550
940	20:28:25	60.13	6499	1429	1549
941	20:29:25	60.11	6499	1428	1548
942	20:30:26	60.12	6499	1427	1548
943	20:31:26	60.10	6499	1427	1547
944	20:32:26	60.11	6499	1426	1546
945	20:33:26	60.11	6499	1425	1545
946	20:34:26	60.11	6499	1424	1544
947	20:35:26	60.12	6499	1424	1544
948	20:36:26	60.11	6499	1423	1543
949	20:37:26	60.13	6499	1422	1542
950	20:38:26	60.12	6499	1421	1541
951	20:39:27	60.11	6499	1421	1540
952	20:40:27	60.12	6499	1420	1539
953	20:41:27	60.11	6499	1419	1539
954	20:42:27	60.11	6499	1418	1538
955	20:43:27	60.12	6499	1417	1537
956	20:44:27	60.11	6499	1417	1536
957	20:45:27	60.12	6499	1416	1535
958	20:46:27	60.11	6499	1415	1535
959	20:47:27	60.10	6499	1414	1534
960	20:48:28	60.11	6499	1414	1533
961	20:49:28	60.11	6499	1413	1532
962	20:50:28	22.66	6499	1412	1532
963	20:50:50	28.57	6499	1412	1531
964	20:51:19	60.46	6499	1411	1531
965	20:52:19	60.12	6499	1410	1530
966	20:53:20	60.11	6499	1410	1529
967	20:54:20	60.10	6499	1409	1528
968	20:55:20	60.11	6499	1408	1527
969	20:56:20	60.11	6499	1407	1527
970	20:57:20	60.10	6499	1407	1526
971	20:58:20	60.12	6499	1406	1525
972	20:59:20	60.12	6499	1405	1524
973	21:00:20	60.10	6499	1404	1523
974	21:01:20	60.11	6499	1403	1523
975	21:02:21	60.11	6499	1403	1522
976	21:03:21	60.10	6499	1402	1521
977	21:04:21	60.11	6499	1401	1520
978	21:05:21	60.11	6499	1400	1519
979	21:06:21	60.12	6499	1400	1518
980	21:07:21	60.11	6499	1399	1517
981	21:08:21	60.10	6499	1398	1517
982	21:09:21	60.10	6499	1397	1516
983	21:10:21	60.12	6499	1397	1515
984	21:11:22	60.10	6499	1396	1514
985	21:12:22	60.11	6499	1395	1514
986	21:13:22	60.11	6499	1394	1513
987	21:14:22	60.12	6499	1393	1512
988	21:15:22	60.11	6499	1392	1511
989	21:16:22	60.11	6499	1392	1510
990	21:17:22	60.12	6499	1391	1509
991	21:18:22	60.17	6499	1390	1509
992	21:19:23	60.11	6499	1389	1508
993	21:20:23	60.04	6499	1388	1507
994	21:21:23	60.11	6499	1388	1506
995	21:22:23	60.12	6499	1387	1506
996	21:23:23	60.10	6499	1386	1505
997	21:24:23	60.11	6499	1386	1504
998	21:25:23	60.10	6499	1385	1503
999	21:26:23	60.12	6499	1384	1502
1000	21:27:23	60.13	6499	1383	1502
1001	21:28:23	60.10	6499	1383	1501
1002	21:29:24	60.11	6499	1382	1500
1003	21:30:24	60.11	6499	1381	1499
1004	21:31:24	60.12	6499	1380	1499
1005	21:32:24	60.11	6499	1380	1498
1006	21:33:24	60.11	6499	1379	1497
1007	21:34:24	60.11	6499	1378	1496
1008	21:35:24	60.11	6499	1378	1495
1009	21:36:24	60.12	6499	1377	1495
1010	21:37:24	60.10	6499	1376	1494
1011	21:38:25	60.12	6499	1375	1493
1012	21:39:25	60.09	6499	1374	1492
1013	21:40:25	38.97	6499	1374	1492
1014	21:41:04	46.29	6499	1373	1491
1015	21:41:50	60.50	6499	1373	1491
1016	21:42:51	60.12	6499	1372	1490
1017	21:43:51	60.11	6499	1371	1489
1018	21:44:51	60.12	6499	1370	1488
1019	21:45:51	60.11	6499	1370	1488
1020	21:46:51	60.12	6499	1369	1487
1021	21:47:51	60.11	6499	1368	1486
1022	21:48:51	60.12	6499	1367	1485
1023	21:49:51	60.12	6499	1367	1485
1024	21:50:51	60.10	6499	1366	1484
1025	21:51:52	60.10	6499	1365	1483
1026	21:52:52	60.10	6499	1364	1482
1027	21:53:52	60.10	6499	1364	1482
1028	21:54:52	60.11	6499	1363	1481
1029	21:55:52	60.11	6499	1362	1480
1030	21:56:52	60.12	6499	1361	1479
1031	21:57:52	60.12	6499	1361	1479
1032	21:58:52	60.13	6499	1360	1478
1033	21:59:52	60.10	6499	1359	1477
1034	22:00:53	60.11	6499	1359	1476
1035	22:01:53	60.11	6499	1358	1476
1036	22:02:53	60.11	6499	1357	1475
1037	22:03:53	60.11	6499	1356	1474
1038	22:04:53	60.12	6499	1356	1474
1039	22:05:53	60.13	6499	1355	1473
1040	22:06:53	60.11	6499	1354	1472
1041	22:07:53	60.11	6499	1354	1471
1042	22:08:53	60.10	6499	1353	1471
1043	22:09:54	60.10	6499	1352	1470
1044	22:10:54	60.11	6499	1352	1469
1045	22:11:54	60.10	6499	1351	1468
1046	22:12:54	60.12	6499	1350	1468
1047	22:13:54	60.12	6499	1350	1467
1048	22:14:54	60.12	6499	1349	1466
1049	22:15:54	60.11	6499	1348	1466
1050	22:16:54	60.11	6499	1347	1465
1051	22:17:54	60.11	6499	1347	1464
1052	22:18:55	60.11	6499	1346	1464
1053	22:19:55	60.08	6499	1345	1463
1054	22:20:55	60.08	6499	1345	1462
1055	22:21:55	60.11	6499	1344	1461
1056	22:22:55	60.12	6499	1343	1461
1057	22:23:55	60.12	6499	1343	1460
1058	22:24:55	60.12	6499	1342	1459
1059	22:25:55	60.11	6499	1341	1459
1060	22:26:55	60.11	6499	1341	1458
1061	22:27:56	60.12	6499	1340	1457
1062	22:28:56	60.11	6499	1339	1457
1063	22:29:56	55.44	6499	1339	1456
1064	22:30:51	30.91	6499	1338	1455
1065	22:31:22	60.41	6499	1337	1455
1066	22:32:23	60.10	6499	1337	1454
1067	22:33:23	60.12	6499	1336	1453
1068	22:34:23	60.11	6499	1335	1453
1069	22:35:23	60.12	6499	1335	1452
1070	22:36:23	60.12	6499	1334	1451
1071	22:37:23	60.11	6499	1333	1451
1072	22:38:23	60.14	6499	1333	1450
1073	22:39:23	60.12	6499	1332	1449
1074	22:40:23	60.11	6499	1331	1449
1075	22:41:24	60.12	6499	1331	1448
1076	22:42:24	60.11	6499	1330	1447
1077	22:43:24	60.12	6499	1329	1447
1078	22:44:24	60.12	6499	1328	1446
1079	22:45:24	60.12	6499	1328	1445
1080	22:46:24	60.11	6499	1327	1444
1081	22:47:24	60.11	6499	1326	1444
1082	22:48:24	60.12	6499	1326	1443
1083	22:49:24	60.11	6499	1325	1442
1084	22:50:25	60.11	6499	1324	1442
1085	22:51:25	60.11	6499	1324	1441
1086	22:52:25	60.12	6499	1323	1440
1087	22:53:25	60.12	6499	1322	1440
1088	22:54:25	60.12	6499	1321	1439
1089	22:55:25	60.12	6499	1321	1438
1090	22:56:25	60.11	6499	1320	1438
1091	22:57:25	60.12	6499	1320	1437
1092	22:58:26	60.12	6499	1319	1436
1093	22:59:26	60.11	6499	1318	1436
1094	23:00:26	60.11	6499	1318	1435
1095	23:01:26	60.12	6499	1317	1434
1096	23:02:26	60.10	6499	1316	1434
1097	23:03:26	60.12	6499	1316	1433
1098	23:04:26	60.12	6499	1315	1432
1099	23:05:26	60.11	6499	1314	1432
1100	23:06:26	60.12	6499	1314	1431
1101	23:07:27	60.11	6499	1313	1430
1102	23:08:27	60.11	6499	1312	1430
1103	23:09:27	60.12	6499	1312	1429
1104	23:10:27	60.12	6499	1311	1428
1105	23:11:27	60.11	6499	1310	1428
1106	23:12:27	60.11	6499	1310	1427
1107	23:13:27	60.12	6499	1309	1426
1108	23:14:27	60.12	6499	1308	1426
1109	23:15:27	60.11	6499	1308	1425
1110	23:16:28	60.11	6499	1307	1424
1111	23:17:28	60.11	6499	1306	1424
1112	23:18:28	60.10	6499	1306	1423
1113	23:19:28	60.10	6499	1305	1422
1114	23:20:28	60.04	6499	1305	1422
1115	23:21:28	60.12	6499	1304	1421
1116	23:22:28	60.12	6499	1303	1420
1117	23:23:28	60.12	6499	1303	1420
1118	23:24:28	60.11	6499	1302	1419
1119	23:25:29	60.12	6499	1301	1418
1120	23:26:29	60.10	6499	1301	1418
1121	23:27:29	60.11	6499	1300	1417
1122	23:28:29	60.12	6499	1299	1417
1123	23:29:29	60.12	6499	1299	1416
1124	23:30:29	60.11	6499	1298	1415
1125	23:31:29	60.13	6499	1297	1415
1126	23:32:29	60.11	6499	1297	1414
1127	23:33:29	60.11	6499	1296	1413
1128	23:34:30	60.10	6499	1295	1413
1129	23:35:30	60.10	6499	1295	1412
1130	23:36:30	60.11	6499	1294	1411
1131	23:37:30	60.12	6499	1293	1411
1132	23:38:30	60.11	6499	1293	1410
1133	23:39:30	60.12	6499	1292	1409
1134	23:40:30	60.13	6499	1291	1409
1135	23:41:30	60.11	6499	1291	1408
1136	23:42:30	60.12	6499	1290	1408
1137	23:43:31	60.11	6499	1289	1407
1138	23:44:31	60.12	6499	1289	1406
1139	23:45:31	60.11	6499	1288	1406
1140	23:46:31	60.10	6499	1288	1405
1141	23:47:31	60.10	6499	1287	1404
1142	23:48:31	60.11	6499	1286	1404
1143	23:49:31	60.12	6499	1286	1403
1144	23:50:31	60.12	6499	1285	1403
1145	23:51:31	60.11	6499	1284	1402
1146	23:52:32	60.10	6499	1284	1401
1147	23:53:32	60.12	6499	1283	1401
1148	23:54:32	60.12	6499	1283	1400
1149	23:55:32	60.12	6499	1282	1400
1150	23:56:32	60.11	6499	1281	1399
1151	23:57:32	60.11	6499	1281	1398
1152	23:58:32	60.11	6499	1280	1398
1153	23:59:32	60.12	6499	1279	1397
1154	00:00:32	60.12	6499	1279	1396
1155	00:01:33	60.12	6499	1278	1396
1156	00:02:33	60.11	6499	1278	1395
1157	00:03:33	60.11	6499	1277	1395
1158	00:04:33	60.11	6499	1277	1394
1159	00:05:33	60.13	6499	1276	1394
1160	00:06:33	60.12	6499	1275	1393
1161	00:07:33	60.11	6499	1275	1393
1162	00:08:33	60.11	6499	1274	1392
1163	00:09:33	58.85	6499	1274	1391
1164	00:10:32	60.42	6499	1273	1391
1165	00:11:33	60.11	6499	1272	1390
1166	00:12:33	60.12	6499	1272	1390
1167	00:13:33	60.12	6499	1271	1389
1168	00:14:33	60.11	6499	1271	1388
1169	00:15:33	60.11	6499	1270	1388
1170	00:16:33	60.12	6499	1269	1387
1171	00:17:33	60.12	6499	1269	1387
1172	00:18:34	60.11	6499	1268	1386
1173	00:19:34	60.11	6499	1267	1385
1174	00:20:34	60.05	6499	1267	1385
1175	00:21:34	60.12	6499	1266	1384
1176	00:22:34	60.12	6499	1266	1384
1177	00:23:34	60.11	6499	1265	1383
1178	00:24:34	60.11	6499	1264	1382
1179	00:25:34	60.12	6499	1264	1382
1180	00:26:34	60.12	6499	1263	1381
1181	00:27:35	60.12	6499	1262	1381
1182	00:28:35	60.10	6499	1262	1380
1183	00:29:35	60.11	6499	1261	1379
1184	00:30:35	60.11	6499	1260	1379
1185	00:31:35	60.11	6499	1260	1378
1186	00:32:35	60.12	6499	1259	1378
1187	00:33:35	60.10	6499	1259	1377
1188	00:34:35	60.11	6499	1258	1377
1189	00:35:35	60.11	6499	1257	1376
1190	00:36:36	60.11	6499	1257	1376
1191	00:37:36	60.11	6499	1256	1375
1192	00:38:36	60.10	6499	1255	1375
1193	00:39:36	60.11	6499	1255	1374
1194	00:40:36	60.12	6499	1254	1374
1195	00:41:36	60.11	6499	1253	1373
1196	00:42:36	60.12	6499	1252	1373
1197	00:43:36	60.11	6499	1252	1372
1198	00:44:36	60.11	6499	1251	1372
1199	00:45:37	60.12	6499	1250	1371
1200	00:46:37	60.11	6499	1249	1370
1201	00:47:37	60.13	6499	1248	1370
1202	00:48:37	60.11	6499	1248	1369
1203	00:49:37	60.12	6499	1247	1369
1204	00:50:37	60.11	6499	1247	1368
1205	00:51:37	60.11	6499	1246	1368
1206	00:52:37	60.12	6499	1245	1367
1207	00:53:37	60.12	6499	1245	1367
1208	00:54:38	60.12	6499	1244	1366
1209	00:55:38	60.11	6499	1243	1366
1210	00:56:38	60.11	6499	1243	1365
1211	00:57:38	60.11	6499	1242	1365
1212	00:58:38	60.12	6499	154.7	169.9
1213	00:59:38	60.12	6499	0	0
1214	01:00:38	59.22	6499	0	0
1215	01:01:37	60.26	6501	0	0
1216	01:02:38	60.11	6501	0	0
1217	01:03:38	60.12	6501	0	0
1218	01:04:38	60.13	6501	0	0
1219	01:05:38	60.13	6501	0	0
1220	01:06:38	61.40	6436	0	0
Created by AtlRunQuery on: 2018-12-09 15:53:34.412919
