LHC beam energy and intensities during run 336832:
(Begin/end of run: Thu Sep 28 2017 13:32:09 − Fri Sep 29, 04:21:09)

LB	   Start time
(CEST)	   Duration
(sec)	   Beam energy
(GeV)	   Intensity Beam-1
(1e11 protons)	   Intensity Beam-2
(1e11 protons)
1	13:32:09	60.12	450	2298	2315
2	13:33:09	60.11	450	2294	2309
3	13:34:09	60.12	450	2289	2303
4	13:35:09	60.12	449	2285	2298
5	13:36:09	60.12	482	2283	2295
6	13:37:09	60.11	587	2283	2293
7	13:38:10	60.10	765	2282	2293
8	13:39:10	10.27	1000	2282	2293
9	13:39:20	10.27	1046	2282	2293
10	13:39:30	10.27	1094	2282	2293
11	13:39:40	34.08	1143	2282	2293
12	13:40:15	60.57	1336	2282	2292
13	13:41:15	10.27	1684	2282	2285
14	13:41:25	17.15	1741	2274	2285
15	13:41:43	60.48	1846	2274	2285
16	13:42:43	60.11	2193	2274	2285
17	13:43:43	60.12	2540	2274	2285
18	13:44:43	60.12	2888	2274	2285
19	13:45:43	60.12	3235	2274	2284
20	13:46:43	60.11	3583	2273	2285
21	13:47:44	60.12	3936	2273	2285
22	13:48:44	60.10	4283	2273	2285
23	13:49:44	60.11	4631	2273	2284
24	13:50:44	60.10	4978	2273	2284
25	13:51:44	60.10	5325	2272	2284
26	13:52:44	60.11	5673	2272	2284
27	13:53:44	60.12	6020	2272	2284
28	13:54:44	60.12	6368	2270	2284
29	13:55:44	60.11	6499	2270	2284
30	13:56:45	14.63	6499	2270	2284
31	13:56:59	16.51	6499	2270	2284
32	13:57:16	60.26	6499	2270	2284
33	13:58:16	60.11	6499	2270	2284
34	13:59:16	60.12	6499	2270	2284
35	14:00:16	60.11	6499	2270	2284
36	14:01:16	60.12	6499	2270	2284
37	14:02:16	60.11	6499	2270	2284
38	14:03:17	60.12	6499	2269	2284
39	14:04:17	60.12	6499	2269	2284
40	14:05:17	60.12	6499	2269	2284
41	14:06:17	60.11	6499	2268	2283
42	14:07:17	60.12	6499	2268	2283
43	14:08:17	60.11	6499	2268	2283
44	14:09:17	60.12	6499	2268	2283
45	14:10:17	60.12	6499	2268	2283
46	14:11:17	60.11	6499	2268	2283
47	14:12:18	60.12	6499	2268	2283
48	14:13:18	60.11	6499	2268	2283
49	14:14:18	60.12	6499	2267	2283
50	14:15:18	60.12	6499	2267	2282
51	14:16:18	60.11	6499	2266	2282
52	14:17:18	59.26	6499	2264	2281
53	14:18:17	60.45	6499	2262	2281
54	14:19:18	60.10	6499	2260	2280
55	14:20:18	60.04	6499	2256	2279
56	14:21:18	19.82	6499	2250	2276
57	14:21:38	60.06	6499	2248	2275
58	14:22:38	60.12	6499	2245	2274
59	14:23:38	60.12	6499	2243	2272
60	14:24:38	60.11	6499	2240	2271
61	14:25:38	60.11	6499	2237	2269
62	14:26:38	60.10	6499	2235	2268
63	14:27:38	60.11	6499	2233	2266
64	14:28:39	60.10	6499	2230	2264
65	14:29:39	60.11	6499	2226	2263
66	14:30:39	60.12	6499	2222	2261
67	14:31:39	37.75	6499	2220	2259
68	14:32:17	60.42	6499	2217	2258
69	14:33:17	20.91	6499	2216	2257
70	14:33:38	60.23	6499	2214	2255
71	14:34:38	60.11	6499	2211	2253
72	14:35:38	60.11	6499	2209	2252
73	14:36:38	18.01	6499	2207	2250
74	14:36:56	60.49	6499	2206	2249
75	14:37:57	60.10	6499	2203	2247
76	14:38:57	60.12	6499	2201	2246
77	14:39:57	16.97	6499	2200	2244
78	14:40:14	60.43	6499	2198	2243
79	14:41:15	60.13	6499	2195	2241
80	14:42:15	25.57	6499	2194	2240
81	14:42:40	60.09	6499	2192	2239
82	14:43:40	10.27	6499	2191	2238
83	14:43:51	60.11	6499	2190	2237
84	14:44:51	60.11	6499	2187	2235
85	14:45:51	54.80	6499	2186	2233
86	14:46:46	60.17	6499	2184	2232
87	14:47:46	10.27	6499	2183	2230
88	14:47:56	60.39	6499	2182	2229
89	14:48:56	60.12	6499	2180	2228
90	14:49:57	35.11	6499	2178	2226
91	14:50:32	60.06	6499	2177	2225
92	14:51:32	60.12	6499	2175	2224
93	14:52:32	60.11	6499	2173	2222
94	14:53:32	60.10	6499	2171	2221
95	14:54:32	60.11	6499	2170	2219
96	14:55:32	60.10	6499	2168	2218
97	14:56:32	56.51	6499	2166	2216
98	14:57:29	21.30	6499	2165	2216
99	14:57:50	60.43	6499	2164	2215
100	14:58:51	60.11	6499	2163	2213
101	14:59:51	60.11	6499	2161	2212
102	15:00:51	60.11	6499	2159	2210
103	15:01:51	60.12	6499	2158	2209
104	15:02:51	60.12	6499	2156	2207
105	15:03:51	60.12	6499	2154	2206
106	15:04:51	60.12	6499	2152	2204
107	15:05:51	60.12	6499	2150	2203
108	15:06:51	60.11	6499	2148	2201
109	15:07:52	46.89	6499	2147	2200
110	15:08:38	60.04	6499	2145	2199
111	15:09:38	60.11	6499	2144	2197
112	15:10:39	60.11	6499	2142	2196
113	15:11:39	60.11	6499	2140	2194
114	15:12:39	60.12	6499	2138	2193
115	15:13:39	60.12	6499	2137	2191
116	15:14:39	60.11	6499	2135	2189
117	15:15:39	60.11	6499	2133	2188
118	15:16:39	60.11	6499	2131	2187
119	15:17:39	43.13	6499	2130	2185
120	15:18:23	60.06	6499	2128	2184
121	15:19:23	60.11	6499	2127	2182
122	15:20:23	60.05	6499	2125	2181
123	15:21:23	60.09	6499	2123	2180
124	15:22:23	19.92	6499	2122	2179
125	15:22:43	60.22	6499	2121	2178
126	15:23:43	60.11	6499	2119	2176
127	15:24:43	60.12	6499	2118	2175
128	15:25:43	60.11	6499	2116	2173
129	15:26:43	10.12	6499	2115	2172
130	15:26:53	50.52	6499	2114	2172
131	15:27:44	37.16	6499	2113	2170
132	15:28:21	60.48	6499	2112	2169
133	15:29:22	60.10	6499	2110	2168
134	15:30:22	60.11	6499	2109	2166
135	15:31:22	60.12	6499	2107	2165
136	15:32:22	10.26	6499	2106	2164
137	15:32:32	60.12	6499	2105	2163
138	15:33:32	60.11	6499	2104	2162
139	15:34:32	60.11	6499	2102	2160
140	15:35:33	60.12	6499	2101	2159
141	15:36:33	60.10	6499	2099	2158
142	15:37:33	60.12	6499	2098	2156
143	15:38:33	60.11	6499	2096	2155
144	15:39:33	60.11	6499	2095	2153
145	15:40:33	60.13	6499	2094	2152
146	15:41:33	60.11	6499	2092	2151
147	15:42:33	60.11	6499	2091	2149
148	15:43:33	60.10	6499	2089	2148
149	15:44:34	60.12	6499	2088	2146
150	15:45:34	46.65	6499	2086	2145
151	15:46:20	60.04	6499	2085	2144
152	15:47:20	46.98	6499	2084	2143
153	15:48:07	44.77	6499	2083	2142
154	15:48:52	60.27	6499	2082	2140
155	15:49:52	60.12	6499	2080	2139
156	15:50:52	60.10	6499	2079	2138
157	15:51:53	60.11	6499	2077	2136
158	15:52:53	60.11	6499	2076	2135
159	15:53:53	60.12	6499	2074	2134
160	15:54:53	60.11	6499	2073	2132
161	15:55:53	60.11	6499	2071	2131
162	15:56:53	60.12	6499	2070	2130
163	15:57:53	60.12	6499	2069	2128
164	15:58:53	49.54	6499	2067	2127
165	15:59:43	60.16	6499	2066	2126
166	16:00:43	60.11	6499	2064	2125
167	16:01:43	60.12	6499	2063	2123
168	16:02:43	60.11	6499	2062	2122
169	16:03:43	60.11	6499	2060	2120
170	16:04:44	60.11	6499	2059	2119
171	16:05:44	60.11	6499	2057	2118
172	16:06:44	60.12	6499	2056	2116
173	16:07:44	60.12	6499	2055	2115
174	16:08:44	60.11	6499	2053	2114
175	16:09:44	60.12	6499	2052	2113
176	16:10:44	60.13	6499	2050	2111
177	16:11:44	60.12	6499	2049	2110
178	16:12:44	10.27	6499	2048	2109
179	16:12:55	28.58	6499	2048	2109
180	16:13:23	60.36	6499	2047	2108
181	16:14:24	60.12	6499	2045	2106
182	16:15:24	60.11	6499	2044	2105
183	16:16:24	60.11	6499	2043	2104
184	16:17:24	60.10	6499	2041	2103
185	16:18:24	60.10	6499	2040	2101
186	16:19:24	60.11	6499	2039	2100
187	16:20:24	60.04	6499	2037	2099
188	16:21:24	53.97	6499	2036	2097
189	16:22:18	60.24	6499	2035	2096
190	16:23:19	16.02	6499	2034	2095
191	16:23:35	60.11	6499	2033	2095
192	16:24:35	60.10	6499	2032	2093
193	16:25:35	60.09	6499	2030	2092
194	16:26:35	60.10	6499	2029	2091
195	16:27:35	60.11	6499	2028	2090
196	16:28:35	60.11	6499	2026	2088
197	16:29:35	51.44	6499	2025	2087
198	16:30:27	60.28	6499	2024	2086
199	16:31:27	60.13	6499	2023	2085
200	16:32:27	60.12	6499	2021	2083
201	16:33:27	60.12	6499	2020	2082
202	16:34:27	60.11	6499	2019	2081
203	16:35:27	60.10	6499	2017	2080
204	16:36:28	60.11	6499	2016	2078
205	16:37:28	60.11	6499	2015	2077
206	16:38:28	60.11	6499	2013	2075
207	16:39:28	60.11	6499	2012	2074
208	16:40:28	60.12	6499	2010	2073
209	16:41:28	60.10	6499	2009	2071
210	16:42:28	60.12	6499	2008	2070
211	16:43:28	60.11	6499	2006	2069
212	16:44:28	60.10	6499	2005	2067
213	16:45:29	60.11	6499	2003	2066
214	16:46:29	60.11	6499	2002	2065
215	16:47:29	60.10	6499	2001	2063
216	16:48:29	60.12	6499	1999	2062
217	16:49:29	60.12	6499	1998	2061
218	16:50:29	60.09	6499	1996	2059
219	16:51:29	60.12	6499	1995	2058
220	16:52:29	60.11	6499	1994	2056
221	16:53:29	60.11	6499	1992	2055
222	16:54:30	60.12	6499	1991	2054
223	16:55:30	60.10	6499	1989	2052
224	16:56:30	60.11	6499	1988	2051
225	16:57:30	60.11	6499	1987	2050
226	16:58:30	60.11	6499	1985	2048
227	16:59:30	60.11	6499	1984	2047
228	17:00:30	60.11	6499	1983	2046
229	17:01:30	60.12	6499	1981	2044
230	17:02:30	60.34	6499	1980	2043
231	17:03:31	23.65	6499	1979	2042
232	17:03:54	60.29	6499	1978	2041
233	17:04:55	60.11	6499	1977	2040
234	17:05:55	60.12	6499	1975	2039
235	17:06:55	60.12	6499	1974	2037
236	17:07:55	60.10	6499	1973	2036
237	17:08:55	60.11	6499	1971	2035
238	17:09:55	60.12	6499	1970	2033
239	17:10:55	60.12	6499	1968	2032
240	17:11:55	60.10	6499	1967	2031
241	17:12:56	60.12	6499	1966	2029
242	17:13:56	51.43	6499	1964	2028
243	17:14:47	60.27	6499	1963	2027
244	17:15:47	60.10	6499	1962	2026
245	17:16:48	60.12	6499	1961	2024
246	17:17:48	60.12	6499	1959	2023
247	17:18:48	60.12	6499	1958	2022
248	17:19:48	60.09	6499	1957	2021
249	17:20:48	60.07	6499	1956	2019
250	17:21:48	60.12	6499	1954	2018
251	17:22:48	60.11	6499	1953	2017
252	17:23:48	60.12	6499	1952	2015
253	17:24:48	60.11	6499	1950	2014
254	17:25:49	60.12	6499	1949	2013
255	17:26:49	60.11	6499	1948	2012
256	17:27:49	60.11	6499	1946	2010
257	17:28:49	60.10	6499	1945	2009
258	17:29:49	43.22	6499	1944	2008
259	17:30:32	23.35	6499	1943	2007
260	17:30:56	60.44	6499	1943	2007
261	17:31:56	60.15	6499	1941	2005
262	17:32:56	60.10	6499	1940	2004
263	17:33:56	60.12	6499	1939	2003
264	17:34:56	60.10	6499	1937	2001
265	17:35:56	60.12	6499	1936	2000
266	17:36:57	60.12	6499	1935	1999
267	17:37:57	60.11	6499	1934	1998
268	17:38:57	60.11	6499	1932	1997
269	17:39:57	60.12	6499	1931	1995
270	17:40:57	60.11	6499	1930	1994
271	17:41:57	60.12	6499	1929	1993
272	17:42:57	60.11	6499	1927	1992
273	17:43:57	60.11	6499	1926	1990
274	17:44:57	60.11	6499	1925	1989
275	17:45:58	60.12	6499	1924	1988
276	17:46:58	60.10	6499	1923	1987
277	17:47:58	60.12	6499	1921	1985
278	17:48:58	60.11	6499	1920	1984
279	17:49:58	60.11	6499	1919	1983
280	17:50:58	60.12	6499	1918	1982
281	17:51:58	60.11	6499	1917	1981
282	17:52:58	60.12	6499	1916	1979
283	17:53:58	60.12	6499	1914	1978
284	17:54:59	60.11	6499	1913	1977
285	17:55:59	60.12	6499	1912	1976
286	17:56:59	60.12	6499	1911	1975
287	17:57:59	60.12	6499	1910	1973
288	17:58:59	60.12	6499	1909	1972
289	17:59:59	60.12	6499	1907	1971
290	18:00:59	60.12	6499	1906	1970
291	18:01:59	60.11	6499	1905	1969
292	18:03:00	60.13	6499	1904	1968
293	18:04:00	60.11	6499	1903	1966
294	18:05:00	60.11	6499	1901	1965
295	18:06:00	18.76	6499	1901	1964
296	18:06:19	38.06	6499	1900	1964
297	18:06:57	60.46	6499	1899	1963
298	18:07:57	60.12	6499	1898	1962
299	18:08:57	60.12	6499	1897	1961
300	18:09:57	60.12	6499	1896	1960
301	18:10:58	60.12	6499	1894	1958
302	18:11:58	60.11	6499	1893	1957
303	18:12:58	60.11	6499	1892	1956
304	18:13:58	60.11	6499	1891	1955
305	18:14:58	60.11	6499	1890	1954
306	18:15:58	60.10	6499	1888	1953
307	18:16:58	60.11	6499	1887	1952
308	18:17:58	60.12	6499	1886	1950
309	18:18:58	60.12	6499	1885	1949
310	18:19:59	60.08	6499	1884	1948
311	18:20:59	60.08	6499	1883	1947
312	18:21:59	60.11	6499	1882	1946
313	18:22:59	60.12	6499	1880	1945
314	18:23:59	60.11	6499	1879	1943
315	18:24:59	60.11	6499	1878	1942
316	18:25:59	60.10	6499	1877	1941
317	18:26:59	60.11	6499	1876	1940
318	18:27:59	60.11	6499	1875	1939
319	18:28:59	10.27	6499	1874	1938
320	18:29:10	14.84	6499	1874	1938
321	18:29:25	60.04	6499	1873	1937
322	18:30:25	60.11	6499	1872	1936
323	18:31:25	60.13	6499	1871	1935
324	18:32:25	60.09	6499	1869	1934
325	18:33:25	60.12	6499	1868	1933
326	18:34:25	60.11	6499	1867	1932
327	18:35:25	60.11	6499	1866	1931
328	18:36:25	60.11	6499	1865	1930
329	18:37:25	60.12	6499	1864	1928
330	18:38:26	60.12	6499	1863	1927
331	18:39:26	60.11	6499	1862	1926
332	18:40:26	60.11	6499	1860	1925
333	18:41:26	60.12	6499	1859	1924
334	18:42:26	60.12	6499	1858	1923
335	18:43:26	60.11	6499	1857	1922
336	18:44:26	60.11	6499	1856	1920
337	18:45:26	60.11	6499	1855	1919
338	18:46:26	60.10	6499	1854	1918
339	18:47:27	60.10	6499	1853	1917
340	18:48:27	60.12	6499	1851	1916
341	18:49:27	36.84	6499	1851	1915
342	18:50:04	24.20	6499	1850	1915
343	18:50:28	60.53	6499	1849	1914
344	18:51:28	60.12	6499	1848	1913
345	18:52:28	60.11	6499	1847	1912
346	18:53:29	60.11	6499	1846	1911
347	18:54:29	60.11	6499	1845	1910
348	18:55:29	60.11	6499	1844	1909
349	18:56:29	60.11	6499	1843	1907
350	18:57:29	60.12	6499	1842	1906
351	18:58:29	60.12	6499	1841	1905
352	18:59:29	60.10	6499	1840	1904
353	19:00:29	60.11	6499	1839	1903
354	19:01:29	60.12	6499	1838	1902
355	19:02:30	60.11	6499	1837	1901
356	19:03:30	60.11	6499	1835	1900
357	19:04:30	60.13	6499	1834	1899
358	19:05:30	60.12	6499	1833	1898
359	19:06:30	60.12	6499	1832	1897
360	19:07:30	60.11	6499	1831	1896
361	19:08:30	14.38	6499	1830	1895
362	19:08:45	44.55	6499	1830	1894
363	19:09:29	60.27	6499	1829	1893
364	19:10:29	60.11	6499	1828	1892
365	19:11:30	60.11	6499	1827	1891
366	19:12:30	60.12	6499	1826	1890
367	19:13:30	60.12	6499	1825	1889
368	19:14:30	60.11	6499	1824	1888
369	19:15:30	60.13	6499	1822	1887
370	19:16:30	60.12	6499	1821	1886
371	19:17:30	60.11	6499	1820	1885
372	19:18:30	60.12	6499	1819	1884
373	19:19:31	60.10	6499	1818	1883
374	19:20:31	60.05	6499	1817	1882
375	19:21:31	60.10	6499	1816	1881
376	19:22:31	60.11	6499	1815	1880
377	19:23:31	60.10	6499	1814	1879
378	19:24:31	60.11	6499	1813	1878
379	19:25:31	60.12	6499	1812	1877
380	19:26:31	60.12	6499	1811	1876
381	19:27:31	60.12	6499	1810	1875
382	19:28:31	60.11	6499	1809	1874
383	19:29:32	60.12	6499	1808	1872
384	19:30:32	60.10	6499	1807	1871
385	19:31:32	60.11	6499	1805	1870
386	19:32:32	60.11	6499	1804	1869
387	19:33:32	60.12	6499	1803	1868
388	19:34:32	60.11	6499	1802	1867
389	19:35:32	60.10	6499	1801	1866
390	19:36:32	60.11	6499	1800	1865
391	19:37:32	60.11	6499	1799	1864
392	19:38:33	60.12	6499	1798	1863
393	19:39:33	60.11	6499	1797	1862
394	19:40:33	60.12	6499	1796	1861
395	19:41:33	60.10	6499	1795	1860
396	19:42:33	60.12	6499	1794	1859
397	19:43:33	60.12	6499	1793	1858
398	19:44:33	60.12	6499	1792	1857
399	19:45:33	60.11	6499	1791	1856
400	19:46:33	60.12	6499	1790	1855
401	19:47:34	60.12	6499	1789	1854
402	19:48:34	16.52	6499	1788	1853
403	19:48:50	39.99	6499	1788	1853
404	19:49:30	60.45	6499	1787	1852
405	19:50:31	60.11	6499	1786	1851
406	19:51:31	60.12	6499	1785	1850
407	19:52:31	60.11	6499	1784	1849
408	19:53:31	60.12	6499	1783	1848
409	19:54:31	60.11	6499	1782	1847
410	19:55:31	60.12	6499	1781	1846
411	19:56:31	60.11	6499	1780	1845
412	19:57:31	60.10	6499	1779	1844
413	19:58:32	60.12	6499	1778	1843
414	19:59:32	60.11	6499	1777	1842
415	20:00:32	60.11	6499	1776	1841
416	20:01:32	60.10	6499	1775	1840
417	20:02:32	60.11	6499	1774	1839
418	20:03:32	60.12	6499	1773	1838
419	20:04:32	60.12	6499	1772	1837
420	20:05:32	60.11	6499	1771	1836
421	20:06:32	60.12	6499	1770	1835
422	20:07:33	60.12	6499	1769	1834
423	20:08:33	60.10	6499	1768	1833
424	20:09:33	60.12	6499	1767	1832
425	20:10:33	60.11	6499	1766	1831
426	20:11:33	60.12	6499	1765	1830
427	20:12:33	60.11	6499	1764	1829
428	20:13:33	60.11	6499	1763	1828
429	20:14:33	60.11	6499	1762	1827
430	20:15:33	60.11	6499	1761	1826
431	20:16:34	60.11	6499	1760	1825
432	20:17:34	60.11	6499	1759	1824
433	20:18:34	60.11	6499	1758	1823
434	20:19:34	60.08	6499	1757	1823
435	20:20:34	60.06	6499	1756	1822
436	20:21:34	60.12	6499	1755	1821
437	20:22:34	60.11	6499	1754	1820
438	20:23:34	60.11	6499	1753	1819
439	20:24:34	60.12	6499	1752	1818
440	20:25:35	45.01	6499	1751	1817
441	20:26:20	41.83	6499	1751	1816
442	20:27:01	60.42	6499	1750	1815
443	20:28:02	60.11	6499	1749	1814
444	20:29:02	60.11	6499	1748	1813
445	20:30:02	60.12	6499	1747	1812
446	20:31:02	60.11	6499	1746	1812
447	20:32:02	30.18	6499	1745	1811
448	20:32:32	30.93	6499	1745	1810
449	20:33:03	60.35	6499	1744	1810
450	20:34:04	60.12	6499	1743	1809
451	20:35:04	60.12	6499	1742	1808
452	20:36:04	60.11	6499	1741	1807
453	20:37:04	60.12	6499	1740	1805
454	20:38:04	60.12	6499	1739	1804
455	20:39:04	60.11	6499	1738	1803
456	20:40:04	60.11	6499	1737	1802
457	20:41:05	47.55	6499	1736	1801
458	20:41:52	42.23	6499	1735	1801
459	20:42:34	60.50	6499	1735	1800
460	20:43:35	60.11	6499	1734	1799
461	20:44:35	60.11	6499	1733	1798
462	20:45:35	60.12	6499	1732	1797
463	20:46:35	60.11	6499	1731	1795
464	20:47:35	60.12	6499	1730	1794
465	20:48:35	60.10	6499	1728	1793
466	20:49:35	60.12	6499	1728	1792
467	20:50:36	60.11	6499	1726	1791
468	20:51:36	60.11	6499	1725	1790
469	20:52:36	60.11	6499	1724	1789
470	20:53:36	60.11	6499	1723	1788
471	20:54:36	60.12	6499	1722	1787
472	20:55:36	60.12	6499	1721	1786
473	20:56:36	60.10	6499	1720	1785
474	20:57:36	43.46	6499	1720	1784
475	20:58:20	45.55	6499	1719	1783
476	20:59:05	48.40	6499	1718	1783
477	20:59:54	60.20	6499	1717	1782
478	21:00:54	60.12	6499	1716	1781
479	21:01:54	60.12	6499	1715	1780
480	21:02:54	60.12	6499	1714	1779
481	21:03:54	60.12	6499	1713	1778
482	21:04:54	60.11	6499	1712	1777
483	21:05:55	60.10	6499	1711	1776
484	21:06:55	60.11	6499	1710	1775
485	21:07:55	60.12	6499	1709	1774
486	21:08:55	60.11	6499	1708	1773
487	21:09:55	60.11	6499	1707	1772
488	21:10:55	60.12	6499	1706	1771
489	21:11:55	60.12	6499	1705	1770
490	21:12:55	60.12	6499	1704	1769
491	21:13:55	60.12	6499	1703	1768
492	21:14:56	60.11	6499	1702	1767
493	21:15:56	60.10	6499	1701	1766
494	21:16:56	60.11	6499	1700	1765
495	21:17:56	60.11	6499	1699	1764
496	21:18:56	60.11	6499	1698	1763
497	21:19:56	60.09	6499	1697	1762
498	21:20:56	60.08	6499	1696	1761
499	21:21:56	60.12	6499	1695	1760
500	21:22:56	60.12	6499	1695	1759
501	21:23:57	60.11	6499	1694	1758
502	21:24:57	60.11	6499	1693	1757
503	21:25:57	60.13	6499	1692	1756
504	21:26:57	60.11	6499	1691	1755
505	21:27:57	60.12	6499	1690	1754
506	21:28:57	60.10	6499	1689	1753
507	21:29:57	60.12	6499	1688	1752
508	21:30:57	60.11	6499	1687	1751
509	21:31:57	60.12	6499	1686	1750
510	21:32:58	60.11	6499	1685	1749
511	21:33:58	60.11	6499	1684	1748
512	21:34:58	60.12	6499	1683	1747
513	21:35:58	60.10	6499	1682	1746
514	21:36:58	60.13	6499	1682	1745
515	21:37:58	60.12	6499	1681	1744
516	21:38:58	60.11	6499	1680	1743
517	21:39:58	60.11	6499	1679	1742
518	21:40:58	60.12	6499	1678	1741
519	21:41:59	47.58	6499	1677	1740
520	21:42:46	20.25	6499	1676	1740
521	21:43:06	60.48	6499	1676	1739
522	21:44:07	60.10	6499	1675	1738
523	21:45:07	60.12	6499	1674	1737
524	21:46:07	60.13	6499	1673	1736
525	21:47:07	60.12	6499	1672	1735
526	21:48:07	60.12	6499	1671	1734
527	21:49:07	60.12	6499	1670	1733
528	21:50:08	60.11	6499	1669	1732
529	21:51:08	60.11	6499	1668	1731
530	21:52:08	60.12	6499	1667	1730
531	21:53:08	26.08	6499	1666	1730
532	21:53:34	60.06	6499	1666	1729
533	21:54:34	60.12	6499	1665	1728
534	21:55:34	60.12	6499	1664	1727
535	21:56:34	60.12	6499	1663	1726
536	21:57:34	60.11	6499	1662	1725
537	21:58:35	60.11	6499	1661	1724
538	21:59:35	60.11	6499	1660	1723
539	22:00:35	59.50	6499	1659	1722
540	22:01:34	33.22	6499	1658	1721
541	22:02:08	60.54	6499	1657	1721
542	22:03:08	60.12	6499	1657	1720
543	22:04:08	60.11	6499	1656	1719
544	22:05:08	60.13	6499	1655	1718
545	22:06:08	60.12	6499	1654	1717
546	22:07:09	60.11	6499	1653	1716
547	22:08:09	60.12	6499	1652	1715
548	22:09:09	60.12	6499	1651	1714
549	22:10:09	60.13	6499	1650	1713
550	22:11:09	60.11	6499	1649	1712
551	22:12:09	60.10	6499	1648	1711
552	22:13:09	60.11	6499	1648	1710
553	22:14:09	60.11	6499	1647	1709
554	22:15:09	60.11	6499	1646	1708
555	22:16:10	60.12	6499	1645	1707
556	22:17:10	60.11	6499	1644	1706
557	22:18:10	60.11	6499	1643	1706
558	22:19:10	60.11	6499	1642	1705
559	22:20:10	60.05	6499	1641	1704
560	22:21:10	60.10	6499	1640	1703
561	22:22:10	60.10	6499	1639	1702
562	22:23:10	60.11	6499	1639	1701
563	22:24:10	60.11	6499	1638	1700
564	22:25:10	60.11	6499	1637	1699
565	22:26:11	60.10	6499	1636	1698
566	22:27:11	60.11	6499	1635	1697
567	22:28:11	60.11	6499	1634	1696
568	22:29:11	60.11	6499	1633	1695
569	22:30:11	60.11	6499	1632	1694
570	22:31:11	60.11	6499	1631	1693
571	22:32:11	60.11	6499	1631	1692
572	22:33:11	60.12	6499	1630	1692
573	22:34:11	47.58	6499	1629	1691
574	22:34:59	60.13	6499	1628	1690
575	22:35:59	60.12	6499	1627	1689
576	22:36:59	60.11	6499	1626	1688
577	22:37:59	60.10	6499	1625	1687
578	22:38:59	60.10	6499	1624	1686
579	22:40:00	60.13	6499	1624	1685
580	22:41:00	60.11	6499	1623	1685
581	22:42:00	60.11	6499	1622	1684
582	22:43:00	60.11	6499	1621	1682
583	22:44:00	60.11	6499	1620	1681
584	22:45:00	60.11	6499	1619	1681
585	22:46:00	60.12	6499	1618	1680
586	22:47:00	60.10	6499	1617	1679
587	22:48:00	60.12	6499	1616	1678
588	22:49:01	60.11	6499	1615	1677
589	22:50:01	60.11	6499	1614	1676
590	22:51:01	60.12	6499	1614	1675
591	22:52:01	60.10	6499	1613	1674
592	22:53:01	60.13	6499	1612	1673
593	22:54:01	56.65	6499	1611	1673
594	22:54:58	60.31	6499	1610	1672
595	22:55:58	60.12	6499	1609	1671
596	22:56:58	60.11	6499	1608	1670
597	22:57:58	40.56	6499	1608	1669
598	22:58:39	30.96	6499	1607	1669
599	22:59:10	60.49	6499	1606	1668
600	23:00:10	60.10	6499	1606	1667
601	23:01:10	60.12	6499	1605	1666
602	23:02:11	60.12	6499	1604	1666
603	23:03:11	60.12	6499	1603	1665
604	23:04:11	60.12	6499	1602	1664
605	23:05:11	60.13	6499	1601	1663
606	23:06:11	29.91	6499	1601	1663
607	23:06:41	60.51	6499	1600	1662
608	23:07:42	60.11	6499	1599	1661
609	23:08:42	60.12	6499	1598	1660
610	23:09:42	60.11	6499	1597	1660
611	23:10:42	60.11	6499	1596	1659
612	23:11:42	60.10	6499	1595	1658
613	23:12:42	60.11	6499	1595	1657
614	23:13:42	60.12	6499	1594	1656
615	23:14:42	60.10	6499	1593	1655
616	23:15:42	60.11	6499	1592	1654
617	23:16:43	60.10	6499	1591	1654
618	23:17:43	60.11	6499	1591	1653
619	23:18:43	60.11	6499	1590	1652
620	23:19:43	60.09	6499	1589	1651
621	23:20:43	60.06	6499	1588	1650
622	23:21:43	60.11	6499	1587	1649
623	23:22:43	60.12	6499	1586	1649
624	23:23:43	60.12	6499	1585	1648
625	23:24:43	60.11	6499	1585	1647
626	23:25:43	60.11	6499	1584	1646
627	23:26:44	60.11	6499	1583	1645
628	23:27:44	60.11	6499	1582	1644
629	23:28:44	60.13	6499	1581	1644
630	23:29:44	60.09	6499	1581	1643
631	23:30:44	60.12	6499	1580	1642
632	23:31:44	60.12	6499	1579	1641
633	23:32:44	60.11	6499	1578	1640
634	23:33:44	60.11	6499	1577	1639
635	23:34:44	60.12	6499	1576	1639
636	23:35:45	60.13	6499	1576	1638
637	23:36:45	60.10	6499	1575	1637
638	23:37:45	60.12	6499	1574	1636
639	23:38:45	60.11	6499	1573	1635
640	23:39:45	60.11	6499	1572	1634
641	23:40:45	60.11	6499	1572	1633
642	23:41:45	60.11	6499	1571	1633
643	23:42:45	60.11	6499	1570	1632
644	23:43:45	60.12	6499	1569	1631
645	23:44:46	60.11	6499	1568	1630
646	23:45:46	60.11	6499	1568	1629
647	23:46:46	59.78	6499	1567	1629
648	23:47:46	26.63	6499	1566	1628
649	23:48:12	30.92	6499	1566	1628
650	23:48:43	30.93	6499	1565	1627
651	23:49:14	60.39	6499	1565	1627
652	23:50:14	60.10	6499	1564	1626
653	23:51:15	60.12	6499	1563	1625
654	23:52:15	60.10	6499	1562	1624
655	23:53:15	60.13	6499	1562	1623
656	23:54:15	60.12	6499	1561	1623
657	23:55:15	60.12	6499	1560	1622
658	23:56:15	60.10	6499	1559	1621
659	23:57:15	60.10	6499	1558	1621
660	23:58:15	60.11	6499	1558	1620
661	23:59:15	60.11	6499	1557	1619
662	00:00:16	60.11	6499	1556	1618
663	00:01:16	60.11	6499	1555	1618
664	00:02:16	60.12	6499	1554	1617
665	00:03:16	60.10	6499	1554	1616
666	00:04:16	60.12	6499	1553	1615
667	00:05:16	60.12	6499	1552	1614
668	00:06:16	60.11	6499	1551	1614
669	00:07:16	60.12	6499	1551	1613
670	00:08:16	60.11	6499	1550	1612
671	00:09:17	60.12	6499	1549	1611
672	00:10:17	20.68	6499	1549	1611
673	00:10:37	60.22	6499	1548	1610
674	00:11:38	60.11	6499	1547	1609
675	00:12:38	60.11	6499	1546	1609
676	00:13:38	60.11	6499	1546	1608
677	00:14:38	60.11	6499	1545	1607
678	00:15:38	60.10	6499	1544	1606
679	00:16:38	60.12	6499	1543	1606
680	00:17:38	60.12	6499	1542	1605
681	00:18:38	60.11	6499	1542	1604
682	00:19:38	60.09	6499	1541	1603
683	00:20:39	60.06	6499	1540	1602
684	00:21:39	60.11	6499	1539	1602
685	00:22:39	60.11	6499	1539	1601
686	00:23:39	60.13	6499	1538	1600
687	00:24:39	60.11	6499	1537	1599
688	00:25:39	60.12	6499	1536	1599
689	00:26:39	60.11	6499	1536	1598
690	00:27:39	60.12	6499	1535	1597
691	00:28:39	60.10	6499	1534	1596
692	00:29:40	60.11	6499	1533	1596
693	00:30:40	60.12	6499	1532	1594
694	00:31:40	29.78	6499	1532	1594
695	00:32:10	60.13	6499	1531	1593
696	00:33:10	60.12	6499	1530	1592
697	00:34:10	60.11	6499	1529	1591
698	00:35:10	60.11	6499	1528	1590
699	00:36:10	60.12	6499	1527	1589
700	00:37:10	60.11	6499	1526	1588
701	00:38:10	60.11	6499	1525	1587
702	00:39:10	60.11	6499	1524	1586
703	00:40:10	60.12	6499	1523	1585
704	00:41:11	60.11	6499	1522	1584
705	00:42:11	60.13	6499	1521	1583
706	00:43:11	60.12	6499	1520	1582
707	00:44:11	60.12	6499	1519	1581
708	00:45:11	60.11	6499	1518	1580
709	00:46:11	60.12	6499	1518	1580
710	00:47:11	60.11	6499	1517	1579
711	00:48:11	60.11	6499	1516	1578
712	00:49:12	60.11	6499	1515	1577
713	00:50:12	60.11	6499	1514	1576
714	00:51:12	60.11	6499	1513	1575
715	00:52:12	60.11	6499	1512	1574
716	00:53:12	60.10	6499	1511	1573
717	00:54:12	60.12	6499	1510	1572
718	00:55:12	60.12	6499	1509	1571
719	00:56:12	60.12	6499	1508	1570
720	00:57:12	60.12	6499	1508	1569
721	00:58:13	60.10	6499	1507	1568
722	00:59:13	60.11	6499	1506	1567
723	01:00:13	60.11	6499	1505	1566
724	01:01:13	60.11	6499	1504	1565
725	01:02:13	60.11	6499	1503	1564
726	01:03:13	60.11	6499	1502	1563
727	01:04:13	60.12	6499	1501	1563
728	01:05:13	60.11	6499	1500	1562
729	01:06:13	60.12	6499	1500	1561
730	01:07:14	60.11	6499	1499	1560
731	01:08:14	60.11	6499	1498	1559
732	01:09:14	60.12	6499	1497	1558
733	01:10:14	60.12	6499	1496	1557
734	01:11:14	60.12	6499	1495	1556
735	01:12:14	60.11	6499	1494	1555
736	01:13:14	60.12	6499	1493	1554
737	01:14:14	60.12	6499	1493	1553
738	01:15:14	60.09	6499	1492	1552
739	01:16:15	60.12	6499	1491	1551
740	01:17:15	60.12	6499	1490	1551
741	01:18:15	60.10	6499	1489	1550
742	01:19:15	60.12	6499	1488	1549
743	01:20:15	60.04	6499	1487	1548
744	01:21:15	60.11	6499	1486	1547
745	01:22:15	60.12	6499	1486	1546
746	01:23:15	60.11	6499	1485	1545
747	01:24:15	60.11	6499	1484	1544
748	01:25:15	60.11	6499	1483	1543
749	01:26:16	60.12	6499	1482	1543
750	01:27:16	23.78	6499	1482	1542
751	01:27:39	35.86	6499	1481	1541
752	01:28:15	60.34	6499	1481	1541
753	01:29:16	60.11	6499	1480	1540
754	01:30:16	60.11	6499	1479	1539
755	01:31:16	60.11	6499	1478	1538
756	01:32:16	60.11	6499	1477	1537
757	01:33:16	60.10	6499	1476	1536
758	01:34:16	60.12	6499	1476	1536
759	01:35:16	60.11	6499	1475	1535
760	01:36:16	60.11	6499	1474	1534
761	01:37:17	60.11	6499	1473	1533
762	01:38:17	60.11	6499	1472	1532
763	01:39:17	60.12	6499	1471	1531
764	01:40:17	60.10	6499	1470	1530
765	01:41:17	60.12	6499	1470	1529
766	01:42:17	60.11	6499	1469	1529
767	01:43:17	60.11	6499	1468	1528
768	01:44:17	60.11	6499	1467	1527
769	01:45:17	60.11	6499	1466	1526
770	01:46:18	60.11	6499	1466	1525
771	01:47:18	60.11	6499	1465	1524
772	01:48:18	60.11	6499	1464	1524
773	01:49:18	60.11	6499	1463	1523
774	01:50:18	60.11	6499	1462	1522
775	01:51:18	60.12	6499	1461	1521
776	01:52:18	60.10	6499	1460	1520
777	01:53:18	38.56	6499	1460	1519
778	01:53:57	23.92	6499	1459	1519
779	01:54:21	60.24	6499	1459	1518
780	01:55:21	60.11	6499	1458	1518
781	01:56:21	60.11	6499	1457	1517
782	01:57:21	60.11	6499	1456	1516
783	01:58:21	60.12	6499	1455	1515
784	01:59:22	60.11	6499	1455	1514
785	02:00:22	60.12	6499	1454	1513
786	02:01:22	33.62	6499	1453	1513
787	02:01:55	20.96	6499	1453	1512
788	02:02:16	60.38	6499	1452	1512
789	02:03:17	60.11	6499	1452	1511
790	02:04:17	60.12	6499	1451	1510
791	02:05:17	60.12	6499	1450	1509
792	02:06:17	60.12	6499	1449	1508
793	02:07:17	60.12	6499	1448	1507
794	02:08:17	60.11	6499	1448	1507
795	02:09:17	60.12	6499	1447	1506
796	02:10:18	60.11	6499	1446	1505
797	02:11:18	60.11	6499	1445	1504
798	02:12:18	60.11	6499	1444	1503
799	02:13:18	60.10	6499	1444	1502
800	02:14:18	60.11	6499	1443	1502
801	02:15:18	60.10	6499	1442	1501
802	02:16:18	60.12	6499	1441	1500
803	02:17:18	60.10	6499	1441	1499
804	02:18:18	60.11	6499	1440	1498
805	02:19:19	60.11	6499	1439	1497
806	02:20:19	60.04	6499	1438	1497
807	02:21:19	60.10	6499	1437	1496
808	02:22:19	60.12	6499	1437	1495
809	02:23:19	60.11	6499	1436	1494
810	02:24:19	60.11	6499	1435	1493
811	02:25:19	60.11	6499	1434	1492
812	02:26:19	60.11	6499	1433	1492
813	02:27:19	60.12	6499	1433	1491
814	02:28:19	54.49	6499	1432	1490
815	02:29:14	60.21	6499	1431	1489
816	02:30:14	60.11	6499	1430	1489
817	02:31:14	60.12	6499	1430	1488
818	02:32:14	60.11	6499	1429	1487
819	02:33:14	60.11	6499	1428	1486
820	02:34:15	60.12	6499	1427	1485
821	02:35:15	60.11	6499	1426	1484
822	02:36:15	60.10	6499	1426	1484
823	02:37:15	60.12	6499	1425	1483
824	02:38:15	60.12	6499	1424	1482
825	02:39:15	60.11	6499	1423	1481
826	02:40:15	60.11	6499	1423	1481
827	02:41:15	60.11	6499	1422	1480
828	02:42:15	60.12	6499	1421	1479
829	02:43:16	60.10	6499	1420	1478
830	02:44:16	60.11	6499	1419	1477
831	02:45:16	60.11	6499	1419	1477
832	02:46:16	60.10	6499	1418	1476
833	02:47:16	60.11	6499	1417	1475
834	02:48:16	60.11	6499	1417	1474
835	02:49:16	60.10	6499	1416	1473
836	02:50:16	60.12	6499	1415	1473
837	02:51:16	60.11	6499	1414	1472
838	02:52:17	60.10	6499	1414	1471
839	02:53:17	60.12	6499	1413	1470
840	02:54:17	60.11	6499	1412	1469
841	02:55:17	60.11	6499	1411	1469
842	02:56:17	60.13	6499	1411	1468
843	02:57:17	60.12	6499	1410	1467
844	02:58:17	60.11	6499	1409	1466
845	02:59:17	60.11	6499	1408	1466
846	03:00:17	60.11	6499	1408	1465
847	03:01:18	60.12	6499	1407	1464
848	03:02:18	60.10	6499	1406	1463
849	03:03:18	60.12	6499	1406	1462
850	03:04:18	60.12	6499	1405	1462
851	03:05:18	60.12	6499	1404	1461
852	03:06:18	60.11	6499	1403	1460
853	03:07:18	60.14	6499	1403	1460
854	03:08:18	60.11	6499	1402	1459
855	03:09:19	60.11	6499	1401	1458
856	03:10:19	60.11	6499	1400	1457
857	03:11:19	60.11	6499	1398	1456
858	03:12:19	60.12	6499	1397	1455
859	03:13:19	60.12	6499	1396	1454
860	03:14:19	60.12	6499	1395	1453
861	03:15:19	60.12	6499	1394	1452
862	03:16:19	60.11	6499	1393	1451
863	03:17:19	60.12	6499	1391	1450
864	03:18:20	60.11	6499	1390	1449
865	03:19:20	60.10	6499	1389	1447
866	03:20:20	60.07	6499	1388	1446
867	03:21:20	60.11	6499	1387	1445
868	03:22:20	60.12	6499	1386	1444
869	03:23:20	60.11	6499	1385	1443
870	03:24:20	60.13	6499	1384	1442
871	03:25:20	60.11	6499	1383	1441
872	03:26:20	60.10	6499	1382	1440
873	03:27:21	60.12	6499	1381	1439
874	03:28:21	60.18	6499	1380	1438
875	03:29:21	60.74	6499	1379	1437
876	03:30:22	60.26	6499	1378	1436
877	03:31:22	60.51	6499	1377	1434
878	03:32:22	60.52	6499	1376	1433
879	03:33:23	60.66	6499	1375	1432
880	03:34:23	60.46	6499	1374	1431
881	03:35:24	60.57	6499	1373	1430
882	03:36:25	60.15	6499	1372	1429
883	03:37:25	60.18	6499	1371	1428
884	03:38:25	60.29	6499	1370	1427
885	03:39:25	10.27	6499	1369	1426
886	03:39:35	42.47	6499	1369	1426
887	03:40:18	60.48	6499	1368	1425
888	03:41:18	60.11	6499	1367	1424
889	03:42:18	60.11	6499	1366	1423
890	03:43:19	60.12	6499	1365	1422
891	03:44:19	60.12	6499	1364	1421
892	03:45:19	60.11	6499	1363	1420
893	03:46:19	60.10	6499	1362	1419
894	03:47:19	60.12	6499	1361	1418
895	03:48:19	60.12	6499	1360	1417
896	03:49:19	60.11	6499	1359	1416
897	03:50:19	60.12	6499	1358	1415
898	03:51:19	60.12	6499	1357	1414
899	03:52:20	60.11	6499	1356	1413
900	03:53:20	60.12	6499	1356	1412
901	03:54:20	60.12	6499	1355	1411
902	03:55:20	60.11	6499	1354	1410
903	03:56:20	60.12	6499	1353	1409
904	03:57:20	60.13	6499	1352	1408
905	03:58:20	60.11	6499	1351	1407
906	03:59:20	60.12	6499	1350	1406
907	04:00:21	60.11	6499	1349	1405
908	04:01:21	60.10	6499	1348	1404
909	04:02:21	60.12	6499	1347	1403
910	04:03:21	60.10	6499	1346	1402
911	04:04:21	60.12	6499	1345	1401
912	04:05:21	60.12	6499	1344	1400
913	04:06:21	60.12	6499	1344	1399
914	04:07:21	60.10	6499	1343	1398
915	04:08:21	60.11	6499	1342	1397
916	04:09:22	60.12	6499	1341	1396
917	04:10:22	26.33	6499	1340	1395
918	04:10:48	60.33	6499	12.29	12.95
919	04:11:48	60.12	6499	0	0
920	04:12:48	60.12	6499	0	0
921	04:13:49	60.12	6501	0	0
922	04:14:49	60.11	6501	0	0
923	04:15:49	60.12	6501	0	0
924	04:16:49	60.12	6501	0	0
925	04:17:49	60.11	6463	0	0
926	04:18:49	60.12	6304	0	0
927	04:19:49	60.08	6018	0	0
928	04:20:49	19.94	5666	0	0
Created by AtlRunQuery on: 2018-12-09 15:52:17.178667
