LHC beam energy and intensities during run 336944:
(Begin/end of run: Sun Oct 01 2017 16:36:54 − 23:23:18)

LB	   Start time
(CEST)	   Duration
(sec)	   Beam energy
(GeV)	   Intensity Beam-1
(1e11 protons)	   Intensity Beam-2
(1e11 protons)
1	16:36:54	60.10	449	1114	1413
2	16:37:54	60.11	450	1186	1527
3	16:38:54	60.12	450	1269	1627
4	16:39:54	60.13	449	1387	1683
5	16:40:54	60.12	450	1483	1728
6	16:41:54	34.25	449	1516	1852
7	16:42:28	20.63	450	1627	1851
8	16:42:49	10.25	449	1647	1850
9	16:42:59	33.08	449	1646	1930
10	16:43:32	29.86	450	1665	1981
11	16:44:02	60.03	450	1710	2041
12	16:45:02	60.12	449	1812	2123
13	16:46:02	60.12	449	1894	2238
14	16:47:02	60.12	449	2075	2236
15	16:48:03	60.10	450	2226	2233
16	16:49:03	60.11	449	2222	2230
17	16:50:03	60.11	449	2217	2224
18	16:51:03	60.11	450	2213	2219
19	16:52:03	60.12	449	2209	2216
20	16:53:03	13.38	449	2207	2214
21	16:53:16	16.75	451	2198	2206
22	16:53:33	10.44	458	2197	2205
23	16:53:44	60.38	466	2196	2205
24	16:54:44	60.11	550	2195	2204
25	16:55:44	60.11	705	2195	2203
26	16:56:44	28.76	922	2195	2203
27	16:57:13	60.17	1049	2194	2203
28	16:58:13	60.11	1370	2194	2203
29	16:59:13	60.11	1717	2194	2203
30	17:00:13	60.12	2064	2194	2203
31	17:01:14	60.12	2418	2194	2203
32	17:02:14	60.12	2765	2194	2203
33	17:03:14	60.11	3112	2194	2203
34	17:04:14	60.11	3460	2194	2203
35	17:05:14	60.13	3807	2193	2203
36	17:06:14	60.12	4155	2193	2203
37	17:07:14	60.12	4502	2193	2203
38	17:08:14	60.11	4849	2193	2203
39	17:09:14	60.12	5197	2193	2203
40	17:10:15	60.11	5550	2192	2203
41	17:11:15	60.11	5898	1912	1921
42	17:12:15	60.11	6245	0	0
43	17:13:15	19.46	6499	0	0
44	17:13:34	10.34	6499	0	0
45	17:13:45	60.11	6499	0	0
46	17:14:45	60.11	6499	0	0
47	17:15:45	60.11	6499	0	0
48	17:16:45	60.12	6499	0	0
49	17:17:45	60.11	6499	0	0
50	17:18:45	60.12	6499	0	0
51	17:19:45	60.10	6499	0	0
52	17:20:46	60.06	6499	0	0
53	17:21:46	60.11	6499	0	0
54	17:22:46	60.11	6499	0	0
55	17:23:46	60.11	6499	0	0
56	17:24:46	60.12	6499	0	0
57	17:25:46	19.46	6499	0	0
58	17:26:05	19.41	6499	0	0
59	17:26:25	60.06	6501	0	0
60	17:27:25	60.11	6501	0	0
61	17:28:25	60.13	6501	0	0
62	17:29:25	60.13	6501	0	0
63	17:30:25	60.12	6501	0	0
64	17:31:25	60.11	6462	0	0
65	17:32:26	60.11	6297	0	0
66	17:33:26	60.11	6006	0	0
67	17:34:26	60.12	5655	0	0
68	17:35:26	60.12	5302	0	0
69	17:36:26	60.13	4947	0	0
70	17:37:26	60.11	4592	0	0
71	17:38:26	60.11	4237	0	0
72	17:39:26	60.12	3881	0	0
73	17:40:26	60.11	3524	0	0
74	17:41:27	60.11	3162	0	0
75	17:42:27	60.11	2805	0	0
76	17:43:27	60.13	2449	0	0
77	17:44:27	60.12	2092	0	0
78	17:45:27	60.12	1736	0	0
79	17:46:27	60.12	1379	0	0
80	17:47:27	60.12	1022	0	0
81	17:48:27	60.11	666	0	0
82	17:49:28	60.10	335	0	0
83	17:50:28	60.11	133	0	0
84	17:51:28	60.11	59	0	0
85	17:52:28	60.11	59	0	0
86	17:53:28	60.12	59	0	0
87	17:54:28	60.12	59	0	0
88	17:55:28	60.13	59	0	0
89	17:56:28	60.11	59	0	0
90	17:57:28	60.12	59	0	0
91	17:58:29	60.11	59	0	0
92	17:59:29	60.12	59	0	0
93	18:00:29	60.12	59	0	0
94	18:01:29	60.10	59	0	0
95	18:02:29	60.12	59	0	0
96	18:03:29	60.11	59	0	0
97	18:04:29	60.11	59	0	0
98	18:05:29	60.12	59	0	0
99	18:06:29	60.11	167	0	0
100	18:07:30	60.12	450	0	0
101	18:08:30	60.13	449	0	0
102	18:09:30	40.88	450	0	0
103	18:10:11	60.06	450	0	0
104	18:11:11	60.13	450	0	0
105	18:12:11	60.11	450	0	0.05599
106	18:13:11	60.12	450	0.0857	0.1071
107	18:14:11	60.11	450	0.1015	0.1071
108	18:15:11	60.12	449	0.1015	0.107
109	18:16:11	60.12	450	0.1012	0.1068
110	18:17:12	60.12	449	0.1006	0.1062
111	18:18:12	60.12	450	0.1005	0.1061
112	18:19:12	60.11	450	0.1005	0.1061
113	18:20:12	60.04	450	0.08968	0.1046
114	18:21:12	60.09	449	0.08948	0.1045
115	18:22:12	60.12	450	0.08931	0.1044
116	18:23:12	60.12	450	2.729	0.1023
117	18:24:12	60.12	450	13.82	4.828
118	18:25:12	60.11	450	72.78	35.93
119	18:26:12	60.11	450	174.6	73.47
120	18:27:13	60.12	450	205.4	73.43
121	18:28:13	60.11	449	303	80.24
122	18:29:13	60.12	450	339.1	207.2
123	18:30:13	60.12	450	340.7	207
124	18:31:13	60.11	450	470.1	251.6
125	18:32:13	60.12	450	512.7	340.5
126	18:33:13	60.12	450	573.9	468.7
127	18:34:13	60.11	449	665.3	513.3
128	18:35:13	60.12	449	787.3	572.8
129	18:36:14	60.10	450	871.2	669.5
130	18:37:14	60.13	450	954.5	790
131	18:38:14	60.11	450	1055	874.4
132	18:39:14	60.12	450	1112	958.7
133	18:40:14	60.12	450	1186	1065
134	18:41:14	60.12	450	1270	1120
135	18:42:14	60.12	450	1380	1193
136	18:43:14	60.12	449	1379	1276
137	18:44:15	60.11	450	1435	1391
138	18:45:15	60.10	450	1518	1490
139	18:46:15	60.11	450	1638	1573
140	18:47:15	60.13	450	1685	1653
141	18:48:15	60.10	450	1749	1714
142	18:49:15	60.11	450	1831	1804
143	18:50:15	60.11	450	1961	1886
144	18:51:15	60.12	450	2045	1974
145	18:52:15	60.12	450	2128	2101
146	18:53:16	60.11	450	2219	2185
147	18:54:16	60.12	450	2217	2233
148	18:55:16	60.12	450	2213	2228
149	18:56:16	60.12	450	2210	2224
150	18:57:16	60.12	449	2207	2221
151	18:58:16	60.12	455	2205	2218
152	18:59:16	60.11	520	2204	2217
153	19:00:16	60.12	657	2203	2216
154	19:01:17	41.64	862	2203	2216
155	19:01:58	60.05	1035	2203	2216
156	19:02:58	60.11	1352	2202	2216
157	19:03:58	60.10	1699	2202	2216
158	19:04:58	60.11	2046	2202	2216
159	19:05:59	60.12	2400	2202	2216
160	19:06:59	60.11	2747	2202	2216
161	19:07:59	60.12	3095	2202	2216
162	19:08:59	60.12	3442	2202	2216
163	19:09:59	60.11	3789	2201	2216
164	19:10:59	60.11	4137	2201	2216
165	19:11:59	60.12	4484	2201	2216
166	19:12:59	60.12	4832	2201	2216
167	19:13:59	60.11	5179	2201	2215
168	19:15:00	60.11	5532	2201	2215
169	19:16:00	60.12	5880	2200	2215
170	19:17:00	60.11	6227	2199	2215
171	19:18:00	21.39	6499	2198	2215
172	19:18:21	15.49	6499	2198	2215
173	19:18:37	60.28	6499	2198	2215
174	19:19:37	60.10	6499	2198	2215
175	19:20:37	60.06	6499	2198	2215
176	19:21:37	60.12	6499	2198	2215
177	19:22:37	60.12	6499	2198	2215
178	19:23:37	60.12	6499	2198	2215
179	19:24:38	60.10	6499	2197	2215
180	19:25:38	60.11	6499	2197	2215
181	19:26:38	60.13	6499	2196	2215
182	19:27:38	60.11	6499	2196	2215
183	19:28:38	60.10	6499	2196	2215
184	19:29:38	60.12	6499	2196	2215
185	19:30:38	60.12	6499	2196	2215
186	19:31:38	60.11	6499	2195	2215
187	19:32:38	60.11	6499	2195	2215
188	19:33:39	60.11	6499	2195	2215
189	19:34:39	60.12	6499	2195	2214
190	19:35:39	60.11	6499	2194	2214
191	19:36:39	60.11	6499	2193	2214
192	19:37:39	58.72	6499	2191	2213
193	19:38:38	60.50	6499	2190	2213
194	19:39:38	60.12	6499	2189	2213
195	19:40:38	60.12	6499	2186	2212
196	19:41:39	60.12	6499	2180	2211
197	19:42:39	60.11	6499	2176	2209
198	19:43:39	60.11	6499	2173	2207
199	19:44:39	60.12	6499	2170	2206
200	19:45:39	60.11	6499	2168	2204
201	19:46:39	60.11	6499	2166	2202
202	19:47:39	60.11	6499	2163	2201
203	19:48:39	60.10	6499	2161	2199
204	19:49:39	32.01	6499	2159	2198
205	19:50:11	27.49	6499	2158	2198
206	19:50:39	60.33	6499	2157	2196
207	19:51:39	60.11	6499	2155	2195
208	19:52:39	42.21	6499	2153	2194
209	19:53:22	60.20	6499	2152	2193
210	19:54:22	25.83	6499	2150	2192
211	19:54:48	60.09	6499	2149	2191
212	19:55:48	60.11	6499	2147	2189
213	19:56:48	60.11	6499	2144	2188
214	19:57:48	51.93	6499	2142	2186
215	19:58:40	31.02	6499	2141	2185
216	19:59:11	60.32	6499	2139	2184
217	20:00:11	60.12	6499	2137	2183
218	20:01:11	60.13	6499	2135	2181
219	20:02:11	60.11	6499	2133	2180
220	20:03:12	21.12	6499	2132	2179
221	20:03:33	39.13	6499	2131	2178
222	20:04:12	60.45	6499	2130	2177
223	20:05:12	60.12	6499	2127	2175
224	20:06:12	60.12	6499	2124	2173
225	20:07:12	60.12	6499	2122	2171
226	20:08:13	60.11	6499	2120	2170
227	20:09:13	10.27	6499	2119	2169
228	20:09:23	60.12	6499	2117	2168
229	20:10:23	10.27	6499	2116	2167
230	20:10:33	60.13	6499	2114	2166
231	20:11:33	10.27	6499	2113	2165
232	20:11:44	60.11	6499	2112	2164
233	20:12:44	60.12	6499	2110	2162
234	20:13:44	12.35	6499	2108	2161
235	20:13:56	46.53	6499	2107	2160
236	20:14:43	60.30	6499	2105	2159
237	20:15:43	60.12	6499	2103	2157
238	20:16:43	60.11	6499	2101	2155
239	20:17:43	60.11	6499	2099	2154
240	20:18:44	60.12	6499	2097	2152
241	20:19:44	60.09	6499	2095	2151
242	20:20:44	60.07	6499	2093	2149
243	20:21:44	60.11	6499	2091	2147
244	20:22:44	10.27	6499	2090	2147
245	20:22:54	60.11	6499	2089	2146
246	20:23:54	52.79	6499	2087	2144
247	20:24:47	60.17	6499	2086	2143
248	20:25:47	16.85	6499	2084	2142
249	20:26:04	60.27	6499	2083	2141
250	20:27:04	21.21	6499	2082	2140
251	20:27:26	18.37	6499	2081	2139
252	20:27:44	60.35	6499	2080	2138
253	20:28:44	60.12	6499	2078	2137
254	20:29:44	60.11	6499	2076	2135
255	20:30:45	60.10	6499	2075	2134
256	20:31:45	60.11	6499	2073	2132
257	20:32:45	60.11	6499	2071	2131
258	20:33:45	60.12	6499	2069	2129
259	20:34:45	60.11	6499	2068	2127
260	20:35:45	60.12	6499	2066	2126
261	20:36:45	60.10	6499	2064	2124
262	20:37:45	60.12	6499	2063	2123
263	20:38:45	60.10	6499	2061	2121
264	20:39:46	60.12	6499	2059	2120
265	20:40:46	60.10	6499	2058	2118
266	20:41:46	60.10	6499	2056	2117
267	20:42:46	60.11	6499	2054	2116
268	20:43:46	59.18	6499	2053	2114
269	20:44:45	30.05	6499	2051	2113
270	20:45:15	60.54	6499	2050	2112
271	20:46:16	60.11	6499	2049	2110
272	20:47:16	60.12	6499	2047	2109
273	20:48:16	60.11	6499	2045	2108
274	20:49:16	60.10	6499	2044	2106
275	20:50:16	60.10	6499	2042	2105
276	20:51:16	60.11	6499	2041	2103
277	20:52:16	60.10	6499	2039	2102
278	20:53:16	60.12	6499	2037	2100
279	20:54:17	60.11	6499	2036	2099
280	20:55:17	60.12	6499	2034	2098
281	20:56:17	60.11	6499	2033	2096
282	20:57:17	60.11	6499	2031	2095
283	20:58:17	60.11	6499	2030	2093
284	20:59:17	60.11	6499	2028	2092
285	21:00:17	60.11	6499	2027	2090
286	21:01:17	60.12	6499	2025	2089
287	21:02:17	44.33	6499	2024	2088
288	21:03:02	13.99	6499	2023	2087
289	21:03:16	60.15	6499	2022	2086
290	21:04:16	60.11	6499	2021	2085
291	21:05:16	60.12	6499	2019	2084
292	21:06:16	60.12	6499	2018	2082
293	21:07:16	60.11	6499	2016	2081
294	21:08:16	60.12	6499	2015	2080
295	21:09:17	60.11	6499	2014	2078
296	21:10:17	20.68	6499	2013	2077
297	21:10:37	38.98	6499	2012	2077
298	21:11:16	60.29	6499	2011	2076
299	21:12:17	60.12	6499	2009	2074
300	21:13:17	60.11	6499	2008	2073
301	21:14:17	60.11	6499	2006	2072
302	21:15:17	60.12	6499	2005	2070
303	21:16:17	60.10	6499	2004	2069
304	21:17:17	60.10	6499	2002	2068
305	21:18:17	23.96	6499	2001	2067
306	21:18:41	16.21	6499	2001	2066
307	21:18:57	24.28	6499	2000	2066
308	21:19:22	60.26	6499	1999	2065
309	21:20:22	60.29	6499	1998	2064
310	21:21:22	60.10	6499	1997	2062
311	21:22:22	60.12	6499	1995	2061
312	21:23:22	60.12	6499	1994	2060
313	21:24:23	60.10	6499	1992	2058
314	21:25:23	60.10	6499	1991	2057
315	21:26:23	60.12	6499	1990	2056
316	21:27:23	60.11	6499	1988	2054
317	21:28:23	60.12	6499	1987	2053
318	21:29:23	60.11	6499	1986	2052
319	21:30:23	60.12	6499	1984	2050
320	21:31:23	60.12	6499	1983	2049
321	21:32:23	23.64	6499	1982	2048
322	21:32:47	30.48	6499	1981	2048
323	21:33:18	58.98	6499	1980	2047
324	21:34:17	60.20	6499	1979	2046
325	21:35:17	60.11	6499	1978	2044
326	21:36:17	60.11	6499	1976	2043
327	21:37:17	60.12	6499	1975	2042
328	21:38:17	60.11	6499	1974	2040
329	21:39:17	60.12	6499	1972	2039
330	21:40:17	60.11	6499	1971	2038
331	21:41:17	60.11	6499	1970	2037
332	21:42:18	60.12	6499	1968	2035
333	21:43:18	60.11	6499	1967	2034
334	21:44:18	60.12	6499	1966	2033
335	21:45:18	60.11	6499	1964	2032
336	21:46:18	60.12	6499	1963	2030
337	21:47:18	60.12	6499	1961	2029
338	21:48:18	60.12	6499	1960	2028
339	21:49:18	60.12	6499	1958	2026
340	21:50:19	60.11	6499	1957	2025
341	21:51:19	60.11	6499	1956	2024
342	21:52:19	60.12	6499	1954	2022
343	21:53:19	60.12	6499	1953	2021
344	21:54:19	22.29	6499	1952	2020
345	21:54:41	60.11	6499	1951	2019
346	21:55:41	60.11	6499	1949	2018
347	21:56:41	60.10	6499	1948	2016
348	21:57:42	60.12	6499	1947	2015
349	21:58:42	48.49	6499	1945	2014
350	21:59:30	51.14	6499	1944	2013
351	22:00:21	60.16	6499	1943	2012
352	22:01:21	60.10	6499	1941	2010
353	22:02:22	60.12	6499	1940	2009
354	22:03:22	60.11	6499	1939	2008
355	22:04:22	60.11	6499	1937	2006
356	22:05:22	60.12	6499	1936	2005
357	22:06:22	60.11	6499	1935	2004
358	22:07:22	60.12	6499	1933	2002
359	22:08:22	60.12	6499	1932	2001
360	22:09:22	60.12	6499	1931	2000
361	22:10:23	60.12	6499	1929	1998
362	22:11:23	60.10	6499	1928	1997
363	22:12:23	60.11	6499	1927	1996
364	22:13:23	60.11	6499	1925	1995
365	22:14:23	60.11	6499	1924	1993
366	22:15:23	60.10	6499	1923	1992
367	22:16:23	37.66	6499	1921	1991
368	22:17:01	17.83	6499	1921	1990
369	22:17:19	60.47	6499	1920	1990
370	22:18:19	60.11	6499	1919	1988
371	22:19:19	60.11	6499	1917	1987
372	22:20:19	60.04	6499	1916	1986
373	22:21:19	60.12	6499	1915	1984
374	22:22:20	60.11	6499	1913	1983
375	22:23:20	60.12	6499	1912	1982
376	22:24:20	60.11	6499	1911	1981
377	22:25:20	60.10	6499	1909	1979
378	22:26:20	60.10	6499	1908	1978
379	22:27:20	60.12	6499	1907	1977
380	22:28:20	60.11	6499	1905	1976
381	22:29:20	60.12	6499	1904	1974
382	22:30:20	60.10	6499	1903	1973
383	22:31:20	60.13	6499	1902	1972
384	22:32:21	60.11	6499	1900	1971
385	22:33:21	60.11	6499	1899	1969
386	22:34:21	60.12	6499	1898	1968
387	22:35:21	60.12	6499	1896	1967
388	22:36:21	60.12	6499	1895	1966
389	22:37:21	60.12	6499	1894	1964
390	22:38:21	60.12	6499	1893	1963
391	22:39:21	60.12	6499	1891	1962
392	22:40:22	35.96	6499	1891	1961
393	22:40:58	22.14	6499	1890	1960
394	22:41:20	60.40	6499	1889	1960
395	22:42:20	60.12	6499	1888	1958
396	22:43:20	60.12	6499	1886	1957
397	22:44:20	60.11	6499	1885	1956
398	22:45:20	60.11	6499	1884	1955
399	22:46:20	60.12	6499	1883	1954
400	22:47:21	60.12	6499	1881	1952
401	22:48:21	60.11	6499	1880	1951
402	22:49:21	60.11	6499	1879	1950
403	22:50:21	60.11	6499	1878	1949
404	22:51:21	60.12	6499	1877	1948
405	22:52:21	60.10	6499	1875	1946
406	22:53:21	59.39	6499	1874	1945
407	22:54:21	60.35	6499	1873	1944
408	22:55:21	10.26	6499	1872	1943
409	22:55:31	60.37	6499	1871	1943
410	22:56:32	60.12	6499	1870	1941
411	22:57:32	60.11	6499	1869	1940
412	22:58:32	60.12	6499	1868	1939
413	22:59:32	60.12	6499	1867	1938
414	23:00:32	22.61	6499	1866	1937
415	23:00:55	60.30	6499	0.005074	1.521
416	23:01:55	60.11	6499	0	0
417	23:02:55	39.43	6499	0	0
418	23:03:35	60.25	6499	0	0
419	23:04:35	60.11	6501	0	0
420	23:05:35	60.12	6501	0	0
421	23:06:35	60.11	6501	0	0
422	23:07:35	60.12	6501	0	0
423	23:08:35	60.13	6496	0	0
424	23:09:35	60.11	6398	0	0
425	23:10:36	60.11	6169	0	0
426	23:11:36	60.11	5833	0	0
427	23:12:36	60.11	5480	0	0
428	23:13:36	60.12	5127	0	0
429	23:14:36	60.13	4772	0	0
430	23:15:36	60.11	4416	0	0
431	23:16:36	60.11	4061	0	0
432	23:17:36	60.12	3704	0	0
433	23:18:36	60.12	3348	0	0
434	23:19:37	60.09	2986	0	0
435	23:20:37	60.06	2629	0	0
436	23:21:37	60.11	2272	0	0
437	23:22:37	40.70	1916	0	0
Created by AtlRunQuery on: 2018-12-09 15:58:40.602933
