LHC beam energy and intensities during run 337005:
(Begin/end of run: Mon Oct 02 2017 06:18:47 − 10:30:01)

LB	   Start time
(CEST)	   Duration
(sec)	   Beam energy
(GeV)	   Intensity Beam-1
(1e11 protons)	   Intensity Beam-2
(1e11 protons)
1	06:18:47	60.12	449	475.9	479.9
2	06:19:47	60.09	450	479.3	529.2
3	06:20:47	60.07	450	540.2	596.3
4	06:21:47	60.11	450	633.8	680.2
5	06:22:48	10.27	450	671.7	808
6	06:22:58	10.95	450	671.6	807.9
7	06:23:09	10.09	449	671.4	807.8
8	06:23:19	35.12	450	775.2	807.5
9	06:23:54	60.31	449	815.6	909.9
10	06:24:54	60.13	449	935	993.3
11	06:25:54	60.11	449	1032	1073
12	06:26:55	60.12	449	1091	1134
13	06:27:55	60.11	449	1133	1226
14	06:28:55	60.12	450	1261	1311
15	06:29:55	60.11	449	1349	1398
16	06:30:55	60.11	450	1433	1530
17	06:31:55	60.12	449	1524	1615
18	06:32:55	60.13	450	1650	1661
19	06:33:55	60.11	449	1693	1660
20	06:34:55	60.12	450	1750	1718
21	06:35:56	60.11	450	1849	1797
22	06:36:56	60.12	450	1965	1882
23	06:37:56	60.11	449	2049	1987
24	06:38:56	60.12	450	2131	2098
25	06:39:56	60.12	449	2241	2116
26	06:40:56	60.12	450	2238	2222
27	06:41:56	60.13	450	2235	2245
28	06:42:56	60.12	450	2231	2239
29	06:43:57	60.12	450	2227	2235
30	06:44:57	60.11	449	2224	2233
31	06:45:57	60.12	456	2221	2230
32	06:46:57	60.12	521	2220	2229
33	06:47:57	60.11	658	2220	2229
34	06:48:57	28.83	860	2219	2229
35	06:49:26	13.31	979	2219	2229
36	06:49:39	15.79	1038	2219	2229
37	06:49:55	60.27	1114	2219	2229
38	06:50:55	60.11	1448	2219	2229
39	06:51:55	21.61	1795	2219	2228
40	06:52:17	38.93	1922	2211	2220
41	06:52:56	60.41	2148	2211	2220
42	06:53:56	60.10	2496	2210	2220
43	06:54:56	60.11	2843	2210	2220
44	06:55:57	60.12	3196	2210	2220
45	06:56:57	60.10	3544	2210	2220
46	06:57:57	60.10	3891	2210	2220
47	06:58:57	60.12	4239	2210	2221
48	06:59:57	60.12	4586	2209	2220
49	07:00:57	60.12	4933	2209	2221
50	07:01:57	60.12	5281	2209	2220
51	07:02:57	60.12	5628	2209	2220
52	07:03:58	60.11	5981	2209	2220
53	07:04:58	59.40	6329	2208	2221
54	07:05:57	60.33	6499	2207	2221
55	07:06:57	60.12	6499	2207	2221
56	07:07:57	60.11	6499	2207	2220
57	07:08:58	60.12	6499	2207	2220
58	07:09:58	60.11	6499	2207	2220
59	07:10:58	60.12	6499	2206	2220
60	07:11:58	60.10	6499	2206	2220
61	07:12:58	60.13	6499	2206	2220
62	07:13:58	60.12	6499	2206	2220
63	07:14:58	60.13	6499	2206	2220
64	07:15:58	60.12	6499	2206	2220
65	07:16:59	60.11	6499	2206	2220
66	07:17:59	60.12	6499	2205	2220
67	07:18:59	60.11	6499	2205	2220
68	07:19:59	60.08	6499	2205	2220
69	07:20:59	60.11	6499	2205	2219
70	07:21:59	60.11	6499	2205	2219
71	07:22:59	60.11	6499	2204	2219
72	07:23:59	60.12	6499	2203	2218
73	07:24:59	60.11	6499	2202	2217
74	07:25:59	28.55	6499	2201	2216
75	07:26:28	60.37	6499	2200	2216
76	07:27:28	60.11	6499	2199	2215
77	07:28:29	60.11	6499	2195	2214
78	07:29:29	60.10	6499	2188	2212
79	07:30:29	60.11	6499	2184	2210
80	07:31:29	60.11	6499	2181	2209
81	07:32:29	60.12	6499	2178	2207
82	07:33:29	60.12	6499	2176	2206
83	07:34:29	60.11	6499	2174	2204
84	07:35:29	35.44	6499	2172	2203
85	07:36:05	24.48	6499	2171	2203
86	07:36:29	60.29	6499	2170	2202
87	07:37:30	60.10	6499	2168	2200
88	07:38:30	60.11	6499	2165	2199
89	07:39:30	60.11	6499	2163	2197
90	07:40:30	60.11	6499	2161	2196
91	07:41:30	15.20	6499	2160	2195
92	07:41:45	60.19	6499	2158	2194
93	07:42:45	23.55	6499	2157	2193
94	07:43:09	21.49	6499	2156	2192
95	07:43:30	60.39	6499	2155	2191
96	07:44:31	60.11	6499	2153	2189
97	07:45:31	60.12	6499	2151	2188
98	07:46:31	24.93	6499	2149	2187
99	07:46:56	35.44	6499	2148	2186
100	07:47:31	60.37	6499	2146	2185
101	07:48:32	60.11	6499	2144	2183
102	07:49:32	60.29	6499	2141	2181
103	07:50:32	60.11	6499	2138	2179
104	07:51:32	10.26	6499	2137	2178
105	07:51:43	59.37	6499	2135	2177
106	07:52:42	60.09	6499	2132	2175
107	07:53:42	60.12	6499	2130	2174
108	07:54:42	60.12	6499	2128	2172
109	07:55:42	60.12	6499	2125	2170
110	07:56:42	60.12	6499	2123	2169
111	07:57:42	60.12	6499	2121	2167
112	07:58:43	60.11	6499	2119	2165
113	07:59:43	60.12	6499	2116	2164
114	08:00:43	55.22	6499	2114	2162
115	08:01:38	24.47	6499	2113	2161
116	08:02:02	60.32	6499	2111	2160
117	08:03:03	60.10	6499	2109	2158
118	08:04:03	55.01	6499	2107	2156
119	08:04:58	35.67	6499	2106	2155
120	08:05:34	60.37	6499	2104	2154
121	08:06:34	60.11	6499	2102	2152
122	08:07:34	34.38	6499	2101	2151
123	08:08:08	41.48	6499	2099	2150
124	08:08:50	44.71	6499	2098	2149
125	08:09:35	60.28	6499	2096	2147
126	08:10:35	60.10	6499	2094	2146
127	08:11:35	60.10	6499	2093	2144
128	08:12:35	15.00	6499	2091	2143
129	08:12:50	45.49	6499	2090	2142
130	08:13:36	60.27	6499	2089	2141
131	08:14:36	60.13	6499	2087	2139
132	08:15:36	60.11	6499	2085	2138
133	08:16:36	60.12	6499	2083	2136
134	08:17:36	60.10	6499	2081	2135
135	08:18:36	60.12	6499	2080	2133
136	08:19:36	57.96	6499	2078	2131
137	08:20:34	32.25	6499	2076	2130
138	08:21:07	60.54	6499	2075	2129
139	08:22:07	60.11	6499	2073	2128
140	08:23:07	60.12	6499	2072	2126
141	08:24:07	60.10	6499	2070	2124
142	08:25:08	60.11	6499	2068	2123
143	08:26:08	60.11	6499	2067	2121
144	08:27:08	59.97	6499	2065	2120
145	08:28:08	60.25	6499	2063	2118
146	08:29:08	60.12	6499	2061	2117
147	08:30:08	60.11	6499	2060	2115
148	08:31:08	60.12	6499	2058	2114
149	08:32:08	10.27	6499	2057	2113
150	08:32:19	60.12	6499	2056	2112
151	08:33:19	60.11	6499	2054	2111
152	08:34:19	57.23	6499	2053	2109
153	08:35:16	16.21	6499	2052	2108
154	08:35:32	60.05	6499	2051	2107
155	08:36:32	37.47	6499	2050	2106
156	08:37:10	60.20	6499	2048	2105
157	08:38:10	10.27	6499	2047	2104
158	08:38:20	60.12	6499	2046	2103
159	08:39:20	60.10	6499	2045	2102
160	08:40:20	60.11	6499	2043	2100
161	08:41:21	56.55	6499	2042	2099
162	08:42:17	20.73	6499	2041	2098
163	08:42:38	60.44	6499	2040	2097
164	08:43:38	60.12	6499	2038	2095
165	08:44:38	60.11	6499	2037	2094
166	08:45:39	60.13	6499	2035	2092
167	08:46:39	60.10	6499	2034	2091
168	08:47:39	60.12	6499	2032	2090
169	08:48:39	60.12	6499	2030	2088
170	08:49:39	60.11	6499	2029	2087
171	08:50:39	60.12	6499	2027	2085
172	08:51:39	60.11	6499	2026	2084
173	08:52:39	60.11	6499	2024	2082
174	08:53:39	60.11	6499	2023	2081
175	08:54:40	60.12	6499	2022	2080
176	08:55:40	60.10	6499	2020	2078
177	08:56:40	60.11	6499	2019	2077
178	08:57:40	60.12	6499	2017	2075
179	08:58:40	60.12	6499	2016	2074
180	08:59:40	60.11	6499	2014	2073
181	09:00:40	58.58	6499	2013	2071
182	09:01:39	30.94	6499	2012	2070
183	09:02:10	30.90	6499	2011	2070
184	09:02:41	30.91	6499	2010	2069
185	09:03:12	60.30	6499	2009	2068
186	09:04:12	10.27	6499	2008	2067
187	09:04:22	21.96	6499	2008	2067
188	09:04:44	60.44	6499	2007	2066
189	09:05:45	10.26	6499	2006	2065
190	09:05:55	51.81	6499	2005	2064
191	09:06:47	60.42	6499	2004	2063
192	09:07:47	60.11	6499	2003	2062
193	09:08:47	55.14	6499	2001	2060
194	09:09:42	35.25	6499	2000	2059
195	09:10:18	60.39	6499	1999	2058
196	09:11:18	60.10	6499	1998	2057
197	09:12:18	60.11	6499	1996	2055
198	09:13:18	60.12	6499	1995	2054
199	09:14:18	60.11	6499	1994	2053
200	09:15:18	60.12	6499	1992	2051
201	09:16:18	60.10	6499	1991	2050
202	09:17:19	60.11	6499	1989	2049
203	09:18:19	60.12	6499	1988	2047
204	09:19:19	60.12	6499	1987	2046
205	09:20:19	60.29	6499	1985	2045
206	09:21:19	60.11	6499	1984	2043
207	09:22:19	60.12	6499	1982	2042
208	09:23:19	60.10	6499	1981	2041
209	09:24:20	60.11	6499	1980	2039
210	09:25:20	60.11	6499	1978	2038
211	09:26:20	60.09	6499	1977	2037
212	09:27:20	16.74	6499	1976	2036
213	09:27:37	42.09	6499	1976	2035
214	09:28:19	60.50	6499	1974	2034
215	09:29:19	60.11	6499	1973	2033
216	09:30:19	60.11	6499	1972	2032
217	09:31:19	60.11	6499	1970	2030
218	09:32:20	60.12	6499	1969	2029
219	09:33:20	60.10	6499	1968	2028
220	09:34:20	60.12	6499	1966	2026
221	09:35:20	60.11	6499	1965	2025
222	09:36:20	60.12	6499	1964	2024
223	09:37:20	60.12	6499	1963	2023
224	09:38:20	60.12	6499	1961	2021
225	09:39:20	60.12	6499	1960	2020
226	09:40:20	60.11	6499	1959	2019
227	09:41:21	60.11	6499	1958	2018
228	09:42:21	60.12	6499	1956	2016
229	09:43:21	60.11	6499	1955	2015
230	09:44:21	60.12	6499	1953	2014
231	09:45:21	60.11	6499	1952	2013
232	09:46:21	60.12	6499	1951	2012
233	09:47:21	36.74	6499	1950	2011
234	09:47:58	21.82	6499	1949	2010
235	09:48:20	31.03	6499	1948	2009
236	09:48:51	60.45	6499	1947	2008
237	09:49:51	60.12	6499	1946	2007
238	09:50:51	30.50	6499	1945	2006
239	09:51:22	30.91	6499	1944	2006
240	09:51:53	60.31	6499	1943	2005
241	09:52:53	10.26	6499	1942	2004
242	09:53:03	51.95	6499	1942	2003
243	09:53:55	60.26	6499	1940	2002
244	09:54:56	60.12	6499	1939	2001
245	09:55:56	60.11	6499	1938	2000
246	09:56:56	60.10	6499	1936	1998
247	09:57:56	60.12	6499	1935	1997
248	09:58:56	60.11	6499	1934	1996
249	09:59:56	60.11	6499	1932	1995
250	10:00:56	60.10	6499	1931	1994
251	10:01:56	60.11	6499	1930	1992
252	10:02:56	60.12	6499	1929	1991
253	10:03:57	12.57	6499	1928	1990
254	10:04:09	60.04	6499	1927	1990
255	10:05:09	60.11	6499	1926	1988
256	10:06:09	60.11	6499	1924	1987
257	10:07:09	60.11	6499	1923	1986
258	10:08:10	60.11	6499	1922	1985
259	10:09:10	60.11	6499	1920	1984
260	10:10:10	60.12	6499	1919	1982
261	10:11:10	60.11	6499	1918	1981
262	10:12:10	47.40	6499	1917	1980
263	10:12:57	28.98	6499	1916	1979
264	10:13:26	60.34	6499	1915	1978
265	10:14:27	60.12	6499	1913	1977
266	10:15:27	60.11	6499	1912	1976
267	10:16:27	60.11	6499	1911	1975
268	10:17:27	60.12	6499	1909	1974
269	10:18:27	60.09	6499	1905	1969
270	10:19:27	30.47	6499	24.65	23.78
271	10:19:58	31.04	6499	0	0
272	10:20:29	60.42	6499	0	0
273	10:21:29	60.12	6499	0	0
274	10:22:29	60.12	6499	0	0
275	10:23:29	60.11	6499	0	0
276	10:24:30	60.11	6499	0	0
277	10:25:30	60.12	6499	0	0
278	10:26:30	60.12	6499	0	0
279	10:27:30	29.87	6499	0	0
280	10:28:00	31.01	6499	0	0
281	10:28:31	60.34	6499	0	0
282	10:29:31	29.46	6499	0	0
Created by AtlRunQuery on: 2018-12-09 16:01:17.701814
