LHC beam energy and intensities during run 337215:
(Begin/end of run: Thu Oct 05 2017 00:07:44 − 14:57:09)

LB	   Start time
(CEST)	   Duration
(sec)	   Beam energy
(GeV)	   Intensity Beam-1
(1e11 protons)	   Intensity Beam-2
(1e11 protons)
1	00:07:44	60.13	59	0	0
2	00:08:44	51.55	59	0	0
3	00:09:36	23.62	59	0	0
4	00:09:59	21.91	59	0	0
5	00:10:21	60.46	59	0	0
6	00:11:22	60.10	59	0	0
7	00:12:22	60.09	59	0	0
8	00:13:22	60.11	59	0	0
9	00:14:22	60.12	59	0	0
10	00:15:22	60.11	59	0	0
11	00:16:22	60.11	59	0	0
12	00:17:22	60.12	59	0	0
13	00:18:23	60.11	59	0	0
14	00:19:23	60.10	59	0	0
15	00:20:23	60.29	59	0	0
16	00:21:23	60.11	59	0	0
17	00:22:23	60.12	59	0	0
18	00:23:23	60.12	59	0	0
19	00:24:23	60.11	59	0	0
20	00:25:24	60.11	59	0	0
21	00:26:24	60.10	59	0	0
22	00:27:24	60.12	59	0	0
23	00:28:24	60.12	59	0	0
24	00:29:24	60.12	59	0	0
25	00:30:24	60.12	59	0	0
26	00:31:24	60.12	59	0	0
27	00:32:24	60.12	59	0	0
28	00:33:24	60.11	59	0	0
29	00:34:25	60.12	59	0	0
30	00:35:25	60.13	59	0	0
31	00:36:25	60.11	59	0	0
32	00:37:25	60.12	59	0	0
33	00:38:25	60.12	59	0	0
34	00:39:25	60.12	59	0	0
35	00:40:25	60.11	59	0	0
36	00:41:25	60.12	59	0	0
37	00:42:26	60.11	59	0	0
38	00:43:26	60.12	59	0	0
39	00:44:26	60.13	59	0	0
40	00:45:26	60.13	59	0	0
41	00:46:26	60.12	59	0	0
42	00:47:26	60.11	59	0	0
43	00:48:26	60.12	59	0	0
44	00:49:26	60.12	59	0	0
45	00:50:26	60.13	59	0	0
46	00:51:27	60.12	298	0	0
47	00:52:27	60.12	449	0	0
48	00:53:27	55.65	449	0	0
49	00:54:23	30.94	450	0	0
50	00:54:53	60.42	450	0	0
51	00:55:54	60.12	450	0	0.02589
52	00:56:54	60.11	450	0	0.08628
53	00:57:54	60.11	449	0	0.08558
54	00:58:54	60.11	449	0.05215	0.08506
55	00:59:54	60.11	449	0.08894	0.08472
56	01:00:54	60.10	449	0.08881	0.08463
57	01:01:55	60.10	450	0.08878	0.08459
58	01:02:55	60.11	450	0.08874	0.08454
59	01:03:55	60.10	450	0.08871	0.08449
60	01:04:55	60.11	450	0.08868	0.08444
61	01:05:55	60.13	450	0.08863	0.08437
62	01:06:55	60.11	450	3.642	0.08349
63	01:07:55	60.12	450	14.06	8.176
64	01:08:55	60.12	450	38.59	13.99
65	01:09:55	60.11	450	127.3	76.41
66	01:10:56	60.13	450	127.1	149.9
67	01:11:56	60.12	449	127	242.6
68	01:12:56	60.12	449	143.8	336.8
69	01:13:56	60.11	450	240.8	410.2
70	01:14:56	60.12	450	240.6	483
71	01:15:56	60.11	450	289.4	584.3
72	01:16:56	60.12	450	361.1	670.5
73	01:17:56	60.12	450	467	698.6
74	01:18:56	60.11	450	548.3	698.3
75	01:19:57	60.09	450	579	698
76	01:20:57	60.09	449	578.5	697.7
77	01:21:57	60.12	450	691.4	734.2
78	01:22:57	60.12	450	765.1	810.7
79	01:23:57	60.11	450	804.2	810.3
80	01:24:57	60.11	450	803.6	879.6
81	01:25:57	60.10	450	803	952.6
82	01:26:57	60.12	450	868.2	1037
83	01:27:57	60.12	450	940.4	1139
84	01:28:58	60.12	450	1028	1212
85	01:29:58	60.13	450	1125	1283
86	01:30:58	60.11	450	1140	1377
87	01:31:58	60.09	450	1154	1376
88	01:32:58	60.11	450	1251	1375
89	01:33:58	60.12	450	1339	1375
90	01:34:58	60.12	449	1411	1374
91	01:35:58	60.11	450	1483	1373
92	01:36:58	60.13	449	1587	1372
93	01:37:59	60.11	450	1589	1372
94	01:38:59	60.12	450	1698	1411
95	01:39:59	60.12	449	1774	1484
96	01:40:59	60.12	450	1846	1483
97	01:41:59	60.10	450	1921	1483
98	01:42:59	60.11	450	1920	1482
99	01:43:59	60.11	450	1919	1481
100	01:44:59	60.10	450	1946	1586
101	01:46:00	60.12	450	2030	1658
102	01:47:00	60.13	450	2130	1731
103	01:48:00	60.12	449	2141	1881
104	01:49:00	60.11	450	2139	2031
105	01:50:00	60.12	450	2138	2103
106	01:51:00	60.12	450	2137	2160
107	01:52:00	60.12	450	2136	2159
108	01:53:00	60.11	450	2135	2158
109	01:54:00	10.27	450	2134	2157
110	01:54:11	10.27	450	2121	2143
111	01:54:21	60.38	449	2120	2143
112	01:55:21	60.12	450	2119	2141
113	01:56:22	60.11	450	2118	2139
114	01:57:22	60.12	453	2117	2137
115	01:58:22	60.12	513	2117	2135
116	01:59:22	60.10	645	2117	2134
117	02:00:22	43.18	842	2117	2134
118	02:01:05	60.25	1021	2117	2133
119	02:02:05	60.12	1333	2116	2133
120	02:03:05	60.12	1681	2116	2133
121	02:04:06	60.11	2034	2116	2133
122	02:05:06	60.11	2381	2116	2133
123	02:06:06	60.11	2729	2116	2133
124	02:07:06	60.11	3076	2116	2133
125	02:08:06	60.10	3424	2116	2133
126	02:09:06	60.13	3771	2116	2133
127	02:10:06	60.12	4118	2115	2133
128	02:11:06	60.13	4466	2115	2133
129	02:12:07	60.13	4819	2115	2133
130	02:13:07	60.11	5166	2115	2133
131	02:14:07	60.11	5514	2115	2133
132	02:15:07	60.11	5861	2115	2132
133	02:16:07	60.12	6209	2114	2132
134	02:17:07	18.04	6498	2113	2132
135	02:17:25	10.51	6499	2113	2132
136	02:17:36	60.12	6499	2113	2132
137	02:18:36	60.13	6499	2113	2132
138	02:19:36	60.09	6499	2113	2132
139	02:20:36	60.06	6499	2113	2132
140	02:21:36	60.11	6499	2113	2131
141	02:22:36	60.11	6499	2113	2131
142	02:23:36	60.11	6499	2113	2131
143	02:24:36	60.12	6499	2113	2131
144	02:25:36	60.11	6499	2113	2131
145	02:26:37	60.12	6499	2112	2131
146	02:27:37	60.11	6499	2112	2131
147	02:28:37	60.12	6499	2111	2131
148	02:29:37	60.12	6499	2111	2131
149	02:30:37	60.11	6499	2110	2131
150	02:31:37	60.12	6499	2110	2131
151	02:32:37	60.12	6499	2110	2131
152	02:33:37	60.10	6499	2110	2131
153	02:34:38	60.11	6499	2109	2130
154	02:35:38	60.11	6499	2108	2130
155	02:36:38	60.11	6499	2107	2129
156	02:37:38	48.56	6499	2107	2128
157	02:38:26	60.39	6499	2106	2127
158	02:39:27	60.12	6499	2106	2127
159	02:40:27	60.11	6499	2105	2127
160	02:41:27	60.12	6499	2104	2127
161	02:42:27	28.31	6499	2102	2126
162	02:42:55	60.10	6499	2098	2124
163	02:43:56	27.13	6499	2096	2123
164	02:44:23	17.10	6499	2095	2122
165	02:44:40	60.20	6499	2093	2121
166	02:45:40	60.11	6499	2089	2119
167	02:46:40	60.11	6499	2086	2117
168	02:47:40	60.12	6499	2082	2115
169	02:48:40	60.12	6499	2079	2113
170	02:49:40	42.25	6499	2077	2111
171	02:50:23	35.32	6499	2075	2110
172	02:50:58	10.34	6499	2073	2109
173	02:51:08	11.55	6499	2073	2109
174	02:51:20	10.25	6499	2072	2109
175	02:51:30	60.41	6499	2070	2107
176	02:52:31	60.12	6499	2067	2106
177	02:53:31	28.78	6499	2065	2104
178	02:53:59	60.14	6499	2062	2103
179	02:55:00	60.11	6499	2059	2101
180	02:56:00	46.44	6499	2057	2100
181	02:56:46	60.25	6499	2054	2098
182	02:57:46	60.10	6499	2051	2096
183	02:58:47	60.11	6499	2048	2095
184	02:59:47	60.11	6499	2045	2093
185	03:00:47	35.85	6499	2043	2091
186	03:01:23	32.02	6499	2042	2091
187	03:01:55	60.09	6499	2040	2089
188	03:02:55	10.27	6499	2038	2088
189	03:03:05	24.69	6499	2037	2088
190	03:03:30	60.46	6499	2036	2087
191	03:04:30	53.56	6499	2033	2085
192	03:05:24	37.00	6499	2031	2084
193	03:06:01	60.47	6499	2029	2082
194	03:07:01	10.27	6499	2028	2082
195	03:07:11	20.41	6499	2027	2081
196	03:07:32	60.51	6499	2025	2080
197	03:08:32	35.96	6499	2023	2079
198	03:09:08	24.66	6499	2022	2078
199	03:09:33	60.39	6499	2021	2077
200	03:10:33	60.12	6499	2018	2075
201	03:11:33	10.26	6499	2017	2074
202	03:11:44	10.27	6499	2016	2074
203	03:11:54	10.26	6499	2016	2074
204	03:12:04	60.37	6499	2015	2073
205	03:13:05	13.98	6499	2013	2072
206	03:13:19	45.97	6499	2012	2071
207	03:14:05	60.37	6499	2010	2070
208	03:15:05	17.39	6499	2009	2069
209	03:15:22	60.25	6499	2007	2068
210	03:16:23	10.28	6499	2006	2067
211	03:16:33	10.27	6499	2006	2066
212	03:16:43	60.12	6499	2004	2065
213	03:17:43	60.12	6499	2002	2064
214	03:18:43	60.10	6499	2000	2062
215	03:19:43	60.09	6499	1998	2061
216	03:20:44	60.06	6499	1996	2059
217	03:21:44	60.11	6499	1994	2058
218	03:22:44	60.11	6499	1992	2056
219	03:23:44	30.03	6499	1990	2055
220	03:24:14	60.15	6499	1988	2054
221	03:25:14	60.12	6499	1986	2053
222	03:26:14	60.11	6499	1985	2051
223	03:27:14	60.11	6499	1983	2050
224	03:28:14	60.12	6499	1981	2048
225	03:29:14	60.11	6499	1979	2047
226	03:30:15	60.11	6499	1977	2045
227	03:31:15	60.11	6499	1975	2044
228	03:32:15	60.11	6499	1973	2042
229	03:33:15	60.12	6499	1971	2041
230	03:34:15	10.27	6499	1970	2040
231	03:34:25	40.26	6499	1969	2039
232	03:35:06	60.50	6499	1968	2038
233	03:36:06	60.11	6499	1966	2037
234	03:37:06	60.11	6499	1964	2035
235	03:38:06	60.11	6499	1963	2034
236	03:39:06	29.93	6499	1961	2032
237	03:39:36	30.30	6499	1961	2032
238	03:40:07	35.17	6499	1960	2031
239	03:40:42	60.21	6499	1958	2030
240	03:41:42	10.23	6499	1957	2029
241	03:41:52	45.58	6499	1956	2028
242	03:42:38	10.32	6499	1956	2028
243	03:42:48	20.72	6499	1955	2027
244	03:43:09	60.44	6499	1954	2026
245	03:44:09	60.11	6499	1952	2025
246	03:45:09	60.10	6499	1951	2023
247	03:46:10	60.11	6499	1949	2022
248	03:47:10	60.11	6499	1947	2020
249	03:48:10	60.12	6499	1946	2019
250	03:49:10	60.11	6499	1944	2017
251	03:50:10	60.10	6499	1942	2016
252	03:51:10	60.11	6499	1941	2015
253	03:52:10	30.53	6499	1939	2014
254	03:52:41	29.18	6499	1939	2013
255	03:53:10	35.95	6499	1938	2012
256	03:53:46	25.00	6499	1937	2011
257	03:54:11	60.45	6499	1936	2010
258	03:55:11	60.11	6499	1934	2009
259	03:56:11	26.45	6499	1933	2008
260	03:56:38	33.93	6499	1932	2007
261	03:57:12	60.33	6499	1931	2006
262	03:58:12	60.11	6499	1929	2005
263	03:59:12	54.54	6499	1927	2003
264	04:00:07	35.94	6499	1926	2002
265	04:00:43	60.30	6499	1924	2001
266	04:01:43	10.27	6499	1923	2000
267	04:01:53	20.49	6499	1923	1999
268	04:02:14	60.43	6499	1921	1998
269	04:03:14	60.12	6499	1919	1997
270	04:04:14	45.52	6499	1918	1996
271	04:05:00	60.18	6499	1916	1994
272	04:06:00	42.35	6499	1915	1993
273	04:06:42	32.52	6499	1914	1992
274	04:07:15	60.37	6499	1912	1991
275	04:08:15	60.11	6499	1911	1990
276	04:09:15	60.12	6499	1909	1989
277	04:10:15	60.11	6499	1908	1988
278	04:11:16	35.83	6499	1907	1987
279	04:11:51	60.09	6499	1905	1986
280	04:12:51	60.11	6499	1904	1985
281	04:13:52	60.10	6499	1902	1983
282	04:14:52	60.13	6499	1900	1982
283	04:15:52	60.11	6499	1899	1981
284	04:16:52	26.55	6499	1898	1980
285	04:17:18	27.31	6499	1897	1979
286	04:17:46	60.36	6499	1896	1978
287	04:18:46	60.12	6499	1894	1976
288	04:19:46	60.09	6499	1893	1975
289	04:20:46	60.07	6499	1891	1974
290	04:21:46	60.11	6499	1889	1972
291	04:22:47	10.27	6499	1888	1971
292	04:22:57	60.12	6499	1887	1971
293	04:23:57	60.11	6499	1886	1969
294	04:24:57	60.11	6499	1884	1968
295	04:25:57	60.10	6499	1883	1966
296	04:26:57	60.10	6499	1881	1965
297	04:27:57	60.11	6499	1880	1964
298	04:28:57	10.27	6499	1879	1963
299	04:29:08	38.99	6499	1878	1962
300	04:29:47	60.46	6499	1877	1961
301	04:30:47	35.79	6499	1875	1960
302	04:31:23	60.13	6499	1874	1959
303	04:32:23	60.11	6499	1873	1958
304	04:33:23	60.11	6499	1871	1957
305	04:34:23	60.11	6499	1870	1955
306	04:35:23	60.11	6499	1868	1954
307	04:36:24	60.12	6499	1867	1952
308	04:37:24	60.11	6499	1865	1951
309	04:38:24	60.12	6499	1864	1950
310	04:39:24	60.12	6499	1862	1949
311	04:40:24	16.24	6499	1861	1948
312	04:40:40	60.17	6499	1860	1947
313	04:41:40	60.34	6499	1859	1946
314	04:42:41	48.46	6499	1858	1944
315	04:43:29	60.27	6499	1856	1943
316	04:44:29	60.12	6499	1855	1942
317	04:45:30	10.27	6499	1854	1941
318	04:45:40	37.82	6499	1853	1941
319	04:46:18	60.37	6499	1852	1940
320	04:47:18	60.11	6499	1851	1938
321	04:48:18	60.13	6499	1850	1937
322	04:49:18	60.11	6499	1848	1936
323	04:50:18	60.10	6499	1847	1934
324	04:51:19	20.88	6499	1846	1934
325	04:51:39	60.25	6499	1845	1933
326	04:52:40	60.10	6499	1843	1931
327	04:53:40	60.13	6499	1842	1930
328	04:54:40	60.11	6499	1841	1929
329	04:55:40	60.12	6499	1839	1928
330	04:56:40	60.11	6499	1838	1926
331	04:57:40	60.12	6499	1837	1925
332	04:58:40	60.12	6499	1835	1924
333	04:59:40	60.10	6499	1834	1923
334	05:00:41	54.55	6499	1833	1921
335	05:01:35	43.72	6499	1832	1920
336	05:02:19	60.27	6499	1830	1919
337	05:03:19	60.11	6499	1829	1918
338	05:04:19	60.11	6499	1828	1917
339	05:05:19	60.12	6499	1826	1916
340	05:06:19	60.11	6499	1825	1914
341	05:07:20	60.11	6499	1824	1913
342	05:08:20	60.10	6499	1822	1912
343	05:09:20	60.10	6499	1821	1911
344	05:10:20	60.11	6499	1820	1909
345	05:11:20	60.11	6499	1818	1908
346	05:12:20	60.12	6499	1817	1907
347	05:13:20	60.11	6499	1815	1906
348	05:14:20	60.11	6499	1814	1904
349	05:15:20	60.11	6499	1812	1903
350	05:16:21	29.60	6499	1811	1902
351	05:16:50	60.04	6499	1810	1901
352	05:17:50	39.40	6499	1809	1900
353	05:18:30	20.31	6499	1808	1899
354	05:18:50	60.49	6499	1807	1898
355	05:19:50	60.08	6499	1805	1897
356	05:20:50	60.10	6499	1804	1896
357	05:21:51	60.12	6499	1803	1894
358	05:22:51	60.12	6499	1801	1893
359	05:23:51	60.12	6499	1800	1892
360	05:24:51	60.12	6499	1798	1891
361	05:25:51	60.12	6499	1797	1889
362	05:26:51	60.10	6499	1795	1888
363	05:27:51	60.12	6499	1794	1887
364	05:28:51	60.11	6499	1792	1886
365	05:29:51	60.12	6499	1791	1884
366	05:30:52	60.11	6499	1789	1883
367	05:31:52	60.10	6499	1788	1882
368	05:32:52	60.10	6499	1787	1880
369	05:33:52	60.10	6499	1785	1879
370	05:34:52	60.10	6499	1784	1878
371	05:35:52	10.27	6499	1783	1877
372	05:36:02	18.63	6499	1783	1877
373	05:36:21	60.26	6499	1782	1876
374	05:37:21	60.12	6499	1780	1875
375	05:38:21	60.11	6499	1779	1874
376	05:39:22	60.12	6499	1778	1872
377	05:40:22	60.11	6499	1776	1871
378	05:41:22	60.11	6499	1775	1870
379	05:42:22	60.11	6499	1774	1869
380	05:43:22	60.10	6499	1772	1867
381	05:44:22	60.12	6499	1771	1866
382	05:45:22	60.12	6499	1770	1865
383	05:46:22	60.12	6499	1768	1864
384	05:47:22	60.11	6499	1767	1862
385	05:48:23	60.12	6499	1766	1861
386	05:49:23	60.11	6499	1765	1860
387	05:50:23	60.11	6499	1763	1859
388	05:51:23	60.11	6499	1762	1857
389	05:52:23	60.12	6499	1761	1856
390	05:53:23	60.12	6499	1759	1855
391	05:54:23	60.11	6499	1758	1854
392	05:55:23	51.18	6499	1757	1853
393	05:56:14	37.59	6499	1756	1852
394	05:56:52	60.48	6499	1755	1851
395	05:57:53	60.11	6499	1754	1850
396	05:58:53	60.13	6499	1753	1848
397	05:59:53	60.11	6499	1751	1847
398	06:00:53	55.77	6499	1750	1846
399	06:01:49	11.68	6499	1750	1845
400	06:02:00	11.75	6499	1749	1845
401	06:02:12	26.68	6499	1749	1845
402	06:02:39	29.29	6499	1748	1844
403	06:03:08	60.19	6499	1747	1843
404	06:04:08	21.13	6499	1747	1842
405	06:04:29	60.26	6499	1746	1842
406	06:05:30	60.10	6499	1744	1840
407	06:06:30	60.11	6499	1743	1839
408	06:07:30	60.11	6499	1742	1838
409	06:08:30	60.12	6499	1741	1837
410	06:09:30	60.11	6499	1739	1836
411	06:10:30	60.12	6499	1738	1835
412	06:11:30	17.33	6499	1738	1834
413	06:11:48	60.07	6499	1737	1833
414	06:12:48	60.10	6499	1735	1832
415	06:13:48	60.12	6499	1734	1831
416	06:14:48	60.11	6499	1733	1830
417	06:15:48	60.11	6499	1732	1828
418	06:16:48	17.94	6499	1731	1828
419	06:17:06	46.94	6499	1730	1827
420	06:17:53	30.95	6499	1730	1826
421	06:18:24	60.49	6499	1729	1825
422	06:19:24	10.26	6499	1728	1825
423	06:19:35	60.37	6499	1727	1824
424	06:20:35	60.06	6499	1726	1823
425	06:21:35	60.10	6499	1725	1822
426	06:22:35	18.91	6499	1724	1821
427	06:22:54	10.14	6499	1724	1821
428	06:23:04	23.16	6499	1723	1820
429	06:23:27	60.49	6499	1722	1820
430	06:24:28	60.11	6499	1721	1819
431	06:25:28	60.12	6499	1720	1817
432	06:26:28	60.11	6499	1719	1816
433	06:27:28	60.12	6499	1718	1815
434	06:28:28	60.11	6499	1716	1814
435	06:29:29	60.12	6499	1715	1813
436	06:30:29	60.12	6499	1714	1812
437	06:31:29	60.12	6499	1713	1811
438	06:32:29	60.10	6499	1712	1810
439	06:33:29	60.12	6499	1710	1808
440	06:34:29	60.11	6499	1709	1807
441	06:35:29	60.11	6499	1708	1806
442	06:36:29	60.11	6499	1707	1805
443	06:37:29	60.11	6499	1706	1804
444	06:38:30	60.11	6499	1705	1803
445	06:39:30	60.11	6499	1703	1802
446	06:40:30	60.11	6499	1702	1801
447	06:41:30	60.11	6499	1701	1800
448	06:42:30	60.13	6499	1700	1798
449	06:43:30	60.11	6499	1699	1797
450	06:44:30	25.28	6499	1698	1797
451	06:44:56	33.01	6499	1697	1796
452	06:45:29	60.44	6499	1696	1795
453	06:46:29	60.11	6499	1695	1794
454	06:47:29	60.12	6499	1694	1793
455	06:48:29	60.12	6499	1693	1792
456	06:49:29	60.12	6499	1692	1791
457	06:50:29	60.11	6499	1691	1790
458	06:51:30	60.11	6499	1690	1789
459	06:52:30	60.11	6499	1689	1787
460	06:53:30	60.12	6499	1688	1786
461	06:54:30	60.11	6499	1686	1785
462	06:55:30	60.11	6499	1685	1784
463	06:56:30	60.11	6499	1684	1783
464	06:57:30	60.13	6499	1683	1782
465	06:58:30	60.09	6499	1682	1781
466	06:59:30	60.12	6499	1681	1780
467	07:00:31	60.11	6499	1680	1779
468	07:01:31	60.11	6499	1679	1778
469	07:02:31	60.10	6499	1678	1777
470	07:03:31	60.11	6499	1677	1776
471	07:04:31	60.12	6499	1676	1774
472	07:05:31	60.11	6499	1675	1773
473	07:06:31	60.11	6499	1673	1772
474	07:07:31	34.49	6499	1673	1772
475	07:08:06	60.18	6499	1672	1771
476	07:09:06	29.94	6499	1671	1770
477	07:09:36	23.59	6499	1671	1769
478	07:10:00	60.44	6499	1670	1769
479	07:11:00	60.11	6499	1669	1768
480	07:12:00	41.65	6499	1668	1767
481	07:12:42	60.03	6499	1667	1766
482	07:13:42	60.11	6499	1666	1765
483	07:14:42	60.10	6499	1665	1764
484	07:15:42	60.12	6499	1664	1763
485	07:16:42	60.11	6499	1662	1762
486	07:17:42	60.12	6499	1661	1761
487	07:18:42	60.11	6499	1660	1760
488	07:19:42	60.08	6499	1659	1758
489	07:20:42	60.06	6499	1658	1757
490	07:21:43	60.12	6499	1657	1756
491	07:22:43	60.12	6499	1656	1755
492	07:23:43	60.10	6499	1655	1754
493	07:24:43	60.10	6499	1654	1753
494	07:25:43	60.12	6499	1653	1752
495	07:26:43	60.11	6499	1652	1751
496	07:27:43	60.13	6499	1650	1750
497	07:28:43	60.11	6499	1649	1749
498	07:29:43	60.12	6499	1648	1748
499	07:30:44	60.12	6499	1647	1747
500	07:31:44	60.10	6499	1646	1746
501	07:32:44	60.11	6499	1645	1745
502	07:33:44	60.10	6499	1644	1744
503	07:34:44	60.12	6499	1643	1743
504	07:35:44	60.10	6499	1642	1742
505	07:36:44	60.11	6499	1641	1741
506	07:37:44	60.11	6499	1640	1740
507	07:38:44	60.11	6499	1639	1739
508	07:39:45	60.11	6499	1638	1738
509	07:40:45	10.27	6499	1637	1738
510	07:40:55	36.07	6499	1636	1737
511	07:41:31	30.98	6499	1636	1736
512	07:42:02	30.96	6499	1635	1736
513	07:42:33	60.38	6499	1635	1735
514	07:43:33	60.12	6499	1634	1734
515	07:44:33	60.11	6499	1632	1733
516	07:45:34	60.13	6499	1631	1732
517	07:46:34	60.11	6499	1630	1731
518	07:47:34	60.11	6499	1629	1730
519	07:48:34	60.13	6499	1628	1729
520	07:49:34	60.12	6499	1627	1728
521	07:50:34	60.13	6499	1626	1727
522	07:51:34	60.12	6499	1625	1726
523	07:52:34	60.11	6499	1624	1725
524	07:53:35	60.11	6499	1623	1724
525	07:54:35	60.12	6499	1622	1723
526	07:55:35	60.11	6499	1621	1722
527	07:56:35	60.11	6499	1620	1721
528	07:57:35	60.12	6499	1619	1720
529	07:58:35	60.11	6499	1618	1719
530	07:59:35	60.11	6499	1617	1718
531	08:00:35	60.12	6499	1616	1717
532	08:01:35	60.12	6499	1615	1716
533	08:02:36	60.12	6499	1614	1715
534	08:03:36	60.10	6499	1613	1714
535	08:04:36	60.10	6499	1612	1713
536	08:05:36	60.12	6499	1611	1713
537	08:06:36	60.13	6499	1610	1712
538	08:07:36	60.11	6499	1609	1711
539	08:08:36	10.27	6499	1609	1710
540	08:08:47	12.60	6499	1609	1710
541	08:08:59	60.27	6499	1608	1709
542	08:09:59	60.12	6499	1607	1708
543	08:11:00	60.11	6499	1606	1707
544	08:12:00	60.12	6499	1605	1706
545	08:13:00	60.12	6499	1604	1706
546	08:14:00	20.89	6499	1604	1705
547	08:14:21	43.41	6499	1603	1704
548	08:15:04	60.43	6499	1602	1704
549	08:16:05	60.11	6499	1601	1703
550	08:17:05	60.13	6499	1600	1702
551	08:18:05	60.10	6499	1599	1701
552	08:19:05	60.11	6499	1598	1700
553	08:20:05	60.07	6499	1597	1699
554	08:21:05	60.09	6499	1596	1698
555	08:22:05	60.11	6499	1595	1697
556	08:23:05	60.11	6499	1594	1696
557	08:24:05	29.73	6499	1594	1695
558	08:24:35	60.42	6499	1593	1695
559	08:25:36	60.10	6499	1592	1694
560	08:26:36	30.53	6499	1591	1693
561	08:27:06	60.40	6499	1590	1692
562	08:28:07	60.10	6499	1589	1691
563	08:29:07	60.11	6499	1588	1690
564	08:30:07	60.12	6499	1587	1689
565	08:31:07	60.11	6499	1587	1688
566	08:32:07	60.12	6499	1585	1687
567	08:33:07	60.11	6499	1585	1686
568	08:34:07	60.11	6499	1584	1686
569	08:35:07	60.11	6499	1583	1685
570	08:36:07	60.09	6499	1582	1684
571	08:37:08	60.12	6499	1581	1683
572	08:38:08	60.10	6499	1580	1682
573	08:39:08	60.10	6499	1579	1681
574	08:40:08	60.12	6499	1578	1680
575	08:41:08	60.11	6499	1577	1679
576	08:42:08	60.12	6499	1576	1678
577	08:43:08	60.12	6499	1575	1677
578	08:44:08	24.36	6499	1574	1677
579	08:44:33	14.05	6499	1574	1676
580	08:44:47	60.26	6499	1573	1676
581	08:45:47	60.11	6499	1572	1675
582	08:46:47	60.10	6499	1571	1674
583	08:47:47	60.11	6499	1570	1673
584	08:48:47	60.11	6499	1569	1672
585	08:49:47	10.27	6499	1569	1672
586	08:49:58	39.56	6499	1568	1671
587	08:50:37	60.38	6499	1568	1670
588	08:51:38	60.11	6499	1567	1670
589	08:52:38	60.11	6499	1566	1669
590	08:53:38	60.11	6499	1565	1668
591	08:54:38	60.12	6499	1563	1667
592	08:55:38	60.12	6499	1562	1666
593	08:56:38	60.12	6499	1561	1665
594	08:57:38	10.27	6499	1561	1664
595	08:57:49	19.62	6499	1561	1664
596	08:58:08	31.05	6499	1560	1663
597	08:58:39	60.05	6499	1559	1663
598	08:59:39	10.27	6499	1559	1662
599	08:59:50	60.12	6499	1558	1662
600	09:00:50	60.12	6499	1557	1661
601	09:01:50	10.72	6499	1557	1660
602	09:02:01	60.17	6499	1556	1659
603	09:03:01	60.12	6499	1555	1659
604	09:04:01	60.11	6499	1554	1658
605	09:05:01	60.13	6499	1553	1657
606	09:06:01	60.11	6499	1552	1656
607	09:07:01	60.12	6499	1551	1655
608	09:08:01	60.11	6499	1550	1654
609	09:09:01	60.11	6499	1549	1653
610	09:10:02	60.11	6499	1548	1652
611	09:11:02	60.11	6499	1547	1651
612	09:12:02	60.10	6499	1546	1650
613	09:13:02	60.11	6499	1546	1649
614	09:14:02	60.11	6499	1545	1648
615	09:15:02	60.11	6499	1544	1647
616	09:16:02	60.12	6499	1543	1646
617	09:17:02	60.10	6499	1542	1645
618	09:18:02	60.11	6499	1541	1644
619	09:19:03	60.12	6499	1540	1644
620	09:20:03	60.07	6499	1539	1643
621	09:21:03	10.26	6499	1538	1642
622	09:21:13	26.23	6499	1538	1642
623	09:21:39	60.46	6499	1537	1641
624	09:22:40	60.11	6499	1536	1640
625	09:23:40	60.11	6499	1536	1639
626	09:24:40	60.10	6499	1535	1638
627	09:25:40	60.11	6499	1534	1637
628	09:26:40	60.12	6499	1533	1636
629	09:27:40	60.12	6499	1532	1636
630	09:28:40	60.10	6499	1531	1635
631	09:29:40	60.11	6499	1530	1634
632	09:30:41	60.10	6499	1529	1633
633	09:31:41	60.10	6499	1528	1632
634	09:32:41	60.12	6499	1527	1631
635	09:33:41	60.11	6499	1526	1630
636	09:34:41	60.11	6499	1525	1629
637	09:35:41	60.13	6499	1524	1628
638	09:36:41	60.12	6499	1523	1627
639	09:37:41	60.09	6499	1523	1626
640	09:38:41	60.13	6499	1522	1626
641	09:39:42	60.11	6499	1521	1625
642	09:40:42	60.11	6499	1520	1624
643	09:41:42	60.11	6499	1519	1623
644	09:42:42	60.11	6499	1518	1622
645	09:43:42	60.12	6499	1517	1621
646	09:44:42	60.11	6499	1516	1620
647	09:45:42	60.12	6499	1515	1619
648	09:46:42	60.11	6499	1514	1619
649	09:47:42	29.06	6499	1514	1618
650	09:48:12	60.10	6499	1513	1617
651	09:49:12	60.11	6499	1512	1616
652	09:50:12	60.11	6499	1511	1615
653	09:51:12	60.12	6499	1510	1615
654	09:52:12	60.11	6499	1509	1614
655	09:53:12	60.10	6499	1508	1613
656	09:54:12	60.11	6499	1507	1612
657	09:55:12	60.12	6499	1506	1611
658	09:56:12	10.27	6499	1506	1611
659	09:56:23	17.74	6499	1506	1610
660	09:56:40	60.42	6499	1505	1610
661	09:57:41	60.11	6499	1504	1609
662	09:58:41	60.11	6499	1503	1608
663	09:59:41	60.12	6499	1502	1607
664	10:00:41	60.13	6499	1502	1606
665	10:01:41	60.12	6499	1501	1606
666	10:02:41	60.12	6499	1500	1605
667	10:03:42	60.11	6499	1499	1604
668	10:04:42	60.11	6499	1498	1603
669	10:05:42	60.12	6499	1497	1602
670	10:06:42	60.12	6499	1496	1601
671	10:07:42	60.11	6499	1495	1600
672	10:08:42	60.11	6499	1494	1599
673	10:09:42	60.12	6499	1494	1599
674	10:10:42	60.12	6499	1493	1598
675	10:11:42	60.10	6499	1492	1597
676	10:12:43	60.10	6499	1491	1596
677	10:13:43	60.11	6499	1490	1595
678	10:14:43	60.11	6499	1489	1594
679	10:15:43	60.12	6499	1488	1593
680	10:16:43	60.11	6499	1488	1593
681	10:17:43	60.11	6499	1487	1592
682	10:18:43	60.12	6499	1486	1591
683	10:19:43	60.10	6499	1485	1590
684	10:20:43	60.06	6499	1484	1589
685	10:21:43	60.11	6499	1483	1588
686	10:22:44	60.12	6499	1483	1588
687	10:23:44	60.12	6499	1482	1587
688	10:24:44	60.11	6499	1481	1586
689	10:25:44	60.11	6499	1480	1585
690	10:26:44	60.12	6499	1479	1584
691	10:27:44	60.12	6499	1478	1584
692	10:28:44	60.11	6499	1477	1583
693	10:29:44	60.10	6499	1476	1582
694	10:30:44	60.12	6499	1476	1581
695	10:31:45	60.12	6499	1475	1580
696	10:32:45	60.12	6499	1474	1579
697	10:33:45	60.11	6499	1473	1578
698	10:34:45	20.52	6499	1472	1578
699	10:35:05	36.41	6499	1472	1578
700	10:35:42	60.52	6499	1471	1577
701	10:36:42	60.11	6499	1471	1576
702	10:37:43	60.11	6499	1470	1575
703	10:38:43	60.10	6499	1469	1574
704	10:39:43	60.11	6499	1468	1574
705	10:40:43	60.12	6499	1467	1573
706	10:41:43	60.11	6499	1466	1572
707	10:42:43	60.11	6499	1466	1571
708	10:43:43	60.12	6499	1465	1570
709	10:44:43	60.11	6499	1464	1570
710	10:45:43	60.12	6499	1463	1569
711	10:46:44	60.14	6499	1462	1568
712	10:47:44	60.11	6499	1461	1567
713	10:48:44	60.12	6499	1461	1566
714	10:49:44	60.11	6499	1460	1565
715	10:50:44	60.10	6499	1459	1565
716	10:51:44	60.10	6499	1458	1564
717	10:52:44	60.12	6499	1457	1563
718	10:53:44	60.13	6499	1456	1562
719	10:54:44	10.27	6499	1456	1562
720	10:54:55	13.24	6499	1456	1562
721	10:55:08	60.15	6499	1455	1561
722	10:56:08	60.11	6499	1454	1560
723	10:57:08	60.11	6499	1454	1560
724	10:58:08	60.11	6499	1453	1559
725	10:59:08	60.11	6499	1452	1558
726	11:00:09	60.11	6499	1451	1557
727	11:01:09	60.12	6499	1450	1556
728	11:02:09	60.13	6499	1449	1556
729	11:03:09	60.12	6499	1449	1555
730	11:04:09	60.10	6499	1448	1554
731	11:05:09	60.13	6499	1447	1553
732	11:06:09	60.12	6499	1446	1553
733	11:07:09	60.12	6499	1445	1552
734	11:08:09	60.11	6499	1445	1551
735	11:09:10	60.11	6499	1444	1550
736	11:10:10	60.12	6499	1443	1549
737	11:11:10	60.12	6499	1442	1549
738	11:12:10	60.12	6499	1441	1548
739	11:13:10	60.10	6499	1440	1547
740	11:14:10	60.12	6499	1440	1546
741	11:15:10	60.11	6499	1439	1546
742	11:16:10	60.12	6499	1438	1545
743	11:17:11	60.12	6499	1437	1544
744	11:18:11	60.12	6499	1436	1543
745	11:19:11	60.12	6499	1436	1542
746	11:20:11	27.78	6499	1435	1542
747	11:20:39	34.99	6499	1435	1542
748	11:21:14	60.41	6499	1434	1541
749	11:22:14	60.11	6499	1433	1540
750	11:23:14	60.13	6499	1432	1539
751	11:24:14	60.12	6499	1432	1539
752	11:25:14	60.12	6499	1431	1538
753	11:26:15	60.10	6499	1430	1537
754	11:27:15	60.11	6499	1429	1536
755	11:28:15	60.12	6499	1429	1536
756	11:29:15	60.11	6499	1428	1535
757	11:30:15	60.12	6499	1427	1534
758	11:31:15	60.11	6499	1426	1533
759	11:32:15	60.11	6499	1425	1533
760	11:33:15	60.12	6499	1425	1532
761	11:34:15	60.10	6499	1424	1531
762	11:35:16	60.12	6499	1423	1530
763	11:36:16	60.12	6499	1422	1530
764	11:37:16	60.12	6499	1421	1529
765	11:38:16	60.11	6499	1421	1528
766	11:39:16	60.12	6499	1420	1527
767	11:40:16	60.11	6499	1419	1527
768	11:41:16	60.11	6499	1418	1526
769	11:42:16	60.12	6499	1418	1525
770	11:43:16	60.12	6499	1417	1524
771	11:44:17	60.12	6499	1416	1524
772	11:45:17	60.11	6499	1415	1523
773	11:46:17	60.11	6499	1414	1522
774	11:47:17	60.11	6499	1414	1521
775	11:48:17	60.12	6499	1413	1521
776	11:49:17	60.12	6499	1412	1520
777	11:50:17	60.11	6499	1411	1519
778	11:51:17	60.13	6499	1411	1518
779	11:52:18	60.12	6499	1410	1518
780	11:53:18	60.11	6499	1409	1517
781	11:54:18	60.11	6499	1408	1516
782	11:55:18	60.11	6499	1408	1516
783	11:56:18	60.12	6499	1407	1515
784	11:57:18	60.11	6499	1406	1514
785	11:58:18	60.12	6499	1405	1513
786	11:59:18	60.11	6499	1404	1513
787	12:00:18	60.11	6499	1404	1512
788	12:01:19	60.12	6499	1403	1511
789	12:02:19	60.10	6499	1402	1510
790	12:03:19	60.10	6499	1401	1510
791	12:04:19	60.11	6499	1401	1509
792	12:05:19	60.12	6499	1400	1508
793	12:06:19	60.11	6499	1399	1507
794	12:07:19	60.11	6499	1398	1507
795	12:08:19	60.11	6499	1398	1506
796	12:09:19	60.11	6499	1397	1505
797	12:10:20	60.11	6499	1396	1505
798	12:11:20	49.39	6499	1395	1504
799	12:12:09	35.65	6499	1395	1503
800	12:12:45	60.47	6499	1394	1503
801	12:13:45	60.11	6499	1394	1502
802	12:14:45	60.12	6499	1393	1501
803	12:15:45	60.11	6499	1392	1501
804	12:16:46	60.12	6499	1391	1500
805	12:17:46	60.11	6499	1391	1499
806	12:18:46	60.11	6499	1390	1498
807	12:19:46	60.08	6499	1389	1498
808	12:20:46	60.07	6499	1388	1497
809	12:21:46	60.12	6499	1388	1496
810	12:22:46	60.12	6499	1387	1496
811	12:23:46	60.11	6499	1386	1495
812	12:24:46	60.12	6499	1385	1494
813	12:25:46	60.11	6499	1384	1493
814	12:26:47	60.12	6499	1384	1493
815	12:27:47	60.10	6499	1383	1492
816	12:28:47	60.12	6499	1382	1491
817	12:29:47	60.12	6499	1381	1491
818	12:30:47	60.11	6499	1381	1490
819	12:31:47	60.11	6499	1380	1489
820	12:32:47	60.12	6499	1379	1488
821	12:33:47	60.11	6499	1378	1488
822	12:34:47	60.11	6499	1377	1487
823	12:35:48	60.12	6499	1377	1486
824	12:36:48	60.11	6499	1376	1486
825	12:37:48	60.12	6499	1375	1485
826	12:38:48	60.10	6499	1374	1484
827	12:39:48	60.11	6499	1374	1484
828	12:40:48	35.18	6499	1373	1483
829	12:41:23	22.88	6499	1373	1483
830	12:41:46	60.40	6499	1372	1482
831	12:42:47	60.10	6499	1372	1481
832	12:43:47	60.11	6499	1371	1481
833	12:44:47	60.12	6499	1370	1480
834	12:45:47	60.11	6499	1369	1479
835	12:46:47	60.11	6499	1369	1479
836	12:47:47	60.11	6499	1368	1478
837	12:48:47	60.10	6499	1367	1477
838	12:49:47	60.12	6499	1367	1477
839	12:50:47	60.11	6499	1366	1476
840	12:51:48	60.11	6499	1365	1475
841	12:52:48	60.11	6499	1365	1475
842	12:53:48	60.10	6499	1364	1474
843	12:54:48	60.12	6499	1363	1473
844	12:55:48	60.12	6499	1363	1473
845	12:56:48	60.12	6499	1362	1472
846	12:57:48	60.13	6499	1361	1471
847	12:58:48	60.11	6499	1360	1471
848	12:59:49	60.12	6499	1360	1470
849	13:00:49	60.12	6499	1359	1469
850	13:01:49	60.10	6499	1358	1469
851	13:02:49	60.11	6499	1358	1468
852	13:03:49	60.12	6499	1357	1467
853	13:04:49	60.12	6499	1356	1467
854	13:05:49	60.11	6499	1356	1466
855	13:06:49	60.13	6499	1355	1465
856	13:07:49	60.10	6499	1354	1465
857	13:08:50	60.12	6499	1353	1464
858	13:09:50	60.09	6499	1353	1463
859	13:10:50	60.12	6499	1352	1463
860	13:11:50	60.11	6499	1351	1462
861	13:12:50	60.12	6499	1351	1461
862	13:13:50	60.10	6499	1350	1461
863	13:14:50	60.11	6499	1349	1460
864	13:15:50	60.12	6499	1348	1460
865	13:16:50	60.11	6499	1348	1459
866	13:17:51	60.11	6499	1347	1458
867	13:18:51	60.11	6499	1346	1458
868	13:19:51	60.09	6499	1345	1457
869	13:20:51	60.08	6499	1345	1456
870	13:21:51	60.10	6499	1344	1455
871	13:22:51	60.13	6499	1343	1455
872	13:23:51	60.12	6499	1342	1454
873	13:24:51	60.13	6499	1342	1453
874	13:25:51	60.11	6499	1341	1453
875	13:26:52	60.10	6499	1340	1452
876	13:27:52	60.12	6499	1339	1451
877	13:28:52	60.11	6499	1338	1451
878	13:29:52	60.11	6499	1338	1450
879	13:30:52	60.11	6499	1337	1449
880	13:31:52	60.11	6499	1336	1448
881	13:32:52	60.11	6499	1335	1448
882	13:33:52	60.11	6499	1335	1447
883	13:34:52	60.11	6499	1334	1446
884	13:35:53	60.10	6499	1333	1446
885	13:36:53	60.12	6499	1332	1445
886	13:37:53	60.11	6499	1332	1444
887	13:38:53	60.10	6499	1331	1443
888	13:39:53	60.10	6499	1330	1443
889	13:40:53	60.11	6499	1330	1442
890	13:41:53	60.11	6499	1329	1442
891	13:42:53	60.12	6499	1328	1441
892	13:43:53	60.11	6499	1328	1441
893	13:44:53	60.12	6499	1327	1440
894	13:45:54	60.11	6499	1326	1439
895	13:46:54	60.11	6499	1326	1439
896	13:47:54	60.12	6499	1325	1438
897	13:48:54	60.11	6499	1324	1437
898	13:49:54	60.10	6499	1323	1437
899	13:50:54	60.11	6499	1323	1436
900	13:51:54	60.12	6499	1322	1435
901	13:52:54	60.12	6499	1321	1434
902	13:53:55	60.11	6499	1320	1434
903	13:54:55	60.11	6499	1319	1433
904	13:55:55	60.11	6499	1319	1432
905	13:56:55	60.12	6499	1318	1432
906	13:57:55	60.10	6499	1317	1431
907	13:58:55	60.11	6499	1316	1430
908	13:59:55	60.10	6499	1316	1430
909	14:00:55	60.11	6499	1315	1429
910	14:01:55	60.11	6499	1314	1428
911	14:02:56	22.17	6499	1314	1428
912	14:03:18	30.98	6499	1313	1427
913	14:03:49	60.30	6499	1313	1427
914	14:04:49	60.11	6499	1312	1426
915	14:05:49	60.11	6499	1311	1425
916	14:06:49	60.12	6499	1311	1425
917	14:07:49	60.12	6499	1310	1424
918	14:08:49	60.11	6499	1309	1423
919	14:09:50	14.97	6499	1309	1423
920	14:10:04	45.51	6499	1308	1423
921	14:10:50	60.49	6499	1308	1422
922	14:11:50	10.27	6499	1307	1422
923	14:12:01	51.92	6499	1307	1421
924	14:12:53	60.35	6499	1306	1421
925	14:13:53	60.12	6499	1306	1420
926	14:14:53	60.11	6499	1305	1419
927	14:15:53	60.11	6499	1304	1419
928	14:16:53	60.11	6499	1304	1418
929	14:17:53	60.11	6499	1303	1417
930	14:18:54	60.12	6499	1302	1417
931	14:19:54	59.94	6499	1301	1416
932	14:20:54	60.47	6499	1301	1415
933	14:21:54	10.27	6499	1300	1415
934	14:22:04	60.37	6499	1300	1414
935	14:23:05	60.13	6499	1299	1414
936	14:24:05	60.11	6499	1299	1413
937	14:25:05	60.12	6499	1298	1412
938	14:26:05	60.11	6499	1297	1412
939	14:27:05	60.12	6499	1296	1411
940	14:28:05	19.69	6499	1296	1411
941	14:28:25	11.95	6499	1296	1411
942	14:28:37	32.03	6499	1296	1410
943	14:29:09	29.55	6499	1295	1410
944	14:29:39	60.04	6499	1295	1409
945	14:30:39	21.30	6499	1294	1409
946	14:31:00	60.09	6499	1294	1409
947	14:32:00	60.12	6499	1293	1408
948	14:33:00	60.11	6499	1292	1407
949	14:34:00	60.12	6499	1291	1407
950	14:35:00	60.11	6499	1291	1406
951	14:36:00	60.11	6499	1290	1405
952	14:37:01	60.11	6499	1289	1405
953	14:38:01	60.10	6499	1289	1404
954	14:39:01	60.11	6499	1288	1403
955	14:40:01	55.52	6499	1287	1403
956	14:40:56	60.42	6499	1286	1402
957	14:41:57	60.11	6499	1286	1401
958	14:42:57	60.42	6499	1285	1401
959	14:43:57	14.62	6499	1285	1400
960	14:44:12	60.20	6499	1284	1400
961	14:45:12	60.10	6499	1284	1399
962	14:46:12	45.09	6499	1282	1398
963	14:46:57	60.35	6499	3.315	8.51
964	14:47:58	60.11	6499	0	0
965	14:48:58	60.13	6501	0	0
966	14:49:58	60.12	6501	0	0
967	14:50:58	60.12	6501	0	0
968	14:51:58	60.13	6501	0	0
969	14:52:58	60.12	6501	0	0
970	14:53:58	60.11	6501	0	0
971	14:54:59	60.10	6501	0	0
972	14:55:59	60.11	6501	0	0
973	14:56:59	9.84	6501	0	0
Created by AtlRunQuery on: 2018-12-09 16:08:07.670863
