LHC beam energy and intensities during run 337404:
(Begin/end of run: Sat Oct 07 2017 07:50:22 − 13:12:24)

LB	   Start time
(CEST)	   Duration
(sec)	   Beam energy
(GeV)	   Intensity Beam-1
(1e11 protons)	   Intensity Beam-2
(1e11 protons)
1	07:50:22	60.12	449	0.05691	0.07368
2	07:51:22	60.11	449	0.05621	0.07285
3	07:52:22	60.12	449	0.05554	0.07208
4	07:53:23	60.11	450	0.05489	0.07134
5	07:54:23	60.12	449	0.05428	0.07066
6	07:55:23	60.13	449	0.05369	0.07002
7	07:56:23	60.12	450	0.05313	0.06941
8	07:57:23	26.08	449	0.05275	0.06901
9	07:57:49	10.23	449	0.05259	0.06884
10	07:57:59	13.62	449	0.05248	0.06873
11	07:58:13	46.48	449	0.05223	0.06846
12	07:58:59	60.38	450	3.33	0.068
13	08:00:00	60.11	449	14.19	7.588
14	08:01:00	60.11	450	14.16	13.57
15	08:02:00	60.12	450	14.12	13.55
16	08:03:00	60.11	450	14.08	13.53
17	08:04:00	60.13	450	14.05	13.5
18	08:05:00	60.13	449	14.02	13.47
19	08:06:01	60.12	450	13.99	13.44
20	08:07:01	60.12	450	17.4	13.42
21	08:08:01	60.11	450	52.64	29.5
22	08:09:01	60.11	450	52.57	52.45
23	08:10:01	60.13	450	52.5	52.43
24	08:11:01	60.12	450	159.1	55.41
25	08:12:01	60.12	450	205.5	206.9
26	08:13:01	60.10	450	307.4	206.8
27	08:14:01	60.11	449	358.5	253.1
28	08:15:02	60.13	450	454.4	360.2
29	08:16:02	60.11	450	541.9	359.9
30	08:17:02	60.12	449	626.5	359.7
31	08:18:02	60.11	450	764.6	394.7
32	08:19:02	60.11	450	863.3	512.5
33	08:20:02	60.07	450	960.5	612.6
34	08:21:02	60.09	449	1084	706.3
35	08:22:02	60.12	450	1180	804.4
36	08:23:02	60.11	450	1271	934.2
37	08:24:03	60.12	449	1369	1058
38	08:25:03	60.12	450	1502	1139
39	08:26:03	60.11	449	1619	1216
40	08:27:03	60.11	449	1700	1357
41	08:28:03	60.11	450	1768	1468
42	08:29:03	60.12	450	1766	1567
43	08:30:03	60.11	450	1871	1663
44	08:31:03	60.11	450	1968	1778
45	08:32:03	60.12	449	2069	1878
46	08:33:04	60.12	449	2217	1975
47	08:34:04	60.11	450	2219	2177
48	08:35:04	60.12	449	2216	2235
49	08:36:04	60.11	450	2214	2233
50	08:37:04	60.11	449	2213	2232
51	08:38:04	60.12	450	2212	2231
52	08:39:04	60.13	449	2210	2229
53	08:40:04	60.13	450	2209	2228
54	08:41:05	10.27	470	2208	2227
55	08:41:15	24.32	480	2206	2225
56	08:41:39	60.34	512	2206	2224
57	08:42:39	60.12	643	2206	2223
58	08:43:40	56.93	844	2205	2223
59	08:44:37	60.04	1088	2205	2223
60	08:45:37	60.11	1417	2205	2223
61	08:46:37	60.11	1764	2205	2222
62	08:47:37	60.12	2111	2205	2222
63	08:48:37	60.11	2459	2205	2222
64	08:49:37	60.11	2806	2205	2222
65	08:50:37	60.12	3153	2205	2222
66	08:51:37	60.11	3501	2204	2222
67	08:52:37	60.11	3848	2204	2222
68	08:53:37	60.13	4196	2204	2222
69	08:54:38	60.12	4549	2204	2222
70	08:55:38	60.11	4896	2204	2222
71	08:56:38	60.11	5244	2204	2222
72	08:57:38	60.11	5591	2204	2222
73	08:58:38	60.12	5938	2203	2222
74	08:59:38	60.11	6286	2203	2222
75	09:00:38	10.26	6499	2202	2222
76	09:00:49	12.27	6499	2202	2222
77	09:01:01	60.37	6499	2202	2222
78	09:02:01	60.11	6499	2202	2222
79	09:03:01	60.12	6499	2202	2222
80	09:04:01	60.12	6499	2202	2222
81	09:05:02	60.12	6499	2202	2221
82	09:06:02	60.11	6499	2202	2221
83	09:07:02	60.12	6499	2202	2221
84	09:08:02	60.11	6499	2201	2221
85	09:09:02	60.11	6499	2201	2221
86	09:10:02	60.12	6499	2200	2221
87	09:11:02	60.11	6499	2200	2221
88	09:12:02	60.11	6499	2200	2221
89	09:13:02	60.11	6499	2200	2221
90	09:14:03	60.11	6499	2200	2221
91	09:15:03	60.11	6499	2200	2221
92	09:16:03	60.11	6499	2200	2221
93	09:17:03	60.12	6499	2200	2221
94	09:18:03	60.11	6499	2200	2220
95	09:19:03	60.12	6499	2199	2220
96	09:20:03	60.07	6499	2199	2220
97	09:21:03	58.55	6499	2197	2219
98	09:22:02	60.40	6499	2197	2219
99	09:23:02	60.12	6499	2196	2219
100	09:24:02	60.11	6499	2195	2219
101	09:25:02	60.11	6499	2192	2218
102	09:26:03	60.12	6499	2188	2217
103	09:27:03	13.61	6499	2186	2216
104	09:27:16	60.27	6499	2185	2215
105	09:28:17	21.54	6499	2183	2214
106	09:28:38	16.05	6499	2182	2213
107	09:28:54	10.24	6499	2181	2213
108	09:29:04	15.26	6499	2180	2212
109	09:29:20	43.91	6499	2179	2211
110	09:30:04	18.80	6499	2177	2211
111	09:30:22	10.19	6499	2177	2210
112	09:30:33	35.34	6499	2176	2209
113	09:31:08	60.09	6499	2173	2208
114	09:32:08	60.12	6499	2171	2206
115	09:33:08	60.11	6499	2168	2205
116	09:34:08	60.11	6499	2166	2203
117	09:35:08	60.11	6499	2163	2202
118	09:36:08	60.10	6499	2161	2200
119	09:37:09	60.10	6499	2158	2198
120	09:38:09	51.01	6499	2156	2197
121	09:39:00	33.37	6499	2155	2196
122	09:39:33	60.40	6499	2153	2194
123	09:40:33	60.12	6499	2150	2193
124	09:41:34	14.93	6499	2149	2192
125	09:41:48	60.20	6499	2147	2191
126	09:42:49	60.11	6499	2145	2189
127	09:43:49	60.12	6499	2143	2188
128	09:44:49	60.09	6499	2141	2186
129	09:45:49	20.79	6499	2139	2185
130	09:46:10	56.60	6499	2138	2184
131	09:47:06	27.90	6499	2136	2183
132	09:47:34	60.29	6499	2135	2182
133	09:48:35	30.71	6499	2133	2181
134	09:49:05	60.45	6499	2132	2179
135	09:50:06	10.27	6499	2131	2179
136	09:50:16	60.38	6499	2129	2178
137	09:51:16	60.11	6499	2127	2176
138	09:52:17	60.12	6499	2125	2175
139	09:53:17	32.56	6499	2124	2174
140	09:53:49	60.11	6499	2122	2172
141	09:54:49	18.78	6499	2121	2171
142	09:55:08	30.93	6499	2120	2171
143	09:55:39	60.26	6499	2119	2170
144	09:56:39	60.11	6499	2117	2168
145	09:57:39	60.12	6499	2115	2167
146	09:58:39	60.10	6499	2113	2165
147	09:59:40	60.12	6499	2111	2164
148	10:00:40	60.12	6499	2109	2162
149	10:01:40	60.11	6499	2107	2161
150	10:02:40	60.11	6499	2106	2159
151	10:03:40	60.12	6499	2104	2158
152	10:04:40	60.11	6499	2102	2156
153	10:05:40	60.11	6499	2100	2155
154	10:06:40	10.27	6499	2099	2154
155	10:06:51	60.13	6499	2098	2153
156	10:07:51	60.12	6499	2097	2151
157	10:08:51	60.10	6499	2095	2150
158	10:09:51	60.12	6499	2093	2149
159	10:10:51	10.27	6499	2092	2148
160	10:11:01	60.12	6499	2091	2147
161	10:12:02	60.11	6499	2090	2145
162	10:13:02	60.10	6499	2088	2144
163	10:14:02	60.10	6499	2087	2142
164	10:15:02	60.13	6499	2085	2141
165	10:16:02	60.11	6499	2084	2139
166	10:17:02	60.12	6499	2082	2138
167	10:18:02	60.12	6499	2081	2136
168	10:19:02	60.11	6499	2079	2135
169	10:20:02	60.08	6499	2078	2134
170	10:21:03	60.10	6499	2076	2132
171	10:22:03	60.11	6499	2075	2131
172	10:23:03	60.12	6499	2073	2129
173	10:24:03	60.11	6499	2072	2128
174	10:25:03	60.13	6499	2070	2126
175	10:26:03	60.11	6499	2069	2125
176	10:27:03	12.95	6499	2068	2124
177	10:27:16	60.18	6499	2067	2123
178	10:28:16	60.10	6499	2065	2122
179	10:29:16	60.11	6499	2064	2120
180	10:30:17	60.11	6499	2063	2119
181	10:31:17	60.11	6499	2061	2117
182	10:32:17	60.11	6499	2060	2116
183	10:33:17	60.11	6499	2058	2115
184	10:34:17	60.12	6499	2057	2113
185	10:35:17	60.11	6499	2055	2112
186	10:36:17	22.82	6499	2054	2111
187	10:36:40	31.05	6499	2054	2110
188	10:37:11	60.35	6499	2053	2109
189	10:38:11	60.11	6499	2051	2108
190	10:39:12	60.12	6499	2050	2106
191	10:40:12	60.10	6499	2048	2105
192	10:41:12	60.12	6499	2047	2103
193	10:42:12	60.11	6499	2045	2102
194	10:43:12	60.10	6499	2044	2101
195	10:44:12	60.12	6499	2042	2099
196	10:45:12	60.11	6499	2041	2098
197	10:46:12	60.11	6499	2039	2096
198	10:47:12	60.11	6499	2038	2095
199	10:48:13	60.11	6499	2037	2094
200	10:49:13	60.10	6499	2035	2092
201	10:50:13	60.12	6499	2034	2091
202	10:51:13	60.12	6499	2032	2089
203	10:52:13	60.12	6499	2031	2088
204	10:53:13	60.11	6499	2029	2087
205	10:54:13	60.12	6499	2028	2085
206	10:55:13	60.12	6499	2026	2084
207	10:56:13	60.10	6499	2025	2082
208	10:57:14	60.11	6499	2024	2081
209	10:58:14	60.09	6499	2022	2079
210	10:59:14	60.11	6499	2021	2078
211	11:00:14	60.12	6499	2019	2077
212	11:01:14	60.12	6499	2018	2075
213	11:02:14	60.12	6499	2016	2074
214	11:03:14	60.13	6499	2015	2072
215	11:04:14	60.11	6499	2014	2071
216	11:05:14	60.09	6499	2012	2070
217	11:06:15	60.10	6499	2011	2068
218	11:07:15	60.11	6499	2009	2067
219	11:08:15	60.12	6499	2008	2065
220	11:09:15	60.11	6499	2006	2064
221	11:10:15	46.60	6499	2005	2063
222	11:11:02	34.51	6499	2004	2062
223	11:11:36	60.18	6499	2003	2061
224	11:12:36	60.12	6499	2002	2059
225	11:13:36	60.11	6499	2000	2058
226	11:14:37	60.11	6499	1999	2057
227	11:15:37	60.11	6499	1998	2055
228	11:16:37	60.12	6499	1996	2054
229	11:17:37	60.11	6499	1995	2053
230	11:18:37	60.12	6499	1993	2051
231	11:19:37	60.10	6499	1992	2050
232	11:20:37	60.06	6499	1991	2048
233	11:21:37	60.11	6499	1989	2047
234	11:22:37	60.13	6499	1988	2046
235	11:23:37	60.12	6499	1986	2044
236	11:24:38	60.12	6499	1985	2043
237	11:25:38	60.11	6499	1984	2042
238	11:26:38	60.11	6499	1982	2040
239	11:27:38	60.10	6499	1981	2039
240	11:28:38	35.77	6499	1980	2038
241	11:29:14	60.16	6499	1979	2037
242	11:30:14	60.10	6499	1977	2035
243	11:31:14	60.11	6499	1976	2034
244	11:32:14	60.12	6499	1975	2033
245	11:33:14	60.12	6499	1973	2031
246	11:34:14	60.11	6499	1972	2030
247	11:35:15	60.11	6499	1971	2029
248	11:36:15	60.11	6499	1969	2027
249	11:37:15	53.64	6499	1968	2026
250	11:38:08	60.08	6499	1967	2025
251	11:39:08	60.12	6499	1966	2024
252	11:40:09	60.11	6499	1965	2023
253	11:41:09	10.51	6499	1965	2022
254	11:41:19	52.92	6499	1964	2022
255	11:42:12	30.93	6499	1963	2021
256	11:42:43	60.42	6499	1962	2020
257	11:43:43	10.26	6499	1961	2019
258	11:43:54	60.37	6499	1960	2018
259	11:44:54	10.27	6499	1960	2018
260	11:45:04	57.30	6499	1959	2017
261	11:46:02	60.17	6499	1957	2016
262	11:47:02	60.12	6499	1956	2014
263	11:48:02	60.12	6499	1954	2013
264	11:49:02	60.12	6499	1953	2012
265	11:50:02	43.48	6499	1952	2010
266	11:50:46	60.45	6499	1950	2009
267	11:51:46	60.11	6499	1949	2008
268	11:52:46	60.11	6499	1947	2006
269	11:53:46	60.12	6499	1946	2005
270	11:54:46	60.12	6499	1945	2004
271	11:55:47	60.12	6499	1943	2002
272	11:56:47	60.11	6499	1942	2001
273	11:57:47	60.11	6499	1940	2000
274	11:58:47	60.11	6499	1939	1998
275	11:59:47	60.13	6499	1937	1997
276	12:00:47	60.12	6499	1936	1996
277	12:01:47	60.12	6499	1935	1994
278	12:02:47	60.12	6499	1933	1993
279	12:03:48	60.11	6499	1932	1991
280	12:04:48	60.11	6499	1930	1990
281	12:05:48	60.11	6499	1929	1989
282	12:06:48	60.11	6499	1928	1987
283	12:07:48	60.11	6499	1926	1986
284	12:08:48	60.12	6499	1925	1985
285	12:09:48	60.12	6499	1923	1983
286	12:10:48	60.12	6499	1922	1982
287	12:11:48	60.11	6499	1921	1981
288	12:12:49	60.10	6499	1919	1980
289	12:13:49	60.12	6499	1918	1978
290	12:14:49	25.54	6499	1917	1977
291	12:15:14	60.37	6499	1916	1976
292	12:16:15	60.11	6499	1915	1975
293	12:17:15	60.12	6499	1913	1974
294	12:18:15	60.11	6499	1912	1972
295	12:19:15	60.13	6499	1910	1971
296	12:20:15	60.29	6499	1909	1970
297	12:21:15	31.82	6499	1907	1969
298	12:21:47	60.08	6499	1906	1968
299	12:22:47	60.12	6499	1905	1966
300	12:23:47	60.11	6499	1903	1965
301	12:24:48	60.11	6499	1902	1963
302	12:25:48	60.11	6499	1900	1962
303	12:26:48	60.10	6499	1899	1961
304	12:27:48	60.12	6499	1897	1959
305	12:28:48	60.11	6499	1896	1958
306	12:29:48	60.11	6499	1894	1957
307	12:30:48	60.12	6499	1893	1955
308	12:31:48	60.11	6499	1891	1954
309	12:32:48	60.11	6499	1890	1953
310	12:33:49	60.13	6499	1889	1951
311	12:34:49	60.11	6499	1887	1950
312	12:35:49	60.12	6499	1886	1949
313	12:36:49	60.10	6499	1884	1947
314	12:37:49	60.11	6499	1883	1946
315	12:38:49	60.12	6499	1881	1945
316	12:39:49	60.12	6499	1880	1943
317	12:40:49	60.13	6499	1878	1942
318	12:41:50	17.88	6499	1877	1941
319	12:42:07	39.33	6499	37.62	36.83
320	12:42:47	30.98	6499	0	0
321	12:43:18	60.32	6499	0	0
322	12:44:18	60.12	6499	0	0
323	12:45:18	60.12	6499	0	0
324	12:46:18	60.12	6499	0	0
325	12:47:18	60.12	6499	0	0
326	12:48:19	60.12	6499	0	0
327	12:49:19	60.11	6499	0	0
328	12:50:19	60.11	6499	0	0
329	12:51:19	60.12	6499	0	0
330	12:52:19	60.12	6499	0	0
331	12:53:19	60.12	6499	0	0
332	12:54:19	60.12	6499	0	0
333	12:55:19	60.12	6499	0	0
334	12:56:19	60.11	6499	0	0
335	12:57:20	60.11	6499	0	0
336	12:58:20	60.11	6501	0	0
337	12:59:20	60.11	6501	0	0
338	13:00:20	60.11	6501	0	0
339	13:01:20	60.12	6501	0	0
340	13:02:20	60.12	6495	0	0
341	13:03:20	60.12	6396	0	0
342	13:04:20	60.12	6171	0	0
343	13:05:20	60.13	5835	0	0
344	13:06:21	60.12	5477	0	0
345	13:07:21	60.11	5123	0	0
346	13:08:21	60.12	4768	0	0
347	13:09:21	60.12	4413	0	0
348	13:10:21	60.10	4057	0	0
349	13:11:21	62.92	3701	0	0
Created by AtlRunQuery on: 2018-12-09 16:13:20.970060
