LHC beam energy and intensities during run 337491:
(Begin/end of run: Sun Oct 08 2017 16:51:54 − Mon Oct 09, 00:38:56)

LB	   Start time
(CEST)	   Duration
(sec)	   Beam energy
(GeV)	   Intensity Beam-1
(1e11 protons)	   Intensity Beam-2
(1e11 protons)
1	16:51:54	60.12	450	1901	1533
2	16:52:54	60.12	449	1999	1666
3	16:53:54	60.12	450	2095	1755
4	16:54:54	60.11	450	2232	1844
5	16:55:55	60.12	450	2229	2058
6	16:56:55	49.20	450	2227	2240
7	16:57:44	10.16	449	2226	2239
8	16:57:54	52.31	450	2225	2239
9	16:58:46	60.40	450	2223	2237
10	16:59:47	60.10	450	2222	2235
11	17:00:47	60.10	450	2220	2233
12	17:01:47	59.10	469	2218	2232
13	17:02:46	28.86	556	2216	2229
14	17:03:15	60.32	625	2216	2228
15	17:04:15	60.12	815	2216	2227
16	17:05:15	10.27	1065	2216	2227
17	17:05:26	60.13	1119	2216	2227
18	17:06:26	60.10	1453	2215	2226
19	17:07:26	60.12	1800	2215	2226
20	17:08:26	60.12	2148	2215	2226
21	17:09:26	60.13	2495	2215	2226
22	17:10:26	60.11	2842	2215	2226
23	17:11:26	60.11	3190	2215	2226
24	17:12:26	60.11	3537	2215	2226
25	17:13:27	60.12	3890	2214	2226
26	17:14:27	60.11	4238	2214	2226
27	17:15:27	54.96	4585	2214	2226
28	17:16:22	60.06	4904	2214	2226
29	17:17:22	60.11	5251	2214	2226
30	17:18:22	60.12	5598	2214	2226
31	17:19:22	60.12	5946	2213	2226
32	17:20:22	60.04	6293	2212	2225
33	17:21:22	10.27	6499	2212	2225
34	17:21:32	14.90	6499	2211	2225
35	17:21:47	60.48	6499	2211	2225
36	17:22:48	60.11	6499	2211	2225
37	17:23:48	60.11	6499	2211	2225
38	17:24:48	60.11	6499	2211	2225
39	17:25:48	60.13	6499	2211	2225
40	17:26:48	60.12	6499	2210	2225
41	17:27:48	60.12	6499	2210	2225
42	17:28:49	60.13	6499	2210	2225
43	17:29:49	60.11	6499	2210	2225
44	17:30:49	60.11	6499	2209	2224
45	17:31:49	60.11	6499	2209	2224
46	17:32:49	60.11	6499	2209	2224
47	17:33:49	60.12	6499	2209	2224
48	17:34:49	60.12	6499	2209	2224
49	17:35:49	60.11	6499	2209	2224
50	17:36:49	60.11	6499	2209	2224
51	17:37:50	60.12	6499	2209	2223
52	17:38:50	59.00	6499	2208	2223
53	17:39:49	60.47	6499	2207	2223
54	17:40:49	60.12	6499	2206	2223
55	17:41:49	60.12	6499	2205	2222
56	17:42:49	19.79	6499	2203	2222
57	17:43:09	16.75	6499	2201	2221
58	17:43:26	60.12	6499	2199	2221
59	17:44:26	37.75	6499	2196	2220
60	17:45:04	16.37	6499	2195	2219
61	17:45:20	60.09	6499	2193	2218
62	17:46:20	60.12	6499	2189	2216
63	17:47:20	60.12	6499	2185	2214
64	17:48:20	60.11	6499	2182	2212
65	17:49:21	60.11	6499	2178	2211
66	17:50:21	60.11	6499	2175	2209
67	17:51:21	54.75	6499	2171	2207
68	17:52:16	31.34	6499	2169	2205
69	17:52:47	10.07	6499	2167	2205
70	17:52:57	22.92	6499	2167	2204
71	17:53:20	60.23	6499	2164	2203
72	17:54:20	60.10	6499	2161	2201
73	17:55:20	47.39	6499	2158	2199
74	17:56:08	42.82	6499	2155	2198
75	17:56:50	60.31	6499	2153	2196
76	17:57:51	60.11	6499	2150	2195
77	17:58:51	60.11	6499	2147	2193
78	17:59:51	60.11	6499	2145	2191
79	18:00:51	60.11	6499	2142	2189
80	18:01:51	60.11	6499	2140	2187
81	18:02:51	60.12	6499	2137	2186
82	18:03:51	60.10	6499	2135	2184
83	18:04:52	36.14	6499	2133	2182
84	18:05:28	60.03	6499	2131	2181
85	18:06:28	10.27	6499	2130	2180
86	18:06:38	60.11	6499	2128	2179
87	18:07:38	46.96	6499	2126	2177
88	18:08:25	60.23	6499	2124	2176
89	18:09:25	60.12	6499	2122	2174
90	18:10:25	60.12	6499	2120	2173
91	18:11:25	60.12	6499	2118	2171
92	18:12:26	60.12	6499	2116	2169
93	18:13:26	46.88	6499	2114	2168
94	18:14:13	60.05	6499	2112	2166
95	18:15:13	42.08	6499	2111	2165
96	18:15:55	60.09	6499	2109	2163
97	18:16:55	60.11	6499	2107	2162
98	18:17:55	60.12	6499	2105	2160
99	18:18:55	60.10	6499	2103	2158
100	18:19:55	60.07	6499	2101	2157
101	18:20:55	60.09	6499	2099	2155
102	18:21:55	60.10	6499	2097	2154
103	18:22:55	60.12	6499	2096	2152
104	18:23:56	60.11	6499	2094	2150
105	18:24:56	60.11	6499	2092	2149
106	18:25:56	60.11	6499	2090	2147
107	18:26:56	60.11	6499	2088	2145
108	18:27:56	60.11	6499	2086	2144
109	18:28:56	60.13	6499	2085	2142
110	18:29:56	60.12	6499	2083	2141
111	18:30:56	60.12	6499	2081	2139
112	18:31:56	60.10	6499	2079	2138
113	18:32:57	60.11	6499	2078	2136
114	18:33:57	60.11	6499	2076	2134
115	18:34:57	60.13	6499	2074	2133
116	18:35:57	21.43	6499	2073	2132
117	18:36:18	60.20	6499	2072	2131
118	18:37:19	60.12	6499	2070	2129
119	18:38:19	60.11	6499	2068	2128
120	18:39:19	60.10	6499	2067	2126
121	18:40:19	24.94	6499	2066	2125
122	18:40:44	37.84	6499	2065	2124
123	18:41:22	60.43	6499	2063	2123
124	18:42:22	60.11	6499	2062	2122
125	18:43:22	60.12	6499	2060	2120
126	18:44:22	60.11	6499	2058	2119
127	18:45:22	60.12	6499	2057	2117
128	18:46:23	60.11	6499	2055	2116
129	18:47:23	60.12	6499	2053	2114
130	18:48:23	60.10	6499	2052	2113
131	18:49:23	60.12	6499	2050	2111
132	18:50:23	60.12	6499	2049	2110
133	18:51:23	60.10	6499	2047	2108
134	18:52:23	60.12	6499	2045	2107
135	18:53:23	60.11	6499	2044	2105
136	18:54:23	59.08	6499	2042	2104
137	18:55:23	60.16	6499	2041	2102
138	18:56:23	60.12	6499	2039	2101
139	18:57:23	60.12	6499	2038	2100
140	18:58:23	60.10	6499	2036	2098
141	18:59:23	60.11	6499	2035	2096
142	19:00:23	60.11	6499	2033	2095
143	19:01:23	60.12	6499	2031	2094
144	19:02:23	60.11	6499	2030	2092
145	19:03:23	60.11	6499	2028	2091
146	19:04:24	60.10	6499	2027	2089
147	19:05:24	60.12	6499	2025	2088
148	19:06:24	60.11	6499	2024	2086
149	19:07:24	60.11	6499	2022	2085
150	19:08:24	60.11	6499	2021	2084
151	19:09:24	60.10	6499	2020	2083
152	19:10:24	60.11	6499	2018	2082
153	19:11:24	60.12	6499	2017	2080
154	19:12:24	60.12	6499	2016	2079
155	19:13:25	60.12	6499	2015	2078
156	19:14:25	60.10	6499	2013	2077
157	19:15:25	60.11	6499	2012	2075
158	19:16:25	60.13	6499	2010	2074
159	19:17:25	60.11	6499	2009	2072
160	19:18:25	60.12	6499	2007	2071
161	19:19:25	60.11	6499	2006	2070
162	19:20:25	60.05	6499	2004	2068
163	19:21:25	60.12	6499	2003	2067
164	19:22:26	60.12	6499	2001	2065
165	19:23:26	60.12	6499	2000	2064
166	19:24:26	60.11	6499	1998	2062
167	19:25:26	60.11	6499	1997	2061
168	19:26:26	40.80	6499	1995	2060
169	19:27:07	60.15	6499	1994	2058
170	19:28:07	60.12	6499	1992	2057
171	19:29:07	60.12	6499	1991	2055
172	19:30:07	60.12	6499	1989	2054
173	19:31:07	60.11	6499	1988	2053
174	19:32:07	60.11	6499	1986	2051
175	19:33:08	60.12	6499	1985	2050
176	19:34:08	60.12	6499	1983	2048
177	19:35:08	60.11	6499	1982	2047
178	19:36:08	60.11	6499	1980	2045
179	19:37:08	49.43	6499	1979	2044
180	19:37:57	60.27	6499	1978	2043
181	19:38:58	58.79	6499	1976	2041
182	19:39:56	60.17	6499	1975	2040
183	19:40:57	60.11	6499	1973	2038
184	19:41:57	60.11	6499	1972	2037
185	19:42:57	60.11	6499	1970	2036
186	19:43:57	60.11	6499	1969	2034
187	19:44:57	20.17	6499	1968	2033
188	19:45:17	35.48	6499	1967	2033
189	19:45:53	60.29	6499	1966	2032
190	19:46:53	29.60	6499	1965	2031
191	19:47:23	60.06	6499	1964	2030
192	19:48:23	56.34	6499	1962	2028
193	19:49:19	60.13	6499	1961	2027
194	19:50:19	60.12	6499	1960	2025
195	19:51:19	60.11	6499	1958	2024
196	19:52:19	60.13	6499	1957	2023
197	19:53:20	41.08	6499	1956	2021
198	19:54:01	60.12	6499	1954	2020
199	19:55:01	60.11	6499	1953	2019
200	19:56:01	60.12	6499	1952	2018
201	19:57:01	60.11	6499	1950	2016
202	19:58:01	60.11	6499	1949	2015
203	19:59:01	60.11	6499	1947	2013
204	20:00:01	14.42	6499	1947	2013
205	20:00:16	36.00	6499	1946	2012
206	20:00:52	60.27	6499	1945	2011
207	20:01:52	60.10	6499	1943	2010
208	20:02:52	60.11	6499	1942	2008
209	20:03:52	60.12	6499	1940	2007
210	20:04:52	60.10	6499	1939	2005
211	20:05:52	60.12	6499	1937	2004
212	20:06:53	36.75	6499	1936	2003
213	20:07:29	60.17	6499	1935	2002
214	20:08:29	60.11	6499	1933	2000
215	20:09:30	60.11	6499	1932	1999
216	20:10:30	60.11	6499	1930	1997
217	20:11:30	60.11	6499	1929	1996
218	20:12:30	60.11	6499	1927	1995
219	20:13:30	60.11	6499	1926	1993
220	20:14:30	60.12	6499	1924	1992
221	20:15:30	60.12	6499	1923	1990
222	20:16:30	60.11	6499	1921	1989
223	20:17:30	60.11	6499	1920	1988
224	20:18:31	60.11	6499	1919	1986
225	20:19:31	60.10	6499	1917	1985
226	20:20:31	60.06	6499	1916	1983
227	20:21:31	60.11	6499	1914	1982
228	20:22:31	54.48	6499	1913	1981
229	20:23:25	60.23	6499	1912	1980
230	20:24:26	60.12	6499	1910	1978
231	20:25:26	24.92	6499	1909	1977
232	20:25:51	25.27	6499	1909	1977
233	20:26:16	10.16	6499	1908	1976
234	20:26:26	60.37	6499	1907	1975
235	20:27:26	60.11	6499	1906	1974
236	20:28:27	60.12	6499	1905	1973
237	20:29:27	60.11	6499	1903	1971
238	20:30:27	60.12	6499	1902	1970
239	20:31:27	60.12	6499	1900	1969
240	20:32:27	60.11	6499	1899	1968
241	20:33:27	60.12	6499	1898	1966
242	20:34:27	60.11	6499	1896	1965
243	20:35:27	60.11	6499	1895	1964
244	20:36:27	15.42	6499	1894	1963
245	20:36:43	60.20	6499	1893	1962
246	20:37:43	60.11	6499	1892	1961
247	20:38:43	60.11	6499	1890	1959
248	20:39:43	60.11	6499	1889	1958
249	20:40:43	60.12	6499	1888	1957
250	20:41:44	60.12	6499	1886	1955
251	20:42:44	60.11	6499	1885	1954
252	20:43:44	60.11	6499	1884	1953
253	20:44:44	60.10	6499	1882	1952
254	20:45:44	60.11	6499	1881	1950
255	20:46:44	60.11	6499	1880	1949
256	20:47:44	60.12	6499	1878	1948
257	20:48:44	60.11	6499	1877	1946
258	20:49:44	60.11	6499	1876	1945
259	20:50:45	60.11	6499	1874	1944
260	20:51:45	60.12	6499	1873	1943
261	20:52:45	60.12	6499	1872	1941
262	20:53:45	60.11	6499	1870	1940
263	20:54:45	60.11	6499	1869	1939
264	20:55:45	60.11	6499	1868	1938
265	20:56:45	60.12	6499	1866	1936
266	20:57:45	60.11	6499	1865	1935
267	20:58:45	60.12	6499	1864	1934
268	20:59:46	60.11	6499	1862	1933
269	21:00:46	60.12	6499	1861	1931
270	21:01:46	14.80	6499	1860	1931
271	21:02:01	23.96	6499	1860	1930
272	21:02:25	60.41	6499	1859	1929
273	21:03:25	60.12	6499	1858	1928
274	21:04:25	60.11	6499	1856	1927
275	21:05:25	60.11	6499	1855	1926
276	21:06:25	60.12	6499	1854	1924
277	21:07:25	60.12	6499	1853	1923
278	21:08:26	60.11	6499	1851	1922
279	21:09:26	60.11	6499	1850	1921
280	21:10:26	10.27	6499	1849	1920
281	21:10:36	60.12	6499	1848	1919
282	21:11:36	60.12	6499	1847	1918
283	21:12:36	60.12	6499	1846	1917
284	21:13:36	29.88	6499	1845	1916
285	21:14:06	19.29	6499	1845	1915
286	21:14:26	60.52	6499	1844	1915
287	21:15:26	60.12	6499	1842	1913
288	21:16:26	60.12	6499	1841	1912
289	21:17:26	60.39	6499	1840	1911
290	21:18:27	60.15	6499	1839	1910
291	21:19:27	60.11	6499	1837	1909
292	21:20:27	60.05	6499	1836	1907
293	21:21:27	60.10	6499	1835	1906
294	21:22:27	60.10	6499	1834	1905
295	21:23:27	60.13	6499	1832	1904
296	21:24:27	60.11	6499	1831	1903
297	21:25:27	60.11	6499	1830	1901
298	21:26:28	60.12	6499	1829	1900
299	21:27:28	60.11	6499	1828	1899
300	21:28:28	60.12	6499	1826	1898
301	21:29:28	59.00	6499	1825	1897
302	21:30:27	29.63	6499	1824	1896
303	21:30:57	30.92	6499	1824	1895
304	21:31:27	60.26	6499	1823	1894
305	21:32:28	60.10	6499	1821	1893
306	21:33:28	23.79	6499	1821	1892
307	21:33:52	60.12	6499	1820	1891
308	21:34:52	60.12	6499	1819	1890
309	21:35:52	60.10	6499	1817	1889
310	21:36:52	36.52	6499	1816	1888
311	21:37:28	60.41	6499	1815	1887
312	21:38:29	10.27	6499	1815	1887
313	21:38:39	60.37	6499	1814	1886
314	21:39:40	60.11	6499	1813	1885
315	21:40:40	60.11	6499	1811	1884
316	21:41:40	60.12	6499	1810	1882
317	21:42:40	60.12	6499	1809	1881
318	21:43:40	60.12	6499	1808	1880
319	21:44:40	60.11	6499	1807	1879
320	21:45:40	60.10	6499	1805	1878
321	21:46:40	60.11	6499	1804	1877
322	21:47:40	60.11	6499	1803	1876
323	21:48:41	60.13	6499	1802	1874
324	21:49:41	60.09	6499	1801	1873
325	21:50:41	60.12	6499	1800	1872
326	21:51:41	10.26	6499	1799	1872
327	21:51:51	60.13	6499	1798	1871
328	21:52:51	60.13	6499	1797	1870
329	21:53:51	10.27	6499	1796	1869
330	21:54:02	29.67	6499	1796	1869
331	21:54:31	60.27	6499	1795	1868
332	21:55:32	60.12	6499	1794	1867
333	21:56:32	60.10	6499	1793	1866
334	21:57:32	60.12	6499	1792	1864
335	21:58:32	60.11	6499	1790	1863
336	21:59:32	60.12	6499	1789	1862
337	22:00:32	60.12	6499	1788	1861
338	22:01:32	60.11	6499	1787	1860
339	22:02:32	60.11	6499	1786	1859
340	22:03:33	60.11	6499	1785	1858
341	22:04:33	10.27	6499	1784	1857
342	22:04:43	60.11	6499	1783	1857
343	22:05:43	60.10	6499	1782	1855
344	22:06:43	60.12	6499	1781	1854
345	22:07:43	60.12	6499	1780	1853
346	22:08:43	60.11	6499	1779	1852
347	22:09:43	60.11	6499	1778	1851
348	22:10:44	60.12	6499	1776	1850
349	22:11:44	60.10	6499	1775	1849
350	22:12:44	60.12	6499	1774	1848
351	22:13:44	16.52	6499	1773	1847
352	22:14:00	60.12	6499	1773	1846
353	22:15:01	60.12	6499	1772	1845
354	22:16:01	60.11	6499	1770	1844
355	22:17:01	60.13	6499	1769	1843
356	22:18:01	60.12	6499	1768	1842
357	22:19:01	10.27	6499	1768	1842
358	22:19:11	21.09	6499	1767	1841
359	22:19:32	60.30	6499	1766	1840
360	22:20:33	60.05	6499	1765	1839
361	22:21:33	60.11	6499	1764	1838
362	22:22:33	60.11	6499	1763	1837
363	22:23:33	60.11	6499	1762	1836
364	22:24:33	60.11	6499	1761	1835
365	22:25:33	60.11	6499	1760	1834
366	22:26:33	60.10	6499	1759	1833
367	22:27:33	60.10	6499	1758	1832
368	22:28:33	60.11	6499	1756	1831
369	22:29:34	60.12	6499	1755	1830
370	22:30:34	60.10	6499	1754	1829
371	22:31:34	60.11	6499	1753	1828
372	22:32:34	60.10	6499	1752	1826
373	22:33:34	60.12	6499	1751	1825
374	22:34:34	60.11	6499	1750	1824
375	22:35:34	60.12	6499	1749	1823
376	22:36:34	60.11	6499	1748	1822
377	22:37:34	60.10	6499	1746	1821
378	22:38:35	60.11	6499	1745	1820
379	22:39:35	31.56	6499	1745	1819
380	22:40:06	18.92	6499	1744	1819
381	22:40:25	20.40	6499	1744	1819
382	22:40:46	60.10	6499	1743	1818
383	22:41:46	60.11	6499	1742	1817
384	22:42:46	60.11	6499	1741	1816
385	22:43:46	11.40	6499	1740	1815
386	22:43:57	60.23	6499	1739	1814
387	22:44:58	60.10	6499	1738	1813
388	22:45:58	60.10	6499	1737	1812
389	22:46:58	60.12	6499	1736	1811
390	22:47:58	29.22	6499	1736	1811
391	22:48:27	36.50	6499	1735	1810
392	22:49:04	60.25	6499	1734	1809
393	22:50:04	60.11	6499	1733	1808
394	22:51:04	60.12	6499	1732	1807
395	22:52:04	60.12	6499	1731	1806
396	22:53:04	60.12	6499	1730	1805
397	22:54:04	60.12	6499	1729	1804
398	22:55:04	60.10	6499	1728	1803
399	22:56:05	60.11	6499	1727	1802
400	22:57:05	60.11	6499	1726	1801
401	22:58:05	60.11	6499	1725	1800
402	22:59:05	60.11	6499	1724	1799
403	23:00:05	60.12	6499	1722	1798
404	23:01:05	60.12	6499	1721	1797
405	23:02:05	60.11	6499	1720	1796
406	23:03:05	60.12	6499	1719	1795
407	23:04:05	60.10	6499	1718	1794
408	23:05:06	60.10	6499	1717	1793
409	23:06:06	60.12	6499	1716	1792
410	23:07:06	60.10	6499	1715	1791
411	23:08:06	60.12	6499	1714	1790
412	23:09:06	60.10	6499	1713	1789
413	23:10:06	60.12	6499	1712	1788
414	23:11:06	60.12	6499	1711	1787
415	23:12:06	60.11	6499	1710	1786
416	23:13:06	60.12	6499	1709	1785
417	23:14:07	60.12	6499	1708	1784
418	23:15:07	60.11	6499	1707	1783
419	23:16:07	60.12	6499	1706	1782
420	23:17:07	60.11	6499	1705	1781
421	23:18:07	60.11	6499	1704	1780
422	23:19:07	60.12	6499	1703	1779
423	23:20:07	60.08	6499	1702	1778
424	23:21:07	60.11	6499	1701	1777
425	23:22:07	52.52	6499	1700	1776
426	23:23:00	34.75	6499	1699	1775
427	23:23:35	60.49	6499	1698	1774
428	23:24:35	60.10	6499	1697	1773
429	23:25:35	60.12	6499	1696	1772
430	23:26:35	60.26	6499	1695	1771
431	23:27:36	30.99	6499	1694	1771
432	23:28:07	60.26	6499	1694	1770
433	23:29:07	60.12	6499	1693	1769
434	23:30:07	60.12	6499	1692	1768
435	23:31:07	60.12	6499	1691	1767
436	23:32:07	60.11	6499	1690	1766
437	23:33:07	60.12	6499	1688	1765
438	23:34:07	60.11	6499	1687	1764
439	23:35:08	60.11	6499	1686	1763
440	23:36:08	60.12	6499	1685	1762
441	23:37:08	60.11	6499	1684	1761
442	23:38:08	60.11	6499	1683	1760
443	23:39:08	55.50	6499	1683	1759
444	23:40:04	60.20	6499	1682	1758
445	23:41:04	10.26	6499	1681	1758
446	23:41:14	60.11	6499	1680	1757
447	23:42:14	60.13	6499	1679	1756
448	23:43:14	60.11	6499	1678	1755
449	23:44:14	60.12	6499	1677	1754
450	23:45:14	60.11	6499	1677	1753
451	23:46:15	60.12	6499	1676	1752
452	23:47:15	60.10	6499	1675	1751
453	23:48:15	60.12	6499	1674	1750
454	23:49:15	60.12	6499	1673	1749
455	23:50:15	60.11	6499	1672	1748
456	23:51:15	60.12	6499	1671	1748
457	23:52:15	60.11	6499	1670	1747
458	23:53:15	60.11	6499	1669	1746
459	23:54:15	60.12	6499	1668	1745
460	23:55:16	60.10	6499	1667	1744
461	23:56:16	60.10	6499	1666	1743
462	23:57:16	60.12	6499	1665	1742
463	23:58:16	60.12	6499	1664	1741
464	23:59:16	60.13	6499	1663	1740
465	00:00:16	15.62	6499	1662	1739
466	00:00:32	35.82	6499	1662	1739
467	00:01:08	60.50	6499	1661	1738
468	00:02:08	60.11	6499	1660	1737
469	00:03:08	60.11	6499	1659	1736
470	00:04:08	60.11	6499	1658	1735
471	00:05:08	60.10	6499	1657	1735
472	00:06:09	60.11	6499	1656	1734
473	00:07:09	60.11	6499	1655	1732
474	00:08:09	60.10	6499	1654	1732
475	00:09:09	60.12	6499	1653	1730
476	00:10:09	60.12	6499	1652	1729
477	00:11:09	60.11	6499	1651	1728
478	00:12:09	60.13	6499	1650	1727
479	00:13:09	60.11	6499	1649	1726
480	00:14:09	60.12	6499	1648	1725
481	00:15:10	60.11	6499	1647	1724
482	00:16:10	60.11	6499	1646	1723
483	00:17:10	60.10	6499	1645	1722
484	00:18:10	60.11	6499	1643	1722
485	00:19:10	60.12	6499	1642	1720
486	00:20:10	60.08	6499	1641	1720
487	00:21:10	60.10	6499	1640	1718
488	00:22:10	60.13	6499	1639	1718
489	00:23:10	60.11	6499	1638	1717
490	00:24:11	60.11	6499	1637	1715
491	00:25:11	60.12	6499	1636	1715
492	00:26:11	60.10	6499	1635	1714
493	00:27:11	60.11	6499	1634	1713
494	00:28:11	60.12	6499	1633	1712
495	00:29:11	10.27	6499	1093	1148
496	00:29:21	60.36	6499	0	0
497	00:30:22	60.13	6499	0	0
498	00:31:22	60.11	6499	0	0
499	00:32:22	10.27	6499	0	0
500	00:32:32	60.11	6499	0	0
501	00:33:32	60.11	6499	0	0
502	00:34:32	60.12	6501	0	0
503	00:35:33	60.12	6501	0	0
504	00:36:33	60.12	6501	0	0
505	00:37:33	60.12	6501	0	0
506	00:38:33	22.54	6500	0	0
Created by AtlRunQuery on: 2018-12-09 16:16:05.853062
