LHC beam energy and intensities during run 337542:
(Begin/end of run: Mon Oct 09 2017 02:13:46 − 10:40:37)

LB	   Start time
(CEST)	   Duration
(sec)	   Beam energy
(GeV)	   Intensity Beam-1
(1e11 protons)	   Intensity Beam-2
(1e11 protons)
1	02:13:46	60.12	5609	2196	2226
2	02:14:46	60.11	5956	2195	2225
3	02:15:46	60.12	6303	2194	2225
4	02:16:47	60.12	6499	2194	2225
5	02:17:47	25.69	6499	2194	2225
6	02:18:12	14.92	6499	2194	2225
7	02:18:27	10.44	6499	2194	2225
8	02:18:38	35.08	6499	2194	2225
9	02:19:13	15.47	6499	2192	2223
10	02:19:28	10.35	6499	2192	2222
11	02:19:39	20.69	6499	2192	2222
12	02:19:59	60.43	6499	2192	2222
13	02:21:00	60.09	6499	2191	2222
14	02:22:00	60.12	6499	2191	2222
15	02:23:00	60.12	6499	2191	2222
16	02:24:00	60.13	6499	2190	2222
17	02:25:00	60.12	6499	2190	2222
18	02:26:00	60.12	6499	2189	2222
19	02:27:00	60.12	6499	2189	2222
20	02:28:01	60.11	6499	2189	2222
21	02:29:01	60.12	6499	2188	2222
22	02:30:01	60.11	6499	2188	2222
23	02:31:01	60.12	6499	2188	2221
24	02:32:01	60.11	6499	2187	2221
25	02:33:01	60.11	6499	2185	2220
26	02:34:01	10.26	6499	2185	2220
27	02:34:12	60.38	6499	2184	2220
28	02:35:12	60.11	6499	2183	2220
29	02:36:12	60.12	6499	2181	2219
30	02:37:12	60.12	6499	2176	2217
31	02:38:12	60.11	6499	2170	2216
32	02:39:12	60.11	6499	2164	2214
33	02:40:12	60.13	6499	2157	2211
34	02:41:13	60.12	6499	2150	2209
35	02:42:13	60.11	6499	2144	2207
36	02:43:13	60.11	6499	2138	2205
37	02:44:13	60.10	6499	2131	2203
38	02:45:13	58.48	6499	2125	2201
39	02:46:12	30.82	6499	2121	2200
40	02:46:42	60.22	6499	2117	2198
41	02:47:43	22.00	6499	2113	2197
42	02:48:05	48.54	6499	2110	2196
43	02:48:53	40.68	6499	2106	2194
44	02:49:34	35.66	6499	2102	2193
45	02:50:09	15.36	6499	2100	2192
46	02:50:25	60.17	6499	2097	2191
47	02:51:25	14.25	6499	2095	2190
48	02:51:39	10.04	6499	2094	2189
49	02:51:49	35.62	6499	2092	2188
50	02:52:25	10.24	6499	2091	2188
51	02:52:35	60.36	6499	2089	2187
52	02:53:35	60.11	6499	2085	2185
53	02:54:36	60.12	6499	2082	2183
54	02:55:36	60.12	6499	2079	2181
55	02:56:36	60.10	6499	2077	2179
56	02:57:36	60.12	6499	2074	2177
57	02:58:36	60.13	6499	2072	2176
58	02:59:36	60.12	6499	2069	2174
59	03:00:36	10.26	6499	2068	2173
60	03:00:47	19.57	6499	2067	2173
61	03:01:06	60.33	6499	2066	2172
62	03:02:06	60.12	6499	2063	2170
63	03:03:07	60.11	6499	2061	2168
64	03:04:07	60.12	6499	2059	2167
65	03:05:07	60.13	6499	2057	2165
66	03:06:07	60.11	6499	2055	2163
67	03:07:07	60.12	6499	2053	2162
68	03:08:07	60.12	6499	2051	2160
69	03:09:07	60.13	6499	2049	2158
70	03:10:07	60.11	6499	2047	2157
71	03:11:08	60.11	6499	2045	2155
72	03:12:08	60.11	6499	2043	2154
73	03:13:08	29.40	6499	2041	2152
74	03:13:37	60.26	6499	2040	2151
75	03:14:37	10.27	6499	2039	2150
76	03:14:48	60.38	6499	2038	2149
77	03:15:48	60.12	6499	2036	2148
78	03:16:48	60.12	6499	2034	2146
79	03:17:48	16.23	6499	2033	2145
80	03:18:05	60.17	6499	2032	2144
81	03:19:05	60.11	6499	2030	2143
82	03:20:05	60.06	6499	2028	2141
83	03:21:05	60.08	6499	2027	2140
84	03:22:05	60.11	6499	2025	2138
85	03:23:05	60.12	6499	2023	2137
86	03:24:05	60.11	6499	2021	2135
87	03:25:05	60.12	6499	2020	2134
88	03:26:05	60.12	6499	2018	2132
89	03:27:06	60.11	6499	2016	2131
90	03:28:06	60.12	6499	2015	2129
91	03:29:06	60.11	6499	2013	2128
92	03:30:06	60.11	6499	2011	2126
93	03:31:06	60.12	6499	2010	2125
94	03:32:06	60.12	6499	2008	2123
95	03:33:06	60.11	6499	2006	2122
96	03:34:06	60.12	6499	2005	2120
97	03:35:06	60.12	6499	2003	2119
98	03:36:07	60.11	6499	2001	2117
99	03:37:07	60.11	6499	2000	2116
100	03:38:07	60.11	6499	1998	2114
101	03:39:07	60.11	6499	1997	2113
102	03:40:07	60.12	6499	1995	2111
103	03:41:07	60.12	6499	1993	2110
104	03:42:07	52.61	6499	1992	2108
105	03:43:00	60.10	6499	1990	2107
106	03:44:00	60.12	6499	1989	2106
107	03:45:00	60.11	6499	1987	2104
108	03:46:00	60.12	6499	1986	2103
109	03:47:00	60.11	6499	1984	2101
110	03:48:00	60.11	6499	1982	2100
111	03:49:01	60.11	6499	1981	2098
112	03:50:01	60.11	6499	1979	2097
113	03:51:01	60.11	6499	1978	2095
114	03:52:01	60.12	6499	1976	2094
115	03:53:01	60.12	6499	1975	2093
116	03:54:01	60.11	6499	1973	2091
117	03:55:01	60.12	6499	1972	2090
118	03:56:01	60.11	6499	1970	2088
119	03:57:01	60.12	6499	1968	2087
120	03:58:02	60.12	6499	1967	2085
121	03:59:02	60.11	6499	1965	2084
122	04:00:02	60.12	6499	1964	2083
123	04:01:02	60.11	6499	1963	2081
124	04:02:02	60.12	6499	1961	2080
125	04:03:02	60.11	6499	1960	2078
126	04:04:02	60.12	6499	1958	2077
127	04:05:02	60.11	6499	1956	2076
128	04:06:02	60.10	6499	1955	2074
129	04:07:03	60.13	6499	1954	2073
130	04:08:03	60.10	6499	1952	2071
131	04:09:03	60.11	6499	1951	2070
132	04:10:03	60.10	6499	1949	2068
133	04:11:03	60.12	6499	1947	2067
134	04:12:03	60.10	6499	1946	2066
135	04:13:03	60.10	6499	1944	2064
136	04:14:03	60.10	6499	1943	2063
137	04:15:03	60.11	6499	1941	2062
138	04:16:04	60.12	6499	1940	2061
139	04:17:04	60.11	6499	1939	2059
140	04:18:04	60.11	6499	1938	2058
141	04:19:04	60.11	6499	1936	2057
142	04:20:04	60.07	6499	1935	2055
143	04:21:04	43.28	6499	1933	2054
144	04:21:47	60.14	6499	1932	2053
145	04:22:47	60.11	6499	1930	2052
146	04:23:48	60.11	6499	1929	2050
147	04:24:48	60.11	6499	1927	2049
148	04:25:48	60.11	6499	1926	2047
149	04:26:48	60.11	6499	1924	2046
150	04:27:48	60.13	6499	1923	2044
151	04:28:48	60.12	6499	1922	2043
152	04:29:48	60.11	6499	1920	2041
153	04:30:48	60.11	6499	1919	2040
154	04:31:48	60.10	6499	1917	2039
155	04:32:49	60.11	6499	1916	2037
156	04:33:49	60.12	6499	1914	2036
157	04:34:49	60.12	6499	1913	2034
158	04:35:49	60.11	6499	1912	2033
159	04:36:49	60.13	6499	1910	2032
160	04:37:49	60.11	6499	1909	2030
161	04:38:49	60.11	6499	1907	2029
162	04:39:49	60.10	6499	1906	2028
163	04:40:50	60.12	6499	1905	2026
164	04:41:50	60.11	6499	1903	2025
165	04:42:50	60.12	6499	1902	2023
166	04:43:50	60.12	6499	1900	2022
167	04:44:50	60.11	6499	1899	2021
168	04:45:50	60.11	6499	1897	2019
169	04:46:50	60.11	6499	1895	2018
170	04:47:50	60.11	6499	1894	2016
171	04:48:50	60.12	6499	1892	2015
172	04:49:51	60.12	6499	1891	2013
173	04:50:51	32.50	6499	1890	2012
174	04:51:23	60.18	6499	1889	2011
175	04:52:23	60.09	6499	1887	2010
176	04:53:23	60.11	6499	1886	2008
177	04:54:24	60.11	6499	1884	2007
178	04:55:24	60.11	6499	1883	2006
179	04:56:24	60.13	6499	1881	2004
180	04:57:24	51.80	6499	1880	2003
181	04:58:16	26.58	6499	1879	2002
182	04:58:42	60.39	6499	1878	2001
183	04:59:43	60.12	6499	1876	2000
184	05:00:43	60.11	6499	1875	1998
185	05:01:43	60.12	6499	1873	1997
186	05:02:43	60.12	6499	1872	1995
187	05:03:43	60.13	6499	1871	1994
188	05:04:43	60.12	6499	1869	1993
189	05:05:43	60.11	6499	1868	1991
190	05:06:43	60.11	6499	1866	1990
191	05:07:44	60.12	6499	1865	1988
192	05:08:44	60.10	6499	1863	1987
193	05:09:44	60.11	6499	1862	1986
194	05:10:44	60.12	6499	1861	1984
195	05:11:44	60.12	6499	1859	1983
196	05:12:44	60.11	6499	1858	1982
197	05:13:44	60.12	6499	1856	1980
198	05:14:44	60.16	6499	1855	1979
199	05:15:45	60.11	6499	1854	1978
200	05:16:45	60.44	6499	1852	1976
201	05:17:45	60.15	6499	1851	1975
202	05:18:45	59.00	6499	1849	1974
203	05:19:44	29.65	6499	1848	1973
204	05:20:14	60.32	6499	1847	1972
205	05:21:14	60.10	6499	1846	1971
206	05:22:14	60.12	6499	1845	1969
207	05:23:14	60.10	6499	1843	1968
208	05:24:15	60.11	6499	1842	1967
209	05:25:15	60.12	6499	1840	1965
210	05:26:15	60.11	6499	1839	1964
211	05:27:15	60.12	6499	1838	1963
212	05:28:15	60.11	6499	1836	1961
213	05:29:15	60.12	6499	1835	1960
214	05:30:15	60.12	6499	1834	1959
215	05:31:15	60.11	6499	1832	1957
216	05:32:15	60.09	6499	1831	1956
217	05:33:16	20.21	6499	1830	1955
218	05:33:36	39.07	6499	1829	1955
219	05:34:15	60.43	6499	1828	1954
220	05:35:15	60.11	6499	1827	1952
221	05:36:15	60.12	6499	1826	1951
222	05:37:15	60.13	6499	1824	1950
223	05:38:16	60.11	6499	1823	1948
224	05:39:16	60.10	6499	1822	1947
225	05:40:16	60.11	6499	1820	1946
226	05:41:16	60.11	6499	1819	1945
227	05:42:16	60.11	6499	1818	1943
228	05:43:16	60.12	6499	1816	1942
229	05:44:16	60.12	6499	1815	1941
230	05:45:16	60.10	6499	1814	1940
231	05:46:16	60.12	6499	1812	1939
232	05:47:17	60.11	6499	1811	1937
233	05:48:17	60.11	6499	1810	1936
234	05:49:17	60.12	6499	1809	1935
235	05:50:17	60.12	6499	1807	1934
236	05:51:17	60.12	6499	1806	1932
237	05:52:17	60.12	6499	1805	1931
238	05:53:17	60.11	6499	1804	1930
239	05:54:17	60.12	6499	1802	1928
240	05:55:18	17.92	6499	1802	1928
241	05:55:35	40.36	6499	1801	1927
242	05:56:16	60.52	6499	1800	1926
243	05:57:16	60.11	6499	1799	1925
244	05:58:16	60.10	6499	1797	1924
245	05:59:17	60.12	6499	1796	1922
246	06:00:17	60.11	6499	1795	1921
247	06:01:17	60.11	6499	1794	1920
248	06:02:17	60.10	6499	1792	1919
249	06:03:17	60.12	6499	1791	1918
250	06:04:17	60.12	6499	1790	1916
251	06:05:17	60.12	6499	1788	1915
252	06:06:17	60.12	6499	1787	1914
253	06:07:17	60.11	6499	1786	1913
254	06:08:18	60.12	6499	1785	1912
255	06:09:18	60.12	6499	1783	1911
256	06:10:18	36.56	6499	1782	1910
257	06:10:54	60.12	6499	1782	1909
258	06:11:55	60.10	6499	1780	1907
259	06:12:55	60.10	6499	1779	1906
260	06:13:55	60.11	6499	1778	1905
261	06:14:55	60.11	6499	1776	1904
262	06:15:55	60.11	6499	1775	1902
263	06:16:55	60.11	6499	1774	1901
264	06:17:55	60.12	6499	1773	1900
265	06:18:55	60.12	6499	1772	1899
266	06:19:55	47.68	6499	1770	1898
267	06:20:43	34.27	6499	1770	1897
268	06:21:17	60.50	6499	1769	1896
269	06:22:18	60.12	6499	1767	1895
270	06:23:18	60.12	6499	1766	1894
271	06:24:18	60.11	6499	1765	1893
272	06:25:18	60.12	6499	1764	1891
273	06:26:18	60.11	6499	1763	1890
274	06:27:18	60.11	6499	1761	1889
275	06:28:19	60.10	6499	1760	1888
276	06:29:19	60.10	6499	1759	1887
277	06:30:19	60.11	6499	1758	1886
278	06:31:19	29.56	6499	1757	1885
279	06:31:48	60.35	6499	1756	1884
280	06:32:49	10.27	6499	1755	1883
281	06:32:59	60.37	6499	1754	1882
282	06:33:59	60.11	6499	1753	1881
283	06:35:00	60.10	6499	1752	1880
284	06:36:00	60.12	6499	1751	1879
285	06:37:00	60.12	6499	1750	1878
286	06:38:00	60.12	6499	1748	1877
287	06:39:00	60.11	6499	1747	1876
288	06:40:00	60.12	6499	1746	1874
289	06:41:00	60.13	6499	1745	1873
290	06:42:00	60.11	6499	1744	1872
291	06:43:00	60.12	6499	1742	1871
292	06:44:01	49.65	6499	1741	1870
293	06:44:50	51.40	6499	1740	1869
294	06:45:42	39.47	6499	1739	1868
295	06:46:21	60.34	6499	1739	1867
296	06:47:21	60.09	6499	1737	1866
297	06:48:21	60.11	6499	1736	1865
298	06:49:22	60.11	6499	1735	1864
299	06:50:22	60.11	6499	1734	1863
300	06:51:22	60.13	6499	1733	1862
301	06:52:22	60.11	6499	1732	1860
302	06:53:22	60.11	6499	1731	1859
303	06:54:22	60.11	6499	1729	1858
304	06:55:22	60.12	6499	1728	1857
305	06:56:22	60.11	6499	1727	1856
306	06:57:23	59.50	6499	1726	1855
307	06:58:22	60.47	6499	1725	1854
308	06:59:22	60.12	6499	1724	1853
309	07:00:23	60.10	6499	1723	1852
310	07:01:23	30.38	6499	1722	1851
311	07:01:53	60.27	6499	1721	1850
312	07:02:53	60.11	6499	1720	1849
313	07:03:53	60.11	6499	1719	1848
314	07:04:54	60.11	6499	1718	1847
315	07:05:54	60.10	6499	1717	1846
316	07:06:54	60.12	6499	1715	1845
317	07:07:54	10.26	6499	1715	1844
318	07:08:04	19.84	6499	1715	1844
319	07:08:24	60.30	6499	1714	1843
320	07:09:24	60.12	6499	1713	1842
321	07:10:24	60.11	6499	1712	1841
322	07:11:25	60.12	6499	1710	1840
323	07:12:25	60.11	6499	1709	1839
324	07:13:25	60.12	6499	1708	1837
325	07:14:25	60.11	6499	1707	1836
326	07:15:25	60.12	6499	1706	1835
327	07:16:25	60.13	6499	1705	1834
328	07:17:25	60.11	6499	1704	1833
329	07:18:25	60.10	6499	1703	1832
330	07:19:25	60.12	6499	1702	1831
331	07:20:26	60.06	6499	1700	1830
332	07:21:26	60.12	6499	1699	1829
333	07:22:26	60.12	6499	1698	1828
334	07:23:26	60.10	6499	1697	1827
335	07:24:26	60.11	6499	1696	1826
336	07:25:26	60.11	6499	1695	1825
337	07:26:26	60.13	6499	1694	1824
338	07:27:26	60.10	6499	1693	1823
339	07:28:26	60.11	6499	1692	1822
340	07:29:27	60.11	6499	1691	1820
341	07:30:27	60.11	6499	1689	1819
342	07:31:27	60.11	6499	1688	1818
343	07:32:27	60.11	6499	1687	1817
344	07:33:27	60.10	6499	1686	1816
345	07:34:27	60.12	6499	1685	1815
346	07:35:27	60.12	6499	1684	1814
347	07:36:27	60.11	6499	1683	1813
348	07:37:27	60.11	6499	1682	1812
349	07:38:28	60.11	6499	1681	1811
350	07:39:28	60.10	6499	1680	1810
351	07:40:28	60.12	6499	1679	1809
352	07:41:28	46.69	6499	1678	1808
353	07:42:15	40.56	6499	1677	1807
354	07:42:55	60.25	6499	1676	1806
355	07:43:55	60.12	6499	1675	1805
356	07:44:56	60.12	6499	1674	1804
357	07:45:56	60.11	6499	1673	1803
358	07:46:56	10.27	6499	1672	1803
359	07:47:06	60.11	6499	1671	1802
360	07:48:06	10.26	6499	1671	1802
361	07:48:16	60.12	6499	1670	1801
362	07:49:16	60.12	6499	1669	1800
363	07:50:17	60.12	6499	1668	1799
364	07:51:17	60.11	6499	1667	1798
365	07:52:17	60.12	6499	1666	1797
366	07:53:17	60.11	6499	1665	1796
367	07:54:17	60.11	6499	1664	1795
368	07:55:17	60.11	6499	1663	1794
369	07:56:17	60.12	6499	1662	1793
370	07:57:17	60.11	6499	1661	1792
371	07:58:18	60.12	6499	1660	1791
372	07:59:18	60.12	6499	1659	1790
373	08:00:18	60.11	6499	1658	1789
374	08:01:18	60.11	6499	1657	1788
375	08:02:18	60.12	6499	1656	1787
376	08:03:18	60.11	6499	1655	1786
377	08:04:18	60.12	6499	1654	1785
378	08:05:18	60.12	6499	1653	1784
379	08:06:18	60.10	6499	1652	1783
380	08:07:19	60.12	6499	1651	1782
381	08:08:19	13.51	6499	1650	1781
382	08:08:32	26.31	6499	1650	1781
383	08:08:58	27.93	6499	1649	1780
384	08:09:26	60.46	6499	1648	1780
385	08:10:27	54.36	6499	1647	1779
386	08:11:21	60.07	6499	1647	1778
387	08:12:21	60.12	6499	1646	1777
388	08:13:21	60.11	6499	1645	1776
389	08:14:22	60.12	6499	1644	1775
390	08:15:22	60.12	6499	1643	1774
391	08:16:22	60.12	6499	1642	1773
392	08:17:22	60.10	6499	1641	1772
393	08:18:22	60.10	6499	1639	1771
394	08:19:22	60.09	6499	1639	1770
395	08:20:22	60.04	6499	1638	1769
396	08:21:22	60.12	6499	1636	1768
397	08:22:22	60.11	6499	1635	1767
398	08:23:22	60.11	6499	1634	1766
399	08:24:23	60.12	6499	1633	1765
400	08:25:23	60.11	6499	1632	1764
401	08:26:23	39.58	6499	1632	1763
402	08:27:02	60.10	6499	1631	1762
403	08:28:02	60.11	6499	1630	1761
404	08:29:03	60.12	6499	1629	1760
405	08:30:03	60.12	6499	1628	1759
406	08:31:03	60.11	6499	1627	1758
407	08:32:03	60.12	6499	1626	1757
408	08:33:03	60.10	6499	1625	1757
409	08:34:03	60.11	6499	1624	1756
410	08:35:03	60.12	6499	1623	1755
411	08:36:03	60.11	6499	1622	1754
412	08:37:04	60.10	6499	1621	1753
413	08:38:04	60.11	6499	1620	1752
414	08:39:04	32.97	6499	1619	1751
415	08:39:37	20.76	6499	1619	1751
416	08:39:57	60.48	6499	1618	1750
417	08:40:58	60.11	6499	1617	1749
418	08:41:58	60.12	6499	1616	1748
419	08:42:58	58.59	6499	1615	1747
420	08:43:57	60.14	6499	1614	1746
421	08:44:57	10.26	6499	1613	1746
422	08:45:07	60.12	6499	1613	1745
423	08:46:07	60.11	6499	1612	1744
424	08:47:07	60.11	6499	1611	1743
425	08:48:08	60.12	6499	1610	1742
426	08:49:08	60.11	6499	1609	1741
427	08:50:08	60.12	6499	1607	1740
428	08:51:08	60.10	6499	1606	1739
429	08:52:08	60.11	6499	1605	1738
430	08:53:08	60.13	6499	1604	1737
431	08:54:08	60.11	6499	1603	1736
432	08:55:08	60.11	6499	1602	1735
433	08:56:08	60.11	6499	1601	1734
434	08:57:09	60.11	6499	1600	1733
435	08:58:09	60.11	6499	1599	1732
436	08:59:09	60.11	6499	1598	1731
437	09:00:09	60.11	6499	1597	1730
438	09:01:09	60.12	6499	1596	1729
439	09:02:09	60.11	6499	1595	1728
440	09:03:09	60.11	6499	1594	1727
441	09:04:09	60.12	6499	1593	1726
442	09:05:09	60.11	6499	1592	1725
443	09:06:10	60.11	6499	1591	1724
444	09:07:10	60.11	6499	1590	1723
445	09:08:10	60.12	6499	1589	1722
446	09:09:10	60.11	6499	1588	1721
447	09:10:10	60.11	6499	1586	1720
448	09:11:10	60.12	6499	1585	1719
449	09:12:10	60.10	6499	1584	1718
450	09:13:10	20.91	6499	1584	1718
451	09:13:31	60.23	6499	1583	1717
452	09:14:31	60.12	6499	1582	1716
453	09:15:32	60.12	6499	1581	1715
454	09:16:32	60.11	6499	1580	1714
455	09:17:32	60.11	6499	1579	1713
456	09:18:32	60.12	6499	1578	1712
457	09:19:32	60.10	6499	1577	1711
458	09:20:32	60.05	6499	1576	1710
459	09:21:32	60.12	6499	1575	1709
460	09:22:32	60.12	6499	1574	1708
461	09:23:32	60.11	6499	1573	1707
462	09:24:33	60.11	6499	1572	1706
463	09:25:33	60.11	6499	1571	1705
464	09:26:33	60.14	6499	1570	1704
465	09:27:33	60.11	6499	1569	1704
466	09:28:33	60.11	6499	1568	1703
467	09:29:33	60.10	6499	1567	1702
468	09:30:33	60.11	6499	1566	1701
469	09:31:33	60.12	6499	1565	1700
470	09:32:33	60.10	6499	1564	1699
471	09:33:34	60.11	6499	1563	1698
472	09:34:34	60.11	6499	1562	1697
473	09:35:34	60.12	6499	1561	1696
474	09:36:34	26.81	6499	1560	1695
475	09:37:01	28.43	6499	1560	1695
476	09:37:29	60.47	6499	1559	1694
477	09:38:30	60.12	6499	1558	1693
478	09:39:30	53.12	6499	1557	1692
479	09:40:23	60.09	6499	1556	1692
480	09:41:23	60.10	6499	1555	1691
481	09:42:23	60.13	6499	1554	1690
482	09:43:23	60.11	6499	1553	1689
483	09:44:23	60.10	6499	1553	1688
484	09:45:23	60.11	6499	1552	1687
485	09:46:23	60.10	6499	1551	1686
486	09:47:24	60.12	6499	1550	1685
487	09:48:24	60.10	6499	1549	1684
488	09:49:24	10.26	6499	1548	1684
489	09:49:34	60.11	6499	1547	1683
490	09:50:34	60.11	6499	1546	1682
491	09:51:34	60.13	6499	1545	1681
492	09:52:34	60.10	6499	1544	1680
493	09:53:35	60.11	6499	1544	1679
494	09:54:35	60.11	6499	1543	1679
495	09:55:35	60.10	6499	1542	1678
496	09:56:35	60.10	6499	1541	1677
497	09:57:35	60.11	6499	1540	1676
498	09:58:35	60.12	6499	1539	1675
499	09:59:35	60.12	6499	1538	1674
500	10:00:35	60.11	6499	1537	1673
501	10:01:35	60.11	6499	1536	1672
502	10:02:36	60.12	6499	1535	1671
503	10:03:36	60.12	6499	1534	1670
504	10:04:36	60.11	6499	1533	1670
505	10:05:36	60.11	6499	1532	1669
506	10:06:36	60.12	6499	1531	1668
507	10:07:36	60.12	6499	1530	1667
508	10:08:36	60.12	6499	1529	1666
509	10:09:36	60.12	6499	1528	1665
510	10:10:36	60.12	6499	1527	1664
511	10:11:37	60.11	6499	1526	1663
512	10:12:37	60.12	6499	1525	1662
513	10:13:37	60.11	6499	1525	1662
514	10:14:37	60.11	6499	1524	1661
515	10:15:37	60.12	6499	1523	1660
516	10:16:37	60.12	6499	1522	1659
517	10:17:37	60.12	6499	1521	1658
518	10:18:37	60.12	6499	1520	1657
519	10:19:38	55.55	6499	1519	1656
520	10:20:33	27.39	6499	1519	1656
521	10:21:00	60.51	6499	1518	1655
522	10:22:01	60.12	6499	1517	1654
523	10:23:01	60.11	6499	1516	1653
524	10:24:01	60.13	6499	1515	1652
525	10:25:01	60.12	6499	1514	1652
526	10:26:01	60.11	6499	1513	1651
527	10:27:02	33.94	6499	1513	1650
528	10:27:35	60.21	6499	1512	1649
529	10:28:36	60.11	6499	1511	1649
530	10:29:36	60.11	6499	1510	1648
531	10:30:36	60.11	6499	1509	1647
532	10:31:36	60.11	6499	1508	1646
533	10:32:36	60.10	6499	1507	1645
534	10:33:36	60.12	6499	1506	1644
535	10:34:36	19.55	6499	1506	1644
536	10:34:56	60.36	6499	19.05	20.79
537	10:35:56	60.12	6499	0	0
538	10:36:56	60.11	6499	0	0
539	10:37:57	60.10	6499	0	0
540	10:38:57	60.11	6501	0	0
541	10:39:57	39.80	6501	0	0
Created by AtlRunQuery on: 2018-12-09 16:17:14.619609
