LHC beam energy and intensities during run 338183:
(Begin/end of run: Fri Oct 13 2017 19:08:29 − Sat Oct 14, 11:33:18)

LB	   Start time
(CEST)	   Duration
(sec)	   Beam energy
(GeV)	   Intensity Beam-1
(1e11 protons)	   Intensity Beam-2
(1e11 protons)
1	19:08:29	60.10	59	0	0
2	19:09:29	60.12	59	0	0
3	19:10:30	60.11	59	0	0
4	19:11:30	60.12	59	0	0
5	19:12:30	42.66	59	0	0
6	19:13:12	21.45	59	0	0
7	19:13:34	60.38	59	0	0
8	19:14:34	60.12	59	0	0
9	19:15:34	60.11	59	0	0
10	19:16:35	47.86	59	0	0
11	19:17:22	60.09	59	0	0
12	19:18:23	60.13	59	0	0
13	19:19:23	60.11	59	0	0
14	19:20:23	60.29	59	0	0
15	19:21:23	60.11	59	0	0
16	19:22:23	60.11	59	0	0
17	19:23:23	60.12	59	0	0
18	19:24:23	60.12	59	0	0
19	19:25:24	60.11	59	0	0
20	19:26:24	60.12	59	0	0
21	19:27:24	60.11	59	0	0
22	19:28:24	60.12	59	0	0
23	19:29:24	60.12	59	0	0
24	19:30:24	60.11	59	0	0
25	19:31:24	60.12	59	0	0
26	19:32:24	60.12	59	0	0
27	19:33:24	60.12	59	0	0
28	19:34:25	60.11	59	0	0
29	19:35:25	60.13	59	0	0
30	19:36:25	60.12	59	0	0
31	19:37:25	60.10	59	0	0
32	19:38:25	60.11	59	0	0
33	19:39:25	60.12	59	0	0
34	19:40:25	60.13	59	0	0
35	19:41:25	60.11	59	0	0
36	19:42:25	60.11	59	0	0
37	19:43:26	60.12	136	0	0
38	19:44:26	60.11	450	0	0
39	19:45:26	43.05	450	0	0
40	19:46:09	26.27	449	0	0
41	19:46:35	30.93	450	0	0
42	19:47:06	60.32	450	0	0
43	19:48:06	60.11	450	0	0
44	19:49:07	60.12	450	0	0
45	19:50:07	60.11	450	0	0
46	19:51:07	60.10	450	0	0
47	19:52:07	60.12	449	0	0
48	19:53:07	60.13	450	0	0
49	19:54:07	60.12	450	0	0.01925
50	19:55:07	60.11	450	0.04503	0.07457
51	19:56:07	60.12	450	0.07722	0.07452
52	19:57:07	60.11	450	0.07716	0.07446
53	19:58:08	60.12	450	0.0429	0.04141
54	19:59:08	60.12	450	0	0
55	20:00:08	60.12	450	0.01145	0
56	20:01:08	60.10	450	0.07635	0.04044
57	20:02:08	60.11	450	0.07627	0.08586
58	20:03:08	60.12	450	0.07619	0.08583
59	20:04:08	60.12	450	0.07577	0.08482
60	20:05:08	60.12	450	0.07573	0.08477
61	20:06:08	60.11	450	0.07561	0.08469
62	20:07:09	60.12	450	0.07537	0.08452
63	20:08:09	60.12	450	0.07466	0.08365
64	20:09:09	60.12	450	0.07375	0.08271
65	20:10:09	60.12	450	0.07323	0.0822
66	20:11:09	60.12	450	0.07279	0.08176
67	20:12:09	60.11	450	0.07241	0.08138
68	20:13:09	60.12	450	0.07206	0.08104
69	20:14:09	60.11	450	0.07173	0.08072
70	20:15:10	60.12	450	0.07142	0.08042
71	20:16:10	60.12	450	0.07112	0.08015
72	20:17:10	60.11	450	0.07083	0.07988
73	20:18:10	60.11	450	0.07055	0.07963
74	20:19:10	60.11	449	0.07028	0.07939
75	20:20:10	60.07	450	0.07002	0.07916
76	20:21:10	60.11	450	0.06977	0.07893
77	20:22:10	60.12	450	3.469	0.07872
78	20:23:10	60.11	450	13.84	8.039
79	20:24:10	60.11	450	13.83	13.95
80	20:25:11	60.12	450	13.83	13.95
81	20:26:11	60.10	450	13.82	20.64
82	20:27:11	60.11	450	33.17	53.18
83	20:28:11	60.11	450	74.43	53.16
84	20:29:11	60.12	450	205	125.5
85	20:30:11	60.12	450	325.8	224.8
86	20:31:11	60.11	450	423.8	363.4
87	20:32:11	60.12	450	519.4	477.9
88	20:33:11	60.12	450	628.8	562.5
89	20:34:12	60.10	450	738.5	637.8
90	20:35:12	60.11	450	837.1	788.9
91	20:36:12	60.12	450	936.9	893.1
92	20:37:12	60.11	450	1090	992
93	20:38:12	60.13	450	1165	1098
94	20:39:12	60.13	449	1249	1208
95	20:40:12	60.12	450	1360	1305
96	20:41:12	60.12	450	1501	1404
97	20:42:13	60.12	449	1599	1520
98	20:43:13	60.11	450	1689	1658
99	20:44:13	60.11	450	1781	1736
100	20:45:13	60.11	450	1913	1817
101	20:46:13	60.11	450	2011	1945
102	20:47:13	60.12	450	2108	1945
103	20:48:13	60.11	450	2242	2014
104	20:49:13	60.12	450	2241	2219
105	20:50:13	60.10	450	2240	2252
106	20:51:14	60.11	450	2239	2251
107	20:52:14	60.11	450	2238	2249
108	20:53:14	24.32	450	2238	2248
109	20:53:38	10.89	450	2237	2248
110	20:53:49	60.22	450	2234	2244
111	20:54:49	60.11	450	2233	2242
112	20:55:49	60.11	450	2232	2241
113	20:56:49	60.11	450	2231	2239
114	20:57:50	60.12	450	2230	2238
115	20:58:50	60.12	455	2229	2236
116	20:59:50	60.12	518	2229	2235
117	21:00:50	60.11	653	2229	2234
118	21:01:50	47.47	854	2229	2233
119	21:02:37	60.22	1053	2229	2233
120	21:03:38	60.10	1380	2228	2233
121	21:04:38	60.12	1727	2228	2233
122	21:05:38	60.11	2074	2228	2233
123	21:06:38	60.11	2421	2228	2233
124	21:07:38	60.13	2769	2228	2233
125	21:08:38	60.12	3116	2228	2233
126	21:09:38	60.11	3464	2228	2233
127	21:10:38	60.11	3811	2228	2232
128	21:11:39	60.11	4164	2228	2232
129	21:12:39	60.13	4512	2228	2232
130	21:13:39	60.11	4859	2228	2232
131	21:14:39	60.12	5207	2227	2232
132	21:15:39	60.11	5554	2227	2232
133	21:16:39	60.13	5901	2227	2232
134	21:17:39	60.12	6249	2226	2232
135	21:18:39	14.22	6499	2225	2232
136	21:18:54	13.64	6499	2225	2232
137	21:19:07	60.31	6499	2225	2232
138	21:20:08	60.08	6499	2225	2232
139	21:21:08	60.10	6499	2225	2231
140	21:22:08	60.11	6499	2225	2231
141	21:23:08	60.11	6499	2225	2231
142	21:24:08	60.12	6499	2225	2231
143	21:25:08	60.10	6499	2225	2231
144	21:26:08	60.10	6499	2224	2231
145	21:27:08	60.13	6499	2224	2231
146	21:28:08	60.09	6499	2223	2231
147	21:29:09	60.11	6499	2223	2231
148	21:30:09	60.13	6499	2222	2231
149	21:31:09	60.13	6499	2222	2231
150	21:32:09	60.11	6499	2222	2231
151	21:33:09	60.12	6499	2222	2231
152	21:34:09	60.12	6499	2222	2230
153	21:35:09	60.12	6499	2221	2230
154	21:36:09	60.11	6499	2221	2230
155	21:37:09	58.93	6499	2220	2229
156	21:38:08	60.29	6499	2219	2229
157	21:39:09	60.10	6499	2219	2229
158	21:40:09	60.11	6499	2218	2229
159	21:41:09	50.49	6499	2216	2228
160	21:41:59	55.12	6499	2212	2226
161	21:42:55	18.05	6499	2209	2225
162	21:43:13	10.16	6499	2208	2225
163	21:43:23	60.27	6499	2206	2223
164	21:44:23	10.26	6499	2204	2222
165	21:44:33	15.01	6499	2203	2222
166	21:44:48	14.82	6499	2202	2221
167	21:45:03	16.08	6499	2201	2220
168	21:45:19	60.27	6499	2199	2219
169	21:46:19	60.13	6499	2196	2217
170	21:47:20	23.23	6499	2194	2216
171	21:47:43	60.17	6499	2191	2214
172	21:48:43	60.11	6499	2189	2213
173	21:49:43	60.10	6499	2186	2211
174	21:50:43	60.12	6499	2184	2209
175	21:51:43	60.13	6499	2181	2207
176	21:52:43	60.11	6499	2179	2205
177	21:53:44	60.11	6499	2177	2203
178	21:54:44	60.10	6499	2174	2202
179	21:55:44	29.30	6499	2173	2200
180	21:56:13	21.35	6499	2172	2200
181	21:56:34	10.22	6499	2171	2199
182	21:56:45	60.37	6499	2170	2198
183	21:57:45	18.95	6499	2168	2197
184	21:58:04	29.35	6499	2167	2196
185	21:58:33	36.99	6499	2166	2195
186	21:59:10	60.48	6499	2165	2194
187	22:00:11	60.11	6499	2162	2192
188	22:01:11	60.11	6499	2160	2190
189	22:02:11	10.27	6499	2159	2190
190	22:02:21	19.97	6499	2159	2189
191	22:02:41	14.09	6499	2158	2189
192	22:02:55	60.12	6499	2157	2187
193	22:03:55	10.27	6499	2156	2186
194	22:04:06	60.12	6499	2155	2185
195	22:05:06	56.58	6499	2153	2184
196	22:06:02	10.29	6499	2151	2183
197	22:06:13	60.37	6499	2150	2182
198	22:07:13	60.11	6499	2148	2180
199	22:08:13	60.11	6499	2147	2179
200	22:09:13	60.12	6499	2145	2177
201	22:10:13	29.19	6499	2143	2176
202	22:10:43	60.21	6499	2142	2175
203	22:11:43	29.31	6499	2140	2173
204	22:12:12	60.09	6499	2139	2172
205	22:13:12	48.94	6499	2137	2171
206	22:14:01	60.28	6499	2136	2169
207	22:15:01	60.11	6499	2134	2168
208	22:16:02	35.65	6499	2132	2167
209	22:16:37	53.52	6499	2131	2165
210	22:17:31	60.09	6499	2129	2164
211	22:18:31	25.57	6499	2128	2163
212	22:18:56	32.21	6499	2127	2162
213	22:19:29	60.16	6499	2126	2161
214	22:20:29	30.18	6499	2125	2160
215	22:20:59	60.18	6499	2123	2159
216	22:21:59	60.13	6499	2122	2157
217	22:22:59	10.27	6499	2121	2156
218	22:23:09	30.82	6499	2120	2156
219	22:23:40	60.08	6499	2119	2154
220	22:24:40	60.11	6499	2117	2153
221	22:25:40	60.10	6499	2116	2151
222	22:26:41	10.27	6499	2115	2151
223	22:26:51	60.10	6499	2114	2150
224	22:27:51	60.11	6499	2112	2148
225	22:28:51	20.36	6499	2111	2147
226	22:29:11	60.27	6499	2110	2146
227	22:30:12	60.10	6499	2108	2145
228	22:31:12	60.11	6499	2107	2143
229	22:32:12	60.11	6499	2105	2142
230	22:33:12	60.11	6499	2103	2140
231	22:34:12	60.10	6499	2102	2139
232	22:35:12	60.11	6499	2100	2137
233	22:36:12	60.10	6499	2098	2136
234	22:37:12	60.11	6499	2097	2134
235	22:38:13	60.11	6499	2095	2133
236	22:39:13	60.11	6499	2094	2131
237	22:40:13	60.11	6499	2092	2130
238	22:41:13	60.11	6499	2090	2128
239	22:42:13	60.11	6499	2089	2127
240	22:43:13	22.92	6499	2088	2126
241	22:43:36	60.24	6499	2087	2125
242	22:44:36	60.12	6499	2085	2123
243	22:45:36	51.90	6499	2084	2122
244	22:46:28	10.27	6499	2083	2121
245	22:46:39	60.03	6499	2082	2120
246	22:47:39	60.10	6499	2080	2119
247	22:48:39	60.10	6499	2079	2118
248	22:49:39	32.58	6499	2077	2116
249	22:50:11	52.78	6499	2076	2115
250	22:51:04	60.16	6499	2075	2114
251	22:52:04	24.35	6499	2074	2113
252	22:52:29	60.04	6499	2073	2112
253	22:53:29	31.49	6499	2071	2111
254	22:54:00	60.18	6499	2070	2110
255	22:55:00	60.10	6499	2069	2108
256	22:56:00	60.11	6499	2067	2107
257	22:57:01	60.11	6499	2066	2106
258	22:58:01	60.10	6499	2064	2104
259	22:59:01	39.97	6499	2063	2103
260	22:59:41	60.20	6499	2062	2102
261	23:00:41	60.13	6499	2060	2100
262	23:01:41	21.71	6499	2059	2099
263	23:02:03	60.19	6499	2058	2098
264	23:03:03	60.12	6499	2056	2097
265	23:04:03	60.10	6499	2055	2096
266	23:05:03	60.11	6499	2053	2094
267	23:06:03	60.11	6499	2052	2093
268	23:07:03	60.12	6499	2050	2091
269	23:08:04	60.12	6499	2049	2090
270	23:09:04	60.13	6499	2047	2088
271	23:10:04	60.11	6499	2046	2087
272	23:11:04	60.11	6499	2044	2086
273	23:12:04	60.12	6499	2043	2084
274	23:13:04	48.12	6499	2041	2083
275	23:13:52	60.07	6499	2040	2082
276	23:14:52	60.12	6499	2038	2080
277	23:15:52	60.10	6499	2037	2079
278	23:16:53	10.27	6499	2036	2078
279	23:17:03	35.62	6499	2035	2078
280	23:17:38	60.05	6499	2034	2076
281	23:18:39	47.00	6499	2033	2075
282	23:19:26	60.18	6499	2032	2074
283	23:20:26	45.34	6499	2030	2073
284	23:21:11	60.04	6499	2029	2071
285	23:22:11	60.11	6499	2027	2070
286	23:23:11	60.11	6499	2026	2069
287	23:24:11	60.12	6499	2024	2067
288	23:25:11	44.66	6499	2023	2066
289	23:25:56	60.04	6499	2022	2065
290	23:26:56	60.11	6499	2020	2063
291	23:27:56	60.11	6499	2019	2062
292	23:28:56	49.78	6499	2018	2061
293	23:29:46	60.18	6499	2016	2060
294	23:30:46	60.12	6499	2015	2058
295	23:31:46	60.11	6499	2013	2057
296	23:32:47	60.11	6499	2012	2055
297	23:33:47	60.11	6499	2010	2054
298	23:34:47	60.10	6499	2009	2052
299	23:35:47	60.11	6499	2007	2051
300	23:36:47	60.11	6499	2006	2050
301	23:37:47	60.11	6499	2005	2048
302	23:38:47	60.11	6499	2003	2047
303	23:39:47	60.12	6499	2002	2046
304	23:40:47	19.82	6499	2001	2045
305	23:41:07	60.08	6499	2000	2044
306	23:42:07	60.11	6499	1998	2042
307	23:43:07	60.11	6499	1997	2041
308	23:44:08	60.11	6499	1995	2039
309	23:45:08	60.11	6499	1994	2038
310	23:46:08	60.12	6499	1993	2037
311	23:47:08	60.11	6499	1991	2035
312	23:48:08	60.11	6499	1990	2034
313	23:49:08	60.11	6499	1988	2033
314	23:50:08	60.12	6499	1987	2032
315	23:51:08	60.11	6499	1986	2031
316	23:52:08	46.11	6499	1985	2030
317	23:52:55	60.07	6499	1984	2029
318	23:53:55	60.11	6499	1983	2028
319	23:54:55	10.27	6499	1982	2027
320	23:55:05	60.12	6499	1981	2026
321	23:56:05	60.12	6499	1980	2025
322	23:57:05	60.11	6499	1979	2023
323	23:58:05	18.47	6499	1978	2023
324	23:58:24	53.94	6499	1977	2022
325	23:59:18	60.08	6499	1976	2020
326	00:00:18	22.53	6499	1974	2019
327	00:00:40	33.07	6499	1974	2019
328	00:01:13	60.40	6499	1973	2018
329	00:02:14	60.11	6499	1971	2016
330	00:03:14	60.11	6499	1970	2015
331	00:04:14	60.12	6499	1968	2014
332	00:05:14	60.12	6499	1967	2012
333	00:06:14	39.19	6499	1966	2011
334	00:06:53	20.91	6499	1965	2011
335	00:07:14	13.18	6499	1965	2010
336	00:07:28	60.20	6499	1964	2009
337	00:08:28	60.10	6499	1962	2008
338	00:09:28	44.74	6499	1961	2007
339	00:10:13	55.02	6499	1960	2005
340	00:11:08	38.26	6499	1959	2004
341	00:11:46	60.09	6499	1957	2003
342	00:12:46	60.11	6499	1956	2002
343	00:13:46	60.12	6499	1955	2001
344	00:14:46	60.11	6499	1953	1999
345	00:15:46	60.12	6499	1952	1998
346	00:16:46	60.11	6499	1950	1997
347	00:17:47	60.11	6499	1949	1995
348	00:18:47	60.11	6499	1948	1994
349	00:19:47	60.09	6499	1946	1992
350	00:20:47	37.85	6499	1945	1991
351	00:21:25	21.48	6499	1944	1991
352	00:21:46	43.07	6499	1944	1990
353	00:22:29	60.15	6499	1942	1989
354	00:23:29	54.87	6499	1941	1987
355	00:24:24	60.08	6499	1940	1986
356	00:25:24	60.12	6499	1938	1985
357	00:26:24	60.11	6499	1937	1984
358	00:27:25	42.25	6499	1936	1982
359	00:28:07	60.18	6499	1935	1981
360	00:29:07	60.11	6499	1933	1980
361	00:30:07	60.11	6499	1932	1979
362	00:31:07	10.27	6499	1931	1978
363	00:31:17	60.10	6499	1930	1977
364	00:32:18	60.11	6499	1929	1976
365	00:33:18	60.10	6499	1927	1974
366	00:34:18	60.12	6499	1926	1973
367	00:35:18	60.11	6499	1925	1972
368	00:36:18	60.12	6499	1923	1970
369	00:37:18	60.12	6499	1922	1969
370	00:38:18	60.12	6499	1921	1968
371	00:39:18	60.12	6499	1919	1967
372	00:40:18	60.11	6499	1918	1965
373	00:41:19	11.80	6499	1917	1965
374	00:41:30	46.86	6499	1916	1964
375	00:42:17	60.29	6499	1915	1963
376	00:43:18	60.12	6499	1914	1961
377	00:44:18	10.27	6499	1913	1961
378	00:44:28	60.38	6499	1912	1960
379	00:45:28	60.10	6499	1911	1959
380	00:46:28	60.11	6499	1910	1957
381	00:47:29	22.59	6499	1909	1956
382	00:47:51	60.32	6499	1908	1956
383	00:48:51	25.73	6499	1907	1955
384	00:49:17	60.18	6499	1906	1954
385	00:50:17	60.12	6499	1905	1953
386	00:51:17	40.06	6499	1903	1951
387	00:51:58	60.13	6499	1902	1950
388	00:52:58	10.27	6499	1902	1950
389	00:53:08	60.10	6499	1901	1949
390	00:54:08	14.24	6499	1900	1948
391	00:54:22	30.92	6499	1900	1948
392	00:54:53	31.18	6499	1899	1947
393	00:55:24	60.41	6499	1898	1946
394	00:56:25	30.55	6499	1897	1945
395	00:56:55	10.28	6499	1896	1945
396	00:57:06	60.09	6499	1896	1944
397	00:58:06	60.12	6499	1894	1943
398	00:59:06	60.12	6499	1893	1941
399	01:00:06	28.41	6499	1892	1940
400	01:00:34	21.95	6499	1892	1940
401	01:00:56	60.34	6499	1891	1939
402	01:01:57	37.03	6499	1890	1938
403	01:02:34	60.16	6499	1889	1937
404	01:03:34	60.11	6499	1887	1936
405	01:04:34	10.27	6499	1887	1935
406	01:04:44	60.12	6499	1886	1934
407	01:05:44	42.95	6499	1885	1933
408	01:06:27	60.48	6499	1884	1932
409	01:07:28	60.11	6499	1882	1931
410	01:08:28	58.39	6499	1881	1930
411	01:09:26	60.05	6499	1880	1929
412	01:10:26	60.11	6499	1879	1927
413	01:11:26	60.11	6499	1878	1926
414	01:12:27	60.12	6499	1876	1925
415	01:13:27	60.11	6499	1875	1924
416	01:14:27	10.26	6499	1875	1923
417	01:14:37	60.37	6499	1874	1922
418	01:15:37	60.11	6499	1873	1921
419	01:16:37	60.11	6499	1871	1920
420	01:17:38	60.10	6499	1870	1919
421	01:18:38	23.14	6499	1869	1918
422	01:19:01	48.01	6499	1868	1917
423	01:19:49	60.28	6499	1867	1916
424	01:20:49	60.07	6499	1866	1915
425	01:21:49	39.20	6499	1865	1914
426	01:22:28	10.14	6499	1865	1913
427	01:22:39	22.29	6499	1864	1913
428	01:23:01	30.99	6499	1864	1912
429	01:23:32	60.51	6499	1863	1911
430	01:24:32	10.26	6499	1862	1911
431	01:24:43	34.85	6499	1862	1910
432	01:25:17	60.11	6499	1861	1909
433	01:26:18	60.11	6499	1859	1908
434	01:27:18	24.79	6499	1858	1907
435	01:27:42	60.12	6499	1858	1906
436	01:28:43	60.12	6499	1856	1905
437	01:29:43	60.11	6499	1855	1904
438	01:30:43	60.11	6499	1854	1903
439	01:31:43	60.12	6499	1853	1902
440	01:32:43	60.11	6499	1851	1900
441	01:33:43	60.10	6499	1850	1899
442	01:34:43	60.11	6499	1849	1898
443	01:35:43	60.11	6499	1848	1897
444	01:36:43	60.12	6499	1847	1896
445	01:37:44	60.11	6499	1845	1895
446	01:38:44	60.12	6499	1844	1893
447	01:39:44	60.11	6499	1843	1892
448	01:40:44	60.11	6499	1842	1891
449	01:41:44	60.12	6499	1841	1890
450	01:42:44	60.11	6499	1839	1889
451	01:43:44	60.12	6499	1838	1888
452	01:44:44	43.43	6499	1837	1887
453	01:45:28	36.83	6499	1836	1886
454	01:46:05	60.48	6499	1835	1885
455	01:47:05	60.11	6499	1834	1884
456	01:48:05	60.11	6499	1833	1883
457	01:49:05	60.11	6499	1832	1881
458	01:50:05	60.13	6499	1831	1880
459	01:51:06	60.10	6499	1830	1879
460	01:52:06	60.10	6499	1828	1878
461	01:53:06	60.11	6499	1827	1877
462	01:54:06	60.11	6499	1826	1876
463	01:55:06	60.13	6499	1825	1875
464	01:56:06	60.11	6499	1824	1873
465	01:57:06	60.11	6499	1822	1872
466	01:58:06	60.11	6499	1821	1871
467	01:59:06	60.11	6499	1820	1870
468	02:00:07	60.10	6499	1819	1869
469	02:01:07	60.12	6499	1818	1868
470	02:02:07	60.12	6499	1817	1866
471	02:03:07	39.38	6499	1816	1866
472	02:03:46	60.05	6499	1815	1865
473	02:04:46	60.11	6499	1813	1863
474	02:05:46	60.11	6499	1812	1862
475	02:06:47	60.12	6499	1811	1861
476	02:07:47	47.16	6499	1810	1860
477	02:08:34	60.03	6499	1809	1859
478	02:09:34	52.62	6499	1808	1858
479	02:10:27	39.25	6499	1807	1857
480	02:11:06	29.73	6499	1807	1857
481	02:11:35	60.24	6499	1806	1856
482	02:12:36	60.11	6499	1804	1855
483	02:13:36	60.12	6499	1803	1854
484	02:14:36	60.11	6499	1802	1853
485	02:15:36	60.11	6499	1801	1851
486	02:16:36	60.11	6499	1800	1850
487	02:17:36	60.11	6499	1799	1849
488	02:18:36	60.12	6499	1798	1848
489	02:19:37	60.10	6499	1796	1847
490	02:20:37	60.06	6499	1795	1846
491	02:21:37	60.11	6499	1794	1845
492	02:22:37	60.12	6499	1793	1844
493	02:23:37	60.12	6499	1792	1843
494	02:24:37	60.12	6499	1791	1841
495	02:25:37	60.11	6499	1790	1840
496	02:26:37	60.12	6499	1789	1839
497	02:27:37	60.11	6499	1787	1838
498	02:28:38	60.11	6499	1786	1837
499	02:29:38	60.11	6499	1785	1836
500	02:30:38	60.11	6499	1784	1835
501	02:31:38	60.11	6499	1783	1834
502	02:32:38	60.12	6499	1782	1833
503	02:33:38	60.11	6499	1781	1832
504	02:34:38	60.12	6499	1780	1831
505	02:35:38	38.03	6499	1779	1830
506	02:36:16	20.87	6499	1778	1829
507	02:36:37	60.40	6499	1778	1828
508	02:37:38	60.10	6499	1776	1827
509	02:38:38	60.11	6499	1775	1826
510	02:39:38	60.11	6499	1774	1825
511	02:40:38	60.11	6499	1773	1824
512	02:41:38	60.10	6499	1772	1823
513	02:42:38	60.11	6499	1771	1822
514	02:43:38	60.12	6499	1770	1821
515	02:44:38	60.12	6499	1769	1820
516	02:45:38	60.10	6499	1768	1819
517	02:46:39	60.11	6499	1767	1818
518	02:47:39	60.11	6499	1766	1817
519	02:48:39	30.61	6499	1765	1816
520	02:49:09	60.04	6499	1764	1815
521	02:50:09	60.11	6499	1763	1814
522	02:51:10	60.13	6499	1762	1813
523	02:52:10	60.11	6499	1761	1812
524	02:53:10	60.33	6499	1760	1811
525	02:54:10	60.26	6499	1759	1810
526	02:55:10	60.09	6499	1758	1809
527	02:56:11	60.23	6499	1757	1808
528	02:57:11	60.23	6499	1756	1807
529	02:58:11	60.11	6499	1755	1806
530	02:59:11	60.11	6499	1753	1805
531	03:00:11	60.11	6499	1752	1804
532	03:01:11	60.12	6499	1751	1803
533	03:02:11	60.12	6499	1750	1802
534	03:03:12	60.11	6499	1749	1801
535	03:04:12	60.10	6499	1748	1800
536	03:05:12	60.11	6499	1747	1799
537	03:06:12	60.12	6499	1746	1797
538	03:07:12	60.11	6499	1745	1796
539	03:08:12	60.10	6499	1744	1795
540	03:09:12	60.11	6499	1743	1794
541	03:10:12	60.11	6499	1742	1793
542	03:11:12	60.12	6499	1741	1792
543	03:12:13	60.12	6499	1740	1791
544	03:13:13	60.10	6499	1739	1790
545	03:14:13	10.27	6499	1738	1790
546	03:14:23	45.44	6499	1738	1789
547	03:15:08	60.27	6499	1737	1788
548	03:16:09	60.11	6499	1736	1787
549	03:17:09	60.10	6499	1735	1786
550	03:18:09	60.11	6499	1734	1785
551	03:19:09	60.11	6499	1733	1784
552	03:20:09	60.05	6499	1732	1783
553	03:21:09	60.10	6499	1731	1782
554	03:22:09	60.12	6499	1730	1781
555	03:23:09	60.10	6499	1729	1780
556	03:24:10	60.11	6499	1728	1779
557	03:25:10	60.11	6499	1727	1778
558	03:26:10	60.11	6499	1726	1777
559	03:27:10	60.12	6499	1725	1776
560	03:28:10	35.18	6499	1724	1776
561	03:28:45	24.57	6499	1723	1775
562	03:29:10	60.45	6499	1723	1775
563	03:30:10	60.12	6499	1722	1774
564	03:31:10	60.10	6499	1721	1773
565	03:32:10	60.11	6499	1720	1772
566	03:33:11	60.11	6499	1719	1771
567	03:34:11	60.12	6499	1718	1770
568	03:35:11	60.12	6499	1717	1769
569	03:36:11	60.12	6499	1716	1768
570	03:37:11	60.13	6499	1715	1767
571	03:38:11	60.11	6499	1714	1766
572	03:39:11	60.12	6499	1713	1765
573	03:40:11	60.11	6499	1712	1764
574	03:41:11	60.10	6499	1711	1763
575	03:42:12	60.10	6499	1710	1762
576	03:43:12	60.11	6499	1709	1761
577	03:44:12	60.12	6499	1708	1760
578	03:45:12	60.12	6499	1707	1759
579	03:46:12	60.12	6499	1706	1758
580	03:47:12	60.10	6499	1705	1757
581	03:48:12	60.12	6499	1704	1756
582	03:49:12	60.12	6499	1703	1755
583	03:50:12	60.10	6499	1702	1754
584	03:51:13	60.10	6499	1701	1753
585	03:52:13	60.11	6499	1700	1752
586	03:53:13	60.11	6499	1699	1751
587	03:54:13	60.09	6499	1698	1750
588	03:55:13	60.12	6499	1697	1749
589	03:56:13	60.12	6499	1696	1748
590	03:57:13	60.13	6499	1695	1747
591	03:58:13	60.11	6499	1694	1746
592	03:59:13	60.11	6499	1693	1745
593	04:00:14	60.11	6499	1692	1744
594	04:01:14	60.11	6499	1691	1743
595	04:02:14	60.09	6499	1690	1742
596	04:03:14	60.12	6499	1689	1741
597	04:04:14	60.12	6499	1688	1740
598	04:05:14	49.75	6499	1687	1739
599	04:06:04	37.04	6499	1686	1739
600	04:06:41	60.47	6499	1685	1738
601	04:07:41	60.12	6499	1684	1737
602	04:08:41	60.12	6499	1683	1736
603	04:09:42	60.11	6499	1682	1735
604	04:10:42	60.12	6499	1681	1733
605	04:11:42	60.12	6499	1679	1732
606	04:12:42	60.12	6499	1678	1731
607	04:13:42	29.79	6499	1678	1731
608	04:14:12	60.38	6499	1677	1730
609	04:15:12	10.27	6499	1676	1729
610	04:15:22	60.36	6499	1675	1728
611	04:16:23	60.11	6499	1674	1727
612	04:17:23	60.12	6499	1673	1726
613	04:18:23	60.11	6499	1672	1725
614	04:19:23	60.11	6499	1671	1724
615	04:20:23	60.04	6499	1670	1723
616	04:21:23	60.12	6499	1669	1722
617	04:22:23	60.11	6499	1668	1721
618	04:23:24	60.11	6499	1667	1720
619	04:24:24	60.11	6499	1666	1719
620	04:25:24	45.18	6499	1665	1718
621	04:26:09	35.99	6499	1664	1718
622	04:26:45	60.32	6499	1664	1717
623	04:27:45	42.51	6499	1663	1716
624	04:28:28	60.18	6499	1662	1715
625	04:29:28	60.12	6499	1661	1714
626	04:30:28	60.12	6499	1660	1713
627	04:31:28	60.11	6499	1659	1712
628	04:32:28	60.10	6499	1657	1711
629	04:33:28	60.11	6499	1656	1710
630	04:34:29	60.11	6499	1655	1709
631	04:35:29	60.11	6499	1654	1708
632	04:36:29	60.12	6499	1653	1707
633	04:37:29	60.11	6499	1652	1706
634	04:38:29	60.12	6499	1651	1705
635	04:39:29	60.11	6499	1650	1704
636	04:40:29	60.12	6499	1649	1703
637	04:41:29	60.12	6499	1648	1702
638	04:42:29	60.13	6499	1647	1701
639	04:43:30	60.12	6499	1646	1700
640	04:44:30	60.11	6499	1645	1699
641	04:45:30	60.11	6499	1644	1698
642	04:46:30	60.10	6499	1643	1697
643	04:47:30	60.11	6499	1642	1696
644	04:48:30	60.11	6499	1641	1695
645	04:49:30	60.11	6499	1640	1694
646	04:50:30	21.14	6499	1639	1693
647	04:50:51	60.26	6499	1638	1692
648	04:51:52	60.12	6499	1637	1691
649	04:52:52	60.10	6499	1636	1690
650	04:53:52	60.10	6499	1635	1689
651	04:54:52	60.11	6499	1634	1688
652	04:55:52	60.11	6499	1633	1688
653	04:56:52	60.11	6499	1632	1687
654	04:57:52	10.26	6499	1631	1686
655	04:58:03	43.37	6499	1631	1686
656	04:58:46	60.35	6499	1630	1685
657	04:59:46	60.11	6499	1629	1684
658	05:00:46	60.11	6499	1628	1683
659	05:01:47	60.11	6499	1627	1682
660	05:02:47	60.11	6499	1626	1681
661	05:03:47	60.12	6499	1625	1680
662	05:04:47	60.11	6499	1624	1679
663	05:05:47	60.12	6499	1623	1678
664	05:06:47	60.12	6499	1622	1677
665	05:07:47	60.12	6499	1621	1676
666	05:08:47	60.11	6499	1620	1675
667	05:09:48	60.11	6499	1619	1674
668	05:10:48	60.11	6499	1618	1673
669	05:11:48	44.83	6499	1617	1672
670	05:12:33	60.14	6499	1616	1671
671	05:13:33	10.13	6499	1615	1671
672	05:13:43	60.24	6499	1615	1670
673	05:14:43	60.12	6499	1614	1669
674	05:15:43	60.12	6499	1613	1669
675	05:16:43	60.11	6499	1612	1668
676	05:17:43	60.11	6499	1611	1667
677	05:18:44	60.12	6499	1610	1666
678	05:19:44	60.09	6499	1609	1665
679	05:20:44	60.07	6499	1608	1664
680	05:21:44	60.12	6499	1607	1663
681	05:22:44	60.09	6499	1606	1662
682	05:23:44	60.11	6499	1605	1661
683	05:24:44	60.10	6499	1604	1660
684	05:25:44	60.11	6499	1603	1659
685	05:26:44	60.11	6499	1602	1658
686	05:27:44	60.12	6499	1601	1657
687	05:28:45	60.10	6499	1600	1656
688	05:29:45	60.12	6499	1599	1655
689	05:30:45	41.27	6499	1598	1655
690	05:31:26	60.18	6499	1598	1654
691	05:32:26	48.85	6499	1597	1653
692	05:33:15	32.25	6499	1596	1652
693	05:33:47	60.53	6499	1595	1652
694	05:34:48	60.12	6499	1594	1651
695	05:35:48	60.11	6499	1593	1650
696	05:36:48	60.10	6499	1592	1649
697	05:37:48	60.12	6499	1592	1648
698	05:38:48	60.12	6499	1591	1647
699	05:39:48	60.11	6499	1590	1646
700	05:40:49	60.12	6499	1589	1645
701	05:41:49	60.12	6499	1588	1645
702	05:42:49	60.12	6499	1587	1644
703	05:43:49	60.12	6499	1586	1643
704	05:44:49	60.11	6499	1585	1642
705	05:45:49	14.30	6499	1585	1641
706	05:46:03	60.08	6499	1584	1641
707	05:47:04	17.37	6499	1583	1640
708	05:47:21	60.27	6499	1583	1640
709	05:48:21	60.14	6499	1582	1639
710	05:49:21	60.11	6499	1581	1638
711	05:50:21	60.11	6499	1580	1637
712	05:51:22	60.10	6499	1579	1636
713	05:52:22	60.10	6499	1578	1635
714	05:53:22	60.12	6499	1577	1634
715	05:54:22	60.11	6499	1576	1633
716	05:55:22	60.12	6499	1575	1632
717	05:56:22	60.11	6499	1574	1632
718	05:57:22	60.12	6499	1573	1631
719	05:58:22	60.10	6499	1572	1630
720	05:59:22	60.12	6499	1571	1629
721	06:00:23	60.11	6499	1570	1628
722	06:01:23	60.12	6499	1570	1627
723	06:02:23	60.10	6499	1569	1626
724	06:03:23	60.11	6499	1568	1625
725	06:04:23	60.12	6499	1567	1624
726	06:05:23	60.12	6499	1566	1624
727	06:06:23	60.12	6499	1565	1623
728	06:07:23	60.11	6499	1564	1622
729	06:08:23	60.11	6499	1563	1621
730	06:09:24	60.11	6499	1562	1620
731	06:10:24	60.11	6499	1561	1619
732	06:11:24	60.12	6499	1560	1618
733	06:12:24	60.10	6499	1559	1618
734	06:13:24	60.12	6499	1558	1617
735	06:14:24	60.11	6499	1557	1616
736	06:15:24	60.12	6499	1556	1615
737	06:16:24	60.12	6499	1556	1614
738	06:17:24	18.51	6499	1555	1614
739	06:17:43	36.17	6499	1555	1613
740	06:18:19	60.53	6499	1554	1612
741	06:19:20	60.11	6499	1553	1612
742	06:20:20	60.04	6499	1552	1611
743	06:21:20	60.12	6499	1551	1610
744	06:22:20	60.10	6499	1550	1609
745	06:23:20	60.12	6499	1549	1608
746	06:24:20	60.11	6499	1548	1607
747	06:25:20	60.11	6499	1548	1606
748	06:26:20	60.11	6499	1547	1606
749	06:27:21	60.11	6499	1546	1605
750	06:28:21	60.11	6499	1545	1604
751	06:29:21	60.11	6499	1544	1603
752	06:30:21	60.10	6499	1543	1602
753	06:31:21	60.10	6499	1542	1601
754	06:32:21	60.12	6499	1541	1601
755	06:33:21	60.11	6499	1540	1600
756	06:34:21	60.12	6499	1540	1599
757	06:35:21	60.09	6499	1539	1598
758	06:36:21	60.12	6499	1538	1597
759	06:37:22	60.12	6499	1537	1596
760	06:38:22	60.12	6499	1536	1596
761	06:39:22	60.12	6499	1535	1595
762	06:40:22	60.12	6499	1534	1594
763	06:41:22	60.10	6499	1534	1593
764	06:42:22	60.11	6499	1533	1592
765	06:43:22	60.13	6499	1532	1591
766	06:44:22	60.10	6499	1531	1591
767	06:45:23	60.11	6499	1530	1590
768	06:46:23	60.11	6499	1529	1589
769	06:47:23	60.11	6499	1528	1588
770	06:48:23	60.11	6499	1528	1587
771	06:49:23	60.12	6499	1527	1586
772	06:50:23	60.11	6499	1526	1586
773	06:51:23	60.12	6499	1525	1585
774	06:52:23	60.12	6499	1524	1584
775	06:53:23	60.13	6499	1523	1583
776	06:54:24	60.11	6499	1522	1582
777	06:55:24	60.12	6499	1522	1581
778	06:56:24	60.12	6499	1521	1581
779	06:57:24	47.27	6499	1520	1580
780	06:58:11	39.45	6499	1519	1579
781	06:58:51	60.32	6499	1519	1579
782	06:59:51	60.11	6499	1518	1578
783	07:00:51	60.12	6499	1517	1577
784	07:01:51	60.13	6499	1516	1576
785	07:02:51	60.11	6499	1515	1575
786	07:03:51	60.12	6499	1514	1575
787	07:04:52	60.11	6499	1513	1574
788	07:05:52	60.12	6499	1513	1573
789	07:06:52	60.12	6499	1512	1572
790	07:07:52	60.11	6499	1511	1571
791	07:08:52	60.12	6499	1510	1571
792	07:09:52	60.12	6499	1509	1570
793	07:10:52	60.11	6499	1508	1569
794	07:11:52	60.11	6499	1508	1568
795	07:12:52	60.10	6499	1507	1567
796	07:13:53	60.11	6499	1506	1567
797	07:14:53	60.11	6499	1505	1566
798	07:15:53	60.12	6499	1504	1565
799	07:16:53	60.12	6499	1503	1564
800	07:17:53	60.11	6499	1502	1563
801	07:18:53	60.11	6499	1502	1563
802	07:19:53	60.08	6499	1501	1562
803	07:20:53	60.10	6499	1500	1561
804	07:21:53	60.11	6499	1499	1560
805	07:22:54	60.12	6499	1498	1560
806	07:23:54	60.11	6499	1497	1559
807	07:24:54	60.12	6499	1496	1558
808	07:25:54	60.12	6499	1496	1557
809	07:26:54	60.12	6499	1495	1556
810	07:27:54	60.12	6499	1494	1556
811	07:28:54	60.13	6499	1493	1555
812	07:29:54	60.12	6499	1492	1554
813	07:30:55	60.10	6499	1491	1553
814	07:31:55	60.12	6499	1491	1552
815	07:32:55	60.11	6499	1490	1552
816	07:33:55	60.12	6499	1489	1551
817	07:34:55	60.10	6499	1488	1550
818	07:35:55	60.12	6499	1487	1549
819	07:36:55	60.13	6499	1486	1549
820	07:37:55	60.12	6499	1486	1548
821	07:38:55	60.11	6499	1485	1547
822	07:39:56	60.10	6499	1484	1546
823	07:40:56	60.09	6499	1483	1546
824	07:41:56	60.12	6499	1482	1545
825	07:42:56	60.11	6499	1482	1544
826	07:43:56	60.11	6499	1481	1543
827	07:44:56	60.11	6499	1480	1542
828	07:45:56	10.26	6499	1479	1542
829	07:46:06	45.65	6499	1479	1542
830	07:46:52	60.34	6499	1478	1541
831	07:47:52	60.11	6499	1478	1540
832	07:48:53	60.11	6499	1477	1540
833	07:49:53	60.12	6499	1476	1539
834	07:50:53	60.13	6499	1475	1538
835	07:51:53	60.11	6499	1474	1537
836	07:52:53	60.11	6499	1474	1536
837	07:53:53	60.11	6499	1473	1536
838	07:54:53	60.11	6499	1472	1535
839	07:55:53	60.13	6499	1471	1534
840	07:56:53	60.13	6499	1471	1533
841	07:57:54	60.10	6499	1470	1533
842	07:58:54	60.11	6499	1469	1532
843	07:59:54	60.11	6499	1468	1531
844	08:00:54	60.10	6499	1467	1531
845	08:01:54	60.13	6499	1467	1530
846	08:02:54	60.12	6499	1466	1529
847	08:03:54	60.12	6499	1465	1528
848	08:04:54	60.12	6499	1464	1528
849	08:05:55	60.12	6499	1464	1527
850	08:06:55	60.10	6499	1463	1526
851	08:07:55	60.11	6499	1462	1525
852	08:08:55	60.11	6499	1461	1525
853	08:09:55	60.11	6499	1461	1524
854	08:10:55	60.12	6499	1460	1523
855	08:11:55	60.12	6499	1459	1522
856	08:12:55	60.11	6499	1458	1522
857	08:13:55	60.11	6499	1457	1521
858	08:14:56	60.12	6499	1457	1520
859	08:15:56	60.13	6499	1456	1519
860	08:16:56	60.12	6499	1455	1519
861	08:17:56	60.12	6499	1454	1518
862	08:18:56	60.11	6499	1454	1517
863	08:19:56	60.07	6499	1453	1517
864	08:20:56	60.09	6499	1452	1516
865	08:21:56	60.11	6499	1451	1515
866	08:22:56	60.12	6499	1451	1514
867	08:23:57	60.12	6499	1450	1514
868	08:24:57	60.12	6499	1449	1513
869	08:25:57	60.11	6499	1448	1512
870	08:26:57	60.10	6499	1447	1511
871	08:27:57	60.11	6499	1447	1511
872	08:28:57	60.11	6499	1446	1510
873	08:29:57	60.12	6499	1445	1509
874	08:30:57	60.11	6499	1444	1508
875	08:31:57	60.13	6499	1444	1508
876	08:32:58	60.09	6499	1443	1507
877	08:33:58	60.10	6499	1442	1506
878	08:34:58	10.26	6499	1442	1506
879	08:35:08	45.39	6499	1441	1506
880	08:35:53	60.33	6499	1441	1505
881	08:36:54	60.12	6499	1440	1504
882	08:37:54	60.12	6499	1439	1504
883	08:38:54	60.12	6499	1438	1503
884	08:39:54	60.11	6499	1437	1502
885	08:40:54	60.12	6499	1437	1501
886	08:41:54	60.12	6499	1436	1501
887	08:42:54	60.11	6499	1435	1500
888	08:43:55	60.12	6499	1434	1499
889	08:44:55	60.11	6499	1434	1499
890	08:45:55	60.11	6499	1433	1498
891	08:46:55	60.11	6499	1432	1497
892	08:47:55	60.12	6499	1431	1496
893	08:48:55	60.13	6499	1431	1496
894	08:49:55	60.11	6499	1430	1495
895	08:50:55	60.12	6499	1429	1494
896	08:51:55	60.10	6499	1428	1494
897	08:52:56	60.11	6499	1428	1493
898	08:53:56	60.11	6499	1427	1492
899	08:54:56	60.12	6499	1426	1491
900	08:55:56	60.12	6499	1425	1491
901	08:56:56	60.11	6499	1425	1490
902	08:57:56	60.12	6499	1424	1489
903	08:58:56	60.12	6499	1423	1489
904	08:59:56	60.11	6499	1423	1488
905	09:00:56	60.12	6499	1422	1487
906	09:01:57	60.10	6499	1421	1487
907	09:02:57	60.13	6499	1420	1486
908	09:03:57	60.11	6499	1420	1485
909	09:04:57	60.10	6499	1419	1485
910	09:05:57	60.11	6499	1418	1484
911	09:06:57	30.81	6499	1418	1483
912	09:07:28	27.14	6499	1418	1483
913	09:07:55	60.50	6499	1417	1483
914	09:08:56	60.11	6499	1416	1482
915	09:09:56	60.11	6499	1416	1481
916	09:10:56	60.12	6499	1415	1481
917	09:11:56	60.11	6499	1414	1480
918	09:12:56	60.12	6499	1414	1479
919	09:13:56	60.12	6499	1413	1479
920	09:14:56	60.12	6499	1412	1478
921	09:15:56	60.12	6499	1411	1477
922	09:16:57	60.11	6499	1411	1477
923	09:17:57	60.11	6499	1410	1476
924	09:18:57	60.12	6499	1409	1475
925	09:19:57	60.08	6499	1409	1475
926	09:20:57	60.09	6499	1408	1474
927	09:21:57	60.11	6499	1407	1473
928	09:22:57	60.10	6499	1406	1473
929	09:23:57	60.12	6499	1406	1472
930	09:24:57	60.12	6499	1405	1471
931	09:25:57	60.12	6499	1404	1471
932	09:26:58	60.12	6499	1404	1470
933	09:27:58	60.11	6499	1403	1469
934	09:28:58	60.11	6499	1402	1469
935	09:29:58	60.11	6499	1401	1468
936	09:30:58	60.11	6499	1401	1467
937	09:31:58	60.12	6499	1400	1467
938	09:32:58	60.10	6499	1399	1466
939	09:33:58	60.10	6499	1399	1465
940	09:34:58	60.12	6499	1398	1465
941	09:35:59	60.12	6499	1397	1464
942	09:36:59	60.12	6499	1397	1463
943	09:37:59	60.10	6499	1396	1463
944	09:38:59	60.11	6499	1395	1462
945	09:39:59	60.12	6499	1394	1461
946	09:40:59	60.12	6499	1394	1461
947	09:41:59	60.11	6499	1393	1460
948	09:42:59	60.12	6499	1392	1459
949	09:44:00	60.12	6499	1392	1459
950	09:45:00	60.11	6499	1391	1458
951	09:46:00	60.11	6499	1390	1457
952	09:47:00	60.11	6499	1389	1457
953	09:48:00	60.12	6499	1389	1456
954	09:49:00	60.12	6499	1388	1455
955	09:50:00	60.11	6499	1387	1455
956	09:51:00	60.11	6499	1387	1454
957	09:52:00	60.26	6499	1386	1454
958	09:53:01	60.10	6499	1385	1453
959	09:54:01	60.12	6499	1385	1452
960	09:55:01	60.11	6499	1384	1451
961	09:56:01	60.11	6499	1383	1451
962	09:57:01	60.11	6499	1382	1450
963	09:58:01	60.12	6499	1382	1449
964	09:59:01	60.11	6499	1381	1449
965	10:00:01	60.12	6499	1380	1448
966	10:01:02	60.11	6499	1379	1447
967	10:02:02	60.11	6499	1379	1447
968	10:03:02	60.12	6499	1378	1446
969	10:04:02	60.11	6499	1377	1445
970	10:05:02	60.11	6499	1377	1444
971	10:06:02	60.12	6499	1376	1444
972	10:07:02	60.12	6499	1375	1443
973	10:08:02	60.11	6499	1374	1442
974	10:09:03	60.11	6499	1374	1442
975	10:10:03	60.11	6499	1373	1441
976	10:11:03	60.10	6499	1372	1440
977	10:12:03	60.11	6499	1371	1440
978	10:13:03	60.10	6499	1371	1439
979	10:14:03	60.12	6499	1370	1438
980	10:15:03	60.12	6499	1369	1437
981	10:16:03	60.12	6499	1368	1437
982	10:17:03	60.11	6499	1368	1436
983	10:18:04	60.11	6499	1367	1435
984	10:19:04	60.11	6499	1366	1435
985	10:20:04	60.07	6499	1365	1434
986	10:21:04	60.09	6499	1365	1433
987	10:22:04	60.12	6499	1364	1433
988	10:23:04	60.11	6499	1363	1432
989	10:24:04	10.27	6499	1363	1432
990	10:24:14	12.24	6499	1363	1431
991	10:24:27	60.15	6499	1362	1431
992	10:25:27	60.11	6499	1361	1430
993	10:26:27	60.12	6499	1361	1430
994	10:27:27	60.12	6499	1360	1429
995	10:28:27	60.12	6499	1359	1428
996	10:29:27	60.12	6499	1358	1428
997	10:30:27	60.11	6499	1358	1427
998	10:31:27	60.11	6499	1357	1426
999	10:32:28	60.11	6499	1356	1426
1000	10:33:28	23.16	6499	1356	1425
1001	10:33:51	35.43	6499	1355	1425
1002	10:34:26	60.37	6499	1355	1424
1003	10:35:27	60.11	6499	1354	1423
1004	10:36:27	60.12	6499	1353	1423
1005	10:37:27	60.11	6499	1353	1422
1006	10:38:27	60.12	6499	1352	1421
1007	10:39:27	60.10	6499	1351	1421
1008	10:40:27	60.12	6499	1351	1420
1009	10:41:27	60.12	6499	1350	1419
1010	10:42:27	60.11	6499	1349	1419
1011	10:43:28	60.11	6499	1348	1418
1012	10:44:28	60.12	6499	1348	1417
1013	10:45:28	60.12	6499	1347	1417
1014	10:46:28	60.13	6499	1346	1416
1015	10:47:28	60.12	6499	1345	1415
1016	10:48:28	60.12	6499	1345	1415
1017	10:49:28	60.12	6499	1344	1414
1018	10:50:28	60.12	6499	1343	1414
1019	10:51:28	60.11	6499	1343	1413
1020	10:52:29	60.11	6499	1342	1412
1021	10:53:29	60.10	6499	1341	1412
1022	10:54:29	60.12	6499	1340	1411
1023	10:55:29	60.10	6499	1340	1410
1024	10:56:29	60.11	6499	1339	1410
1025	10:57:29	60.12	6499	1338	1409
1026	10:58:29	60.12	6499	1338	1408
1027	10:59:29	60.12	6499	1337	1408
1028	11:00:30	60.11	6499	1336	1407
1029	11:01:30	60.11	6499	1336	1406
1030	11:02:30	60.12	6499	1335	1406
1031	11:03:30	60.11	6499	1334	1405
1032	11:04:30	60.11	6499	1334	1405
1033	11:05:30	60.11	6499	1333	1404
1034	11:06:30	14.61	6499	1332	1404
1035	11:06:45	60.27	6499	1332	1403
1036	11:07:45	10.27	6499	1332	1403
1037	11:07:55	60.12	6499	1331	1403
1038	11:08:55	60.11	6499	1331	1402
1039	11:09:56	60.12	6499	1330	1402
1040	11:10:56	60.13	6499	1330	1401
1041	11:11:56	60.11	6499	1329	1400
1042	11:12:56	60.11	6499	1328	1400
1043	11:13:56	60.12	6499	1328	1399
1044	11:14:56	60.12	6499	1327	1399
1045	11:15:56	60.12	6499	1326	1398
1046	11:16:56	60.10	6499	1326	1397
1047	11:17:56	60.12	6499	1325	1397
1048	11:18:57	60.12	6499	1324	1396
1049	11:19:57	60.07	6499	1324	1395
1050	11:20:57	60.09	6499	1323	1395
1051	11:21:57	60.12	6499	1322	1394
1052	11:22:57	60.12	6499	1321	1394
1053	11:23:57	60.11	6499	1321	1393
1054	11:24:57	60.12	6499	1320	1392
1055	11:25:57	15.21	6499	1320	1392
1056	11:26:13	60.41	6499	0	11.62
1057	11:27:13	60.11	6499	0	0
1058	11:28:13	60.12	6499	0	0
1059	11:29:13	60.12	6501	0	0
1060	11:30:13	60.11	6501	0	0
1061	11:31:13	60.12	6501	0	0
1062	11:32:14	64.23	6501	0	0
Created by AtlRunQuery on: 2018-12-09 19:01:16.165478
