LHC beam energy and intensities during run 338377:
(Begin/end of run: Tue Oct 17 2017 09:09:21 − 23:27:26)

LB	   Start time
(CEST)	   Duration
(sec)	   Beam energy
(GeV)	   Intensity Beam-1
(1e11 protons)	   Intensity Beam-2
(1e11 protons)
1	09:09:21	60.10	449	1412	1666
2	09:10:22	60.12	450	1546	1744
3	09:11:22	60.12	450	1571	1742
4	09:12:22	44.34	449	1688	1741
5	09:13:06	11.79	450	1730	1774
6	09:13:18	10.23	450	1730	1862
7	09:13:28	10.27	450	1730	1861
8	09:13:38	45.98	449	1805	1861
9	09:14:24	60.48	449	1848	2012
10	09:15:25	60.12	450	1919	2181
11	09:16:25	10.27	449	2006	2180
12	09:16:35	60.37	449	2005	2180
13	09:17:36	60.11	450	2003	2273
14	09:18:36	60.10	449	2184	2338
15	09:19:36	60.11	450	2321	2336
16	09:20:36	60.06	450	2319	2335
17	09:21:36	60.11	450	2318	2333
18	09:22:36	60.11	449	2316	2331
19	09:23:36	60.12	456	2314	2330
20	09:24:36	60.12	522	2314	2329
21	09:25:37	18.31	664	2314	2328
22	09:25:55	21.76	719	2312	2326
23	09:26:17	40.93	794	2312	2325
24	09:26:58	26.04	953	2312	2325
25	09:27:24	10.16	1070	2312	2325
26	09:27:34	25.42	1119	2312	2325
27	09:27:59	30.92	1251	2311	2325
28	09:28:30	60.38	1430	2311	2325
29	09:29:30	60.11	1777	2311	2325
30	09:30:31	60.12	2130	2311	2325
31	09:31:31	60.12	2478	2311	2325
32	09:32:31	60.11	2825	2311	2325
33	09:33:31	60.11	3173	2311	2325
34	09:34:31	60.13	3520	2311	2324
35	09:35:31	60.12	3867	2310	2324
36	09:36:31	60.12	4215	2310	2324
37	09:37:31	60.12	4562	2310	2324
38	09:38:31	60.11	4910	2310	2324
39	09:39:32	60.11	5263	2310	2324
40	09:40:32	60.10	5610	2310	2324
41	09:41:32	60.11	5958	2309	2324
42	09:42:32	60.10	6305	2308	2324
43	09:43:32	10.27	6499	2308	2324
44	09:43:42	18.89	6499	2308	2324
45	09:44:01	60.50	6499	2308	2323
46	09:45:02	60.11	6499	2308	2323
47	09:46:02	60.12	6499	2307	2323
48	09:47:02	60.11	6499	2307	2323
49	09:48:02	60.11	6499	2307	2323
50	09:49:02	60.12	6499	2307	2323
51	09:50:02	60.12	6499	2306	2323
52	09:51:02	60.11	6499	2306	2323
53	09:52:02	60.12	6499	2305	2323
54	09:53:03	60.11	6499	2305	2323
55	09:54:03	60.12	6499	2305	2323
56	09:55:03	60.11	6499	2305	2322
57	09:56:03	60.11	6499	2304	2322
58	09:57:03	60.11	6499	2304	2322
59	09:58:03	60.12	6499	2304	2322
60	09:59:03	60.12	6499	2304	2322
61	10:00:03	60.12	6499	2304	2322
62	10:01:04	60.12	6499	2304	2322
63	10:02:04	60.12	6499	2304	2322
64	10:03:04	60.11	6499	2303	2322
65	10:04:04	60.11	6499	2302	2321
66	10:05:04	58.32	6499	2301	2321
67	10:06:02	60.41	6499	2301	2321
68	10:07:03	60.12	6499	2300	2321
69	10:08:03	60.12	6499	2299	2320
70	10:09:03	17.60	6499	2296	2320
71	10:09:21	23.84	6499	2294	2319
72	10:09:44	18.60	6499	2293	2318
73	10:10:03	15.02	6499	2292	2318
74	10:10:18	22.82	6499	2291	2317
75	10:10:41	10.49	6499	2290	2316
76	10:10:51	10.07	6499	2289	2316
77	10:11:01	25.54	6499	2288	2315
78	10:11:27	10.27	6499	2288	2315
79	10:11:37	10.27	6499	2287	2314
80	10:11:47	19.31	6499	2286	2313
81	10:12:07	22.33	6499	2285	2312
82	10:12:29	60.03	6499	2282	2310
83	10:13:29	22.85	6499	2280	2309
84	10:13:52	10.20	6499	2279	2308
85	10:14:02	10.27	6499	2279	2307
86	10:14:12	15.07	6499	2278	2307
87	10:14:28	20.51	6499	2277	2306
88	10:14:48	32.66	6499	2276	2305
89	10:15:21	23.01	6499	2275	2304
90	10:15:44	12.37	6499	2274	2303
91	10:15:56	21.52	6499	2273	2303
92	10:16:18	18.51	6499	2272	2302
93	10:16:36	12.02	6499	2271	2301
94	10:16:48	17.12	6499	2271	2300
95	10:17:05	36.90	6499	2269	2299
96	10:17:42	31.66	6499	2268	2298
97	10:18:14	18.39	6499	2267	2297
98	10:18:32	10.04	6499	2266	2296
99	10:18:42	17.29	6499	2265	2295
100	10:19:00	34.18	6499	2264	2294
101	10:19:34	60.20	6499	2262	2292
102	10:20:34	27.85	6499	2260	2291
103	10:21:02	21.49	6499	2259	2290
104	10:21:23	26.01	6499	2258	2289
105	10:21:49	36.05	6499	2257	2288
106	10:22:25	13.99	6499	2256	2287
107	10:22:39	10.06	6499	2255	2286
108	10:22:49	42.47	6499	2254	2285
109	10:23:32	28.08	6499	2252	2284
110	10:24:00	55.09	6499	2251	2282
111	10:24:55	60.20	6499	2248	2280
112	10:25:55	60.12	6499	2246	2278
113	10:26:55	60.10	6499	2243	2275
114	10:27:55	60.11	6499	2241	2273
115	10:28:56	60.11	6499	2239	2271
116	10:29:56	60.10	6499	2236	2269
117	10:30:56	41.53	6499	2235	2267
118	10:31:37	60.41	6499	2233	2266
119	10:32:38	60.11	6499	2231	2264
120	10:33:38	39.66	6499	2229	2263
121	10:34:17	60.26	6499	2227	2261
122	10:35:18	60.11	6499	2226	2260
123	10:36:18	60.10	6499	2224	2258
124	10:37:18	10.27	6499	2223	2257
125	10:37:28	10.27	6499	2222	2257
126	10:37:38	10.27	6499	2222	2256
127	10:37:49	10.26	6499	2222	2256
128	10:37:59	12.18	6499	2221	2256
129	10:38:11	16.00	6499	2221	2255
130	10:38:27	16.86	6499	2220	2255
131	10:38:44	10.83	6499	2220	2254
132	10:38:55	10.18	6499	2219	2254
133	10:39:05	31.18	6499	2219	2253
134	10:39:36	24.49	6499	2218	2252
135	10:40:01	10.17	6499	2217	2252
136	10:40:11	25.74	6499	2217	2251
137	10:40:37	26.63	6499	2216	2250
138	10:41:03	13.21	6499	2215	2250
139	10:41:16	12.68	6499	2215	2249
140	10:41:29	20.53	6499	2214	2249
141	10:41:50	25.62	6499	2214	2248
142	10:42:15	16.15	6499	2213	2247
143	10:42:31	10.23	6499	2213	2247
144	10:42:42	10.58	6499	2212	2247
145	10:42:52	10.20	6499	2212	2246
146	10:43:02	33.40	6499	2211	2246
147	10:43:36	10.18	6499	2211	2245
148	10:43:46	13.95	6499	2210	2245
149	10:44:00	21.22	6499	2210	2244
150	10:44:21	21.51	6499	2209	2243
151	10:44:43	45.52	6499	2208	2242
152	10:45:28	16.00	6499	2207	2241
153	10:45:44	21.66	6499	2207	2241
154	10:46:06	10.15	6499	2206	2240
155	10:46:16	17.56	6499	2206	2240
156	10:46:34	10.48	6499	2205	2239
157	10:46:44	10.27	6499	2205	2239
158	10:46:54	17.36	6499	2205	2238
159	10:47:12	12.58	6499	2204	2238
160	10:47:24	18.01	6499	2204	2237
161	10:47:42	26.16	6499	2203	2237
162	10:48:08	10.27	6499	2203	2236
163	10:48:19	21.75	6499	2202	2236
164	10:48:40	23.76	6499	2201	2235
165	10:49:04	10.10	6499	2201	2235
166	10:49:14	10.27	6499	2201	2234
167	10:49:25	10.27	6499	2200	2234
168	10:49:35	10.26	6499	2200	2234
169	10:49:45	10.26	6499	2200	2233
170	10:49:55	17.23	6499	2199	2233
171	10:50:13	15.50	6499	2199	2232
172	10:50:28	15.77	6499	2198	2232
173	10:50:44	30.02	6499	2198	2231
174	10:51:14	17.62	6499	2197	2231
175	10:51:32	60.15	6499	2196	2230
176	10:52:32	36.15	6499	2195	2228
177	10:53:08	15.77	6499	2194	2228
178	10:53:24	39.09	6499	2193	2227
179	10:54:03	15.16	6499	2193	2226
180	10:54:18	16.20	6499	2192	2226
181	10:54:34	33.52	6499	2191	2225
182	10:55:08	60.23	6499	2190	2224
183	10:56:08	60.12	6499	2188	2222
184	10:57:08	50.71	6499	2187	2221
185	10:57:59	21.29	6499	2186	2220
186	10:58:20	34.02	6499	2185	2219
187	10:58:54	20.09	6499	2185	2218
188	10:59:14	26.93	6499	2184	2218
189	10:59:41	24.02	6499	2183	2217
190	11:00:05	26.00	6499	2183	2216
191	11:00:31	51.03	6499	2181	2215
192	11:01:22	27.02	6499	2180	2214
193	11:01:49	21.50	6499	2180	2213
194	11:02:11	28.74	6499	2179	2213
195	11:02:39	27.94	6499	2178	2212
196	11:03:07	19.37	6499	2178	2211
197	11:03:27	26.02	6499	2177	2211
198	11:03:53	26.01	6499	2176	2210
199	11:04:19	15.54	6499	2176	2210
200	11:04:34	21.63	6499	2175	2209
201	11:04:56	13.87	6499	2175	2209
202	11:05:10	26.01	6499	2174	2208
203	11:05:36	15.51	6499	2174	2208
204	11:05:51	18.07	6499	2173	2207
205	11:06:09	56.01	6499	2172	2206
206	11:07:05	46.48	6499	2171	2205
207	11:07:52	20.01	6499	2170	2204
208	11:08:12	60.21	6499	2169	2203
209	11:09:12	60.11	6499	2167	2201
210	11:10:12	53.22	6499	2166	2200
211	11:11:05	60.24	6499	2164	2198
212	11:12:06	60.10	6499	2163	2197
213	11:13:06	60.11	6499	2161	2195
214	11:14:06	56.37	6499	2160	2194
215	11:15:02	60.10	6499	2158	2192
216	11:16:02	60.11	6499	2157	2191
217	11:17:02	30.55	6499	2155	2189
218	11:17:33	10.26	6499	2155	2189
219	11:17:43	48.41	6499	2154	2188
220	11:18:32	25.85	6499	2153	2187
221	11:18:57	38.52	6499	2152	2186
222	11:19:36	26.67	6499	2152	2186
223	11:20:03	41.51	6499	2151	2185
224	11:20:44	60.19	6499	2149	2183
225	11:21:44	60.10	6499	2148	2182
226	11:22:44	60.11	6499	2146	2180
227	11:23:45	60.12	6499	2145	2179
228	11:24:45	60.11	6499	2143	2177
229	11:25:45	60.11	6499	2142	2176
230	11:26:45	29.70	6499	2141	2175
231	11:27:15	60.22	6499	2139	2173
232	11:28:15	60.11	6499	2138	2172
233	11:29:15	60.09	6499	2136	2170
234	11:30:15	60.08	6499	2135	2169
235	11:31:15	60.10	6499	2133	2167
236	11:32:15	60.12	6499	2132	2166
237	11:33:15	60.12	6499	2130	2164
238	11:34:15	60.12	6499	2129	2163
239	11:35:16	60.12	6499	2127	2162
240	11:36:16	60.10	6499	2126	2160
241	11:37:16	60.11	6499	2124	2158
242	11:38:16	50.35	6499	2123	2157
243	11:39:06	60.10	6499	2122	2156
244	11:40:06	60.12	6499	2120	2154
245	11:41:06	60.11	6499	2119	2153
246	11:42:07	60.11	6499	2117	2151
247	11:43:07	60.10	6499	2116	2150
248	11:44:07	10.26	6499	2115	2149
249	11:44:17	60.11	6499	2114	2148
250	11:45:17	60.11	6499	2112	2146
251	11:46:17	60.11	6499	2111	2145
252	11:47:17	60.11	6499	2109	2143
253	11:48:17	60.11	6499	2108	2142
254	11:49:18	10.26	6499	2107	2141
255	11:49:28	60.11	6499	2106	2140
256	11:50:28	60.10	6499	2105	2139
257	11:51:28	60.12	6499	2103	2137
258	11:52:28	60.11	6499	2102	2136
259	11:53:28	60.11	6499	2100	2134
260	11:54:28	60.12	6499	2099	2133
261	11:55:29	60.12	6499	2097	2132
262	11:56:29	60.11	6499	2096	2130
263	11:57:29	29.31	6499	2095	2129
264	11:57:58	60.10	6499	2094	2128
265	11:58:58	60.12	6499	2092	2126
266	11:59:58	60.11	6499	2091	2125
267	12:00:58	60.10	6499	2089	2124
268	12:01:58	39.72	6499	2088	2122
269	12:02:38	60.20	6499	2087	2121
270	12:03:38	24.31	6499	2086	2120
271	12:04:03	60.08	6499	2085	2119
272	12:05:03	30.45	6499	2084	2118
273	12:05:33	60.21	6499	2083	2117
274	12:06:33	60.12	6499	2081	2116
275	12:07:34	60.12	6499	2080	2114
276	12:08:34	60.11	6499	2078	2113
277	12:09:34	60.12	6499	2077	2111
278	12:10:34	15.43	6499	2076	2110
279	12:10:49	36.99	6499	2075	2110
280	12:11:26	18.50	6499	2075	2109
281	12:11:45	60.04	6499	2074	2108
282	12:12:45	60.11	6499	2072	2107
283	12:13:45	10.27	6499	2072	2106
284	12:13:55	14.14	6499	2071	2105
285	12:14:09	60.24	6499	2070	2105
286	12:15:10	60.10	6499	2069	2103
287	12:16:10	60.11	6499	2067	2102
288	12:17:10	60.13	6499	2066	2100
289	12:18:10	60.12	6499	2065	2099
290	12:19:10	59.48	6499	2063	2097
291	12:20:10	60.17	6499	2062	2096
292	12:21:10	60.10	6499	2060	2095
293	12:22:10	60.11	6499	2059	2093
294	12:23:10	60.12	6499	2058	2092
295	12:24:10	60.12	6499	2056	2090
296	12:25:10	60.11	6499	2055	2089
297	12:26:10	56.42	6499	2053	2088
298	12:27:07	60.04	6499	2052	2086
299	12:28:07	10.27	6499	2051	2085
300	12:28:17	60.11	6499	2050	2084
301	12:29:17	60.11	6499	2049	2083
302	12:30:17	47.01	6499	2048	2082
303	12:31:04	33.37	6499	2047	2081
304	12:31:38	60.13	6499	2046	2080
305	12:32:38	60.12	6499	2044	2078
306	12:33:38	60.12	6499	2043	2077
307	12:34:38	60.12	6499	2041	2076
308	12:35:38	60.11	6499	2040	2074
309	12:36:38	60.12	6499	2038	2073
310	12:37:38	15.86	6499	2038	2072
311	12:37:54	60.28	6499	2037	2071
312	12:38:55	60.12	6499	2035	2069
313	12:39:55	60.11	6499	2034	2068
314	12:40:55	60.11	6499	2032	2067
315	12:41:55	55.43	6499	2031	2065
316	12:42:50	60.27	6499	2030	2064
317	12:43:51	60.09	6499	2028	2062
318	12:44:51	60.11	6499	2027	2061
319	12:45:51	60.12	6499	2025	2060
320	12:46:51	60.11	6499	2024	2058
321	12:47:51	21.86	6499	2023	2057
322	12:48:13	60.04	6499	2022	2056
323	12:49:13	60.12	6499	2021	2055
324	12:50:13	53.50	6499	2019	2054
325	12:51:07	52.91	6499	2018	2052
326	12:51:59	60.15	6499	2017	2051
327	12:53:00	60.10	6499	2015	2050
328	12:54:00	48.79	6499	2014	2048
329	12:54:48	60.16	6499	2013	2047
330	12:55:49	20.35	6499	2012	2046
331	12:56:09	33.02	6499	2011	2045
332	12:56:42	24.02	6499	2011	2045
333	12:57:06	60.09	6499	2010	2044
334	12:58:06	60.11	6499	2008	2042
335	12:59:06	60.11	6499	2007	2041
336	13:00:06	13.73	6499	2006	2040
337	13:00:20	60.16	6499	2005	2039
338	13:01:20	60.12	6499	2004	2038
339	13:02:20	60.12	6499	2002	2036
340	13:03:20	60.13	6499	2001	2035
341	13:04:21	60.10	6499	1999	2034
342	13:05:21	60.11	6499	1998	2032
343	13:06:21	10.27	6499	1997	2032
344	13:06:31	25.59	6499	1997	2031
345	13:06:57	60.06	6499	1996	2030
346	13:07:57	60.10	6499	1994	2029
347	13:08:57	60.12	6499	1993	2027
348	13:09:57	60.11	6499	1992	2026
349	13:10:57	38.66	6499	1990	2025
350	13:11:36	60.26	6499	1989	2024
351	13:12:36	60.10	6499	1988	2022
352	13:13:36	60.10	6499	1987	2021
353	13:14:36	16.09	6499	1986	2020
354	13:14:52	60.28	6499	1985	2019
355	13:15:53	10.27	6499	1984	2018
356	13:16:03	60.12	6499	1983	2017
357	13:17:03	49.42	6499	1982	2016
358	13:17:52	45.58	6499	1981	2015
359	13:18:38	11.40	6499	1980	2014
360	13:18:49	49.51	6499	1979	2014
361	13:19:39	60.46	6499	1978	2012
362	13:20:39	30.58	6499	1977	2011
363	13:21:10	60.29	6499	1976	2010
364	13:22:10	10.26	6499	1975	2010
365	13:22:20	60.11	6499	1974	2009
366	13:23:21	60.11	6499	1973	2008
367	13:24:21	60.11	6499	1972	2006
368	13:25:21	60.12	6499	1970	2005
369	13:26:21	60.11	6499	1969	2004
370	13:27:21	37.97	6499	1968	2003
371	13:27:59	10.13	6499	1968	2002
372	13:28:09	60.10	6499	1967	2002
373	13:29:09	18.28	6499	1966	2001
374	13:29:27	60.10	6499	1966	2000
375	13:30:28	60.11	6499	1965	1999
376	13:31:28	19.73	6499	1964	1999
377	13:31:47	23.46	6499	1964	1998
378	13:32:11	60.49	6499	1963	1997
379	13:33:11	60.11	6499	1961	1996
380	13:34:11	56.09	6499	1960	1995
381	13:35:08	60.10	6499	1958	1993
382	13:36:08	48.91	6499	1957	1992
383	13:36:57	60.28	6499	1955	1991
384	13:37:57	60.11	6499	1954	1989
385	13:38:57	10.53	6499	1953	1988
386	13:39:07	34.75	6499	1952	1988
387	13:39:42	13.35	6499	1952	1987
388	13:39:56	60.09	6499	1950	1986
389	13:40:56	11.44	6499	1950	1985
390	13:41:07	60.20	6499	1949	1985
391	13:42:07	60.12	6499	1947	1983
392	13:43:07	10.27	6499	1946	1982
393	13:43:18	10.26	6499	1946	1982
394	13:43:28	34.21	6499	1945	1982
395	13:44:02	60.20	6499	1944	1980
396	13:45:02	10.27	6499	1943	1980
397	13:45:13	60.10	6499	1942	1979
398	13:46:13	60.12	6499	1941	1977
399	13:47:13	60.11	6499	1939	1976
400	13:48:13	60.11	6499	1938	1974
401	13:49:13	60.11	6499	1936	1973
402	13:50:13	26.11	6499	1935	1972
403	13:50:39	56.51	6499	1934	1971
404	13:51:36	25.46	6499	1933	1970
405	13:52:01	41.95	6499	1932	1969
406	13:52:43	37.14	6499	1931	1968
407	13:53:20	60.28	6499	1930	1967
408	13:54:21	60.10	6499	1929	1966
409	13:55:21	58.66	6499	1927	1964
410	13:56:19	60.05	6499	1926	1963
411	13:57:19	18.48	6499	1925	1962
412	13:57:38	60.17	6499	1924	1961
413	13:58:38	51.37	6499	1922	1960
414	13:59:29	60.09	6499	1921	1959
415	14:00:30	60.11	6499	1919	1957
416	14:01:30	60.10	6499	1918	1956
417	14:02:30	10.26	6499	1917	1955
418	14:02:40	24.48	6499	1917	1955
419	14:03:04	53.02	6499	1916	1954
420	14:03:58	18.01	6499	1915	1953
421	14:04:16	60.27	6499	1914	1952
422	14:05:16	60.11	6499	1913	1951
423	14:06:16	60.11	6499	1911	1949
424	14:07:16	60.12	6499	1910	1948
425	14:08:16	10.26	6499	1909	1947
426	14:08:26	60.11	6499	1908	1946
427	14:09:27	60.13	6499	1906	1945
428	14:10:27	60.10	6499	1905	1944
429	14:11:27	60.11	6499	1903	1942
430	14:12:27	49.79	6499	1902	1941
431	14:13:17	60.16	6499	1901	1940
432	14:14:17	60.11	6499	1899	1939
433	14:15:17	60.10	6499	1898	1937
434	14:16:17	60.13	6499	1896	1936
435	14:17:17	60.12	6499	1895	1934
436	14:18:17	21.44	6499	1894	1934
437	14:18:39	47.01	6499	1893	1933
438	14:19:26	60.26	6499	1892	1932
439	14:20:26	60.08	6499	1890	1930
440	14:21:26	31.72	6499	1889	1929
441	14:21:58	43.00	6499	1889	1928
442	14:22:41	60.27	6499	1887	1927
443	14:23:41	60.10	6499	1886	1926
444	14:24:41	60.11	6499	1885	1925
445	14:25:41	60.12	6499	1883	1923
446	14:26:41	60.12	6499	1882	1922
447	14:27:41	60.13	6499	1880	1921
448	14:28:42	60.12	6499	1879	1920
449	14:29:42	60.11	6499	1878	1918
450	14:30:42	40.91	6499	1877	1917
451	14:31:23	21.89	6499	1876	1916
452	14:31:45	60.42	6499	1875	1916
453	14:32:45	60.11	6499	1874	1914
454	14:33:45	60.12	6499	1872	1913
455	14:34:45	60.12	6499	1871	1912
456	14:35:45	60.10	6499	1869	1910
457	14:36:46	53.46	6499	1868	1909
458	14:37:39	60.25	6499	1867	1908
459	14:38:39	10.27	6499	1866	1907
460	14:38:49	26.15	6499	1866	1907
461	14:39:16	60.51	6499	1865	1906
462	14:40:16	60.12	6499	1863	1905
463	14:41:16	60.13	6499	1862	1903
464	14:42:16	60.11	6499	1861	1902
465	14:43:16	10.26	6499	1860	1901
466	14:43:27	60.12	6499	1859	1900
467	14:44:27	60.12	6499	1858	1899
468	14:45:27	20.24	6499	1857	1898
469	14:45:47	26.37	6499	1856	1898
470	14:46:14	60.08	6499	1855	1897
471	14:47:14	60.11	6499	1854	1896
472	14:48:14	60.11	6499	1852	1894
473	14:49:14	60.11	6499	1851	1893
474	14:50:14	19.65	6499	1850	1892
475	14:50:34	60.24	6499	1849	1892
476	14:51:34	60.11	6499	1848	1890
477	14:52:34	60.11	6499	1847	1889
478	14:53:34	60.11	6499	1845	1888
479	14:54:34	60.11	6499	1844	1887
480	14:55:34	60.12	6499	1843	1885
481	14:56:34	60.12	6499	1841	1884
482	14:57:35	22.64	6499	1840	1883
483	14:57:57	60.23	6499	1839	1882
484	14:58:57	60.11	6499	1838	1881
485	14:59:58	60.12	6499	1837	1880
486	15:00:58	60.12	6499	1835	1879
487	15:01:58	60.12	6499	1834	1877
488	15:02:58	60.13	6499	1833	1876
489	15:03:58	50.46	6499	1832	1875
490	15:04:49	60.24	6499	1830	1874
491	15:05:49	10.27	6499	1830	1873
492	15:05:59	60.12	6499	1827	1871
493	15:06:59	60.12	6499	1826	1870
494	15:07:59	60.11	6499	1825	1869
495	15:08:59	60.11	6499	1824	1868
496	15:10:00	60.12	6499	1823	1867
497	15:11:00	60.11	6499	1822	1866
498	15:12:00	60.12	6499	1821	1865
499	15:13:00	60.11	6499	1820	1864
500	15:14:00	60.11	6499	1819	1863
501	15:15:00	60.12	6499	1818	1863
502	15:16:00	16.55	6499	1818	1862
503	15:16:17	60.35	6499	1817	1861
504	15:17:17	60.10	6499	1816	1861
505	15:18:17	60.12	6499	1815	1860
506	15:19:17	60.12	6499	1814	1859
507	15:20:17	60.04	6499	1813	1858
508	15:21:17	60.11	6499	1813	1858
509	15:22:18	60.12	6499	1812	1857
510	15:23:18	60.10	6499	1811	1856
511	15:24:18	60.11	6499	1810	1855
512	15:25:18	60.11	6499	1809	1855
513	15:26:18	60.13	6499	1808	1854
514	15:27:18	60.12	6499	1807	1853
515	15:28:18	60.12	6499	1807	1852
516	15:29:18	60.12	6499	1806	1852
517	15:30:19	60.12	6499	1805	1851
518	15:31:19	60.11	6499	1804	1850
519	15:32:19	60.09	6499	1803	1850
520	15:33:19	60.12	6499	1802	1849
521	15:34:19	60.12	6499	1802	1848
522	15:35:19	60.10	6499	1801	1847
523	15:36:19	60.12	6499	1800	1847
524	15:37:19	60.11	6499	1799	1846
525	15:38:19	60.10	6499	1798	1845
526	15:39:20	58.50	6499	1797	1844
527	15:40:18	60.47	6499	1796	1843
528	15:41:18	60.10	6499	1795	1842
529	15:42:19	60.11	6499	1793	1841
530	15:43:19	60.11	6499	1792	1840
531	15:44:19	60.11	6499	1791	1839
532	15:45:19	48.68	6499	1790	1838
533	15:46:08	41.56	6499	1789	1837
534	15:46:49	60.26	6499	1788	1836
535	15:47:49	60.10	6499	1787	1835
536	15:48:49	60.10	6499	1785	1833
537	15:49:50	60.11	6499	1784	1832
538	15:50:50	60.12	6499	1783	1832
539	15:51:50	18.54	6499	1782	1831
540	15:52:08	60.12	6499	1781	1830
541	15:53:08	60.11	6499	1780	1828
542	15:54:09	60.11	6499	1779	1827
543	15:55:09	60.11	6499	1778	1826
544	15:56:09	60.12	6499	1776	1825
545	15:57:09	60.12	6499	1775	1824
546	15:58:09	60.12	6499	1773	1822
547	15:59:09	60.11	6499	1771	1820
548	16:00:09	60.11	6499	1770	1819
549	16:01:09	60.12	6499	1769	1818
550	16:02:09	60.12	6499	1768	1817
551	16:03:10	60.10	6499	1768	1817
552	16:04:10	13.79	6499	1766	1816
553	16:04:23	60.08	6499	1765	1814
554	16:05:24	60.11	6499	1764	1813
555	16:06:24	60.11	6499	1763	1812
556	16:07:24	60.12	6499	1762	1811
557	16:08:24	60.10	6499	1760	1810
558	16:09:24	60.12	6499	1759	1809
559	16:10:24	60.12	6499	1758	1808
560	16:11:24	60.11	6499	1757	1807
561	16:12:24	60.10	6499	1756	1806
562	16:13:24	60.11	6499	1754	1804
563	16:14:25	60.12	6499	1753	1803
564	16:15:25	60.12	6499	1752	1802
565	16:16:25	60.10	6499	1751	1801
566	16:17:25	60.11	6499	1749	1800
567	16:18:25	60.12	6499	1748	1799
568	16:19:25	60.10	6499	1747	1798
569	16:20:25	60.04	6499	1746	1797
570	16:21:25	60.10	6499	1745	1796
571	16:22:25	54.82	6499	1744	1795
572	16:23:20	31.03	6499	1743	1794
573	16:23:51	60.43	6499	1742	1793
574	16:24:52	30.55	6499	1740	1792
575	16:25:22	60.37	6499	1739	1791
576	16:26:23	60.11	6499	1738	1790
577	16:27:23	60.12	6499	1736	1788
578	16:28:23	60.12	6499	1735	1787
579	16:29:23	60.10	6499	1734	1786
580	16:30:23	60.12	6499	1733	1785
581	16:31:23	60.10	6499	1732	1784
582	16:32:23	60.12	6499	1730	1782
583	16:33:23	60.12	6499	1729	1781
584	16:34:23	60.11	6499	1728	1780
585	16:35:24	60.11	6499	1727	1780
586	16:36:24	60.12	6499	1727	1779
587	16:37:24	10.71	6499	1726	1778
588	16:37:35	18.73	6499	1725	1777
589	16:37:53	60.47	6499	1724	1776
590	16:38:54	60.11	6499	1722	1775
591	16:39:54	60.11	6499	1721	1774
592	16:40:54	60.12	6499	1720	1773
593	16:41:54	60.12	6499	1719	1772
594	16:42:54	60.11	6499	1717	1770
595	16:43:54	60.12	6499	1716	1769
596	16:44:54	60.12	6499	1715	1768
597	16:45:55	60.13	6499	1714	1767
598	16:46:55	60.12	6499	1713	1766
599	16:47:55	60.11	6499	1711	1765
600	16:48:55	60.11	6499	1710	1764
601	16:49:55	60.11	6499	1709	1763
602	16:50:55	60.11	6499	1708	1761
603	16:51:55	60.12	6499	1707	1760
604	16:52:55	60.12	6499	1705	1759
605	16:53:55	60.12	6499	1704	1758
606	16:54:56	60.12	6499	1704	1758
607	16:55:56	29.12	6499	1703	1757
608	16:56:25	30.94	6499	1703	1757
609	16:56:56	34.19	6499	1702	1757
610	16:57:30	17.01	6499	1702	1756
611	16:57:47	10.23	6499	1700	1755
612	16:57:57	60.37	6499	1699	1754
613	16:58:58	60.11	6499	1698	1753
614	16:59:58	60.10	6499	1697	1751
615	17:00:58	60.10	6499	1696	1750
616	17:01:58	60.12	6499	1694	1749
617	17:02:58	60.11	6499	1693	1748
618	17:03:58	60.11	6499	1692	1747
619	17:04:58	60.11	6499	1691	1746
620	17:05:58	60.11	6499	1690	1745
621	17:06:58	60.11	6499	1689	1744
622	17:07:59	60.11	6499	1687	1743
623	17:08:59	60.12	6499	1686	1742
624	17:09:59	60.10	6499	1685	1741
625	17:10:59	60.11	6499	1684	1739
626	17:11:59	60.13	6499	1683	1738
627	17:12:59	60.12	6499	1682	1737
628	17:13:59	60.12	6499	1680	1736
629	17:14:59	60.12	6499	1679	1735
630	17:15:59	60.10	6499	1678	1734
631	17:17:00	60.12	6499	1677	1733
632	17:18:00	60.11	6499	1676	1732
633	17:19:00	60.12	6499	1675	1731
634	17:20:00	60.07	6499	1674	1730
635	17:21:00	60.08	6499	1673	1729
636	17:22:00	60.13	6499	1673	1729
637	17:23:00	10.27	6499	1672	1728
638	17:23:10	17.87	6499	1671	1727
639	17:23:28	60.26	6499	1670	1726
640	17:24:29	60.11	6499	1669	1725
641	17:25:29	60.11	6499	1668	1724
642	17:26:29	60.12	6499	1667	1723
643	17:27:29	60.11	6499	1666	1722
644	17:28:29	60.11	6499	1665	1721
645	17:29:29	60.11	6499	1663	1720
646	17:30:29	60.13	6499	1662	1719
647	17:31:29	60.10	6499	1661	1718
648	17:32:29	60.12	6499	1660	1717
649	17:33:30	60.11	6499	1659	1716
650	17:34:30	60.11	6499	1658	1715
651	17:35:30	60.12	6499	1657	1714
652	17:36:30	60.09	6499	1656	1713
653	17:37:30	60.11	6499	1654	1712
654	17:38:30	60.12	6499	1653	1711
655	17:39:30	60.12	6499	1652	1710
656	17:40:30	60.11	6499	1651	1709
657	17:41:31	60.12	6499	1650	1708
658	17:42:31	60.12	6499	1649	1707
659	17:43:31	60.12	6499	1648	1706
660	17:44:31	60.11	6499	1647	1705
661	17:45:31	60.12	6499	1647	1705
662	17:46:31	10.27	6499	1646	1704
663	17:46:41	18.74	6499	1645	1703
664	17:47:00	60.41	6499	1644	1702
665	17:48:01	60.11	6499	1643	1701
666	17:49:01	60.12	6499	1642	1700
667	17:50:01	60.11	6499	1640	1699
668	17:51:01	60.12	6499	1639	1698
669	17:52:01	60.10	6499	1638	1697
670	17:53:01	60.11	6499	1637	1696
671	17:54:01	60.12	6499	1636	1695
672	17:55:01	60.13	6499	1635	1694
673	17:56:01	60.10	6499	1634	1693
674	17:57:02	60.11	6499	1633	1692
675	17:58:02	60.10	6499	1632	1691
676	17:59:02	60.11	6499	1631	1690
677	18:00:02	60.11	6499	1630	1689
678	18:01:02	60.12	6499	1629	1688
679	18:02:02	60.12	6499	1628	1687
680	18:03:02	60.11	6499	1627	1686
681	18:04:02	60.12	6499	1626	1685
682	18:05:02	60.12	6499	1625	1684
683	18:06:03	60.11	6499	1623	1683
684	18:07:03	60.12	6499	1622	1682
685	18:08:03	60.12	6499	1621	1681
686	18:09:03	60.10	6499	1620	1680
687	18:10:03	60.11	6499	1619	1679
688	18:11:03	60.10	6499	1618	1678
689	18:12:03	60.11	6499	1617	1677
690	18:13:03	60.12	6499	1616	1676
691	18:14:03	60.11	6499	1615	1675
692	18:15:04	60.11	6499	1614	1675
693	18:16:04	60.12	6499	1614	1674
694	18:17:04	19.13	6499	1613	1673
695	18:17:23	38.78	6499	1612	1672
696	18:18:02	60.30	6499	1611	1671
697	18:19:02	60.11	6499	1610	1670
698	18:20:02	60.07	6499	1609	1670
699	18:21:02	60.09	6499	1608	1669
700	18:22:02	60.12	6499	1607	1668
701	18:23:02	60.11	6499	1606	1667
702	18:24:03	60.10	6499	1605	1666
703	18:25:03	60.11	6499	1603	1665
704	18:26:03	60.11	6499	1602	1664
705	18:27:03	60.11	6499	1601	1663
706	18:28:03	60.11	6499	1600	1662
707	18:29:03	60.11	6499	1599	1661
708	18:30:03	60.11	6499	1598	1660
709	18:31:03	60.12	6499	1597	1659
710	18:32:03	60.11	6499	1596	1658
711	18:33:04	60.12	6499	1595	1657
712	18:34:04	60.11	6499	1594	1656
713	18:35:04	60.11	6499	1593	1655
714	18:36:04	60.12	6499	1592	1654
715	18:37:04	60.11	6499	1591	1654
716	18:38:04	60.11	6499	1590	1653
717	18:39:04	60.11	6499	1589	1652
718	18:40:04	60.12	6499	1588	1651
719	18:41:04	60.11	6499	1587	1650
720	18:42:05	60.10	6499	1586	1649
721	18:43:05	60.11	6499	1585	1648
722	18:44:05	60.11	6499	1584	1647
723	18:45:05	60.12	6499	1583	1646
724	18:46:05	60.12	6499	1582	1645
725	18:47:05	60.11	6499	1581	1644
726	18:48:05	60.10	6499	1580	1643
727	18:49:05	60.11	6499	1580	1643
728	18:50:05	60.10	6499	1579	1642
729	18:51:06	10.27	6499	1578	1642
730	18:51:16	46.94	6499	1577	1641
731	18:52:03	60.32	6499	1576	1640
732	18:53:03	60.10	6499	1575	1639
733	18:54:03	60.10	6499	1574	1638
734	18:55:03	60.13	6499	1573	1637
735	18:56:03	60.10	6499	1572	1636
736	18:57:03	60.11	6499	1571	1635
737	18:58:04	60.12	6499	1570	1634
738	18:59:04	60.11	6499	1569	1633
739	19:00:04	60.11	6499	1568	1632
740	19:01:04	60.12	6499	1567	1632
741	19:02:04	60.11	6499	1566	1631
742	19:03:04	60.11	6499	1565	1630
743	19:04:04	60.12	6499	1564	1629
744	19:05:04	60.13	6499	1563	1628
745	19:06:04	60.12	6499	1563	1627
746	19:07:05	60.12	6499	1562	1626
747	19:08:05	60.12	6499	1561	1625
748	19:09:05	60.11	6499	1560	1624
749	19:10:05	60.12	6499	1559	1624
750	19:11:05	60.11	6499	1558	1623
751	19:12:05	60.11	6499	1557	1622
752	19:13:05	60.11	6499	1556	1621
753	19:14:05	60.12	6499	1555	1620
754	19:15:06	60.12	6499	1554	1619
755	19:16:06	60.11	6499	1553	1618
756	19:17:06	60.12	6499	1552	1617
757	19:18:06	60.12	6499	1551	1616
758	19:19:06	60.12	6499	1550	1616
759	19:20:06	60.07	6499	1549	1615
760	19:21:06	60.09	6499	1548	1614
761	19:22:06	60.11	6499	1547	1613
762	19:23:06	60.11	6499	1546	1612
763	19:24:06	60.10	6499	1546	1611
764	19:25:07	60.12	6499	1545	1611
765	19:26:07	60.11	6499	1544	1610
766	19:27:07	47.37	6499	1543	1609
767	19:27:54	40.74	6499	1542	1608
768	19:28:35	60.41	6499	1541	1607
769	19:29:35	60.12	6499	1541	1607
770	19:30:35	60.11	6499	1540	1606
771	19:31:36	60.11	6499	1539	1605
772	19:32:36	60.11	6499	1538	1604
773	19:33:36	60.11	6499	1537	1603
774	19:34:36	60.11	6499	1536	1602
775	19:35:36	60.11	6499	1535	1601
776	19:36:36	60.11	6499	1534	1601
777	19:37:36	60.12	6499	1533	1600
778	19:38:36	60.13	6499	1532	1599
779	19:39:36	60.11	6499	1531	1598
780	19:40:37	60.11	6499	1531	1597
781	19:41:37	60.12	6499	1530	1596
782	19:42:37	60.11	6499	1529	1595
783	19:43:37	60.11	6499	1528	1595
784	19:44:37	60.12	6499	1527	1594
785	19:45:37	60.13	6499	1526	1593
786	19:46:37	60.11	6499	1525	1592
787	19:47:37	60.10	6499	1524	1591
788	19:48:38	60.12	6499	1523	1590
789	19:49:38	60.12	6499	1522	1590
790	19:50:38	60.11	6499	1521	1589
791	19:51:38	60.12	6499	1521	1588
792	19:52:38	60.11	6499	1520	1587
793	19:53:38	60.11	6499	1519	1586
794	19:54:38	60.12	6499	1518	1586
795	19:55:38	32.52	6499	1517	1585
796	19:56:11	60.15	6499	1516	1584
797	19:57:11	60.13	6499	1516	1583
798	19:58:11	60.12	6499	1515	1582
799	19:59:11	60.12	6499	1514	1582
800	20:00:11	60.11	6499	1513	1581
801	20:01:11	60.10	6499	1512	1580
802	20:02:12	60.12	6499	1511	1579
803	20:03:12	60.10	6499	1510	1578
804	20:04:12	60.08	6499	1509	1578
805	20:05:12	60.11	6499	1508	1577
806	20:06:12	60.11	6499	1507	1576
807	20:07:12	60.13	6499	1507	1575
808	20:08:12	60.80	6499	1506	1574
809	20:09:13	56.07	6499	1505	1574
810	20:10:09	27.92	6499	1505	1573
811	20:10:37	60.38	6499	1505	1573
812	20:11:37	10.27	6499	1504	1573
813	20:11:48	21.93	6499	1503	1572
814	20:12:10	60.43	6499	1502	1571
815	20:13:10	60.11	6499	1502	1570
816	20:14:10	60.13	6499	1501	1570
817	20:15:10	60.11	6499	1500	1569
818	20:16:10	34.09	6499	1500	1568
819	20:16:44	60.06	6499	1499	1568
820	20:17:45	21.67	6499	1498	1567
821	20:18:06	60.22	6499	1497	1566
822	20:19:06	60.10	6499	1496	1565
823	20:20:06	60.08	6499	1496	1565
824	20:21:07	60.10	6499	1495	1564
825	20:22:07	60.11	6499	1494	1563
826	20:23:07	60.12	6499	1493	1562
827	20:24:07	60.11	6499	1492	1561
828	20:25:07	60.11	6499	1491	1561
829	20:26:07	60.12	6499	1491	1560
830	20:27:07	60.11	6499	1490	1559
831	20:28:07	60.11	6499	1489	1558
832	20:29:07	60.12	6499	1488	1557
833	20:30:08	60.11	6499	1487	1557
834	20:31:08	60.11	6499	1486	1556
835	20:32:08	60.11	6499	1486	1555
836	20:33:08	60.11	6499	1485	1554
837	20:34:08	60.12	6499	1484	1554
838	20:35:08	60.11	6499	1483	1553
839	20:36:08	60.11	6499	1482	1552
840	20:37:08	60.12	6499	1481	1551
841	20:38:08	60.11	6499	1481	1551
842	20:39:09	60.10	6499	1480	1550
843	20:40:09	18.97	6499	1480	1550
844	20:40:28	22.90	6499	1479	1549
845	20:40:51	60.05	6499	1478	1548
846	20:41:51	60.12	6499	1477	1547
847	20:42:51	60.12	6499	1477	1547
848	20:43:51	60.11	6499	1476	1546
849	20:44:51	60.11	6499	1475	1545
850	20:45:51	60.10	6499	1474	1544
851	20:46:51	60.11	6499	1473	1544
852	20:47:51	60.13	6499	1472	1543
853	20:48:51	60.10	6499	1471	1542
854	20:49:52	60.13	6499	1471	1541
855	20:50:52	60.10	6499	1470	1541
856	20:51:52	60.11	6499	1470	1540
857	20:52:52	13.93	6499	1469	1540
858	20:53:06	35.08	6499	1468	1539
859	20:53:41	58.97	6499	1468	1538
860	20:54:40	60.08	6499	1467	1538
861	20:55:40	60.11	6499	1466	1537
862	20:56:40	60.11	6499	1465	1536
863	20:57:40	60.11	6499	1465	1536
864	20:58:40	10.27	6499	1464	1535
865	20:58:51	52.19	6499	1463	1534
866	20:59:43	60.53	6499	1463	1534
867	21:00:43	60.10	6499	1462	1533
868	21:01:43	60.10	6499	1461	1532
869	21:02:43	60.12	6499	1460	1531
870	21:03:44	60.10	6499	1459	1531
871	21:04:44	60.12	6499	1459	1530
872	21:05:44	60.11	6499	1458	1529
873	21:06:44	60.11	6499	1457	1528
874	21:07:44	60.13	6499	1456	1528
875	21:08:44	60.11	6499	1455	1527
876	21:09:44	60.12	6499	1454	1526
877	21:10:44	60.12	6499	1454	1525
878	21:11:44	60.11	6499	1453	1525
879	21:12:45	60.11	6499	1452	1524
880	21:13:45	60.11	6499	1452	1523
881	21:14:45	60.11	6499	1451	1523
882	21:15:45	28.33	6499	1450	1522
883	21:16:13	60.06	6499	1449	1521
884	21:17:13	60.12	6499	1448	1520
885	21:18:13	60.11	6499	1448	1520
886	21:19:14	60.11	6499	1447	1519
887	21:20:14	60.29	6499	1446	1518
888	21:21:14	60.11	6499	1445	1517
889	21:22:14	60.11	6499	1445	1517
890	21:23:14	60.11	6499	1444	1516
891	21:24:14	60.11	6499	1443	1515
892	21:25:14	60.12	6499	1442	1514
893	21:26:15	60.10	6499	1441	1514
894	21:27:15	60.10	6499	1441	1513
895	21:28:15	60.12	6499	1440	1512
896	21:29:15	60.12	6499	1439	1512
897	21:30:15	60.10	6499	1438	1511
898	21:31:15	60.11	6499	1437	1510
899	21:32:15	60.13	6499	1437	1509
900	21:33:15	60.11	6499	1436	1509
901	21:34:15	60.12	6499	1435	1508
902	21:35:16	60.12	6499	1434	1507
903	21:36:16	60.11	6499	1434	1506
904	21:37:16	60.10	6499	1433	1506
905	21:38:16	60.11	6499	1432	1505
906	21:39:16	60.12	6499	1431	1504
907	21:40:16	60.11	6499	1430	1503
908	21:41:16	60.11	6499	1430	1503
909	21:42:16	60.12	6499	1429	1502
910	21:43:16	60.11	6499	1428	1502
911	21:44:17	46.53	6499	1428	1501
912	21:45:03	40.80	6499	1427	1500
913	21:45:44	60.44	6499	1426	1500
914	21:46:44	60.12	6499	1425	1499
915	21:47:44	60.11	6499	1425	1498
916	21:48:45	60.10	6499	1424	1497
917	21:49:45	60.11	6499	1423	1497
918	21:50:45	60.12	6499	1423	1496
919	21:51:45	15.62	6499	1422	1496
920	21:52:01	60.26	6499	1422	1495
921	21:53:01	60.11	6499	1421	1494
922	21:54:01	60.10	6499	1420	1494
923	21:55:01	60.12	6499	1420	1493
924	21:56:01	20.71	6499	1419	1493
925	21:56:22	60.17	6499	1418	1492
926	21:57:22	60.12	6499	1417	1491
927	21:58:22	60.11	6499	1417	1491
928	21:59:22	60.11	6499	1416	1490
929	22:00:22	60.12	6499	1415	1489
930	22:01:22	60.12	6499	1414	1488
931	22:02:23	60.12	6499	1414	1488
932	22:03:23	60.09	6499	1413	1487
933	22:04:23	60.11	6499	1412	1486
934	22:05:23	60.11	6499	1411	1486
935	22:06:23	60.12	6499	1411	1485
936	22:07:23	60.11	6499	1410	1484
937	22:08:23	60.12	6499	1409	1483
938	22:09:23	60.11	6499	1408	1483
939	22:10:23	60.12	6499	1408	1482
940	22:11:24	60.11	6499	1407	1481
941	22:12:24	60.12	6499	1406	1481
942	22:13:24	60.12	6499	1405	1480
943	22:14:24	60.11	6499	1405	1479
944	22:15:24	60.13	6499	1404	1479
945	22:16:24	60.11	6499	1403	1478
946	22:17:24	60.11	6499	1402	1477
947	22:18:24	60.11	6499	1402	1476
948	22:19:25	60.11	6499	1401	1476
949	22:20:25	60.05	6499	1400	1475
950	22:21:25	60.11	6499	1400	1474
951	22:22:25	60.12	6499	1399	1474
952	22:23:25	60.11	6499	1398	1473
953	22:24:25	60.12	6499	1397	1472
954	22:25:25	60.11	6499	1397	1472
955	22:26:25	60.11	6499	1396	1471
956	22:27:25	60.11	6499	1395	1470
957	22:28:25	60.11	6499	1394	1470
958	22:29:26	60.10	6499	1394	1469
959	22:30:26	60.12	6499	1393	1468
960	22:31:26	60.11	6499	1392	1467
961	22:32:26	60.11	6499	1392	1467
962	22:33:26	60.12	6499	1391	1466
963	22:34:26	60.11	6499	1390	1465
964	22:35:26	60.11	6499	1389	1465
965	22:36:26	60.12	6499	1389	1464
966	22:37:26	60.11	6499	1388	1463
967	22:38:27	60.11	6499	1387	1463
968	22:39:27	60.12	6499	1387	1462
969	22:40:27	60.11	6499	1387	1462
970	22:41:27	21.19	6499	1386	1461
971	22:41:48	26.86	6499	1385	1461
972	22:42:15	60.38	6499	1385	1460
973	22:43:15	60.11	6499	1384	1459
974	22:44:15	60.10	6499	1383	1459
975	22:45:16	60.11	6499	1383	1458
976	22:46:16	60.11	6499	1382	1457
977	22:47:16	60.12	6499	1381	1457
978	22:48:16	60.11	6499	1380	1456
979	22:49:16	60.11	6499	1380	1455
980	22:50:16	60.12	6499	1379	1455
981	22:51:16	60.13	6498	1378	1454
982	22:52:16	60.11	6499	1378	1453
983	22:53:16	60.12	6499	1377	1453
984	22:54:17	60.12	6499	1376	1452
985	22:55:17	60.13	6499	1375	1451
986	22:56:17	60.11	6499	1375	1451
987	22:57:17	60.11	6499	1374	1450
988	22:58:17	60.11	6499	1374	1450
989	22:59:17	60.12	6499	1373	1450
990	23:00:17	10.27	6499	1373	1450
991	23:00:28	12.61	6499	1373	1449
992	23:00:40	10.17	6499	1372	1449
993	23:00:50	34.75	6499	1372	1448
994	23:01:25	60.17	6499	1371	1447
995	23:02:25	60.11	6499	1371	1447
996	23:03:25	60.11	6499	1370	1447
997	23:04:26	60.11	6499	1370	1446
998	23:05:26	12.97	6499	1369	1446
999	23:05:39	60.16	6499	1369	1445
1000	23:06:39	60.11	6499	1368	1445
1001	23:07:39	60.11	6499	1367	1444
1002	23:08:39	50.65	6499	1367	1444
1003	23:09:30	60.04	6499	1366	1443
1004	23:10:30	60.11	6499	1365	1442
1005	23:11:30	60.11	6499	1365	1442
1006	23:12:30	60.10	6499	1364	1441
1007	23:13:30	60.12	6499	1363	1440
1008	23:14:30	60.12	6499	1363	1440
1009	23:15:30	60.11	6499	1362	1439
1010	23:16:30	60.12	6499	1361	1438
1011	23:17:30	60.10	6499	1361	1438
1012	23:18:31	60.12	6499	8.439	10.49
1013	23:19:31	30.40	6499	0	0
1014	23:20:01	60.46	6499	0	0
1015	23:21:02	60.09	6499	0	0
1016	23:22:02	60.11	6501	0	0
1017	23:23:02	60.11	6501	0	0
1018	23:24:02	60.11	6501	0	0
1019	23:25:02	60.12	6501	0	0
1020	23:26:02	60.11	6500	0	0
1021	23:27:02	23.86	6432	0	0
Created by AtlRunQuery on: 2018-12-09 19:08:48.828261
