LHC beam energy and intensities during run 338834:
(Begin/end of run: Sat Oct 21 2017 02:47:38 − 05:24:31)

LB	   Start time
(CEST)	   Duration
(sec)	   Beam energy
(GeV)	   Intensity Beam-1
(1e11 protons)	   Intensity Beam-2
(1e11 protons)
1	02:47:38	60.12	449	1246	1343
2	02:48:38	60.12	450	1387	1446
3	02:49:38	60.11	450	1489	1572
4	02:50:38	56.47	449	1582	1706
5	02:51:34	10.33	450	1723	1731
6	02:51:45	43.86	449	1723	1785
7	02:52:29	18.87	449	1722	1850
8	02:52:48	10.48	450	1820	1850
9	02:52:58	60.12	450	1842	1923
10	02:53:58	60.13	450	1966	2025
11	02:54:58	60.12	450	2067	2167
12	02:55:58	60.10	450	2168	2286
13	02:56:59	60.12	450	2314	2325
14	02:57:59	45.46	450	2313	2324
15	02:58:44	16.71	449	2309	2321
16	02:59:01	60.28	450	2308	2319
17	03:00:01	60.10	449	2306	2318
18	03:01:01	60.12	477	2305	2317
19	03:02:01	60.13	576	2305	2316
20	03:03:01	10.73	745	2305	2316
21	03:03:12	60.17	783	2305	2315
22	03:04:12	13.01	1023	2305	2315
23	03:04:25	60.13	1084	2304	2315
24	03:05:25	60.10	1412	2304	2314
25	03:06:26	60.12	1765	2304	2314
26	03:07:26	60.12	2112	2304	2314
27	03:08:26	60.11	2460	2304	2314
28	03:09:26	60.10	2807	2304	2314
29	03:10:26	60.12	3155	2303	2314
30	03:11:26	60.10	3502	2303	2314
31	03:12:26	60.12	3850	2303	2314
32	03:13:26	60.11	4197	2303	2314
33	03:14:26	60.10	4544	2303	2314
34	03:15:27	60.11	4897	2303	2314
35	03:16:27	60.12	5245	2303	2314
36	03:17:27	60.12	5592	2303	2314
37	03:18:27	60.10	5940	2302	2314
38	03:19:27	60.11	6287	2302	2313
39	03:20:27	10.26	6499	2301	2313
40	03:20:37	11.29	6499	2301	2313
41	03:20:49	60.31	6499	2301	2313
42	03:21:49	60.11	6499	2301	2313
43	03:22:49	60.11	6499	2301	2313
44	03:23:49	60.12	6499	2301	2313
45	03:24:49	60.11	6499	2301	2313
46	03:25:49	60.11	6499	2301	2313
47	03:26:50	60.12	6499	2300	2313
48	03:27:50	60.11	6499	2300	2313
49	03:28:50	60.13	6499	2300	2313
50	03:29:50	60.11	6499	2300	2313
51	03:30:50	60.11	6499	2300	2313
52	03:31:50	60.11	6499	2300	2312
53	03:32:50	60.12	6499	2300	2312
54	03:33:50	60.11	6499	2300	2312
55	03:34:50	60.13	6499	2299	2312
56	03:35:51	60.12	6499	2299	2312
57	03:36:51	60.11	6499	2299	2312
58	03:37:51	60.11	6499	2299	2312
59	03:38:51	60.10	6499	2299	2312
60	03:39:51	60.11	6499	2299	2312
61	03:40:51	60.13	6499	2299	2312
62	03:41:51	60.12	6499	2299	2312
63	03:42:51	60.11	6499	2299	2312
64	03:43:52	60.12	6499	2299	2311
65	03:44:52	60.10	6499	2299	2311
66	03:45:52	60.12	6499	2299	2311
67	03:46:52	60.11	6499	2299	2311
68	03:47:52	60.11	6499	2298	2311
69	03:48:52	58.16	6499	2297	2310
70	03:49:50	60.31	6499	2297	2310
71	03:50:51	60.11	6499	2296	2310
72	03:51:51	59.47	6499	2294	2310
73	03:52:50	10.17	6499	2291	2309
74	03:53:00	60.11	6499	2288	2307
75	03:54:00	32.27	6499	2286	2306
76	03:54:33	12.51	6499	2285	2305
77	03:54:45	10.07	6499	2284	2305
78	03:54:55	14.96	6499	2283	2304
79	03:55:10	60.18	6499	2281	2303
80	03:56:10	10.56	6499	2280	2301
81	03:56:21	60.46	6499	2278	2300
82	03:57:21	60.58	6499	2275	2297
83	03:58:22	60.47	6499	2272	2295
84	03:59:22	10.04	6499	2271	2294
85	03:59:32	60.11	6499	2270	2293
86	04:00:33	60.12	6499	2267	2291
87	04:01:33	60.10	6499	2265	2290
88	04:02:33	60.11	6499	2263	2288
89	04:03:33	60.10	6499	2260	2286
90	04:04:33	36.65	6499	2258	2285
91	04:05:10	41.73	6499	2257	2284
92	04:05:51	12.74	6499	2256	2283
93	04:06:04	60.17	6499	2255	2282
94	04:07:04	10.27	6499	2253	2281
95	04:07:15	60.12	6499	2252	2280
96	04:08:15	60.11	6499	2250	2278
97	04:09:15	60.11	6499	2248	2277
98	04:10:15	55.49	6499	2246	2275
99	04:11:10	60.22	6499	2245	2273
100	04:12:11	13.80	6499	2244	2273
101	04:12:24	60.07	6499	2243	2271
102	04:13:25	10.27	6499	2242	2271
103	04:13:35	34.18	6499	2241	2270
104	04:14:09	10.51	6499	2241	2269
105	04:14:19	60.25	6499	2240	2268
106	04:15:20	27.62	6499	2239	2267
107	04:15:47	16.73	6499	2238	2267
108	04:16:04	60.09	6499	2237	2266
109	04:17:04	58.88	6499	2235	2264
110	04:18:03	19.42	6499	2234	2263
111	04:18:22	60.43	6499	2233	2262
112	04:19:23	10.26	6499	2232	2261
113	04:19:33	20.41	6499	2232	2261
114	04:19:54	26.16	6499	2231	2260
115	04:20:20	60.04	6499	2230	2259
116	04:21:20	60.11	6499	2228	2258
117	04:22:20	30.77	6499	2227	2256
118	04:22:51	60.16	6499	2226	2255
119	04:23:51	19.01	6499	2225	2254
120	04:24:10	60.14	6499	2224	2253
121	04:25:10	60.12	6499	2222	2252
122	04:26:10	60.11	6499	2221	2250
123	04:27:10	60.11	6499	2219	2249
124	04:28:10	60.12	6499	2218	2247
125	04:29:10	20.33	6499	2217	2246
126	04:29:31	10.22	6499	2216	2246
127	04:29:41	60.12	6499	2215	2245
128	04:30:41	60.11	6499	2214	2243
129	04:31:41	60.12	6499	2212	2242
130	04:32:41	60.10	6499	2211	2240
131	04:33:41	60.10	6499	2209	2239
132	04:34:42	60.17	6499	2208	2237
133	04:35:42	60.12	6499	2206	2236
134	04:36:42	10.27	6499	2205	2235
135	04:36:52	11.06	6499	2205	2234
136	04:37:03	10.23	6499	2205	2234
137	04:37:13	11.01	6499	2204	2234
138	04:37:24	60.13	6499	2204	2233
139	04:38:24	60.11	6499	2202	2231
140	04:39:25	46.80	6499	2201	2230
141	04:40:11	60.14	6499	2199	2229
142	04:41:12	10.27	6499	2199	2228
143	04:41:22	60.12	6499	2198	2227
144	04:42:22	60.11	6499	2196	2226
145	04:43:22	60.11	6499	2195	2224
146	04:44:22	35.96	6499	2193	2223
147	04:44:58	60.21	6499	2192	2222
148	04:45:58	60.13	6499	2191	2220
149	04:46:58	60.11	6499	2189	2219
150	04:47:59	53.50	6499	2188	2217
151	04:48:52	60.20	6499	2186	2216
152	04:49:52	60.11	6499	2185	2215
153	04:50:52	55.20	6499	2183	2213
154	04:51:48	60.25	6499	2182	2212
155	04:52:48	60.13	6499	2180	2210
156	04:53:48	60.11	6499	2179	2209
157	04:54:48	60.12	6499	2177	2207
158	04:55:48	60.11	6499	2176	2206
159	04:56:48	60.12	6499	2175	2204
160	04:57:48	60.10	6499	2173	2203
161	04:58:49	10.26	6499	2172	2202
162	04:58:59	53.92	6499	2171	2201
163	04:59:53	60.03	6499	2170	2200
164	05:00:53	60.10	6499	2169	2198
165	05:01:53	60.11	6499	2167	2197
166	05:02:53	60.11	6499	2166	2195
167	05:03:53	60.11	6499	2164	2194
168	05:04:53	60.11	6499	2163	2193
169	05:05:53	60.10	6499	2161	2191
170	05:06:53	60.12	6499	2160	2190
171	05:07:53	60.12	6499	2158	2188
172	05:08:54	60.10	6499	2157	2187
173	05:09:54	60.10	6499	2155	2185
174	05:10:54	60.11	6499	2154	2184
175	05:11:54	60.11	6499	2153	2183
176	05:12:54	30.54	6499	2152	2182
177	05:13:25	28.91	6499	2151	2181
178	05:13:53	47.24	6499	2150	2180
179	05:14:41	15.92	6499	2149	2179
180	05:14:57	60.21	6499	2148	2178
181	05:15:57	60.11	6499	2147	2177
182	05:16:57	60.11	6499	2145	2175
183	05:17:57	35.96	6499	2144	2174
184	05:18:33	21.43	6499	71.39	72.88
185	05:18:54	60.36	6499	0	0
186	05:19:55	10.27	6499	0	0
187	05:20:05	60.70	6499	0	0
188	05:21:06	60.16	6499	0	0
189	05:22:06	11.54	6499	0	0
190	05:22:17	60.08	6499	0	0
191	05:23:18	60.11	6501	0	0
192	05:24:18	13.50	6501	0	0
Created by AtlRunQuery on: 2018-12-09 19:17:10.632533
