LHC beam energy and intensities during run 338933:
(Begin/end of run: Sun Oct 22 2017 14:44:54 − Mon Oct 23, 09:25:50)

LB	   Start time
(CEST)	   Duration
(sec)	   Beam energy
(GeV)	   Intensity Beam-1
(1e11 protons)	   Intensity Beam-2
(1e11 protons)
1	14:44:54	60.11	59	0	0
2	14:45:54	60.12	59	0	0
3	14:46:54	60.10	59	0	0
4	14:47:54	60.13	59	0	0
5	14:48:54	60.12	59	0	0
6	14:49:54	10.27	59	0	0
7	14:50:05	30.41	59	0	0
8	14:50:35	15.22	59	0	0
9	14:50:50	60.06	59	0	0
10	14:51:50	45.70	59	0	0
11	14:52:36	29.83	59	0	0
12	14:53:06	12.66	59	0	0
13	14:53:18	18.58	59	0	0
14	14:53:37	60.28	59	0	0
15	14:54:37	60.11	59	0	0
16	14:55:37	60.13	59	0	0
17	14:56:38	60.12	59	0	0
18	14:57:38	60.10	59	0	0
19	14:58:38	60.12	59	0	0
20	14:59:38	60.11	59	0	0
21	15:00:38	60.11	59	0	0
22	15:01:38	60.12	59	0	0
23	15:02:38	60.12	59	0	0
24	15:03:38	60.11	59	0	0
25	15:04:38	60.09	59	0	0
26	15:05:39	60.11	59	0	0
27	15:06:39	60.13	59	0	0
28	15:07:39	60.12	59	0	0
29	15:08:39	60.11	59	0	0
30	15:09:39	60.11	59	0	0
31	15:10:39	60.12	59	0	0
32	15:11:39	60.11	59	0	0
33	15:12:39	60.11	59	0	0
34	15:13:39	60.12	59	0	0
35	15:14:40	60.12	59	0	0
36	15:15:40	60.12	59	0	0
37	15:16:40	60.11	59	0	0
38	15:17:40	60.12	59	0	0
39	15:18:40	60.11	59	0	0
40	15:19:40	60.09	59	0	0
41	15:20:40	60.07	59	0	0
42	15:21:40	60.11	59	0	0
43	15:22:40	60.13	59	0	0
44	15:23:41	60.13	59	0	0
45	15:24:41	60.11	59	0	0
46	15:25:41	60.12	59	0	0
47	15:26:41	60.12	59	0	0
48	15:27:41	60.12	59	0	0
49	15:28:41	60.11	59	0	0
50	15:29:41	60.12	59	0	0
51	15:30:41	60.12	59	0	0
52	15:31:41	60.12	59	0	0
53	15:32:42	60.12	59	0	0
54	15:33:42	60.11	59	0	0
55	15:34:42	60.12	59	0	0
56	15:35:42	60.12	59	0	0
57	15:36:42	60.12	59	0	0
58	15:37:42	60.13	59	0	0
59	15:38:42	60.12	59	0	0
60	15:39:42	60.12	59	0	0
61	15:40:43	60.12	59	0	0
62	15:41:43	60.12	59	0	0
63	15:42:43	60.12	59	0	0
64	15:43:43	60.12	59	0	0
65	15:44:43	60.11	59	0	0
66	15:45:43	60.11	59	0	0
67	15:46:43	60.12	59	0	0
68	15:47:43	60.11	59	0	0
69	15:48:43	60.10	59	0	0
70	15:49:44	60.11	59	0	0
71	15:50:44	60.11	59	0	0
72	15:51:44	60.12	59	0	0
73	15:52:44	60.12	59	0	0
74	15:53:44	60.11	59	0	0
75	15:54:44	60.12	59	0	0
76	15:55:44	60.12	59	0	0
77	15:56:44	60.13	59	0	0
78	15:57:45	20.04	59	0	0
79	15:58:05	60.34	59	0	0
80	15:59:05	60.12	59	0	0
81	16:00:05	60.11	59	0	0
82	16:01:05	60.11	59	0	0
83	16:02:05	60.12	59	0	0
84	16:03:05	60.11	59	0	0
85	16:04:05	60.10	59	0	0
86	16:05:06	60.12	59	0	0
87	16:06:06	60.12	59	0	0
88	16:07:06	60.12	59	0	0
89	16:08:06	60.11	59	0	0
90	16:09:06	60.12	59	0	0
91	16:10:06	60.11	59	0	0
92	16:11:06	60.12	59	0	0
93	16:12:06	60.12	59	0	0
94	16:13:07	60.12	59	0	0
95	16:14:07	60.12	59	0	0
96	16:15:07	60.13	59	0	0
97	16:16:07	60.12	59	0	0
98	16:17:07	60.11	59	0	0
99	16:18:07	60.12	295	0	0
100	16:19:07	60.11	449	0	0
101	16:20:07	31.75	450	0	0
102	16:20:39	30.98	449	0	0
103	16:21:10	60.43	450	0	0
104	16:22:10	60.12	450	0	0
105	16:23:11	60.12	450	0	0
106	16:24:11	60.11	450	0	0
107	16:25:11	60.11	450	0	0
108	16:26:11	60.11	450	0	0
109	16:27:11	60.12	450	0	0
110	16:28:11	60.11	450	0	0
111	16:29:11	60.12	450	0	0
112	16:30:11	60.11	450	0	0
113	16:31:12	60.12	450	0	0
114	16:32:12	60.13	450	0	0
115	16:33:12	60.12	449	0	0
116	16:34:12	60.11	450	0	0
117	16:35:12	60.12	450	0	0
118	16:36:12	60.12	449	0	0
119	16:37:12	60.10	450	0.0328	0
120	16:38:12	60.13	450	0.06822	0.008562
121	16:39:12	60.11	450	0.06526	0.07072
122	16:40:13	60.12	450	0.05771	0.06752
123	16:41:13	60.11	450	0	0
124	16:42:13	60.11	449	0.05017	0
125	16:43:13	60.11	450	0.05348	0.06434
126	16:44:13	60.11	450	0.0368	0.05401
127	16:45:13	60.12	450	2.351	0.0536
128	16:46:13	60.12	449	14.71	7.245
129	16:47:13	60.12	450	14.69	15.03
130	16:48:14	60.11	450	33.3	15.02
131	16:49:14	60.11	450	186.5	18.26
132	16:50:14	60.11	450	225.8	125
133	16:51:14	60.12	450	357.4	225.9
134	16:52:14	60.11	450	563.9	288.8
135	16:53:14	60.13	450	651.8	396.2
136	16:54:14	60.12	449	690.3	563.6
137	16:55:14	60.12	450	690	647.3
138	16:56:14	60.10	450	853.8	741
139	16:57:15	60.12	450	961.5	858.7
140	16:58:15	60.10	450	1069	1019
141	16:59:15	60.11	450	1194	1028
142	17:00:15	60.11	450	1193	1027
143	17:01:15	60.11	450	1263	1027
144	17:02:15	60.12	449	1352	1026
145	17:03:15	60.13	449	1488	1112
146	17:04:15	60.11	450	1629	1214
147	17:05:15	60.11	450	1735	1321
148	17:06:16	60.11	450	1837	1455
149	17:07:16	60.11	450	1948	1563
150	17:08:16	60.11	449	2077	1657
151	17:09:16	60.12	450	2185	1657
152	17:10:16	60.12	450	2292	1778
153	17:11:16	60.12	450	2453	1871
154	17:12:16	60.11	450	2451	2068
155	17:13:16	60.11	450	2450	2343
156	17:14:16	60.11	450	2449	2455
157	17:15:17	60.11	450	2447	2454
158	17:16:17	60.11	450	2446	2452
159	17:17:17	60.12	450	2444	2450
160	17:18:17	60.11	475	2443	2448
161	17:19:17	60.13	571	2443	2448
162	17:20:17	45.84	738	2443	2447
163	17:21:03	25.43	906	2441	2444
164	17:21:28	60.41	1013	2440	2444
165	17:22:29	60.12	1329	2440	2443
166	17:23:29	60.11	1677	2440	2443
167	17:24:29	60.11	2024	2440	2443
168	17:25:29	60.12	2371	2440	2443
169	17:26:29	60.10	2719	2440	2443
170	17:27:29	60.12	3066	2440	2443
171	17:28:29	60.11	3414	2439	2443
172	17:29:30	60.12	3767	2439	2442
173	17:30:30	60.11	4114	2439	2442
174	17:31:30	60.11	4462	2439	2442
175	17:32:30	60.11	4809	2439	2442
176	17:33:30	60.11	5157	2439	2442
177	17:34:30	60.12	5504	2439	2442
178	17:35:30	60.12	5851	2438	2442
179	17:36:30	60.11	6199	2438	2442
180	17:37:31	10.98	6498	2437	2442
181	17:37:42	10.31	6499	2437	2442
182	17:37:52	60.11	6499	2437	2442
183	17:38:52	60.11	6499	2437	2442
184	17:39:52	60.12	6499	2437	2442
185	17:40:52	60.12	6499	2437	2442
186	17:41:52	60.12	6499	2437	2441
187	17:42:52	60.13	6499	2436	2441
188	17:43:53	60.12	6499	2436	2441
189	17:44:53	60.12	6499	2435	2441
190	17:45:53	60.10	6499	490.3	491.5
191	17:46:53	60.12	6499	0	0
192	17:47:53	60.11	6499	0	0
193	17:48:53	60.12	6499	0	0
194	17:49:53	49.29	6499	0	0
195	17:50:42	60.42	6499	0	0
196	17:51:43	10.27	6499	0	0
197	17:51:53	60.13	6499	0	0
198	17:52:53	60.13	6499	0	0
199	17:53:53	60.12	6499	0	0
200	17:54:54	60.13	6501	0	0
201	17:55:54	60.11	6501	0	0
202	17:56:54	60.13	6501	0	0
203	17:57:54	60.11	6501	0	0
204	17:58:54	60.12	6491	0	0
205	17:59:54	60.11	6379	0	0
206	18:00:54	60.12	6141	0	0
207	18:01:54	60.12	5800	0	0
208	18:02:55	60.11	5441	0	0
209	18:03:55	60.11	5088	0	0
210	18:04:55	60.12	4733	0	0
211	18:05:55	60.11	4377	0	0
212	18:06:55	60.11	4021	0	0
213	18:07:55	60.12	3665	0	0
214	18:08:55	60.12	3309	0	0
215	18:09:55	60.12	2952	0	0
216	18:10:55	60.12	2596	0	0
217	18:11:56	60.11	2233	0	0
218	18:12:56	60.12	1877	0	0
219	18:13:56	60.11	1520	0	0
220	18:14:56	60.12	1163	0	0
221	18:15:56	60.12	807	0	0
222	18:16:56	60.12	456	0	0
223	18:17:56	60.12	201	0	0
224	18:18:56	60.10	74	0	0
225	18:19:56	60.08	59	0	0
226	18:20:57	60.09	59	0	0
227	18:21:57	60.11	59	0	0
228	18:22:57	60.12	59	0	0
229	18:23:57	60.12	59	0	0
230	18:24:57	60.12	59	0	0
231	18:25:57	60.12	59	0	0
232	18:26:57	60.11	59	0	0
233	18:27:57	60.13	59	0	0
234	18:28:57	60.11	59	0	0
235	18:29:58	60.12	219	0	0
236	18:30:58	60.11	449	0	0
237	18:31:58	60.11	450	0	0
238	18:32:58	60.10	450	0	0
239	18:33:58	60.12	450	0	0
240	18:34:58	60.11	450	0	0
241	18:35:58	60.13	450	0	0.02548
242	18:36:58	60.12	449	0.04907	0.06911
243	18:37:58	60.11	450	0.05731	0.06881
244	18:38:59	60.11	450	0.05273	0.06866
245	18:39:59	60.12	450	0.009033	0.01185
246	18:40:59	60.12	450	0	0
247	18:41:59	60.11	449	0.01782	0
248	18:42:59	60.11	450	0.06846	0.04287
249	18:43:59	60.13	449	0.06746	0.0729
250	18:44:59	60.11	450	0.05767	0.07169
251	18:45:59	60.12	450	0.1687	0.06913
252	18:47:00	60.11	450	12.21	4.015
253	18:48:00	60.12	450	12.2	12.03
254	18:49:00	60.12	450	12.19	97.16
255	18:50:00	60.13	450	12.17	211
256	18:51:00	60.12	449	49.69	211
257	18:52:00	60.12	450	144.8	210.9
258	18:53:00	60.11	450	210.9	354.3
259	18:54:00	60.11	450	210.7	370
260	18:55:00	60.12	450	348.8	399
261	18:56:01	60.12	449	450.4	529.2
262	18:57:01	60.12	449	546.1	627.7
263	18:58:01	60.12	449	647.6	722.5
264	18:59:01	60.12	450	773.1	824.6
265	19:00:01	60.11	450	874.3	966.1
266	19:01:01	60.12	450	975.7	1086
267	19:02:01	60.11	450	1122	1172
268	19:03:01	60.11	450	1207	1249
269	19:04:01	60.12	450	1297	1401
270	19:05:02	60.12	449	1398	1401
271	19:06:02	60.13	450	1555	1452
272	19:07:02	60.10	450	1554	1558
273	19:08:02	60.11	450	1599	1712
274	19:09:02	60.12	450	1711	1789
275	19:10:02	60.12	450	1820	1875
276	19:11:02	60.11	449	1920	1994
277	19:12:02	60.12	450	2019	2136
278	19:13:03	60.11	450	2143	2151
279	19:14:03	60.10	450	2279	2179
280	19:15:03	60.12	450	2300	2308
281	19:16:03	60.10	450	2298	2306
282	19:17:03	60.10	450	2297	2305
283	19:18:03	60.10	449	2296	2304
284	19:19:03	60.12	468	2295	2303
285	19:20:03	60.07	555	2295	2302
286	19:21:03	60.10	714	2295	2302
287	19:22:03	29.31	933	2295	2301
288	19:22:33	60.09	1067	2295	2301
289	19:23:33	60.12	1391	2294	2301
290	19:24:33	60.12	1738	2294	2301
291	19:25:33	60.12	2085	2294	2301
292	19:26:33	60.12	2433	2294	2301
293	19:27:33	60.12	2780	2294	2301
294	19:28:33	60.11	3128	2294	2301
295	19:29:34	60.13	3481	2294	2300
296	19:30:34	60.12	3828	2294	2300
297	19:31:34	60.13	4176	2294	2300
298	19:32:34	60.11	4523	2293	2300
299	19:33:34	60.12	4870	2293	2300
300	19:34:34	60.13	5218	2294	2300
301	19:35:34	60.12	5565	2293	2300
302	19:36:34	60.13	5913	2293	2300
303	19:37:35	60.11	6266	2293	2300
304	19:38:35	10.27	6499	2292	2300
305	19:38:45	10.28	6499	2292	2300
306	19:38:55	60.11	6499	2292	2300
307	19:39:55	60.12	6499	2292	2300
308	19:40:55	60.12	6499	2292	2300
309	19:41:56	60.12	6499	2292	2300
310	19:42:56	60.13	6499	2292	2300
311	19:43:56	60.10	6499	2292	2300
312	19:44:56	60.12	6499	2291	2300
313	19:45:56	60.12	6499	2291	2300
314	19:46:56	60.13	6499	2290	2299
315	19:47:56	60.12	6499	2290	2299
316	19:48:56	60.11	6499	2290	2299
317	19:49:57	60.11	6499	2290	2299
318	19:50:57	60.12	6499	2290	2299
319	19:51:57	60.11	6499	2290	2299
320	19:52:57	60.11	6499	2289	2299
321	19:53:57	60.11	6499	2289	2298
322	19:54:57	48.01	6499	2288	2298
323	19:55:45	60.51	6499	2288	2298
324	19:56:46	60.12	6499	2287	2298
325	19:57:46	50.37	6499	2285	2297
326	19:58:36	44.34	6499	2282	2296
327	19:59:20	60.06	6499	2279	2294
328	20:00:21	47.48	6499	2277	2292
329	20:01:08	16.00	6499	2275	2291
330	20:01:24	10.16	6499	2274	2291
331	20:01:34	60.12	6499	2273	2289
332	20:02:34	60.12	6499	2270	2287
333	20:03:34	60.11	6499	2267	2286
334	20:04:34	60.12	6499	2264	2284
335	20:05:35	60.11	6499	2262	2282
336	20:06:35	60.11	6499	2259	2280
337	20:07:35	60.12	6499	2256	2278
338	20:08:35	60.10	6499	2254	2276
339	20:09:35	60.12	6499	2251	2275
340	20:10:35	60.13	6499	2249	2273
341	20:11:35	60.11	6499	2246	2271
342	20:12:35	60.11	6499	2244	2269
343	20:13:36	60.11	6499	2242	2267
344	20:14:36	60.11	6499	2239	2266
345	20:15:36	60.12	6499	2237	2264
346	20:16:36	60.10	6499	2235	2262
347	20:17:36	60.12	6499	2233	2260
348	20:18:36	23.53	6499	2232	2259
349	20:19:00	46.72	6499	2231	2258
350	20:19:46	60.48	6499	2229	2257
351	20:20:47	34.94	6499	2228	2255
352	20:21:22	14.98	6499	2227	2255
353	20:21:37	10.74	6499	2227	2254
354	20:21:47	60.30	6499	2226	2253
355	20:22:48	60.11	6499	2224	2251
356	20:23:48	60.11	6499	2222	2250
357	20:24:48	60.12	6499	2221	2248
358	20:25:48	60.12	6499	2219	2247
359	20:26:48	10.27	6499	2218	2246
360	20:26:59	30.45	6499	2218	2245
361	20:27:29	19.51	6499	2217	2244
362	20:27:48	60.47	6499	2216	2243
363	20:28:49	32.40	6499	2215	2242
364	20:29:21	60.27	6499	2214	2241
365	20:30:22	60.12	6499	2212	2239
366	20:31:22	60.10	6499	2210	2237
367	20:32:22	10.27	6499	2210	2237
368	20:32:32	60.12	6499	2209	2236
369	20:33:32	60.11	6499	2207	2234
370	20:34:32	60.11	6499	2205	2232
371	20:35:32	60.11	6499	2204	2231
372	20:36:33	10.27	6499	2203	2230
373	20:36:43	26.92	6499	2203	2229
374	20:37:10	60.23	6499	2201	2228
375	20:38:10	60.11	6499	2200	2227
376	20:39:10	60.11	6499	2198	2225
377	20:40:10	60.11	6499	2197	2224
378	20:41:10	60.12	6499	2195	2222
379	20:42:10	60.11	6499	2194	2220
380	20:43:11	60.11	6499	2192	2219
381	20:44:11	60.11	6499	2191	2217
382	20:45:11	60.10	6499	2189	2216
383	20:46:11	38.73	6499	2188	2214
384	20:46:50	60.45	6499	2187	2213
385	20:47:50	60.12	6499	2185	2212
386	20:48:50	60.11	6499	2184	2210
387	20:49:50	34.86	6499	2182	2209
388	20:50:25	60.06	6499	2181	2208
389	20:51:25	60.12	6499	2180	2206
390	20:52:25	60.11	6499	2178	2204
391	20:53:25	60.12	6499	2177	2203
392	20:54:26	60.11	6499	2175	2201
393	20:55:26	53.41	6499	2174	2200
394	20:56:19	31.51	6499	2173	2199
395	20:56:51	60.35	6499	2172	2198
396	20:57:51	60.10	6499	2170	2196
397	20:58:51	60.11	6499	2168	2195
398	20:59:51	60.12	6499	2167	2193
399	21:00:51	35.71	6499	2166	2192
400	21:01:27	14.49	6499	2165	2191
401	21:01:41	15.01	6499	2165	2191
402	21:01:56	15.74	6499	2164	2191
403	21:02:12	12.27	6499	2164	2190
404	21:02:24	60.06	6499	2163	2189
405	21:03:24	34.00	6499	2162	2188
406	21:03:58	10.68	6499	2161	2187
407	21:04:09	13.03	6499	2161	2187
408	21:04:22	60.51	6499	2160	2186
409	21:05:23	10.27	6499	2160	2185
410	21:05:33	10.27	6499	2159	2185
411	21:05:43	60.11	6499	2158	2184
412	21:06:43	49.19	6499	2157	2183
413	21:07:33	60.26	6499	2156	2181
414	21:08:33	60.11	6499	2154	2180
415	21:09:33	60.12	6499	2153	2178
416	21:10:33	10.26	6499	2152	2177
417	21:10:43	39.96	6499	2151	2177
418	21:11:23	60.49	6499	2150	2176
419	21:12:24	60.12	6499	2148	2174
420	21:13:24	60.11	6499	2147	2173
421	21:14:24	60.11	6499	2146	2171
422	21:15:24	60.11	6499	2144	2170
423	21:16:24	60.12	6499	2143	2168
424	21:17:24	60.12	6499	2141	2167
425	21:18:24	60.12	6499	2140	2165
426	21:19:25	29.68	6499	2139	2164
427	21:19:54	60.43	6499	2138	2163
428	21:20:55	60.08	6499	2136	2161
429	21:21:55	60.50	6499	2135	2160
430	21:22:55	14.34	6499	2134	2159
431	21:23:10	60.16	6499	2133	2158
432	21:24:10	60.12	6499	2131	2157
433	21:25:10	60.12	6499	2130	2155
434	21:26:10	60.11	6499	2128	2154
435	21:27:10	60.12	6499	2127	2152
436	21:28:10	60.11	6499	2126	2151
437	21:29:10	60.11	6499	2124	2149
438	21:30:10	60.12	6499	2123	2148
439	21:31:11	60.11	6499	2121	2146
440	21:32:11	60.12	6499	2120	2145
441	21:33:11	60.12	6499	2118	2144
442	21:34:11	10.27	6499	2117	2143
443	21:34:21	60.12	6499	2117	2142
444	21:35:21	60.11	6499	2115	2140
445	21:36:21	60.11	6499	2114	2139
446	21:37:22	60.11	6499	2112	2138
447	21:38:22	60.12	6499	2111	2136
448	21:39:22	60.13	6499	2109	2135
449	21:40:22	60.13	6499	2108	2133
450	21:41:22	17.02	6499	2107	2132
451	21:41:39	60.13	6499	2106	2131
452	21:42:39	60.13	6499	2105	2130
453	21:43:39	60.11	6499	2103	2128
454	21:44:39	60.11	6499	2102	2127
455	21:45:40	60.13	6499	2100	2125
456	21:46:40	54.97	6499	2099	2124
457	21:47:35	60.23	6499	2098	2123
458	21:48:35	60.11	6499	2096	2121
459	21:49:35	60.11	6499	2095	2120
460	21:50:35	60.09	6499	2093	2118
461	21:51:35	60.11	6499	2092	2117
462	21:52:35	60.13	6499	2090	2116
463	21:53:35	12.59	6499	2090	2115
464	21:53:48	60.05	6499	2089	2114
465	21:54:48	10.22	6499	2088	2113
466	21:54:58	60.16	6499	2087	2112
467	21:55:58	60.11	6499	2086	2111
468	21:56:59	60.11	6499	2084	2109
469	21:57:59	60.10	6499	2083	2108
470	21:58:59	60.11	6499	2081	2106
471	21:59:59	60.11	6499	2080	2105
472	22:00:59	60.12	6499	2079	2103
473	22:01:59	60.11	6499	2077	2102
474	22:02:59	60.12	6499	2076	2101
475	22:03:59	60.12	6499	2074	2099
476	22:04:59	31.74	6499	2073	2098
477	22:05:31	16.10	6499	2073	2098
478	22:05:47	41.52	6499	2072	2097
479	22:06:29	60.15	6499	2071	2096
480	22:07:29	60.11	6499	2069	2094
481	22:08:29	60.12	6499	2068	2093
482	22:09:29	60.11	6499	2067	2092
483	22:10:29	60.12	6499	2065	2090
484	22:11:29	60.11	6499	2064	2089
485	22:12:29	60.11	6499	2062	2087
486	22:13:30	60.12	6499	2061	2086
487	22:14:30	60.11	6499	2059	2084
488	22:15:30	60.12	6499	2058	2083
489	22:16:30	60.12	6499	2057	2081
490	22:17:30	60.13	6499	2055	2080
491	22:18:30	60.12	6499	2054	2079
492	22:19:30	60.11	6499	2052	2077
493	22:20:30	60.07	6499	2051	2076
494	22:21:31	60.11	6499	2049	2075
495	22:22:31	45.92	6499	2048	2073
496	22:23:17	22.46	6499	2047	2073
497	22:23:39	60.10	6499	2046	2072
498	22:24:39	60.12	6499	2045	2070
499	22:25:39	60.11	6499	2044	2069
500	22:26:39	60.12	6499	2042	2067
501	22:27:39	15.91	6499	2041	2066
502	22:27:55	60.21	6499	2040	2066
503	22:28:56	60.12	6499	2039	2064
504	22:29:56	60.11	6499	2038	2063
505	22:30:56	60.13	6499	2036	2061
506	22:31:56	60.12	6499	2035	2060
507	22:32:56	60.12	6499	2033	2059
508	22:33:56	60.12	6499	2032	2057
509	22:34:56	60.11	6499	2031	2056
510	22:35:56	21.55	6499	2030	2055
511	22:36:18	60.10	6499	2029	2054
512	22:37:18	60.11	6499	2027	2052
513	22:38:18	47.93	6499	2026	2051
514	22:39:06	18.83	6499	2025	2050
515	22:39:25	21.60	6499	2025	2050
516	22:39:46	10.09	6499	2024	2049
517	22:39:57	60.12	6499	2024	2049
518	22:40:57	60.12	6499	2022	2047
519	22:41:57	60.12	6499	2021	2046
520	22:42:57	60.11	6499	2019	2044
521	22:43:57	60.11	6499	2018	2043
522	22:44:57	60.11	6499	2017	2042
523	22:45:57	60.12	6499	2015	2040
524	22:46:57	60.10	6499	2014	2039
525	22:47:58	60.11	6499	2012	2037
526	22:48:58	60.12	6499	2011	2036
527	22:49:58	60.09	6499	2010	2035
528	22:50:58	60.09	6499	2008	2033
529	22:51:58	60.12	6499	2007	2032
530	22:52:58	60.11	6499	2005	2031
531	22:53:58	60.12	6499	2004	2029
532	22:54:58	60.11	6499	2003	2028
533	22:55:58	60.12	6499	2001	2026
534	22:56:59	60.11	6499	2000	2025
535	22:57:59	34.03	6499	1999	2024
536	22:58:33	60.14	6499	1998	2023
537	22:59:33	60.12	6499	1996	2021
538	23:00:33	60.11	6499	1995	2020
539	23:01:33	60.11	6499	1994	2019
540	23:02:33	60.10	6499	1992	2017
541	23:03:33	60.11	6499	1991	2016
542	23:04:33	60.12	6499	1989	2014
543	23:05:33	60.11	6499	1988	2013
544	23:06:34	60.11	6499	1987	2012
545	23:07:34	60.12	6499	1985	2010
546	23:08:34	60.11	6499	1984	2009
547	23:09:34	52.81	6499	1983	2008
548	23:10:27	17.23	6499	1982	2007
549	23:10:44	40.51	6499	1981	2006
550	23:11:24	23.02	6499	1980	2006
551	23:11:47	23.52	6499	1980	2005
552	23:12:11	44.52	6499	1979	2004
553	23:12:56	41.51	6499	1978	2003
554	23:13:37	45.53	6499	1977	2002
555	23:14:23	32.01	6499	1976	2001
556	23:14:55	28.02	6499	1976	2001
557	23:15:23	49.67	6499	1975	2000
558	23:16:12	36.86	6499	1974	1999
559	23:16:49	39.67	6499	1973	1998
560	23:17:29	35.91	6499	1972	1997
561	23:18:05	43.48	6499	1971	1996
562	23:18:48	60.11	6499	1970	1995
563	23:19:48	18.42	6499	1969	1994
564	23:20:07	49.52	6499	1969	1994
565	23:20:56	60.23	6499	1968	1993
566	23:21:56	10.27	6499	1967	1992
567	23:22:07	60.38	6499	1966	1991
568	23:23:07	10.26	6499	1966	1991
569	23:23:17	41.91	6499	1965	1990
570	23:23:59	60.29	6499	1964	1990
571	23:25:00	58.70	6499	1963	1988
572	23:25:58	17.55	6499	1963	1988
573	23:26:16	14.73	6499	1962	1988
574	23:26:31	60.30	6499	1961	1987
575	23:27:31	60.12	6499	1960	1985
576	23:28:31	60.11	6499	1959	1984
577	23:29:31	38.29	6499	1958	1983
578	23:30:09	60.15	6499	1956	1982
579	23:31:09	60.10	6499	1954	1980
580	23:32:10	56.31	6499	1953	1979
581	23:33:06	60.16	6499	1951	1978
582	23:34:06	60.12	6499	1949	1976
583	23:35:06	60.11	6499	1948	1975
584	23:36:06	60.12	6499	1946	1973
585	23:37:06	60.11	6499	1945	1972
586	23:38:07	18.95	6499	1944	1971
587	23:38:25	60.19	6499	1943	1970
588	23:39:26	13.33	6499	1942	1969
589	23:39:39	60.03	6499	1941	1968
590	23:40:39	35.49	6499	1940	1967
591	23:41:14	60.19	6499	1939	1966
592	23:42:15	60.11	6499	1937	1964
593	23:43:15	60.11	6499	1936	1963
594	23:44:15	60.10	6499	1934	1961
595	23:45:15	60.12	6499	1933	1960
596	23:46:15	10.27	6499	1932	1959
597	23:46:25	60.11	6499	1931	1958
598	23:47:26	10.72	6499	1930	1957
599	23:47:36	10.07	6499	1930	1957
600	23:47:46	28.27	6499	1929	1957
601	23:48:15	23.91	6499	1929	1956
602	23:48:38	60.27	6499	1928	1955
603	23:49:39	10.27	6499	1927	1954
604	23:49:49	60.12	6499	1926	1953
605	23:50:49	21.81	6499	1925	1952
606	23:51:11	60.09	6499	1924	1952
607	23:52:11	60.12	6499	1923	1950
608	23:53:11	60.11	6499	1921	1949
609	23:54:11	58.90	6499	1920	1947
610	23:55:10	60.06	6499	1918	1946
611	23:56:10	46.00	6499	1917	1945
612	23:56:56	24.48	6499	1916	1944
613	23:57:21	60.26	6499	1915	1943
614	23:58:21	60.11	6499	1914	1942
615	23:59:21	60.11	6499	1912	1940
616	00:00:21	60.12	6499	1911	1939
617	00:01:21	60.11	6499	1910	1937
618	00:02:21	60.13	6499	1908	1936
619	00:03:22	60.12	6499	1907	1935
620	00:04:22	60.11	6499	1905	1933
621	00:05:22	36.17	6499	1904	1932
622	00:05:58	60.24	6499	1903	1931
623	00:06:58	60.12	6499	1902	1930
624	00:07:58	60.11	6499	1900	1928
625	00:08:58	10.27	6499	1900	1928
626	00:09:09	60.12	6499	1899	1927
627	00:10:09	23.62	6499	1898	1926
628	00:10:32	60.03	6499	1897	1925
629	00:11:32	10.26	6499	1896	1924
630	00:11:43	60.10	6499	1895	1924
631	00:12:43	60.12	6499	1894	1922
632	00:13:43	60.11	6499	1892	1921
633	00:14:43	60.11	6499	1891	1920
634	00:15:43	60.11	6499	1890	1918
635	00:16:43	60.11	6499	1888	1917
636	00:17:43	60.11	6499	1887	1916
637	00:18:43	60.12	6499	1886	1914
638	00:19:44	60.08	6499	1884	1913
639	00:20:44	51.53	6499	1883	1912
640	00:21:35	60.14	6499	1882	1910
641	00:22:35	47.71	6499	1880	1909
642	00:23:23	60.23	6499	1879	1908
643	00:24:23	10.54	6499	1878	1908
644	00:24:34	29.73	6499	1878	1907
645	00:25:04	60.40	6499	1877	1906
646	00:26:04	60.12	6499	1876	1905
647	00:27:04	23.02	6499	1875	1904
648	00:27:27	60.14	6499	1874	1903
649	00:28:27	60.12	6499	1872	1902
650	00:29:27	60.12	6499	1871	1900
651	00:30:27	58.20	6499	1870	1899
652	00:31:26	60.27	6499	1868	1898
653	00:32:26	60.11	6499	1867	1896
654	00:33:26	60.12	6499	1866	1895
655	00:34:26	60.11	6499	1864	1894
656	00:35:26	60.10	6499	1863	1893
657	00:36:26	60.11	6499	1861	1891
658	00:37:26	60.12	6499	1860	1890
659	00:38:27	10.27	6499	1859	1889
660	00:38:37	28.17	6499	1859	1889
661	00:39:05	60.50	6499	1858	1888
662	00:40:06	60.12	6499	1857	1887
663	00:41:06	60.10	6499	1855	1885
664	00:42:06	60.13	6499	1854	1884
665	00:43:06	60.10	6499	1853	1883
666	00:44:06	52.61	6499	1851	1882
667	00:44:59	60.10	6499	1850	1880
668	00:45:59	60.12	6499	1849	1879
669	00:46:59	60.11	6499	1847	1878
670	00:47:59	60.12	6499	1846	1877
671	00:48:59	60.11	6499	1845	1876
672	00:49:59	60.12	6499	1844	1874
673	00:50:59	60.12	6499	1842	1873
674	00:51:59	60.12	6499	1841	1872
675	00:53:00	60.12	6499	1840	1870
676	00:54:00	60.11	6499	1839	1869
677	00:55:00	60.11	6499	1837	1868
678	00:56:00	48.53	6499	1836	1867
679	00:56:48	60.19	6499	1835	1866
680	00:57:49	60.11	6499	1834	1865
681	00:58:49	60.11	6499	1832	1863
682	00:59:49	60.12	6499	1831	1862
683	01:00:49	60.13	6499	1830	1861
684	01:01:49	60.12	6499	1829	1860
685	01:02:49	60.11	6499	1827	1859
686	01:03:49	60.11	6499	1826	1857
687	01:04:49	60.12	6499	1825	1856
688	01:05:50	60.12	6499	1824	1855
689	01:06:50	60.12	6499	1822	1854
690	01:07:50	60.12	6499	1821	1852
691	01:08:50	19.66	6499	1820	1852
692	01:09:10	60.23	6499	1819	1851
693	01:10:10	60.11	6499	1818	1850
694	01:11:10	60.12	6499	1817	1848
695	01:12:10	60.11	6499	1816	1847
696	01:13:10	60.12	6499	1815	1846
697	01:14:10	60.12	6499	1813	1845
698	01:15:10	60.12	6499	1812	1844
699	01:16:10	54.56	6499	1811	1843
700	01:17:05	31.47	6499	1810	1842
701	01:17:36	60.47	6499	1809	1841
702	01:18:37	60.12	6499	1808	1840
703	01:19:37	60.09	6499	1807	1838
704	01:20:37	60.06	6499	1805	1837
705	01:21:37	43.95	6499	1804	1836
706	01:22:21	10.15	6499	1804	1836
707	01:22:31	36.11	6499	1803	1835
708	01:23:07	60.58	6499	1802	1834
709	01:24:08	60.12	6499	1801	1833
710	01:25:08	60.11	6499	1800	1832
711	01:26:08	60.12	6499	1799	1831
712	01:27:08	60.12	6499	1797	1830
713	01:28:08	60.10	6499	1796	1828
714	01:29:09	60.11	6499	1795	1827
715	01:30:09	60.12	6499	1794	1826
716	01:31:09	60.11	6499	1793	1825
717	01:32:09	22.36	6499	1792	1824
718	01:32:31	60.03	6499	1791	1823
719	01:33:31	60.11	6499	1790	1822
720	01:34:31	60.11	6499	1788	1821
721	01:35:31	60.11	6499	1787	1820
722	01:36:32	60.11	6499	1786	1819
723	01:37:32	60.12	6499	1785	1817
724	01:38:32	60.13	6499	1784	1816
725	01:39:32	49.93	6499	1782	1815
726	01:40:22	60.03	6499	1781	1814
727	01:41:22	60.11	6499	1780	1813
728	01:42:22	60.11	6499	1779	1812
729	01:43:22	60.12	6499	1778	1811
730	01:44:22	60.12	6499	1776	1810
731	01:45:22	60.11	6499	1775	1808
732	01:46:22	60.10	6499	1774	1807
733	01:47:23	60.12	6499	1773	1806
734	01:48:23	60.12	6499	1772	1805
735	01:49:23	60.10	6499	1770	1804
736	01:50:23	30.95	6499	1770	1803
737	01:50:54	44.76	6499	1769	1802
738	01:51:39	60.27	6499	1768	1801
739	01:52:39	60.12	6499	1767	1800
740	01:53:39	60.12	6499	1765	1799
741	01:54:39	60.12	6499	1764	1798
742	01:55:39	60.12	6499	1763	1797
743	01:56:39	60.11	6499	1762	1796
744	01:57:40	60.12	6499	1761	1795
745	01:58:40	60.11	6499	1759	1794
746	01:59:40	52.60	6499	1758	1793
747	02:00:32	13.95	6499	1758	1792
748	02:00:46	20.14	6499	1758	1792
749	02:01:06	60.06	6499	1757	1791
750	02:02:06	60.11	6499	1756	1790
751	02:03:07	60.10	6499	1754	1789
752	02:04:07	60.11	6499	1753	1788
753	02:05:07	60.11	6499	1752	1786
754	02:06:07	60.12	6499	1751	1785
755	02:07:07	60.12	6499	1750	1784
756	02:08:07	13.98	6499	1749	1784
757	02:08:21	60.16	6499	1749	1783
758	02:09:21	60.10	6499	1748	1782
759	02:10:21	60.10	6499	1746	1781
760	02:11:21	60.11	6499	1745	1780
761	02:12:22	60.12	6499	1744	1779
762	02:13:22	60.10	6499	1743	1777
763	02:14:22	60.11	6499	1742	1776
764	02:15:22	60.10	6499	1741	1775
765	02:16:22	20.08	6499	1740	1775
766	02:16:42	60.29	6499	1739	1774
767	02:17:42	60.10	6499	1738	1773
768	02:18:43	60.11	6499	1737	1772
769	02:19:43	55.21	6499	1736	1771
770	02:20:38	32.00	6499	1735	1770
771	02:21:10	60.49	6499	1734	1769
772	02:22:10	60.12	6499	1733	1768
773	02:23:10	29.28	6499	1733	1767
774	02:23:40	60.13	6499	1732	1766
775	02:24:40	60.12	6499	1731	1765
776	02:25:40	60.12	6499	1729	1764
777	02:26:40	60.11	6499	1728	1763
778	02:27:40	60.12	6499	1727	1762
779	02:28:40	60.11	6499	1726	1761
780	02:29:40	60.10	6499	1725	1760
781	02:30:41	60.11	6499	1724	1759
782	02:31:41	60.10	6499	1723	1758
783	02:32:41	60.12	6499	1722	1757
784	02:33:41	60.11	6499	1721	1756
785	02:34:41	60.10	6499	1720	1755
786	02:35:41	60.12	6499	1719	1754
787	02:36:41	60.11	6499	1718	1753
788	02:37:41	60.11	6499	1717	1752
789	02:38:41	60.12	6499	1715	1750
790	02:39:42	60.12	6499	1714	1749
791	02:40:42	60.11	6499	1713	1748
792	02:41:42	60.12	6499	1712	1747
793	02:42:42	60.10	6499	1711	1746
794	02:43:42	60.12	6499	1710	1745
795	02:44:42	53.99	6499	1709	1744
796	02:45:36	34.98	6499	1708	1744
797	02:46:11	60.58	6499	1707	1743
798	02:47:12	60.10	6499	1706	1742
799	02:48:12	60.11	6499	1705	1741
800	02:49:12	60.11	6499	1704	1740
801	02:50:12	60.12	6499	1703	1739
802	02:51:12	60.12	6499	1702	1738
803	02:52:12	60.10	6499	1701	1737
804	02:53:12	60.12	6499	1700	1736
805	02:54:12	60.11	6499	1699	1735
806	02:55:13	60.12	6499	1698	1734
807	02:56:13	60.10	6499	1697	1733
808	02:57:13	60.11	6499	1696	1731
809	02:58:13	60.11	6499	1694	1730
810	02:59:13	60.12	6499	1693	1729
811	03:00:13	60.12	6499	1692	1728
812	03:01:13	60.12	6499	1691	1727
813	03:02:13	60.12	6499	1690	1726
814	03:03:13	25.59	6499	1690	1726
815	03:03:39	60.06	6499	1689	1725
816	03:04:39	60.12	6499	1688	1724
817	03:05:39	60.11	6499	1687	1723
818	03:06:39	60.13	6499	1686	1722
819	03:07:39	60.12	6499	1685	1721
820	03:08:40	10.27	6499	1684	1720
821	03:08:50	60.11	6499	1684	1720
822	03:09:50	60.11	6499	1683	1719
823	03:10:50	60.12	6499	1682	1718
824	03:11:50	60.11	6499	1681	1717
825	03:12:50	60.12	6499	1680	1716
826	03:13:50	44.44	6499	1679	1715
827	03:14:35	37.30	6499	1678	1714
828	03:15:12	60.25	6499	1677	1713
829	03:16:12	60.11	6499	1676	1712
830	03:17:13	60.12	6499	1675	1711
831	03:18:13	60.11	6499	1674	1710
832	03:19:13	60.12	6499	1673	1709
833	03:20:13	60.29	6499	1672	1708
834	03:21:13	60.11	6499	1671	1707
835	03:22:13	60.12	6499	1670	1706
836	03:23:13	60.11	6499	1669	1705
837	03:24:14	60.11	6499	1668	1705
838	03:25:14	60.12	6499	1667	1704
839	03:26:14	60.10	6499	1666	1703
840	03:27:14	60.11	6499	1665	1702
841	03:28:14	60.13	6499	1664	1701
842	03:29:14	60.11	6499	1663	1700
843	03:30:14	60.12	6499	1662	1699
844	03:31:14	60.12	6499	1661	1698
845	03:32:14	60.11	6499	1660	1697
846	03:33:15	60.12	6499	1659	1696
847	03:34:15	60.12	6499	1658	1695
848	03:35:15	60.13	6499	1657	1694
849	03:36:15	60.11	6499	1656	1693
850	03:37:15	60.11	6499	1655	1692
851	03:38:15	60.11	6499	1654	1691
852	03:39:15	60.12	6499	1653	1690
853	03:40:15	60.12	6499	1652	1689
854	03:41:16	60.11	6499	1651	1688
855	03:42:16	60.12	6499	1649	1687
856	03:43:16	60.12	6499	1648	1686
857	03:44:16	60.12	6499	1647	1685
858	03:45:16	60.12	6499	1646	1683
859	03:46:16	60.10	6499	1645	1682
860	03:47:16	60.12	6499	1644	1681
861	03:48:16	60.12	6499	1643	1680
862	03:49:16	60.11	6499	1642	1679
863	03:50:17	60.11	6499	1641	1678
864	03:51:17	60.09	6499	1639	1677
865	03:52:17	15.48	6499	1639	1677
866	03:52:32	60.17	6499	1638	1676
867	03:53:32	60.11	6499	1637	1675
868	03:54:32	60.12	6499	1636	1674
869	03:55:33	60.11	6499	1635	1673
870	03:56:33	60.11	6499	1634	1672
871	03:57:33	60.11	6499	1633	1671
872	03:58:33	60.11	6499	1632	1670
873	03:59:33	60.12	6499	1631	1669
874	04:00:33	60.12	6499	1630	1668
875	04:01:33	60.12	6499	1629	1667
876	04:02:33	60.11	6499	1627	1666
877	04:03:34	60.11	6499	1626	1665
878	04:04:34	60.12	6499	1625	1664
879	04:05:34	56.64	6499	1624	1663
880	04:06:30	18.18	6499	1624	1663
881	04:06:49	21.96	6499	1623	1662
882	04:07:11	23.92	6499	1623	1662
883	04:07:34	60.15	6499	1622	1661
884	04:08:35	60.12	6499	1621	1660
885	04:09:35	41.81	6499	1621	1660
886	04:10:17	27.19	6499	1620	1659
887	04:10:44	60.35	6499	1619	1658
888	04:11:44	60.10	6499	1618	1657
889	04:12:44	60.13	6499	1617	1656
890	04:13:44	60.11	6499	1616	1655
891	04:14:44	60.11	6499	1615	1654
892	04:15:45	60.13	6499	1614	1653
893	04:16:45	60.11	6499	1613	1652
894	04:17:45	60.11	6499	1612	1651
895	04:18:45	60.11	6499	1611	1651
896	04:19:45	60.08	6499	1610	1650
897	04:20:45	60.07	6499	1609	1649
898	04:21:45	60.12	6499	1608	1648
899	04:22:45	43.62	6499	1607	1647
900	04:23:29	60.05	6499	1607	1646
901	04:24:29	60.11	6499	1606	1645
902	04:25:29	60.12	6499	1605	1644
903	04:26:29	60.12	6499	1604	1643
904	04:27:29	60.11	6499	1603	1642
905	04:28:29	60.11	6499	1602	1641
906	04:29:29	60.12	6499	1601	1640
907	04:30:30	34.44	6499	1600	1639
908	04:31:04	60.21	6499	1599	1638
909	04:32:04	60.12	6499	1598	1637
910	04:33:04	60.12	6499	1597	1636
911	04:34:04	60.11	6499	1596	1636
912	04:35:05	60.12	6499	1595	1635
913	04:36:05	60.12	6499	1594	1634
914	04:37:05	60.11	6499	1593	1633
915	04:38:05	60.11	6499	1592	1632
916	04:39:05	60.11	6499	1591	1631
917	04:40:05	60.13	6499	1590	1630
918	04:41:05	60.12	6499	1589	1629
919	04:42:05	60.12	6499	1588	1628
920	04:43:06	60.10	6499	1587	1627
921	04:44:06	60.10	6499	1586	1626
922	04:45:06	60.10	6499	1585	1625
923	04:46:06	60.11	6499	1584	1624
924	04:47:06	60.10	6499	1583	1624
925	04:48:06	60.12	6499	1582	1623
926	04:49:06	60.12	6499	1582	1622
927	04:50:06	60.12	6499	1581	1621
928	04:51:06	60.11	6499	1580	1620
929	04:52:07	36.96	6499	1579	1619
930	04:52:43	14.63	6499	1578	1619
931	04:52:58	10.28	6499	1578	1619
932	04:53:08	60.10	6499	1577	1618
933	04:54:08	60.11	6499	1577	1617
934	04:55:09	60.12	6499	1576	1616
935	04:56:09	60.11	6499	1575	1615
936	04:57:09	60.12	6499	1574	1614
937	04:58:09	60.11	6499	1573	1614
938	04:59:09	60.12	6499	1572	1613
939	05:00:09	60.12	6499	1571	1612
940	05:01:09	60.11	6499	1570	1611
941	05:02:09	60.11	6498	1569	1610
942	05:03:10	43.73	6499	1568	1609
943	05:03:53	21.80	6499	1568	1609
944	05:04:15	60.43	6499	1567	1608
945	05:05:15	60.11	6499	1566	1607
946	05:06:16	60.12	6499	1565	1606
947	05:07:16	60.11	6499	1564	1605
948	05:08:16	60.11	6499	1563	1604
949	05:09:16	60.12	6499	1562	1604
950	05:10:16	60.11	6499	1561	1603
951	05:11:16	60.12	6499	1560	1602
952	05:12:16	60.11	6499	1560	1601
953	05:13:16	60.11	6499	1559	1600
954	05:14:16	60.12	6499	1558	1599
955	05:15:17	60.11	6499	1557	1598
956	05:16:17	60.11	6499	1556	1597
957	05:17:17	60.12	6499	1555	1596
958	05:18:17	60.12	6499	1554	1596
959	05:19:17	60.14	6499	1553	1595
960	05:20:17	60.04	6499	1552	1594
961	05:21:17	60.10	6499	1551	1593
962	05:22:17	60.11	6499	1550	1592
963	05:23:17	60.12	6499	1550	1591
964	05:24:18	60.12	6499	1549	1590
965	05:25:18	60.12	6499	1548	1590
966	05:26:18	60.11	6499	1547	1589
967	05:27:18	60.11	6499	1546	1588
968	05:28:18	60.12	6499	1545	1587
969	05:29:18	60.11	6499	1544	1586
970	05:30:18	60.11	6499	1543	1585
971	05:31:18	60.12	6499	1542	1584
972	05:32:18	60.11	6499	1542	1583
973	05:33:19	60.11	6499	1541	1583
974	05:34:19	35.86	6499	1540	1582
975	05:34:55	21.51	6499	1540	1581
976	05:35:16	60.37	6499	1539	1581
977	05:36:16	60.12	6499	1538	1580
978	05:37:17	60.10	6499	1537	1579
979	05:38:17	60.13	6499	1536	1578
980	05:39:17	60.11	6499	1535	1577
981	05:40:17	60.12	6499	1534	1577
982	05:41:17	60.11	6499	1533	1576
983	05:42:17	60.12	6499	1533	1575
984	05:43:17	60.11	6499	1532	1574
985	05:44:17	60.11	6499	1531	1573
986	05:45:17	10.26	6499	1530	1573
987	05:45:28	19.43	6499	1530	1573
988	05:45:47	60.47	6499	1529	1572
989	05:46:48	60.12	6499	1529	1571
990	05:47:48	60.11	6499	1528	1571
991	05:48:48	60.11	6499	1527	1570
992	05:49:48	60.12	6499	1526	1569
993	05:50:48	60.12	6499	1525	1568
994	05:51:48	60.12	6499	1524	1567
995	05:52:48	60.11	6499	1523	1566
996	05:53:48	60.11	6499	1522	1566
997	05:54:49	60.12	6499	1522	1565
998	05:55:49	60.12	6499	1521	1564
999	05:56:49	60.12	6499	1520	1563
1000	05:57:49	60.10	6499	1519	1562
1001	05:58:49	60.13	6499	1518	1561
1002	05:59:49	60.11	6499	1517	1561
1003	06:00:49	60.11	6499	1516	1560
1004	06:01:49	60.10	6499	1516	1559
1005	06:02:49	60.11	6499	1515	1558
1006	06:03:50	60.12	6499	1514	1557
1007	06:04:50	60.11	6499	1513	1557
1008	06:05:50	60.12	6499	1512	1556
1009	06:06:50	60.10	6499	1511	1555
1010	06:07:50	60.11	6499	1510	1554
1011	06:08:50	60.12	6499	1510	1553
1012	06:09:50	60.11	6499	1509	1552
1013	06:10:50	60.11	6499	1508	1552
1014	06:11:50	60.11	6499	1507	1551
1015	06:12:51	60.11	6499	1506	1550
1016	06:13:51	60.11	6499	1506	1549
1017	06:14:51	60.12	6499	1505	1548
1018	06:15:51	60.10	6499	1504	1548
1019	06:16:51	60.11	6499	1503	1547
1020	06:17:51	60.11	6499	1502	1546
1021	06:18:51	60.12	6499	1502	1545
1022	06:19:51	60.09	6499	1501	1544
1023	06:20:51	60.09	6499	1500	1544
1024	06:21:52	60.12	6499	1499	1543
1025	06:22:52	60.12	6499	1498	1542
1026	06:23:52	60.11	6499	1497	1541
1027	06:24:52	60.11	6499	1497	1540
1028	06:25:52	60.13	6499	1496	1540
1029	06:26:52	60.11	6499	1495	1539
1030	06:27:52	60.12	6499	1494	1538
1031	06:28:52	60.12	6499	1493	1537
1032	06:29:52	60.10	6499	1493	1536
1033	06:30:53	60.10	6499	1492	1536
1034	06:31:53	60.11	6499	1491	1535
1035	06:32:53	60.12	6499	1490	1534
1036	06:33:53	34.66	6499	1489	1533
1037	06:34:28	20.77	6499	1489	1533
1038	06:34:48	60.27	6499	1489	1533
1039	06:35:49	60.12	6499	1488	1532
1040	06:36:49	60.12	6499	1487	1531
1041	06:37:49	60.13	6499	1486	1530
1042	06:38:49	60.11	6499	1485	1529
1043	06:39:49	60.12	6499	1484	1529
1044	06:40:49	60.10	6499	1484	1528
1045	06:41:49	60.11	6499	1483	1527
1046	06:42:49	60.11	6499	1482	1526
1047	06:43:50	60.12	6499	1481	1526
1048	06:44:50	60.12	6499	1480	1525
1049	06:45:50	60.12	6499	1480	1524
1050	06:46:50	60.10	6499	1479	1524
1051	06:47:50	60.11	6499	1478	1523
1052	06:48:50	60.10	6499	1477	1522
1053	06:49:50	60.13	6499	1477	1522
1054	06:50:50	60.12	6499	1476	1521
1055	06:51:50	60.12	6499	1475	1520
1056	06:52:51	60.12	6499	1475	1520
1057	06:53:51	60.10	6499	1474	1519
1058	06:54:51	60.11	6499	1473	1518
1059	06:55:51	60.11	6499	1472	1517
1060	06:56:51	60.12	6499	1471	1517
1061	06:57:51	60.12	6499	1470	1516
1062	06:58:51	60.13	6499	1470	1515
1063	06:59:51	60.12	6499	1469	1515
1064	07:00:51	10.27	6499	1469	1514
1065	07:01:02	13.97	6499	1468	1514
1066	07:01:16	10.07	6499	1468	1514
1067	07:01:26	24.55	6499	1468	1513
1068	07:01:50	60.36	6499	1467	1513
1069	07:02:51	60.11	6499	1467	1512
1070	07:03:51	60.12	6499	1466	1511
1071	07:04:51	60.11	6499	1465	1511
1072	07:05:51	60.11	6499	1464	1510
1073	07:06:51	60.12	6499	1464	1509
1074	07:07:51	60.11	6499	1463	1508
1075	07:08:51	60.12	6499	1462	1508
1076	07:09:52	60.09	6499	1461	1507
1077	07:10:52	60.11	6499	1461	1506
1078	07:11:52	60.11	6499	1460	1505
1079	07:12:52	60.11	6499	1459	1505
1080	07:13:52	60.11	6499	1458	1504
1081	07:14:52	60.11	6499	1458	1503
1082	07:15:52	60.11	6499	1457	1503
1083	07:16:52	60.12	6499	1456	1502
1084	07:17:52	60.12	6499	1455	1501
1085	07:18:53	33.53	6499	1455	1501
1086	07:19:26	25.34	6499	1454	1500
1087	07:19:51	60.35	6499	1454	1500
1088	07:20:52	60.08	6499	1453	1499
1089	07:21:52	60.12	6499	1452	1498
1090	07:22:52	60.11	6499	1451	1497
1091	07:23:52	60.12	6499	1451	1497
1092	07:24:52	60.11	6499	1450	1496
1093	07:25:52	60.11	6499	1449	1495
1094	07:26:52	60.10	6499	1449	1494
1095	07:27:52	60.11	6499	1448	1494
1096	07:28:53	60.12	6499	1447	1493
1097	07:29:53	60.11	6499	1446	1492
1098	07:30:53	60.12	6499	1446	1492
1099	07:31:53	60.11	6499	1445	1491
1100	07:32:53	60.12	6499	1444	1490
1101	07:33:53	60.12	6499	1443	1490
1102	07:34:53	60.11	6499	1443	1489
1103	07:35:53	60.10	6499	1442	1488
1104	07:36:54	60.12	6499	1441	1487
1105	07:37:54	60.11	6499	1440	1487
1106	07:38:54	60.11	6499	1440	1486
1107	07:39:54	60.11	6499	1439	1485
1108	07:40:54	60.11	6499	1438	1485
1109	07:41:54	60.12	6499	1437	1484
1110	07:42:54	60.13	6499	1437	1483
1111	07:43:54	60.11	6499	1436	1482
1112	07:44:54	60.11	6499	1435	1482
1113	07:45:55	60.11	6499	1434	1481
1114	07:46:55	60.11	6499	1434	1480
1115	07:47:55	60.11	6499	1433	1480
1116	07:48:55	60.11	6499	1432	1479
1117	07:49:55	60.12	6499	1431	1478
1118	07:50:55	60.10	6499	1431	1478
1119	07:51:55	60.12	6499	1430	1477
1120	07:52:55	60.13	6499	1429	1476
1121	07:53:55	60.11	6499	1428	1475
1122	07:54:56	60.12	6499	1428	1475
1123	07:55:56	60.10	6499	1427	1474
1124	07:56:56	60.12	6499	1426	1473
1125	07:57:56	60.10	6499	1425	1473
1126	07:58:56	60.12	6499	1425	1472
1127	07:59:56	60.13	6499	1424	1471
1128	08:00:56	60.11	6499	1423	1470
1129	08:01:56	60.10	6499	1423	1470
1130	08:02:56	60.12	6499	1422	1469
1131	08:03:57	60.11	6499	1421	1468
1132	08:04:57	60.11	6499	1420	1468
1133	08:05:57	12.54	6499	1420	1467
1134	08:06:09	13.12	6499	1420	1467
1135	08:06:22	30.90	6499	1420	1467
1136	08:06:53	60.40	6499	1419	1466
1137	08:07:54	60.12	6499	1418	1465
1138	08:08:54	60.11	6499	1418	1465
1139	08:09:54	60.10	6499	1417	1464
1140	08:10:54	60.10	6499	1416	1463
1141	08:11:54	60.12	6499	1416	1463
1142	08:12:54	60.12	6499	1415	1462
1143	08:13:54	60.11	6499	1414	1461
1144	08:14:55	60.12	6499	1413	1461
1145	08:15:55	60.11	6499	1413	1460
1146	08:16:55	40.20	6499	1412	1459
1147	08:17:35	19.39	6499	1412	1459
1148	08:17:54	60.38	6499	1411	1459
1149	08:18:55	60.11	6499	1411	1458
1150	08:19:55	60.08	6499	1410	1457
1151	08:20:55	60.08	6499	1409	1457
1152	08:21:55	60.11	6499	1409	1456
1153	08:22:55	60.12	6499	1408	1455
1154	08:23:55	60.11	6499	1407	1455
1155	08:24:55	60.12	6499	1407	1454
1156	08:25:55	60.12	6499	1406	1453
1157	08:26:56	60.12	6499	1405	1453
1158	08:27:56	60.11	6499	1405	1452
1159	08:28:56	59.50	6499	1404	1451
1160	08:29:55	31.01	6499	1403	1451
1161	08:30:26	60.26	6499	1403	1450
1162	08:31:27	60.11	6499	1402	1449
1163	08:32:27	60.11	6499	1401	1449
1164	08:33:27	60.11	6499	1401	1448
1165	08:34:27	60.10	6499	1400	1447
1166	08:35:27	60.12	6499	1399	1447
1167	08:36:27	60.11	6499	1399	1446
1168	08:37:27	60.12	6499	1398	1446
1169	08:38:27	60.11	6499	1397	1445
1170	08:39:27	60.11	6499	1397	1444
1171	08:40:28	60.11	6499	1396	1443
1172	08:41:28	60.11	6499	1395	1443
1173	08:42:28	60.10	6499	1395	1442
1174	08:43:28	60.10	6499	1394	1441
1175	08:44:28	60.11	6499	1393	1441
1176	08:45:28	60.11	6499	1392	1440
1177	08:46:28	60.11	6499	1392	1440
1178	08:47:28	60.11	6499	1391	1439
1179	08:48:28	60.12	6499	1390	1438
1180	08:49:29	60.11	6499	1390	1437
1181	08:50:29	60.12	6499	1389	1437
1182	08:51:29	60.11	6499	1388	1436
1183	08:52:29	60.12	6499	1388	1436
1184	08:53:29	60.11	6499	1387	1435
1185	08:54:29	60.12	6499	1386	1434
1186	08:55:29	60.12	6499	1385	1434
1187	08:56:29	60.10	6499	1385	1433
1188	08:57:29	60.11	6499	1384	1432
1189	08:58:30	60.10	6499	1383	1432
1190	08:59:30	60.11	6499	1383	1431
1191	09:00:30	60.12	6499	1382	1430
1192	09:01:30	60.11	6499	1381	1430
1193	09:02:30	60.12	6499	1381	1429
1194	09:03:30	60.12	6499	1380	1428
1195	09:04:30	60.12	6499	1379	1428
1196	09:05:30	60.12	6499	1379	1427
1197	09:06:31	60.11	6499	1378	1426
1198	09:07:31	60.12	6499	1377	1426
1199	09:08:31	60.12	6499	1377	1425
1200	09:09:31	60.12	6499	1376	1424
1201	09:10:31	60.11	6499	1375	1424
1202	09:11:31	60.11	6499	1375	1423
1203	09:12:31	60.11	6499	1374	1422
1204	09:13:31	60.12	6499	1374	1422
1205	09:14:31	60.11	6499	1373	1421
1206	09:15:32	60.11	6499	1372	1421
1207	09:16:32	60.11	6499	1372	1420
1208	09:17:32	60.11	6499	1371	1419
1209	09:18:32	60.11	6499	1370	1419
1210	09:19:32	48.98	6499	1370	1418
1211	09:20:21	60.43	6499	11.49	14.8
1212	09:21:21	60.10	6499	0	0
1213	09:22:21	25.95	6499	0	0
1214	09:22:47	16.64	6499	0	0
1215	09:23:04	23.35	6499	0	0
1216	09:23:27	30.90	6499	0	0
1217	09:23:58	60.46	6501	0	0
1218	09:24:59	51.69	6501	0	0
Created by AtlRunQuery on: 2018-12-09 19:21:02.809587
