LHC beam energy and intensities during run 339435:
(Begin/end of run: Sun Oct 29 2017 03:51:57 − Mon Oct 30, 05:51:45)

LB	   Start time
(CEST)	   Duration
(sec)	   Beam energy
(GeV)	   Intensity Beam-1
(1e11 protons)	   Intensity Beam-2
(1e11 protons)
1	03:51:57	60.13	59	0	0
2	03:52:57	60.11	59	0	0
3	03:53:57	60.12	59	0	0
4	03:54:57	44.88	59	0	0
5	03:55:42	47.08	59	0	0
6	03:56:29	60.30	59	0	0
7	03:57:30	22.18	59	0	0
8	03:57:52	60.21	59	0	0
9	03:58:52	60.12	59	0	0
10	03:59:52	60.11	59	0	0
11	04:00:52	60.13	59	0	0
12	04:01:52	60.10	59	0	0
13	04:02:53	60.11	59	0	0
14	04:03:53	60.11	59	0	0
15	04:04:53	60.11	59	0	0
16	04:05:53	60.12	59	0	0
17	04:06:53	60.12	59	0	0
18	04:07:53	60.11	59	0	0
19	04:08:53	60.12	59	0	0
20	04:09:53	60.13	59	0	0
21	04:10:53	60.11	59	0	0
22	04:11:54	60.11	59	0	0
23	04:12:54	60.11	59	0	0
24	04:13:54	60.11	59	0	0
25	04:14:54	60.12	59	0	0
26	04:15:54	60.12	59	0	0
27	04:16:54	60.11	59	0	0
28	04:17:54	60.13	59	0	0
29	04:18:54	60.11	59	0	0
30	04:19:54	60.07	59	0	0
31	04:20:55	60.09	59	0	0
32	04:21:55	60.11	59	0	0
33	04:22:55	60.13	59	0	0
34	04:23:55	60.11	59	0	0
35	04:24:55	60.12	59	0	0
36	04:25:55	60.12	59	0	0
37	04:26:55	60.12	59	0	0
38	04:27:55	60.13	59	0	0
39	04:28:55	60.11	59	0	0
40	04:29:56	60.10	-1	0	0
41	04:30:56	60.11	-1	0	0
42	04:31:56	60.11	-1	0	0
43	04:32:56	60.11	-1	0	0
44	04:33:56	60.12	-1	0	0
45	04:34:56	60.12	-1	0	0
46	04:35:56	60.12	-1	0	0
47	04:36:56	60.10	-1	0	0
48	04:37:56	60.12	-1	0	0
49	04:38:57	60.12	-1	0	0
50	04:39:57	60.10	-1	0	0
51	04:40:57	60.13	-1	0	0
52	04:41:57	60.11	-1	0	0
53	04:42:57	60.11	-1	0	0
54	04:43:57	60.13	-1	0	0
55	04:44:57	60.11	-1	0	0
56	04:45:57	50.58	-1	0	0
57	04:46:48	60.13	-1	0	0
58	04:47:48	60.11	-1	0	0
59	04:48:48	60.13	-1	0	0
60	04:49:48	60.10	-1	0	0
61	04:50:48	60.12	-1	0	0
62	04:51:49	60.11	-1	0	0
63	04:52:49	60.12	-1	0	0
64	04:53:49	60.13	-1	0	0
65	04:54:49	60.12	-1	0	0
66	04:55:49	60.12	-1	0	0
67	04:56:49	60.12	-1	0	0
68	04:57:49	60.11	-1	0	0
69	04:58:49	60.12	-1	0	0
70	04:59:50	60.11	-1	0	0
71	05:00:50	60.10	-1	0	0
72	05:01:50	60.11	-1	0	0
73	05:02:50	60.12	-1	0	0
74	05:03:50	60.13	-1	0	0
75	05:04:50	60.13	-1	0	0
76	05:05:50	60.13	-1	0	0
77	05:06:50	60.12	-1	0	0
78	05:07:50	60.11	-1	0	0
79	05:08:51	60.12	-1	0	0
80	05:09:51	60.12	-1	0	0
81	05:10:51	60.11	-1	0	0
82	05:11:51	60.11	-1	0	0
83	05:12:51	60.12	-1	0	0
84	05:13:51	60.13	-1	0	0
85	05:14:51	60.12	-1	0	0
86	05:15:51	60.12	-1	0	0
87	05:16:52	60.11	-1	0	0
88	05:17:52	60.11	-1	0	0
89	05:18:52	60.12	-1	0	0
90	05:19:52	60.07	-1	0	0
91	05:20:52	60.09	-1	0	0
92	05:21:52	60.13	-1	0	0
93	05:22:52	60.11	-1	0	0
94	05:23:52	60.12	-1	0	0
95	05:24:52	60.11	-1	0	0
96	05:25:52	60.12	-1	0	0
97	05:26:53	60.13	-1	0	0
98	05:27:53	60.11	-1	0	0
99	05:28:53	60.11	-1	0	0
100	05:29:53	60.13	-1	0	0
101	05:30:53	60.11	-1	0	0
102	05:31:53	60.12	-1	0	0
103	05:32:53	60.11	-1	0	0
104	05:33:53	60.12	-1	0	0
105	05:34:54	60.13	-1	0	0
106	05:35:54	60.10	-1	0	0
107	05:36:54	60.12	-1	0	0
108	05:37:54	60.11	-1	0	0
109	05:38:54	60.11	-1	0	0
110	05:39:54	60.13	-1	0	0
111	05:40:54	60.12	-1	0	0
112	05:41:54	60.11	-1	0	0
113	05:42:54	60.10	-1	0	0
114	05:43:55	60.12	-1	0	0
115	05:44:55	60.11	-1	0	0
116	05:45:55	60.11	-1	0	0
117	05:46:55	60.12	-1	0	0
118	05:47:55	60.11	-1	0	0
119	05:48:55	60.11	-1	0	0
120	05:49:55	60.11	-1	0	0
121	05:50:55	60.12	-1	0	0
122	05:51:55	60.11	-1	0	0
123	05:52:56	60.12	-1	0	0
124	05:53:56	60.13	-1	0	0
125	05:54:56	60.11	-1	0	0
126	05:55:56	60.11	-1	0	0
127	05:56:56	60.12	-1	0	0
128	05:57:56	60.13	-1	0	0
129	05:58:56	60.12	-1	0	0
130	05:59:56	60.12	-1	0	0
131	06:00:57	60.11	-1	0	0
132	06:01:57	60.12	-1	0	0
133	06:02:57	60.11	-1	0	0
134	06:03:57	60.10	-1	0	0
135	06:04:57	60.12	-1	0	0
136	06:05:57	60.13	-1	0	0
137	06:06:57	60.11	-1	0	0
138	06:07:57	60.12	-1	0	0
139	06:08:57	60.11	-1	0	0
140	06:09:58	60.12	-1	0	0
141	06:10:58	60.11	-1	0	0
142	06:11:58	60.10	-1	0	0
143	06:12:58	60.10	-1	0	0
144	06:13:58	60.11	-1	0	0
145	06:14:58	60.11	-1	0	0
146	06:15:58	60.12	-1	0	0
147	06:16:58	60.11	-1	0	0
148	06:17:58	60.12	-1	0	0
149	06:18:59	60.12	-1	0	0
150	06:19:59	60.08	-1	0	0
151	06:20:59	60.09	-1	0	0
152	06:21:59	60.11	-1	0	0
153	06:22:59	60.12	-1	0	0
154	06:23:59	60.10	-1	0	0
155	06:24:59	60.12	-1	0	0
156	06:25:59	60.11	-1	0	0
157	06:26:59	60.11	-1	0	0
158	06:28:00	60.11	-1	0	0
159	06:29:00	60.12	-1	0	0
160	06:30:00	60.13	-1	0	0
161	06:31:00	60.11	-1	0	0
162	06:32:00	60.11	-1	0	0
163	06:33:00	60.11	-1	0	0
164	06:34:00	60.12	-1	0	0
165	06:35:00	60.12	-1	0	0
166	06:36:00	60.13	-1	0	0
167	06:37:01	60.11	-1	0	0
168	06:38:01	60.11	-1	0	0
169	06:39:01	60.11	-1	0	0
170	06:40:01	60.11	-1	0	0
171	06:41:01	60.11	-1	0	0
172	06:42:01	60.12	-1	0	0
173	06:43:01	60.12	-1	0	0
174	06:44:01	60.11	-1	0	0
175	06:45:02	60.13	-1	0	0
176	06:46:02	60.12	-1	0	0
177	06:47:02	60.12	-1	0	0
178	06:48:02	60.12	-1	0	0
179	06:49:02	60.11	-1	0	0
180	06:50:02	60.12	-1	0	0
181	06:51:02	60.12	-1	0	0
182	06:52:02	60.10	-1	0	0
183	06:53:02	60.13	-1	0	0
184	06:54:03	60.11	-1	0	0
185	06:55:03	60.11	-1	0	0
186	06:56:03	60.11	-1	0	0
187	06:57:03	60.10	-1	0	0
188	06:58:03	60.12	-1	0	0
189	06:59:03	60.12	-1	0	0
190	07:00:03	60.12	-1	0	0
191	07:01:03	60.11	-1	0	0
192	07:02:03	60.12	-1	0	0
193	07:03:04	60.11	-1	0	0
194	07:04:04	60.13	-1	0	0
195	07:05:04	60.11	-1	0	0
196	07:06:04	60.11	-1	0	0
197	07:07:04	60.11	-1	0	0
198	07:08:04	60.12	-1	0	0
199	07:09:04	60.12	-1	0	0
200	07:10:04	60.12	-1	0	0
201	07:11:05	60.12	-1	0	0
202	07:12:05	60.11	-1	0	0
203	07:13:05	60.11	-1	0	0
204	07:14:05	60.13	-1	0	0
205	07:15:05	60.12	-1	0	0
206	07:16:05	60.11	-1	0	0
207	07:17:05	60.12	-1	0	0
208	07:18:05	60.12	-1	0	0
209	07:19:05	60.11	-1	0	0
210	07:20:06	60.08	59	0	0
211	07:21:06	60.11	59	0	0
212	07:22:06	60.11	59	0	0
213	07:23:06	60.10	59	0	0
214	07:24:06	60.11	60	0	0
215	07:25:06	60.11	396	0	0
216	07:26:06	60.11	753	0	0
217	07:27:06	60.12	1110	0	0
218	07:28:06	60.11	1466	0	0
219	07:29:07	60.13	1829	0	0
220	07:30:07	60.11	2185	0	0
221	07:31:07	60.12	2542	0	0
222	07:32:07	60.12	2899	0	0
223	07:33:07	60.11	3255	0	0
224	07:34:07	60.13	3565	0	0
225	07:35:07	60.12	3565	0	0
226	07:36:07	60.12	3565	0	0
227	07:37:08	60.11	3565	0	0
228	07:38:08	60.10	3565	0	0
229	07:39:08	60.10	3565	0	0
230	07:40:08	60.11	3565	0	0
231	07:41:08	60.11	3565	0	0
232	07:42:08	60.11	3565	0	0
233	07:43:08	60.13	3565	0	0
234	07:44:08	60.12	3561	0	0
235	07:45:08	60.12	3216	0	0
236	07:46:09	60.12	2854	0	0
237	07:47:09	60.11	2497	0	0
238	07:48:09	60.11	2140	0	0
239	07:49:09	60.11	1784	0	0
240	07:50:09	60.13	1427	0	0
241	07:51:09	60.12	1071	0	0
242	07:52:09	60.10	714	0	0
243	07:53:09	60.12	357	0	0
244	07:54:09	60.12	59	0	0
245	07:55:10	60.12	59	0	0
246	07:56:10	60.11	59	0	0
247	07:57:10	60.12	59	0	0
248	07:58:10	60.12	59	0	0
249	07:59:10	60.10	59	0	0
250	08:00:10	60.12	59	0	0
251	08:01:10	60.11	59	0	0
252	08:02:10	60.11	59	0	0
253	08:03:10	60.12	59	0	0
254	08:04:11	60.13	59	0	0
255	08:05:11	60.12	59	0	0
256	08:06:11	60.10	59	0	0
257	08:07:11	60.12	59	0	0
258	08:08:11	60.13	59	0	0
259	08:09:11	60.12	59	0	0
260	08:10:11	60.12	59	0	0
261	08:11:11	60.11	59	0	0
262	08:12:12	60.12	59	0	0
263	08:13:12	60.11	59	0	0
264	08:14:12	60.13	59	0	0
265	08:15:12	60.12	59	0	0
266	08:16:12	60.11	59	0	0
267	08:17:12	60.12	59	0	0
268	08:18:12	60.11	59	0	0
269	08:19:12	60.12	59	0	0
270	08:20:13	60.06	59	0	0
271	08:21:13	60.10	59	0	0
272	08:22:13	60.12	59	0	0
273	08:23:13	60.11	59	0	0
274	08:24:13	60.11	59	0	0
275	08:25:13	60.12	59	0	0
276	08:26:13	60.12	59	0	0
277	08:27:13	60.09	59	0	0
278	08:28:13	60.12	59	0	0
279	08:29:13	60.11	59	0	0
280	08:30:14	60.11	59	0	0
281	08:31:14	60.11	59	0	0
282	08:32:14	60.12	59	0	0
283	08:33:14	60.10	59	0	0
284	08:34:14	60.11	59	0	0
285	08:35:14	60.11	59	0	0
286	08:36:14	60.10	59	0	0
287	08:37:14	60.10	59	0	0
288	08:38:14	60.11	59	0	0
289	08:39:15	60.11	59	0	0
290	08:40:15	60.12	59	0	0
291	08:41:15	60.12	59	0	0
292	08:42:15	60.11	59	0	0
293	08:43:15	60.12	59	0	0
294	08:44:15	60.12	59	0	0
295	08:45:15	60.12	59	0	0
296	08:46:15	60.13	59	0	0
297	08:47:16	60.12	59	0	0
298	08:48:16	60.11	59	0	0
299	08:49:16	60.11	59	0	0
300	08:50:16	60.11	59	0	0
301	08:51:16	60.11	59	0	0
302	08:52:16	60.12	59	0	0
303	08:53:16	60.12	59	0	0
304	08:54:16	60.11	59	0	0
305	08:55:16	60.10	59	0	0
306	08:56:17	60.12	59	0	0
307	08:57:17	60.12	59	0	0
308	08:58:17	60.10	59	0	0
309	08:59:17	60.12	59	0	0
310	09:00:17	60.11	59	0	0
311	09:01:17	60.13	59	0	0
312	09:02:17	60.13	59	0	0
313	09:03:17	60.12	59	0	0
314	09:04:17	60.11	59	0	0
315	09:05:18	60.11	59	0	0
316	09:06:18	60.12	59	0	0
317	09:07:18	60.12	59	0	0
318	09:08:18	60.11	59	0	0
319	09:09:18	60.13	59	0	0
320	09:10:18	60.12	59	0	0
321	09:11:18	60.11	59	0	0
322	09:12:18	60.11	59	0	0
323	09:13:18	60.11	59	0	0
324	09:14:19	60.11	59	0	0
325	09:15:19	60.11	59	0	0
326	09:16:19	60.10	59	0	0
327	09:17:19	60.11	59	0	0
328	09:18:19	60.11	59	0	0
329	09:19:19	47.08	59	0	0
330	09:20:06	60.08	59	0	0
331	09:21:06	11.17	59	0	0
332	09:21:17	41.56	59	0	0
333	09:21:59	60.22	59	0	0
334	09:22:59	60.12	59	0	0
335	09:23:59	10.27	59	0	0
336	09:24:10	32.95	59	0	0
337	09:24:43	60.22	59	0	0
338	09:25:43	18.34	59	0	0
339	09:26:01	58.77	59	0	0
340	09:27:00	60.13	59	0	0
341	09:28:00	60.11	59	0	0
342	09:29:00	60.11	59	0	0
343	09:30:00	60.11	59	0	0
344	09:31:00	60.12	59	0	0
345	09:32:01	60.12	59	0	0
346	09:33:01	60.11	59	0	0
347	09:34:01	60.11	59	0	0
348	09:35:01	47.02	59	0	0
349	09:35:48	60.17	59	0	0
350	09:36:48	60.12	59	0	0
351	09:37:48	60.12	59	0	0
352	09:38:48	60.12	59	0	0
353	09:39:48	60.11	59	0	0
354	09:40:49	60.12	59	0	0
355	09:41:49	60.12	290	0	0
356	09:42:49	60.12	450	0	0
357	09:43:49	60.12	450	0	0
358	09:44:49	39.74	450	0	0
359	09:45:29	32.57	450	0	0
360	09:46:01	30.94	449	0	0
361	09:46:32	60.54	449	0	0
362	09:47:33	60.12	450	0	0
363	09:48:33	60.11	450	0	0
364	09:49:33	60.11	450	0	0
365	09:50:33	60.12	449	0	0
366	09:51:33	60.12	450	0	0
367	09:52:33	60.12	449	0	0
368	09:53:33	60.11	449	0	0
369	09:54:34	60.11	449	0	0
370	09:55:34	60.12	450	0	0
371	09:56:34	60.11	450	0	0
372	09:57:34	60.11	449	0	0
373	09:58:34	60.11	450	0	0
374	09:59:34	60.11	449	0	0
375	10:00:34	60.12	450	0	0
376	10:01:34	60.12	450	0	0
377	10:02:35	60.11	449	0	0
378	10:03:35	60.12	450	0	0
379	10:04:35	60.11	449	0	0
380	10:05:35	60.12	450	0	0
381	10:06:35	60.12	449	0	0
382	10:07:35	60.12	450	0	0
383	10:08:35	60.11	450	0	0
384	10:09:35	60.11	450	0	0
385	10:10:35	60.11	450	0	0
386	10:11:36	60.12	450	0	0
387	10:12:36	60.12	450	0	0
388	10:13:36	60.12	450	0	0
389	10:14:36	60.11	449	0	0
390	10:15:36	60.11	450	0	0
391	10:16:36	60.11	449	0	0
392	10:17:36	60.12	450	0	0
393	10:18:36	60.11	450	0	0
394	10:19:36	60.09	450	0	0
395	10:20:37	60.05	450	0.09118	0.006756
396	10:21:37	60.11	450	0.09214	0.09701
397	10:22:37	60.13	450	0.09209	0.09695
398	10:23:37	60.12	449	0.09203	0.09688
399	10:24:37	60.12	449	0.09199	0.09681
400	10:25:37	60.11	450	0.08496	0.08814
401	10:26:37	60.11	450	0	0
402	10:27:37	60.13	450	0.05827	0
403	10:28:37	60.11	449	0.09057	0.06473
404	10:29:38	60.12	450	0.08912	0.08867
405	10:30:38	60.11	450	0.08897	0.08854
406	10:31:38	60.13	450	0.08822	0.08746
407	10:32:38	60.10	450	0.08621	0.0848
408	10:33:38	60.12	450	0.4847	0.08264
409	10:34:38	60.12	449	14.25	1.6
410	10:35:38	60.11	450	21.88	13.93
411	10:36:38	60.12	450	54.24	25.07
412	10:37:38	60.11	449	54.22	54.26
413	10:38:39	60.11	450	54.21	54.25
414	10:39:39	60.11	450	138	54.24
415	10:40:39	60.11	449	214.9	54.22
416	10:41:39	60.13	450	214.7	54.2
417	10:42:39	60.12	449	214.7	54.17
418	10:43:39	60.12	450	214.6	54.15
419	10:44:39	60.11	449	216	203.4
420	10:45:39	60.12	450	375	229.1
421	10:46:39	60.11	450	375.1	375.6
422	10:47:40	60.11	450	375	416.4
423	10:48:40	60.12	450	428.8	535.4
424	10:49:40	60.12	449	535.4	585.5
425	10:50:40	60.11	450	595.2	655.6
426	10:51:40	60.11	449	655.2	748.2
427	10:52:40	60.11	450	760.9	814.9
428	10:53:40	60.11	449	814.3	935.1
429	10:54:40	60.12	450	814	975.1
430	10:55:40	60.11	450	813.8	974.7
431	10:56:41	60.11	450	972.8	974.2
432	10:57:41	60.11	450	998.7	973.8
433	10:58:41	60.12	450	1133	1012
434	10:59:41	60.12	450	1171	1134
435	11:00:41	60.12	449	1253	1182
436	11:01:41	60.10	450	1329	1252
437	11:02:41	60.12	450	1411	1342
438	11:03:41	60.12	449	1514	1411
439	11:04:42	60.11	449	1570	1528
440	11:05:42	60.11	450	1699	1571
441	11:06:42	60.12	450	1728	1714
442	11:07:42	60.11	450	1728	1736
443	11:08:42	60.11	449	1743	1849
444	11:09:42	60.11	450	1846	1883
445	11:10:42	60.12	450	1892	2008
446	11:11:42	60.12	450	2004	2068
447	11:12:42	60.11	450	2078	2166
448	11:13:43	60.12	450	2163	2165
449	11:14:43	60.12	450	2263	2164
450	11:15:43	60.12	450	2322	2277
451	11:16:43	60.11	449	2321	2322
452	11:17:43	60.12	449	2320	2321
453	11:18:43	60.11	449	2319	2320
454	11:19:43	15.18	450	2319	2319
455	11:19:58	21.91	450	2316	2317
456	11:20:20	60.51	449	2315	2316
457	11:21:21	60.13	450	2314	2315
458	11:22:21	60.13	450	2313	2313
459	11:23:21	60.12	449	2312	2312
460	11:24:21	60.11	450	2311	2311
461	11:25:21	60.11	496	2311	2311
462	11:26:21	60.11	613	2311	2311
463	11:27:22	60.12	802	2311	2310
464	11:28:22	13.87	1049	2311	2310
465	11:28:36	60.26	1117	2311	2310
466	11:29:36	60.11	1450	2310	2309
467	11:30:36	60.11	1797	2310	2310
468	11:31:36	60.12	2145	2310	2310
469	11:32:36	60.11	2492	2310	2309
470	11:33:36	60.13	2840	2310	2309
471	11:34:36	60.11	3187	2310	2309
472	11:35:36	60.11	3534	2310	2309
473	11:36:37	60.11	3888	2310	2309
474	11:37:37	60.11	4235	2310	2309
475	11:38:37	60.13	4582	2310	2309
476	11:39:37	60.12	4930	2310	2309
477	11:40:37	60.44	5277	2310	2309
478	11:41:37	60.11	5625	2310	2309
479	11:42:38	60.12	5978	2310	2309
480	11:43:38	56.03	6325	2309	2309
481	11:44:34	10.40	6499	2309	2309
482	11:44:44	60.11	6499	2309	2309
483	11:45:44	60.10	6499	2309	2309
484	11:46:44	60.11	6499	2309	2309
485	11:47:44	60.12	6499	2309	2309
486	11:48:45	60.12	6499	2309	2309
487	11:49:45	60.11	6499	2309	2309
488	11:50:45	60.11	6499	2308	2309
489	11:51:45	60.10	6499	2308	2309
490	11:52:45	60.11	6499	2308	2309
491	11:53:45	60.25	6499	2308	2308
492	11:54:45	60.12	6499	2308	2308
493	11:55:46	60.63	6499	2308	2308
494	11:56:46	60.37	6499	2308	2308
495	11:57:47	60.78	6499	2308	2308
496	11:58:47	60.56	6499	2308	2308
497	11:59:48	60.53	6499	2308	2308
498	12:00:48	60.33	6499	2308	2308
499	12:01:49	60.59	6499	2308	2308
500	12:02:49	60.80	6499	2308	2308
501	12:03:50	60.54	6499	2307	2308
502	12:04:51	60.30	6499	2307	2308
503	12:05:51	60.50	6499	2307	2308
504	12:06:51	43.45	6499	2306	2307
505	12:07:35	60.28	6499	2306	2307
506	12:08:35	60.12	6499	2305	2307
507	12:09:35	60.12	6499	2304	2306
508	12:10:35	60.11	6499	2301	2306
509	12:11:36	60.11	6499	2299	2304
510	12:12:36	60.11	6499	2297	2303
511	12:13:36	60.11	6499	2295	2301
512	12:14:36	60.12	6499	2293	2300
513	12:15:36	10.27	6499	2291	2299
514	12:15:46	60.12	6499	2290	2298
515	12:16:46	60.12	6499	2288	2296
516	12:17:46	60.10	6499	2285	2295
517	12:18:47	60.11	6499	2283	2293
518	12:19:47	60.09	6499	2281	2292
519	12:20:47	60.09	6499	2279	2290
520	12:21:47	60.10	6499	2276	2289
521	12:22:47	60.11	6499	2274	2287
522	12:23:47	60.13	6499	2272	2286
523	12:24:47	60.11	6499	2270	2284
524	12:25:47	40.94	6499	2268	2283
525	12:26:28	37.76	6499	2266	2282
526	12:27:06	60.31	6499	2265	2281
527	12:28:06	60.12	6499	2263	2279
528	12:29:06	60.11	6499	2261	2278
529	12:30:07	37.63	6499	2259	2277
530	12:30:44	15.28	6499	2258	2276
531	12:30:59	22.92	6499	2257	2276
532	12:31:22	60.16	6499	2256	2275
533	12:32:23	46.61	6499	2254	2273
534	12:33:09	28.00	6499	2253	2272
535	12:33:37	60.39	6499	2251	2271
536	12:34:38	60.11	6499	2249	2270
537	12:35:38	60.12	6499	2248	2268
538	12:36:38	60.12	6499	2246	2267
539	12:37:38	60.12	6499	2244	2265
540	12:38:38	60.11	6499	2242	2264
541	12:39:38	60.11	6499	2240	2263
542	12:40:38	60.12	6499	2238	2261
543	12:41:38	60.11	6499	2237	2260
544	12:42:38	60.10	6499	2235	2258
545	12:43:39	60.10	6499	2233	2257
546	12:44:39	43.55	6499	2232	2255
547	12:45:22	49.70	6499	2230	2254
548	12:46:12	60.27	6499	2229	2253
549	12:47:12	28.96	6499	2228	2252
550	12:47:41	60.20	6499	2227	2251
551	12:48:41	48.34	6499	2225	2249
552	12:49:30	60.11	6499	2224	2248
553	12:50:30	60.12	6499	2222	2247
554	12:51:30	60.12	6499	2220	2245
555	12:52:30	60.12	6499	2219	2244
556	12:53:30	60.11	6499	2217	2242
557	12:54:30	60.11	6499	2215	2241
558	12:55:30	60.12	6499	2214	2239
559	12:56:31	60.12	6499	2212	2238
560	12:57:31	60.11	6499	2211	2236
561	12:58:31	60.11	6499	2209	2235
562	12:59:31	60.10	6499	2207	2233
563	13:00:31	53.90	6499	2206	2232
564	13:01:25	55.00	6499	2204	2231
565	13:02:20	60.17	6499	2203	2229
566	13:03:20	60.12	6499	2201	2228
567	13:04:20	60.12	6499	2200	2227
568	13:05:20	60.12	6499	2198	2225
569	13:06:20	60.11	6499	2196	2224
570	13:07:21	42.20	6499	2195	2222
571	13:08:03	60.22	6499	2194	2221
572	13:09:03	60.12	6499	2192	2220
573	13:10:03	60.11	6499	2190	2218
574	13:11:03	60.12	6499	2189	2217
575	13:12:03	60.11	6499	2187	2215
576	13:13:03	60.12	6499	2186	2214
577	13:14:03	60.11	6499	2184	2213
578	13:15:04	60.11	6499	2183	2211
579	13:16:04	60.10	6499	2181	2210
580	13:17:04	60.10	6499	2180	2208
581	13:18:04	60.11	6499	2178	2207
582	13:19:04	60.12	6499	2177	2205
583	13:20:04	60.08	6499	2175	2204
584	13:21:04	43.45	6499	2174	2203
585	13:21:48	60.22	6499	2173	2202
586	13:22:48	60.10	6499	2171	2200
587	13:23:48	53.33	6499	2170	2199
588	13:24:41	60.14	6499	2168	2197
589	13:25:41	60.11	6499	2167	2196
590	13:26:42	60.12	6499	2165	2195
591	13:27:42	60.11	6499	2164	2193
592	13:28:42	60.11	6499	2162	2192
593	13:29:42	60.11	6499	2161	2190
594	13:30:42	60.11	6499	2159	2189
595	13:31:42	60.11	6499	2158	2187
596	13:32:42	60.11	6499	2156	2186
597	13:33:42	60.11	6499	2155	2185
598	13:34:42	60.10	6499	2153	2183
599	13:35:43	60.12	6499	2152	2182
600	13:36:43	60.11	6499	2150	2180
601	13:37:43	60.12	6499	2149	2179
602	13:38:43	60.10	6499	2147	2177
603	13:39:43	60.11	6499	2146	2176
604	13:40:43	60.13	6499	2144	2175
605	13:41:43	60.10	6499	2143	2173
606	13:42:43	60.11	6499	2141	2172
607	13:43:43	60.11	6499	2140	2170
608	13:44:44	60.11	6499	2138	2169
609	13:45:44	60.12	6499	2137	2168
610	13:46:44	60.12	6499	2135	2166
611	13:47:44	60.12	6499	2134	2165
612	13:48:44	60.12	6499	2132	2163
613	13:49:44	60.12	6499	2131	2162
614	13:50:44	60.12	6499	2129	2161
615	13:51:44	60.11	6499	2128	2159
616	13:52:44	60.11	6499	2126	2158
617	13:53:45	60.11	6499	2125	2156
618	13:54:45	60.10	6499	2123	2155
619	13:55:45	60.11	6499	2122	2154
620	13:56:45	60.11	6499	2120	2152
621	13:57:45	60.11	6499	2119	2151
622	13:58:45	60.12	6499	2117	2149
623	13:59:45	60.12	6499	2116	2148
624	14:00:45	60.11	6499	2114	2146
625	14:01:45	60.11	6499	2113	2145
626	14:02:46	60.11	6499	2111	2144
627	14:03:46	60.11	6499	2110	2142
628	14:04:46	60.13	6499	2108	2141
629	14:05:46	23.56	6499	2107	2140
630	14:06:10	23.87	6499	2107	2139
631	14:06:33	60.24	6499	2106	2138
632	14:07:34	60.11	6499	2104	2137
633	14:08:34	60.12	6499	2103	2136
634	14:09:34	60.11	6499	2101	2134
635	14:10:34	15.68	6499	2100	2133
636	14:10:50	27.97	6499	2100	2133
637	14:11:18	60.03	6499	2099	2132
638	14:12:18	60.11	6499	2097	2130
639	14:13:18	60.13	6499	2096	2129
640	14:14:18	60.12	6499	2094	2128
641	14:15:18	60.12	6499	2093	2126
642	14:16:18	60.10	6499	2091	2125
643	14:17:18	60.11	6499	2090	2123
644	14:18:18	60.11	6499	2088	2122
645	14:19:18	60.10	6499	2087	2120
646	14:20:19	60.29	6499	2085	2119
647	14:21:19	26.21	6499	2084	2118
648	14:21:45	12.37	6499	2084	2118
649	14:21:57	29.92	6499	2083	2117
650	14:22:27	37.02	6499	2083	2116
651	14:23:04	10.19	6499	2082	2116
652	14:23:15	10.27	6499	2082	2115
653	14:23:25	60.12	6499	2081	2115
654	14:24:25	24.67	6499	2080	2114
655	14:24:50	60.21	6499	2079	2112
656	14:25:50	26.21	6499	2078	2112
657	14:26:16	60.19	6499	2077	2110
658	14:27:16	10.27	6499	2076	2110
659	14:27:26	36.72	6499	2075	2109
660	14:28:03	60.20	6499	2074	2108
661	14:29:03	60.13	6499	2072	2107
662	14:30:04	60.12	6499	2071	2105
663	14:31:04	23.10	6499	2070	2104
664	14:31:27	60.04	6499	2069	2103
665	14:32:27	60.11	6499	2067	2102
666	14:33:27	56.26	6499	2066	2100
667	14:34:23	60.20	6499	2064	2099
668	14:35:23	60.11	6499	2063	2098
669	14:36:23	60.11	6499	2062	2096
670	14:37:24	60.10	6499	2060	2095
671	14:38:24	60.12	6499	2059	2093
672	14:39:24	60.11	6499	2057	2092
673	14:40:24	60.11	6499	2056	2090
674	14:41:24	60.12	6499	2054	2089
675	14:42:24	48.01	6499	2053	2088
676	14:43:12	60.20	6499	2051	2086
677	14:44:12	10.51	6499	2051	2086
678	14:44:23	60.12	6499	2050	2085
679	14:45:23	60.12	6499	2048	2083
680	14:46:23	60.12	6499	2047	2082
681	14:47:23	60.11	6499	2045	2081
682	14:48:23	21.61	6499	2044	2080
683	14:48:45	48.52	6499	2044	2079
684	14:49:33	10.26	6499	2043	2078
685	14:49:44	60.11	6499	2042	2077
686	14:50:44	60.11	6499	2041	2076
687	14:51:44	60.10	6499	2039	2074
688	14:52:44	60.12	6499	2038	2073
689	14:53:44	60.12	6499	2036	2072
690	14:54:44	60.12	6499	2035	2070
691	14:55:44	60.11	6499	2033	2069
692	14:56:45	60.11	6499	2032	2067
693	14:57:45	36.53	6499	2031	2066
694	14:58:21	35.40	6499	2030	2066
695	14:58:57	21.08	6499	2029	2065
696	14:59:18	42.33	6499	2029	2064
697	15:00:00	10.17	6499	2028	2064
698	15:00:10	10.27	6499	2028	2063
699	15:00:20	60.11	6499	2027	2062
700	15:01:21	60.12	6499	2025	2061
701	15:02:21	60.11	6499	2024	2060
702	15:03:21	58.69	6499	2023	2058
703	15:04:19	60.28	6499	2021	2057
704	15:05:20	60.12	6499	2020	2056
705	15:06:20	60.10	6499	2018	2054
706	15:07:20	60.12	6499	2017	2053
707	15:08:20	60.11	6499	2016	2051
708	15:09:20	60.13	6499	2014	2050
709	15:10:20	60.10	6499	2013	2049
710	15:11:20	60.11	6499	2011	2047
711	15:12:21	60.12	6499	2010	2046
712	15:13:21	60.11	6499	2009	2045
713	15:14:21	60.12	6499	2007	2043
714	15:15:21	60.11	6499	2006	2042
715	15:16:21	60.11	6499	2004	2040
716	15:17:21	60.11	6499	2003	2039
717	15:18:21	60.13	6499	2001	2038
718	15:19:21	60.10	6499	2000	2036
719	15:20:21	60.04	6499	1998	2035
720	15:21:21	60.12	6499	1997	2034
721	15:22:22	60.10	6499	1996	2033
722	15:23:22	60.11	6499	1995	2032
723	15:24:22	60.12	6499	1994	2031
724	15:25:22	10.27	6499	1993	2030
725	15:25:32	13.35	6499	1993	2030
726	15:25:46	10.19	6499	1992	2029
727	15:25:56	60.11	6499	1992	2029
728	15:26:56	60.10	6499	1990	2027
729	15:27:56	60.11	6499	1989	2026
730	15:28:56	60.11	6499	1987	2025
731	15:29:56	60.11	6499	1986	2023
732	15:30:56	60.13	6499	1984	2022
733	15:31:56	60.11	6499	1983	2020
734	15:32:56	60.12	6499	1981	2019
735	15:33:57	60.10	6499	1980	2018
736	15:34:57	60.11	6499	1979	2016
737	15:35:57	25.48	6499	1978	2015
738	15:36:22	60.18	6499	1977	2014
739	15:37:22	10.35	6499	1976	2013
740	15:37:33	60.27	6499	1975	2013
741	15:38:33	43.26	6499	1974	2011
742	15:39:16	60.18	6499	1972	2010
743	15:40:17	16.56	6499	1971	2009
744	15:40:33	36.04	6499	1971	2009
745	15:41:09	60.36	6499	1970	2008
746	15:42:09	60.11	6499	1968	2006
747	15:43:10	60.11	6499	1967	2005
748	15:44:10	60.12	6499	1965	2004
749	15:45:10	60.10	6499	1964	2002
750	15:46:10	60.10	6499	1963	2001
751	15:47:10	60.11	6499	1961	2000
752	15:48:10	60.12	6499	1960	1998
753	15:49:10	60.11	6499	1959	1997
754	15:50:10	60.11	6499	1957	1996
755	15:51:10	60.11	6499	1956	1994
756	15:52:11	60.12	6498	1955	1993
757	15:53:11	60.12	6499	1953	1992
758	15:54:11	60.12	6499	1952	1990
759	15:55:11	60.12	6499	1950	1989
760	15:56:11	60.11	6499	1949	1988
761	15:57:11	60.12	6499	1948	1987
762	15:58:11	21.73	6499	1947	1986
763	15:58:33	60.16	6499	1946	1985
764	15:59:33	24.76	6499	1945	1984
765	15:59:58	42.18	6499	1944	1983
766	16:00:40	60.55	6499	1943	1982
767	16:01:41	60.10	6499	1941	1981
768	16:02:41	60.11	6499	1940	1979
769	16:03:41	60.10	6499	1938	1978
770	16:04:41	37.94	6499	1937	1977
771	16:05:19	60.23	6499	1936	1976
772	16:06:19	60.13	6499	1934	1974
773	16:07:19	60.13	6499	1933	1973
774	16:08:19	60.12	6499	1931	1971
775	16:09:20	60.11	6499	1930	1970
776	16:10:20	60.11	6499	1928	1969
777	16:11:20	60.12	6499	1927	1967
778	16:12:20	60.11	6499	1925	1966
779	16:13:20	60.11	6499	1924	1965
780	16:14:20	60.11	6499	1922	1963
781	16:15:20	60.13	6499	1921	1962
782	16:16:20	21.22	6499	1920	1961
783	16:16:42	60.41	6499	1919	1960
784	16:17:42	60.12	6499	1917	1959
785	16:18:42	60.12	6499	1916	1957
786	16:19:42	60.08	6499	1914	1956
787	16:20:42	60.06	6499	1913	1955
788	16:21:42	60.10	6499	1911	1953
789	16:22:42	60.12	6499	1910	1952
790	16:23:43	60.12	6499	1908	1951
791	16:24:43	60.11	6499	1907	1949
792	16:25:43	60.11	6499	1905	1948
793	16:26:43	56.40	6499	1904	1947
794	16:27:39	60.08	6499	1902	1946
795	16:28:39	60.10	6499	1901	1944
796	16:29:40	60.12	6499	1899	1943
797	16:30:40	60.12	6499	1898	1942
798	16:31:40	60.11	6499	1897	1940
799	16:32:40	60.11	6499	1895	1939
800	16:33:40	60.12	6499	1894	1938
801	16:34:40	60.11	6499	1892	1936
802	16:35:40	60.12	6499	1891	1935
803	16:36:40	14.55	6499	1890	1934
804	16:36:55	17.69	6499	1889	1934
805	16:37:13	60.44	6499	1888	1933
806	16:38:13	60.11	6499	1887	1932
807	16:39:13	50.87	6499	1886	1931
808	16:40:04	60.08	6499	1884	1930
809	16:41:04	60.12	6499	1883	1928
810	16:42:04	53.85	6499	1882	1927
811	16:42:58	60.11	6499	1880	1926
812	16:43:58	60.12	6499	1879	1925
813	16:44:58	60.12	6499	1877	1923
814	16:45:58	60.11	6499	1876	1922
815	16:46:58	60.11	6499	1875	1921
816	16:47:59	60.12	6499	1873	1920
817	16:48:59	60.10	6499	1872	1918
818	16:49:59	60.11	6499	1870	1917
819	16:50:59	60.12	6499	1869	1916
820	16:51:59	60.11	6499	1868	1915
821	16:52:59	60.10	6499	1866	1913
822	16:53:59	60.10	6499	1865	1912
823	16:54:59	60.09	6499	1863	1911
824	16:55:59	60.11	6499	1862	1910
825	16:57:00	60.12	6499	1861	1908
826	16:58:00	60.11	6499	1859	1907
827	16:59:00	60.12	6499	1858	1906
828	17:00:00	60.10	6499	1857	1905
829	17:01:00	60.11	6499	1855	1903
830	17:02:00	60.11	6499	1854	1902
831	17:03:00	60.11	6499	1853	1901
832	17:04:00	60.11	6499	1851	1900
833	17:05:00	60.11	6499	1850	1899
834	17:06:01	60.10	6499	1849	1897
835	17:07:01	60.12	6499	1847	1896
836	17:08:01	60.10	6499	1846	1895
837	17:09:01	60.11	6499	1845	1894
838	17:10:01	60.11	6499	1843	1892
839	17:11:01	60.12	6499	1842	1891
840	17:12:01	60.12	6499	1841	1890
841	17:13:01	60.12	6499	1839	1889
842	17:14:01	60.11	6499	1838	1888
843	17:15:02	60.12	6499	1837	1887
844	17:16:02	39.75	6499	1836	1886
845	17:16:41	60.18	6499	1834	1885
846	17:17:42	10.27	6499	1834	1884
847	17:17:52	60.12	6499	1833	1883
848	17:18:52	60.11	6499	1832	1882
849	17:19:52	60.08	6499	1830	1881
850	17:20:52	60.08	6499	1829	1880
851	17:21:52	10.27	6499	1828	1879
852	17:22:03	41.06	6499	1828	1878
853	17:22:44	60.39	6499	1827	1877
854	17:23:44	60.11	6499	1825	1876
855	17:24:44	60.11	6499	1824	1875
856	17:25:44	60.11	6499	1823	1874
857	17:26:44	60.12	6499	1821	1873
858	17:27:44	60.11	6499	1820	1872
859	17:28:45	60.11	6499	1819	1870
860	17:29:45	24.93	6499	1818	1870
861	17:30:10	60.22	6499	1817	1869
862	17:31:10	10.27	6499	1816	1868
863	17:31:20	24.79	6499	1816	1868
864	17:31:45	60.39	6499	1815	1867
865	17:32:45	60.12	6499	1814	1866
866	17:33:45	60.11	6499	1813	1865
867	17:34:45	60.10	6499	1811	1864
868	17:35:46	60.12	6499	1810	1862
869	17:36:46	60.11	6499	1809	1861
870	17:37:46	60.12	6499	1807	1860
871	17:38:46	60.11	6499	1806	1859
872	17:39:46	60.11	6499	1805	1858
873	17:40:46	60.12	6499	1804	1857
874	17:41:46	60.13	6499	1802	1855
875	17:42:46	60.11	6499	1801	1854
876	17:43:47	60.10	6499	1800	1853
877	17:44:47	60.10	6499	1799	1852
878	17:45:47	60.11	6499	1797	1851
879	17:46:47	28.91	6499	1796	1850
880	17:47:16	60.25	6499	1795	1849
881	17:48:16	60.12	6499	1794	1848
882	17:49:16	60.10	6499	1793	1847
883	17:50:16	60.12	6499	1792	1846
884	17:51:16	60.12	6499	1790	1844
885	17:52:16	60.11	6499	1789	1843
886	17:53:17	60.11	6499	1788	1842
887	17:54:17	60.11	6499	1787	1841
888	17:55:17	60.11	6499	1785	1840
889	17:56:17	60.12	6499	1784	1839
890	17:57:17	60.12	6499	1783	1838
891	17:58:17	60.10	6499	1782	1837
892	17:59:17	60.12	6499	1780	1835
893	18:00:17	60.12	6499	1779	1834
894	18:01:17	60.12	6499	1778	1833
895	18:02:18	60.12	6499	1777	1832
896	18:03:18	60.12	6499	1776	1831
897	18:04:18	60.12	6499	1774	1830
898	18:05:18	60.10	6499	1773	1829
899	18:06:18	60.10	6499	1772	1828
900	18:07:18	60.12	6499	1771	1827
901	18:08:18	60.12	6499	1770	1825
902	18:09:18	60.11	6499	1768	1824
903	18:10:19	60.11	6499	1767	1823
904	18:11:19	60.12	6499	1766	1822
905	18:12:19	60.11	6499	1765	1821
906	18:13:19	60.11	6499	1764	1820
907	18:14:19	60.13	6499	1762	1819
908	18:15:19	60.11	6499	1761	1818
909	18:16:19	60.11	6499	1760	1817
910	18:17:19	60.11	6499	1759	1816
911	18:18:19	60.34	6499	1758	1814
912	18:19:20	60.12	6499	1757	1813
913	18:20:20	60.29	6499	1755	1812
914	18:21:20	25.41	6499	1755	1812
915	18:21:46	30.47	6499	1754	1811
916	18:22:16	60.34	6499	1753	1810
917	18:23:16	60.11	6499	1752	1809
918	18:24:17	60.11	6499	1751	1808
919	18:25:17	60.11	6499	1750	1807
920	18:26:17	60.11	6499	1748	1806
921	18:27:17	60.11	6499	1747	1805
922	18:28:17	60.11	6499	1746	1804
923	18:29:17	60.11	6499	1745	1803
924	18:30:17	60.11	6499	1744	1802
925	18:31:17	60.11	6499	1743	1801
926	18:32:17	60.10	6499	1741	1799
927	18:33:18	60.12	6499	1740	1798
928	18:34:18	60.10	6498	1739	1797
929	18:35:18	60.11	6499	1738	1796
930	18:36:18	60.11	6499	1737	1795
931	18:37:18	60.12	6499	1736	1794
932	18:38:18	60.12	6499	1735	1793
933	18:39:18	60.11	6499	1733	1792
934	18:40:18	60.13	6499	1732	1791
935	18:41:18	60.10	6499	1731	1790
936	18:42:19	60.12	6499	1730	1789
937	18:43:19	13.65	6499	1730	1788
938	18:43:32	60.22	6499	1729	1788
939	18:44:33	60.11	6499	1728	1786
940	18:45:33	60.10	6499	1726	1785
941	18:46:33	60.12	6499	1725	1784
942	18:47:33	60.10	6499	1724	1783
943	18:48:33	60.11	6499	1723	1782
944	18:49:33	60.12	6499	1722	1781
945	18:50:33	60.12	6499	1721	1780
946	18:51:33	60.11	6499	1720	1779
947	18:52:33	60.11	6499	1719	1778
948	18:53:34	60.12	6499	1717	1777
949	18:54:34	60.10	6499	1716	1776
950	18:55:34	60.12	6499	1715	1775
951	18:56:34	60.11	6499	1714	1774
952	18:57:34	60.11	6499	1713	1773
953	18:58:34	60.12	6499	1711	1772
954	18:59:34	60.11	6499	1710	1770
955	19:00:34	60.12	6499	1709	1769
956	19:01:34	60.10	6499	1708	1768
957	19:02:35	60.11	6499	1706	1767
958	19:03:35	60.13	6499	1705	1766
959	19:04:35	60.11	6499	1704	1765
960	19:05:35	60.12	6499	1703	1764
961	19:06:35	60.11	6499	1701	1763
962	19:07:35	60.11	6499	1700	1762
963	19:08:35	60.11	6499	1699	1761
964	19:09:35	60.10	6499	1698	1760
965	19:10:35	60.10	6499	1696	1758
966	19:11:36	60.11	6499	1695	1757
967	19:12:36	60.11	6499	1694	1756
968	19:13:36	10.27	6499	1693	1756
969	19:13:46	31.67	6499	1693	1755
970	19:14:18	60.26	6499	1692	1754
971	19:15:18	60.12	6499	1691	1753
972	19:16:18	60.11	6499	1690	1752
973	19:17:18	60.12	6499	1688	1751
974	19:18:18	60.11	6499	1687	1750
975	19:19:18	60.11	6499	1686	1749
976	19:20:19	60.06	6499	1685	1748
977	19:21:19	60.12	6499	1684	1747
978	19:22:19	60.10	6499	1682	1746
979	19:23:19	60.12	6499	1681	1745
980	19:24:19	60.11	6499	1680	1744
981	19:25:19	60.12	6499	1679	1742
982	19:26:19	60.11	6499	1678	1741
983	19:27:19	60.11	6499	1677	1740
984	19:28:19	60.11	6499	1675	1739
985	19:29:19	60.11	6499	1674	1738
986	19:30:20	60.12	6499	1673	1737
987	19:31:20	60.11	6499	1672	1736
988	19:32:20	60.12	6499	1671	1735
989	19:33:20	60.10	6499	1670	1734
990	19:34:20	60.11	6499	1668	1733
991	19:35:20	60.11	6499	1667	1732
992	19:36:20	60.12	6499	1666	1731
993	19:37:20	60.11	6499	1665	1730
994	19:38:20	60.10	6499	1664	1729
995	19:39:21	60.11	6499	1663	1728
996	19:40:21	60.11	6499	1662	1727
997	19:41:21	60.11	6499	1661	1726
998	19:42:21	10.26	6499	1660	1725
999	19:42:31	17.57	6499	1660	1725
1000	19:42:49	60.35	6499	1659	1724
1001	19:43:49	60.12	6499	1658	1723
1002	19:44:49	60.12	6499	1657	1722
1003	19:45:49	60.11	6499	1656	1721
1004	19:46:49	60.10	6499	1654	1720
1005	19:47:50	60.11	6499	1653	1719
1006	19:48:50	60.11	6499	1652	1718
1007	19:49:50	60.12	6499	1651	1717
1008	19:50:50	60.12	6499	1650	1716
1009	19:51:50	60.12	6499	1649	1715
1010	19:52:50	60.11	6498	1648	1714
1011	19:53:50	60.11	6499	1647	1713
1012	19:54:50	60.11	6499	1645	1712
1013	19:55:50	60.10	6499	1644	1711
1014	19:56:51	60.11	6499	1643	1710
1015	19:57:51	60.12	6499	1642	1709
1016	19:58:51	60.11	6499	1641	1708
1017	19:59:51	60.11	6499	1640	1707
1018	20:00:51	60.11	6499	1639	1706
1019	20:01:51	60.12	6499	1638	1705
1020	20:02:51	60.12	6499	1637	1704
1021	20:03:51	60.11	6499	1636	1703
1022	20:04:51	60.12	6499	1635	1702
1023	20:05:52	60.11	6499	1634	1701
1024	20:06:52	60.11	6499	1633	1700
1025	20:07:52	60.12	6499	1631	1699
1026	20:08:52	60.10	6499	1630	1698
1027	20:09:52	60.12	6499	1629	1697
1028	20:10:52	60.12	6499	1628	1696
1029	20:11:52	60.12	6499	1627	1695
1030	20:12:52	18.71	6499	1627	1695
1031	20:13:11	38.73	6499	1626	1694
1032	20:13:50	60.27	6499	1625	1693
1033	20:14:50	48.83	6499	1624	1692
1034	20:15:39	60.14	6499	1623	1691
1035	20:16:39	60.10	6499	1622	1691
1036	20:17:39	60.11	6499	1621	1690
1037	20:18:39	60.11	6499	1620	1689
1038	20:19:39	60.10	6499	1619	1688
1039	20:20:39	60.07	6499	1618	1687
1040	20:21:40	60.12	6499	1617	1686
1041	20:22:40	60.11	6499	1616	1685
1042	20:23:40	60.11	6499	1615	1684
1043	20:24:40	60.11	6499	1614	1683
1044	20:25:40	60.11	6499	1613	1682
1045	20:26:40	60.11	6499	1612	1681
1046	20:27:40	60.12	6499	1611	1680
1047	20:28:40	60.11	6499	1610	1679
1048	20:29:40	60.13	6499	1609	1678
1049	20:30:41	60.11	6499	1608	1677
1050	20:31:41	60.11	6499	1607	1676
1051	20:32:41	60.13	6499	1606	1675
1052	20:33:41	60.11	6499	1605	1674
1053	20:34:41	60.12	6499	1604	1673
1054	20:35:41	60.12	6499	1603	1672
1055	20:36:41	60.12	6499	1602	1671
1056	20:37:41	60.11	6499	1601	1671
1057	20:38:41	60.10	6499	1600	1670
1058	20:39:42	60.12	6499	1599	1669
1059	20:40:42	60.11	6499	1598	1668
1060	20:41:42	60.11	6499	1597	1667
1061	20:42:42	60.12	6499	1596	1666
1062	20:43:42	60.11	6499	1595	1665
1063	20:44:42	60.12	6499	1594	1664
1064	20:45:42	35.51	6499	1593	1663
1065	20:46:18	33.30	6499	1593	1663
1066	20:46:51	54.19	6499	1592	1662
1067	20:47:45	60.08	6499	1591	1661
1068	20:48:45	60.11	6499	1590	1660
1069	20:49:45	60.12	6499	1589	1659
1070	20:50:46	60.11	6499	1588	1658
1071	20:51:46	60.10	6499	1587	1658
1072	20:52:46	60.12	6499	1586	1657
1073	20:53:46	60.10	6499	1585	1656
1074	20:54:46	60.13	6499	1584	1655
1075	20:55:46	60.11	6499	1583	1654
1076	20:56:46	60.12	6499	1582	1653
1077	20:57:46	60.12	6499	1581	1652
1078	20:58:47	60.12	6499	1580	1651
1079	20:59:47	60.11	6499	1579	1650
1080	21:00:47	60.10	6499	1578	1649
1081	21:01:47	60.12	6499	1577	1649
1082	21:02:47	60.11	6499	1576	1648
1083	21:03:47	60.11	6499	1575	1647
1084	21:04:47	60.11	6499	1574	1646
1085	21:05:47	60.12	6499	1573	1645
1086	21:06:47	60.11	6499	1572	1644
1087	21:07:48	60.11	6499	1571	1643
1088	21:08:48	60.11	6499	1570	1642
1089	21:09:48	60.11	6499	1569	1641
1090	21:10:48	60.11	6499	1568	1640
1091	21:11:48	41.51	6499	1567	1640
1092	21:12:29	60.17	6499	1566	1639
1093	21:13:30	16.27	6499	1566	1638
1094	21:13:46	16.26	6499	1565	1638
1095	21:14:02	60.15	6499	1565	1638
1096	21:15:02	16.82	6499	1564	1637
1097	21:15:19	15.72	6499	1564	1637
1098	21:15:35	60.13	6499	1563	1636
1099	21:16:35	17.07	6499	1563	1636
1100	21:16:52	60.07	6499	1562	1635
1101	21:17:52	60.12	6499	1561	1634
1102	21:18:52	29.86	6499	1560	1634
1103	21:19:22	60.53	6499	1560	1633
1104	21:20:23	60.04	6499	1559	1632
1105	21:21:23	60.49	6499	1558	1631
1106	21:22:23	28.28	6499	1557	1631
1107	21:22:51	60.23	6499	1556	1630
1108	21:23:52	60.12	6499	1555	1629
1109	21:24:52	60.11	6499	1554	1628
1110	21:25:52	60.11	6499	1554	1627
1111	21:26:52	24.40	6499	1553	1627
1112	21:27:16	60.24	6499	1552	1626
1113	21:28:17	60.11	6499	1551	1625
1114	21:29:17	60.12	6499	1550	1624
1115	21:30:17	10.27	6499	1550	1624
1116	21:30:27	10.27	6499	1550	1624
1117	21:30:37	10.26	6499	1549	1623
1118	21:30:48	60.11	6499	1549	1623
1119	21:31:48	60.12	6499	1548	1622
1120	21:32:48	60.12	6499	1547	1621
1121	21:33:48	60.11	6499	1546	1620
1122	21:34:48	10.27	6499	1546	1620
1123	21:34:58	60.37	6499	1545	1619
1124	21:35:59	60.13	6499	1544	1619
1125	21:36:59	60.12	6499	1543	1618
1126	21:37:59	60.11	6499	1542	1617
1127	21:38:59	60.11	6499	1541	1616
1128	21:39:59	60.11	6499	1541	1615
1129	21:40:59	60.11	6499	1540	1614
1130	21:41:59	60.11	6499	1539	1613
1131	21:43:00	60.11	6499	1538	1613
1132	21:44:00	60.12	6499	1537	1612
1133	21:45:00	60.11	6499	1536	1611
1134	21:46:00	60.12	6499	1535	1610
1135	21:47:00	60.11	6499	1534	1609
1136	21:48:00	60.12	6499	1533	1608
1137	21:49:00	60.12	6499	1532	1607
1138	21:50:00	60.11	6499	1531	1607
1139	21:51:00	60.11	6499	1531	1606
1140	21:52:01	60.12	6499	1530	1605
1141	21:53:01	60.12	6499	1529	1604
1142	21:54:01	60.11	6499	1528	1603
1143	21:55:01	60.11	6499	1527	1602
1144	21:56:01	60.12	6499	1526	1602
1145	21:57:01	60.12	6499	1525	1601
1146	21:58:01	60.12	6499	1524	1600
1147	21:59:01	60.12	6499	1523	1599
1148	22:00:02	60.11	6499	1522	1598
1149	22:01:02	60.12	6499	1522	1597
1150	22:02:02	60.12	6499	1521	1596
1151	22:03:02	60.11	6499	1520	1596
1152	22:04:02	60.11	6499	1519	1595
1153	22:05:02	60.11	6499	1518	1594
1154	22:06:02	60.11	6499	1517	1593
1155	22:07:02	60.11	6499	1516	1592
1156	22:08:02	17.92	6499	1515	1592
1157	22:08:20	61.02	6499	1515	1591
1158	22:09:21	60.47	6499	1514	1590
1159	22:10:22	60.14	6499	1513	1590
1160	22:11:22	60.12	6499	1512	1589
1161	22:12:22	60.11	6499	1511	1588
1162	22:13:22	60.11	6499	1510	1587
1163	22:14:22	60.13	6499	1509	1586
1164	22:15:22	10.26	6499	1509	1586
1165	22:15:33	60.12	6499	1508	1585
1166	22:16:33	10.27	6499	1508	1585
1167	22:16:43	60.11	6499	1507	1584
1168	22:17:43	60.10	6499	1506	1583
1169	22:18:43	60.12	6499	1506	1583
1170	22:19:43	60.10	6499	1505	1582
1171	22:20:44	60.08	6499	1504	1581
1172	22:21:44	60.11	6499	1503	1580
1173	22:22:44	60.11	6499	1502	1579
1174	22:23:44	60.11	6499	1501	1579
1175	22:24:44	60.11	6499	1500	1578
1176	22:25:44	60.11	6499	1499	1577
1177	22:26:44	60.11	6499	1498	1576
1178	22:27:44	60.12	6499	1498	1575
1179	22:28:44	60.11	6499	1497	1575
1180	22:29:45	60.12	6499	1496	1574
1181	22:30:45	60.11	6499	1495	1573
1182	22:31:45	60.11	6499	1494	1572
1183	22:32:45	60.11	6499	1493	1571
1184	22:33:45	60.12	6499	1492	1570
1185	22:34:45	60.12	6499	1491	1570
1186	22:35:45	60.12	6499	1490	1569
1187	22:36:45	60.11	6499	1490	1568
1188	22:37:45	60.11	6499	1489	1567
1189	22:38:46	60.11	6499	1488	1567
1190	22:39:46	60.11	6499	1487	1566
1191	22:40:46	60.11	6499	1486	1565
1192	22:41:46	60.10	6499	1485	1564
1193	22:42:46	60.12	6499	1484	1563
1194	22:43:46	60.12	6499	1484	1563
1195	22:44:46	60.12	6499	1483	1562
1196	22:45:46	60.11	6499	1482	1561
1197	22:46:46	60.11	6499	1481	1560
1198	22:47:47	60.12	6499	1480	1560
1199	22:48:47	60.10	6499	1479	1559
1200	22:49:47	60.13	6499	1478	1558
1201	22:50:47	60.11	6499	1478	1557
1202	22:51:47	60.11	6499	1477	1556
1203	22:52:47	60.12	6499	1476	1556
1204	22:53:47	60.12	6499	1475	1555
1205	22:54:47	60.12	6499	1474	1554
1206	22:55:48	60.11	6499	1473	1553
1207	22:56:48	60.11	6499	1472	1552
1208	22:57:48	60.12	6499	1472	1552
1209	22:58:48	60.12	6499	1471	1551
1210	22:59:48	60.12	6499	1470	1550
1211	23:00:48	60.10	6499	1469	1549
1212	23:01:48	28.73	6499	1468	1549
1213	23:02:17	60.43	6499	1468	1548
1214	23:03:17	60.11	6499	1467	1547
1215	23:04:17	60.10	6499	1466	1547
1216	23:05:18	60.10	6499	1465	1546
1217	23:06:18	60.13	6499	1465	1545
1218	23:07:18	60.11	6499	1464	1544
1219	23:08:18	60.09	6499	1463	1544
1220	23:09:18	60.13	6499	1462	1543
1221	23:10:18	60.10	6499	1461	1542
1222	23:11:18	60.12	6499	1461	1541
1223	23:12:18	60.11	6499	1460	1541
1224	23:13:18	60.12	6499	1459	1540
1225	23:14:19	60.12	6499	1458	1539
1226	23:15:19	60.11	6499	1457	1538
1227	23:16:19	60.11	6499	1457	1538
1228	23:17:19	60.11	6499	1456	1537
1229	23:18:19	60.12	6499	1455	1536
1230	23:19:19	60.11	6499	1454	1535
1231	23:20:19	60.05	6499	1453	1535
1232	23:21:19	60.11	6499	1453	1534
1233	23:22:19	60.11	6499	1452	1533
1234	23:23:20	60.12	6499	1451	1532
1235	23:24:20	60.10	6499	1450	1532
1236	23:25:20	60.12	6499	1450	1531
1237	23:26:20	60.11	6499	1449	1530
1238	23:27:20	60.10	6499	1448	1529
1239	23:28:20	60.12	6499	1447	1529
1240	23:29:20	60.12	6499	1446	1528
1241	23:30:20	60.11	6499	1446	1527
1242	23:31:20	60.12	6499	1445	1526
1243	23:32:21	60.12	6499	1444	1526
1244	23:33:21	60.10	6499	1443	1525
1245	23:34:21	60.11	6499	1442	1524
1246	23:35:21	60.10	6499	1442	1524
1247	23:36:21	60.12	6499	1441	1523
1248	23:37:21	60.12	6499	1440	1522
1249	23:38:21	60.10	6499	1439	1521
1250	23:39:21	60.11	6499	1438	1521
1251	23:40:21	60.11	6499	1438	1520
1252	23:41:22	60.11	6499	1437	1519
1253	23:42:22	60.12	6499	1436	1518
1254	23:43:22	60.12	6499	1435	1518
1255	23:44:22	60.11	6499	1435	1517
1256	23:45:22	60.11	6499	1434	1516
1257	23:46:22	60.12	6499	1433	1515
1258	23:47:22	60.11	6499	1432	1515
1259	23:48:22	60.12	6499	1431	1514
1260	23:49:22	60.12	6499	1431	1513
1261	23:50:23	60.12	6499	1430	1513
1262	23:51:23	60.11	6499	1429	1512
1263	23:52:23	26.98	6499	1429	1511
1264	23:52:50	60.44	6499	1428	1511
1265	23:53:50	60.12	6499	1427	1510
1266	23:54:50	60.12	6499	1426	1509
1267	23:55:50	60.10	6499	1426	1509
1268	23:56:51	60.11	6499	1425	1508
1269	23:57:51	60.11	6499	1424	1507
1270	23:58:51	60.11	6499	1423	1506
1271	23:59:51	60.12	6499	1423	1506
1272	00:00:51	60.11	6499	1422	1505
1273	00:01:51	60.10	6499	1421	1504
1274	00:02:51	60.12	6499	1420	1504
1275	00:03:51	60.12	6499	1420	1503
1276	00:04:51	60.11	6499	1419	1502
1277	00:05:52	60.11	6499	1418	1502
1278	00:06:52	60.12	6499	1417	1501
1279	00:07:52	60.11	6499	1416	1500
1280	00:08:52	60.11	6499	1416	1499
1281	00:09:52	60.12	6499	1415	1499
1282	00:10:52	60.11	6499	1414	1498
1283	00:11:52	60.11	6499	1413	1497
1284	00:12:52	60.10	6499	1413	1497
1285	00:13:52	60.10	6499	1412	1496
1286	00:14:53	60.11	6499	1411	1495
1287	00:15:53	60.12	6499	1410	1494
1288	00:16:53	60.12	6499	1410	1494
1289	00:17:53	60.12	6499	1409	1493
1290	00:18:53	60.11	6499	1408	1492
1291	00:19:53	60.08	6499	1407	1492
1292	00:20:53	60.08	6499	1407	1491
1293	00:21:53	60.11	6499	1406	1490
1294	00:22:53	60.10	6499	1405	1490
1295	00:23:53	60.11	6499	1404	1489
1296	00:24:54	60.11	6499	1404	1488
1297	00:25:54	60.11	6499	1403	1488
1298	00:26:54	60.12	6499	1402	1487
1299	00:27:54	60.12	6499	1401	1486
1300	00:28:54	60.12	6499	1401	1485
1301	00:29:54	60.12	6499	1400	1485
1302	00:30:54	60.12	6499	1399	1484
1303	00:31:54	60.12	6499	1398	1483
1304	00:32:55	60.11	6499	1398	1483
1305	00:33:55	60.11	6499	1397	1482
1306	00:34:55	60.11	6499	1396	1481
1307	00:35:55	60.12	6499	1395	1481
1308	00:36:55	60.12	6499	1395	1480
1309	00:37:55	60.12	6499	1394	1479
1310	00:38:55	60.12	6499	1393	1479
1311	00:39:55	60.11	6499	1392	1478
1312	00:40:55	60.12	6499	1392	1477
1313	00:41:56	60.11	6499	1391	1477
1314	00:42:56	60.11	6499	1390	1476
1315	00:43:56	60.10	6499	1389	1475
1316	00:44:56	60.12	6499	1389	1475
1317	00:45:56	60.11	6498	1388	1474
1318	00:46:56	60.12	6499	1387	1473
1319	00:47:56	60.12	6499	1386	1473
1320	00:48:56	60.13	6499	1386	1472
1321	00:49:57	60.11	6499	1385	1471
1322	00:50:57	60.11	6499	1384	1471
1323	00:51:57	38.89	6499	1384	1470
1324	00:52:36	60.28	6499	1383	1469
1325	00:53:36	60.11	6499	1382	1469
1326	00:54:36	60.11	6499	1382	1468
1327	00:55:36	60.12	6499	1381	1467
1328	00:56:36	60.11	6499	1380	1467
1329	00:57:36	47.16	6499	1380	1466
1330	00:58:24	60.03	6499	1379	1466
1331	00:59:24	60.09	6499	1378	1465
1332	01:00:24	60.11	6499	1377	1464
1333	01:01:24	60.12	6499	1377	1464
1334	01:02:24	60.10	6499	1376	1463
1335	01:03:24	60.13	6499	1375	1462
1336	01:04:24	60.12	6499	1375	1462
1337	01:05:24	60.12	6499	1374	1461
1338	01:06:24	60.11	6499	1373	1460
1339	01:07:24	60.12	6498	1372	1460
1340	01:08:25	60.11	6499	1372	1459
1341	01:09:25	60.12	6499	1371	1458
1342	01:10:25	60.12	6499	1370	1458
1343	01:11:25	60.12	6499	1370	1457
1344	01:12:25	60.12	6499	1369	1456
1345	01:13:25	60.12	6499	1368	1456
1346	01:14:25	60.13	6499	1367	1455
1347	01:15:25	60.13	6499	1367	1454
1348	01:16:26	60.11	6498	1366	1454
1349	01:17:26	60.11	6499	1365	1453
1350	01:18:26	60.12	6499	1365	1452
1351	01:19:26	60.10	6499	1364	1452
1352	01:20:26	60.06	6499	1363	1451
1353	01:21:26	60.12	6499	1363	1450
1354	01:22:26	60.11	6499	1362	1450
1355	01:23:26	60.12	6499	1361	1449
1356	01:24:26	60.10	6499	1360	1448
1357	01:25:27	60.11	6499	1360	1448
1358	01:26:27	60.12	6499	1359	1447
1359	01:27:27	60.11	6499	1358	1447
1360	01:28:27	60.12	6499	1358	1446
1361	01:29:27	60.12	6499	1357	1445
1362	01:30:27	60.12	6499	1356	1444
1363	01:31:27	60.11	6499	1356	1444
1364	01:32:27	60.11	6499	1355	1443
1365	01:33:27	60.12	6499	1354	1443
1366	01:34:28	60.11	6499	1354	1442
1367	01:35:28	60.11	6499	1353	1441
1368	01:36:28	60.12	6499	1352	1441
1369	01:37:28	60.12	6499	1352	1440
1370	01:38:28	60.11	6499	1351	1439
1371	01:39:28	60.11	6499	1350	1439
1372	01:40:28	60.11	6499	1350	1438
1373	01:41:28	60.10	6499	1349	1437
1374	01:42:28	60.12	6499	1348	1437
1375	01:43:29	60.10	6499	1348	1436
1376	01:44:29	60.10	6499	1347	1436
1377	01:45:29	60.11	6499	1346	1435
1378	01:46:29	60.11	6499	1346	1434
1379	01:47:29	60.12	6499	1345	1434
1380	01:48:29	60.12	6499	1344	1433
1381	01:49:29	60.11	6499	1344	1432
1382	01:50:29	60.12	6499	1343	1432
1383	01:51:29	60.12	6499	1342	1431
1384	01:52:30	60.12	6499	1342	1430
1385	01:53:30	37.99	6499	1341	1430
1386	01:54:08	60.49	6499	1341	1429
1387	01:55:08	60.12	6499	1340	1429
1388	01:56:08	60.11	6499	1339	1428
1389	01:57:08	60.11	6499	1339	1428
1390	01:58:09	60.13	6499	1338	1427
1391	01:59:09	60.11	6499	1337	1426
1392	02:00:09	60.11	6499	1337	1426
1393	02:01:09	60.12	6499	1336	1425
1394	02:02:09	60.11	6499	1335	1424
1395	02:03:09	60.11	6499	1335	1424
1396	02:04:09	60.12	6499	1334	1423
1397	02:05:09	60.11	6499	1333	1423
1398	02:06:09	60.12	6499	1333	1422
1399	02:07:10	60.12	6499	1332	1421
1400	02:08:10	60.11	6499	1331	1421
1401	02:09:10	60.11	6499	1331	1420
1402	02:10:10	60.12	6499	1330	1420
1403	02:11:10	60.11	6499	1330	1419
1404	02:12:10	60.12	6499	1329	1418
1405	02:13:10	60.10	6499	1328	1418
1406	02:14:10	60.10	6499	1328	1417
1407	02:15:10	60.11	6499	1327	1416
1408	02:16:11	60.11	6499	1326	1416
1409	02:17:11	60.11	6499	1326	1415
1410	02:18:11	60.12	6499	1325	1415
1411	02:19:11	60.11	6499	1324	1414
1412	02:20:11	60.30	6499	1324	1413
1413	02:21:11	60.11	6499	1323	1413
1414	02:22:11	60.11	6499	1322	1412
1415	02:23:12	60.11	6499	1322	1412
1416	02:24:12	60.11	6499	1321	1411
1417	02:25:12	60.11	6499	1320	1410
1418	02:26:12	60.11	6499	1320	1410
1419	02:27:12	60.12	6499	1319	1409
1420	02:28:12	60.13	6499	1318	1409
1421	02:29:12	60.11	6499	1318	1408
1422	02:30:12	60.12	6499	1317	1407
1423	02:31:12	60.10	6499	1316	1407
1424	02:32:13	60.11	6499	1316	1406
1425	02:33:13	60.12	6499	1315	1406
1426	02:34:13	60.12	6499	1314	1405
1427	02:35:13	60.10	6499	1314	1404
1428	02:36:13	60.12	6499	1313	1404
1429	02:37:13	60.10	6499	1313	1403
1430	02:38:13	60.12	6499	1312	1403
1431	02:39:13	60.12	6499	1311	1402
1432	02:40:13	60.12	6499	1311	1401
1433	02:41:14	60.12	6499	1310	1401
1434	02:42:14	60.11	6499	1309	1400
1435	02:43:14	60.11	6499	1309	1400
1436	02:44:14	60.10	6499	1308	1399
1437	02:45:14	60.12	6499	1307	1398
1438	02:46:14	60.12	6499	1307	1398
1439	02:47:14	60.11	6499	1306	1397
1440	02:48:14	60.10	6499	1305	1397
1441	02:49:14	60.10	6499	1305	1396
1442	02:50:15	60.13	6499	1304	1395
1443	02:51:15	60.12	6499	1304	1395
1444	02:52:15	60.12	6499	1303	1394
1445	02:53:15	60.11	6499	1302	1394
1446	02:54:15	60.11	6499	1302	1393
1447	02:55:15	60.12	6499	1301	1392
1448	02:56:15	60.12	6499	1300	1392
1449	02:57:15	60.11	6499	1300	1391
1450	02:58:16	60.10	6499	1299	1391
1451	02:59:16	60.11	6499	1298	1390
1452	03:00:16	60.11	6499	1298	1389
1453	03:01:16	10.27	6499	1298	1389
1454	03:01:26	60.12	6499	1297	1389
1455	03:02:26	60.12	6499	1296	1388
1456	03:03:26	60.11	6499	1296	1388
1457	03:04:26	60.11	6499	1295	1387
1458	03:05:27	60.12	6499	1295	1387
1459	03:06:27	60.09	6499	1294	1386
1460	03:07:27	60.11	6499	1293	1385
1461	03:08:27	60.11	6499	1293	1385
1462	03:09:27	60.12	6499	1292	1384
1463	03:10:27	60.13	6499	1291	1384
1464	03:11:27	60.12	6499	1291	1383
1465	03:12:27	60.11	6499	1290	1382
1466	03:13:27	60.11	6499	1290	1382
1467	03:14:28	60.11	6499	1289	1381
1468	03:15:28	16.29	6499	1289	1381
1469	03:15:44	60.36	6499	1288	1381
1470	03:16:44	60.11	6499	1288	1380
1471	03:17:44	60.11	6499	1287	1379
1472	03:18:45	60.10	6499	1286	1379
1473	03:19:45	60.09	6499	1286	1378
1474	03:20:45	60.06	6499	1285	1378
1475	03:21:45	60.12	6499	1284	1377
1476	03:22:45	60.11	6499	1284	1377
1477	03:23:45	60.12	6499	1283	1376
1478	03:24:45	60.13	6499	1283	1375
1479	03:25:45	60.11	6499	1282	1375
1480	03:26:45	60.12	6499	1281	1374
1481	03:27:46	60.12	6499	1281	1374
1482	03:28:46	60.12	6499	1280	1373
1483	03:29:46	60.11	6499	1280	1373
1484	03:30:46	60.12	6499	1279	1372
1485	03:31:46	60.12	6499	1278	1372
1486	03:32:46	60.10	6499	1278	1371
1487	03:33:46	60.11	6499	1277	1370
1488	03:34:46	60.12	6499	1277	1370
1489	03:35:46	60.10	6499	1276	1369
1490	03:36:47	60.11	6499	1275	1369
1491	03:37:47	60.11	6499	1275	1368
1492	03:38:47	60.11	6499	1274	1368
1493	03:39:47	60.10	6499	1274	1367
1494	03:40:47	60.12	6499	1273	1367
1495	03:41:47	60.11	6499	1272	1366
1496	03:42:47	60.11	6499	1272	1365
1497	03:43:47	60.11	6499	1271	1365
1498	03:44:47	60.11	6499	1271	1364
1499	03:45:48	60.11	6499	1270	1364
1500	03:46:48	60.11	6499	1269	1363
1501	03:47:48	60.12	6499	1269	1363
1502	03:48:48	60.11	6499	1268	1362
1503	03:49:48	60.11	6499	1268	1362
1504	03:50:48	60.13	6499	1267	1361
1505	03:51:48	60.12	6499	1266	1361
1506	03:52:48	60.11	6499	1266	1360
1507	03:53:48	60.11	6499	1265	1360
1508	03:54:49	60.12	6499	1265	1359
1509	03:55:49	60.12	6499	1264	1358
1510	03:56:49	60.11	6499	1264	1358
1511	03:57:49	17.44	6499	1263	1358
1512	03:58:06	14.33	6499	1263	1357
1513	03:58:21	14.47	6499	1263	1357
1514	03:58:35	14.32	6499	1263	1357
1515	03:58:49	11.56	6499	1263	1357
1516	03:59:01	60.13	6499	1262	1357
1517	04:00:01	21.39	6499	1262	1356
1518	04:00:23	60.25	6499	1262	1356
1519	04:01:23	60.13	6499	1261	1355
1520	04:02:23	60.10	6499	1260	1355
1521	04:03:23	29.54	6499	1260	1355
1522	04:03:53	41.81	6499	1260	1354
1523	04:04:34	61.02	6499	1259	1354
1524	04:05:35	60.11	6499	1259	1353
1525	04:06:36	60.11	6499	1258	1353
1526	04:07:36	60.11	6499	1258	1352
1527	04:08:36	60.11	6499	1257	1352
1528	04:09:36	60.13	6499	1256	1351
1529	04:10:36	60.13	6499	1256	1351
1530	04:11:36	60.11	6499	1255	1350
1531	04:12:36	60.11	6499	1255	1350
1532	04:13:36	60.12	6499	1254	1349
1533	04:14:36	60.12	6499	1254	1348
1534	04:15:37	60.11	6499	1253	1348
1535	04:16:37	60.11	6499	1253	1347
1536	04:17:37	60.11	6499	1252	1347
1537	04:18:37	20.16	6499	1252	1347
1538	04:18:57	60.22	6499	1251	1346
1539	04:19:57	60.08	6499	1251	1346
1540	04:20:57	60.09	6499	1250	1345
1541	04:21:57	60.12	6499	1250	1345
1542	04:22:58	60.12	6499	1249	1344
1543	04:23:58	60.10	6499	1249	1344
1544	04:24:58	60.11	6499	1248	1343
1545	04:25:58	60.11	6499	1248	1343
1546	04:26:58	60.12	6499	1247	1342
1547	04:27:58	60.12	6499	1246	1341
1548	04:28:58	60.13	6499	1246	1341
1549	04:29:58	60.11	6499	1245	1340
1550	04:30:58	60.11	6499	1245	1340
1551	04:31:59	60.10	6499	1244	1339
1552	04:32:59	60.11	6499	1244	1339
1553	04:33:59	60.11	6499	1243	1338
1554	04:34:59	60.10	6499	1242	1338
1555	04:35:59	17.09	6499	1242	1338
1556	04:36:16	60.03	6499	1242	1337
1557	04:37:16	60.11	6499	1241	1337
1558	04:38:16	60.12	6499	1241	1336
1559	04:39:16	60.09	6499	1240	1336
1560	04:40:16	60.11	6499	1240	1335
1561	04:41:17	60.12	6499	1239	1335
1562	04:42:17	60.11	6499	1238	1334
1563	04:43:17	60.12	6499	1238	1334
1564	04:44:17	60.13	6499	1237	1333
1565	04:45:17	60.12	6499	1237	1333
1566	04:46:17	60.11	6499	1236	1332
1567	04:47:17	60.12	6499	1236	1332
1568	04:48:17	60.11	6499	1235	1331
1569	04:49:18	60.12	6499	1234	1331
1570	04:50:18	60.10	6499	1234	1330
1571	04:51:18	60.11	6499	1233	1330
1572	04:52:18	60.12	6499	1233	1329
1573	04:53:18	60.12	6499	1232	1328
1574	04:54:18	60.11	6499	1232	1328
1575	04:55:18	60.13	6499	1231	1327
1576	04:56:18	60.12	6499	1231	1327
1577	04:57:18	60.11	6499	1230	1326
1578	04:58:19	60.12	6499	1230	1326
1579	04:59:19	60.11	6499	1229	1325
1580	05:00:19	60.11	6499	1228	1325
1581	05:01:19	60.11	6499	1228	1325
1582	05:02:19	60.10	6499	1227	1324
1583	05:03:19	60.12	6499	1227	1323
1584	05:04:19	60.11	6499	1226	1323
1585	05:05:19	60.12	6499	1226	1323
1586	05:06:19	60.11	6499	1225	1322
1587	05:07:20	60.12	6499	1225	1321
1588	05:08:20	60.12	6499	1224	1321
1589	05:09:20	60.12	6499	1223	1320
1590	05:10:20	60.11	6499	1223	1320
1591	05:11:20	60.12	6499	1222	1319
1592	05:12:20	60.11	6499	1222	1319
1593	05:13:20	60.13	6499	1221	1318
1594	05:14:20	60.10	6499	1221	1318
1595	05:15:21	60.11	6499	1220	1317
1596	05:16:21	60.11	6499	1220	1317
1597	05:17:21	60.12	6499	1219	1316
1598	05:18:21	60.12	6499	1219	1316
1599	05:19:21	60.12	6499	1218	1315
1600	05:20:21	60.04	6499	1217	1315
1601	05:21:21	60.10	6499	1217	1314
1602	05:22:21	60.12	6499	1216	1314
1603	05:23:21	60.10	6499	1216	1313
1604	05:24:21	60.10	6499	1215	1313
1605	05:25:22	60.11	6499	1215	1312
1606	05:26:22	60.11	6499	1214	1312
1607	05:27:22	60.11	6499	1214	1312
1608	05:28:22	60.11	6499	1213	1311
1609	05:29:22	60.12	6499	1213	1311
1610	05:30:22	60.12	6499	1212	1310
1611	05:31:22	60.13	6499	1212	1310
1612	05:32:22	18.84	6499	1212	1310
1613	05:32:41	60.04	6499	1212	1309
1614	05:33:41	60.12	6499	1211	1309
1615	05:34:41	60.12	6499	1211	1308
1616	05:35:41	60.12	6499	1210	1308
1617	05:36:42	60.12	6499	1210	1307
1618	05:37:42	60.12	6499	1209	1307
1619	05:38:42	60.11	6499	1209	1307
1620	05:39:42	60.12	6499	1208	1306
1621	05:40:42	60.12	6499	1208	1306
1622	05:41:42	60.12	6499	1207	1305
1623	05:42:42	60.13	6499	1207	1305
1624	05:43:42	35.85	6499	1204	1301
1625	05:44:18	60.57	6499	0	0
1626	05:45:19	60.12	6499	0	0
1627	05:46:19	60.11	6499	0	0
1628	05:47:19	60.12	6499	0	0
1629	05:48:19	205.85	6501	0	0
Created by AtlRunQuery on: 2018-12-09 19:34:58.388347
