LHC beam energy and intensities during run 339535:
(Begin/end of run: Mon Oct 30 2017 19:22:30 − Tue Oct 31, 02:03:09)

LB	   Start time
(CEST)	   Duration
(sec)	   Beam energy
(GeV)	   Intensity Beam-1
(1e11 protons)	   Intensity Beam-2
(1e11 protons)
1	19:22:30	60.12	450	0	0
2	19:23:30	60.11	450	0	0
3	19:24:30	60.11	449	0	0
4	19:25:30	47.10	450	0	0
5	19:26:17	10.25	449	0	0
6	19:26:27	10.72	450	0	0
7	19:26:38	30.64	450	0	0
8	19:27:09	60.34	449	0	0
9	19:28:09	60.10	450	0	0
10	19:29:09	60.14	450	0	0
11	19:30:09	60.11	450	0	0
12	19:31:10	60.11	449	0	0
13	19:32:10	60.12	449	0	0
14	19:33:10	60.12	449	0	0
15	19:34:10	60.12	449	0	0
16	19:35:10	60.11	450	0	0.05517
17	19:36:10	60.12	449	0.0586	0.09384
18	19:37:10	60.11	450	0.08753	0.09376
19	19:38:10	60.12	450	0.08746	0.09365
20	19:39:10	60.11	450	0.08728	0.09347
21	19:40:11	60.12	450	0.01257	0.01348
22	19:41:11	60.12	449	0.01457	0
23	19:42:11	60.12	450	0.09477	0.02115
24	19:43:11	60.19	450	0.08583	0.08997
25	19:44:11	60.11	450	0	0.08925
26	19:45:11	60.47	450	0.04657	0.08917
27	19:46:12	60.52	450	0.09487	0.08909
28	19:47:12	64.60	449	0.09297	0.08745
29	19:48:17	60.16	449	0.09027	0.08474
30	19:49:17	60.12	450	10.19	0.08296
31	19:50:17	60.13	450	14.16	11.44
32	19:51:17	60.12	450	50.26	14.26
33	19:52:17	60.12	450	54.87	53.79
34	19:53:17	60.12	450	75.58	55.14
35	19:54:18	60.11	450	215.2	88.95
36	19:55:18	60.12	449	215.1	215.8
37	19:56:18	60.12	449	215	215.7
38	19:57:18	60.12	450	288.3	215.6
39	19:58:18	60.11	449	375.9	215.5
40	19:59:18	60.12	450	375.7	215.3
41	20:00:18	60.12	449	375.6	328.7
42	20:01:18	60.11	450	502.4	377.5
43	20:02:19	60.12	450	537.2	516.8
44	20:03:19	60.12	450	651.7	542.3
45	20:04:19	60.11	450	676.7	659.5
46	20:05:19	60.12	449	819.4	690.9
47	20:06:19	60.11	450	863.4	822.1
48	20:07:19	60.10	450	979.6	879.8
49	20:08:19	60.12	450	1051	983.3
50	20:09:19	60.12	449	1140	1067
51	20:10:19	60.11	449	1140	1144
52	20:11:20	60.10	450	1139	1228
53	20:12:20	60.11	449	1232	1265
54	20:13:20	60.11	450	1259	1403
55	20:14:20	60.12	449	1408	1427
56	20:15:20	60.12	450	1435	1586
57	20:16:20	60.11	450	1581	1614
58	20:17:20	11.43	450	1581	1748
59	20:17:32	60.20	449	1652	1747
60	20:18:32	60.12	450	1741	1811
61	20:19:32	60.11	449	1814	1868
62	20:20:32	60.05	450	1861	1979
63	20:21:32	60.11	449	1860	2028
64	20:22:32	60.25	449	1859	2027
65	20:23:32	60.12	450	2010	2028
66	20:24:33	60.60	450	2035	2188
67	20:25:33	60.17	450	2179	2217
68	20:26:33	60.11	450	2222	2347
69	20:27:33	60.12	449	2338	2346
70	20:28:34	60.11	450	2337	2344
71	20:29:34	60.12	450	2336	2342
72	20:30:34	60.12	449	2334	2340
73	20:31:34	60.11	450	2333	2337
74	20:32:34	60.12	471	2332	2336
75	20:33:34	60.13	563	2332	2335
76	20:34:34	60.12	726	2332	2334
77	20:35:34	35.39	949	2332	2334
78	20:36:10	60.28	1115	2332	2333
79	20:37:10	60.11	1448	2332	2333
80	20:38:10	60.12	1795	2332	2333
81	20:39:10	60.10	2143	2332	2333
82	20:40:10	60.12	2490	2332	2333
83	20:41:11	60.12	2843	2332	2333
84	20:42:11	60.10	3191	2332	2332
85	20:43:11	52.47	3538	2331	2332
86	20:44:03	28.51	3839	2329	2330
87	20:44:32	60.27	4007	2329	2330
88	20:45:32	60.11	4354	2329	2330
89	20:46:32	60.12	4702	2329	2330
90	20:47:32	60.12	5049	2329	2330
91	20:48:32	60.11	5397	2329	2330
92	20:49:32	60.11	5744	2328	2330
93	20:50:33	60.12	6097	2328	2330
94	20:51:33	37.49	6444	2327	2330
95	20:52:10	10.35	6499	2327	2329
96	20:52:21	60.13	6499	2327	2329
97	20:53:21	60.12	6499	2327	2329
98	20:54:21	60.11	6499	2327	2329
99	20:55:21	60.12	6499	2327	2329
100	20:56:21	60.12	6499	2327	2329
101	20:57:21	60.10	6499	2327	2329
102	20:58:21	60.11	6499	2326	2329
103	20:59:21	60.12	6499	2326	2329
104	21:00:21	60.10	6499	2326	2329
105	21:01:22	60.12	6499	2326	2329
106	21:02:22	60.10	6499	2325	2329
107	21:03:22	60.10	6499	2325	2329
108	21:04:22	60.12	6499	2325	2328
109	21:05:22	60.12	6499	2325	2328
110	21:06:22	60.12	6499	2325	2328
111	21:07:22	60.11	6499	2325	2328
112	21:08:22	60.12	6499	2325	2328
113	21:09:22	60.11	6499	2325	2328
114	21:10:23	60.12	6499	2325	2327
115	21:11:23	48.59	6499	2324	2327
116	21:12:11	60.37	6499	2323	2327
117	21:13:12	60.11	6499	2323	2326
118	21:14:12	60.11	6499	2322	2326
119	21:15:12	60.12	6499	2319	2326
120	21:16:12	10.27	6499	2315	2325
121	21:16:22	60.12	6499	2312	2323
122	21:17:22	60.12	6499	2309	2321
123	21:18:23	60.10	6499	2305	2319
124	21:19:23	60.10	6499	2302	2317
125	21:20:23	60.04	6499	2300	2315
126	21:21:23	60.11	6499	2297	2313
127	21:22:23	60.11	6499	2294	2312
128	21:23:23	60.12	6499	2291	2310
129	21:24:23	42.80	6499	2289	2308
130	21:25:06	36.50	6499	2287	2307
131	21:25:42	60.47	6499	2285	2306
132	21:26:43	60.11	6499	2283	2304
133	21:27:43	60.12	6499	2281	2302
134	21:28:43	60.11	6499	2279	2300
135	21:29:43	60.11	6499	2277	2299
136	21:30:43	22.32	6499	2276	2298
137	21:31:06	60.07	6499	2274	2297
138	21:32:06	60.12	6499	2272	2295
139	21:33:06	60.11	6499	2270	2293
140	21:34:06	38.25	6499	2269	2292
141	21:34:44	10.09	6499	2268	2291
142	21:34:54	12.91	6499	2268	2291
143	21:35:07	10.14	6499	2267	2291
144	21:35:17	60.37	6499	2266	2289
145	21:36:18	21.72	6499	2265	2288
146	21:36:39	17.09	6499	2264	2288
147	21:36:57	15.88	6499	2264	2287
148	21:37:12	30.19	6499	2263	2287
149	21:37:43	31.72	6499	2262	2286
150	21:38:14	56.94	6499	2260	2285
151	21:39:11	60.23	6499	2259	2283
152	21:40:11	60.11	6499	2257	2281
153	21:41:12	60.12	6499	2255	2280
154	21:42:12	60.11	6499	2253	2278
155	21:43:12	60.13	6499	2251	2277
156	21:44:12	60.10	6499	2249	2275
157	21:45:12	60.11	6499	2248	2273
158	21:46:12	60.11	6499	2246	2272
159	21:47:12	60.11	6499	2244	2270
160	21:48:12	60.11	6499	2242	2269
161	21:49:12	60.11	6499	2241	2267
162	21:50:13	60.11	6499	2239	2265
163	21:51:13	29.15	6499	2238	2264
164	21:51:42	60.26	6499	2236	2263
165	21:52:42	60.10	6499	2235	2262
166	21:53:42	60.12	6499	2233	2260
167	21:54:42	60.11	6499	2231	2258
168	21:55:42	35.46	6499	2230	2257
169	21:56:18	60.21	6499	2229	2256
170	21:57:18	60.12	6499	2227	2254
171	21:58:18	60.11	6499	2225	2253
172	21:59:18	60.11	6499	2224	2251
173	22:00:18	60.11	6499	2222	2250
174	22:01:19	10.27	6499	2221	2249
175	22:01:29	60.11	6499	2220	2248
176	22:02:29	60.11	6499	2218	2246
177	22:03:29	60.11	6499	2217	2245
178	22:04:29	60.11	6499	2215	2243
179	22:05:29	60.12	6499	2213	2242
180	22:06:29	60.11	6499	2212	2240
181	22:07:30	60.13	6499	2210	2239
182	22:08:30	60.11	6499	2209	2237
183	22:09:30	60.11	6499	2207	2236
184	22:10:30	60.12	6499	2205	2234
185	22:11:30	60.12	6499	2204	2233
186	22:12:30	60.13	6499	2202	2231
187	22:13:30	60.11	6499	2201	2229
188	22:14:30	60.11	6499	2199	2228
189	22:15:30	10.27	6499	2198	2227
190	22:15:41	60.11	6499	2197	2226
191	22:16:41	60.11	6499	2196	2225
192	22:17:41	60.12	6499	2194	2223
193	22:18:41	60.11	6499	2192	2222
194	22:19:41	60.09	6499	2191	2220
195	22:20:41	60.06	6499	2189	2219
196	22:21:41	60.11	6499	2188	2217
197	22:22:41	60.12	6499	2186	2216
198	22:23:42	60.10	6499	2184	2214
199	22:24:42	60.10	6499	2183	2213
200	22:25:42	60.11	6499	2181	2211
201	22:26:42	60.11	6499	2180	2210
202	22:27:42	60.11	6499	2178	2208
203	22:28:42	60.11	6499	2176	2207
204	22:29:42	60.12	6499	2175	2205
205	22:30:42	60.11	6499	2173	2204
206	22:31:42	60.11	6499	2172	2202
207	22:32:43	60.12	6499	2170	2201
208	22:33:43	60.12	6499	2169	2199
209	22:34:43	60.12	6499	2167	2198
210	22:35:43	60.11	6499	2166	2196
211	22:36:43	60.12	6499	2164	2195
212	22:37:43	60.11	6499	2162	2194
213	22:38:43	11.48	6499	2162	2193
214	22:38:55	14.86	6499	2161	2192
215	22:39:10	10.47	6499	2161	2192
216	22:39:20	10.27	6499	2161	2192
217	22:39:30	15.37	6499	2160	2192
218	22:39:46	60.50	6499	2159	2191
219	22:40:46	60.13	6499	2158	2189
220	22:41:46	60.12	6499	2156	2188
221	22:42:46	60.11	6499	2155	2186
222	22:43:47	60.12	6499	2153	2185
223	22:44:47	60.12	6499	2152	2183
224	22:45:47	60.11	6499	2150	2182
225	22:46:47	60.12	6499	2149	2180
226	22:47:47	60.12	6499	2147	2179
227	22:48:47	60.11	6499	2146	2178
228	22:49:47	60.12	6499	2144	2176
229	22:50:47	60.11	6499	2143	2175
230	22:51:47	60.10	6499	2141	2173
231	22:52:48	60.13	6499	2140	2172
232	22:53:48	60.11	6499	2138	2170
233	22:54:48	11.79	6499	2138	2170
234	22:55:00	60.09	6499	2137	2169
235	22:56:00	60.12	6499	2135	2167
236	22:57:00	60.11	6499	2134	2166
237	22:58:00	60.10	6499	2132	2164
238	22:59:00	60.12	6499	2131	2163
239	23:00:00	60.12	6499	2129	2161
240	23:01:00	60.12	6499	2128	2160
241	23:02:00	60.11	6499	2126	2159
242	23:03:00	60.11	6499	2125	2157
243	23:04:01	10.26	6499	2124	2156
244	23:04:11	51.47	6499	2123	2156
245	23:05:02	60.23	6499	2122	2154
246	23:06:03	60.10	6499	2120	2153
247	23:07:03	60.12	6499	2119	2151
248	23:08:03	60.10	6499	2117	2150
249	23:09:03	60.11	6499	2116	2149
250	23:10:03	60.11	6499	2115	2147
251	23:11:03	60.51	6499	2113	2146
252	23:12:04	10.05	6499	2112	2145
253	23:12:14	10.27	6499	2112	2145
254	23:12:24	22.79	6499	2112	2144
255	23:12:47	60.38	6499	2111	2143
256	23:13:47	23.19	6499	2110	2142
257	23:14:10	60.20	6499	2109	2141
258	23:15:10	60.11	6499	2107	2140
259	23:16:11	60.13	6499	2106	2139
260	23:17:11	60.11	6499	2104	2137
261	23:18:11	60.11	6499	2103	2136
262	23:19:11	60.10	6499	2101	2134
263	23:20:11	60.06	6499	2100	2133
264	23:21:11	60.10	6499	2098	2132
265	23:22:11	60.11	6499	2097	2130
266	23:23:11	60.12	6499	2096	2129
267	23:24:11	60.12	6499	2094	2127
268	23:25:12	45.88	6499	2093	2126
269	23:25:57	60.06	6499	2092	2125
270	23:26:57	54.47	6499	2090	2124
271	23:27:52	45.00	6499	2089	2122
272	23:28:37	60.04	6499	2088	2121
273	23:29:37	60.11	6499	2086	2120
274	23:30:37	60.11	6499	2085	2119
275	23:31:37	60.11	6499	2084	2117
276	23:32:37	60.11	6499	2082	2116
277	23:33:37	10.27	6499	2081	2115
278	23:33:48	60.11	6499	2080	2114
279	23:34:48	60.12	6499	2079	2113
280	23:35:48	60.11	6499	2077	2111
281	23:36:48	60.11	6499	2076	2110
282	23:37:48	60.13	6499	2075	2109
283	23:38:48	60.13	6499	2073	2107
284	23:39:48	16.21	6499	2072	2106
285	23:40:05	60.17	6499	2071	2105
286	23:41:05	60.11	6499	2070	2104
287	23:42:05	60.10	6499	2068	2103
288	23:43:05	60.12	6499	2067	2101
289	23:44:05	60.11	6499	2066	2100
290	23:45:05	60.11	6499	2064	2098
291	23:46:05	60.12	6499	2063	2097
292	23:47:05	60.10	6499	2061	2096
293	23:48:06	60.11	6499	2060	2094
294	23:49:06	60.12	6499	2059	2093
295	23:50:06	60.12	6499	2057	2091
296	23:51:06	60.10	6499	2056	2090
297	23:52:06	60.11	6499	2054	2089
298	23:53:06	60.12	6499	2053	2087
299	23:54:06	60.11	6499	2052	2086
300	23:55:06	60.11	6499	2050	2085
301	23:56:06	60.11	6499	2049	2083
302	23:57:07	60.11	6499	2047	2082
303	23:58:07	60.11	6499	2046	2080
304	23:59:07	36.06	6499	2045	2079
305	23:59:43	60.10	6499	2044	2078
306	00:00:43	60.11	6498	2042	2077
307	00:01:43	60.10	6499	2041	2076
308	00:02:43	60.12	6499	2039	2074
309	00:03:43	60.11	6499	2038	2073
310	00:04:43	60.12	6499	2036	2071
311	00:05:44	60.10	6499	2035	2070
312	00:06:44	10.82	6499	2034	2069
313	00:06:54	60.04	6499	2033	2068
314	00:07:54	60.11	6499	2032	2067
315	00:08:55	60.11	6499	2030	2066
316	00:09:55	60.10	6499	2029	2064
317	00:10:55	60.12	6499	2028	2063
318	00:11:55	60.12	6499	2026	2062
319	00:12:55	60.12	6499	2025	2060
320	00:13:55	53.16	6499	2024	2059
321	00:14:48	60.30	6499	2022	2058
322	00:15:49	60.11	6499	2021	2056
323	00:16:49	60.11	6499	2020	2055
324	00:17:49	60.12	6499	2018	2054
325	00:18:49	60.11	6499	2017	2052
326	00:19:49	60.09	6499	2015	2051
327	00:20:49	60.07	6499	2014	2049
328	00:21:49	60.12	6499	2012	2048
329	00:22:49	60.11	6499	2011	2047
330	00:23:49	60.11	6499	2010	2045
331	00:24:50	60.11	6499	2008	2044
332	00:25:50	60.10	6499	2006	2042
333	00:26:50	60.12	6499	2005	2041
334	00:27:50	60.11	6499	2003	2040
335	00:28:50	60.12	6499	2002	2038
336	00:29:50	39.06	6499	2001	2037
337	00:30:29	60.12	6499	1999	2036
338	00:31:29	60.09	6499	1998	2034
339	00:32:29	16.89	6499	1997	2033
340	00:32:46	60.49	6499	1996	2032
341	00:33:47	60.11	6499	1995	2031
342	00:34:47	10.27	6499	1994	2030
343	00:34:57	23.13	6499	1993	2030
344	00:35:20	29.95	6499	1993	2029
345	00:35:50	24.50	6499	1992	2028
346	00:36:15	60.18	6499	1991	2027
347	00:37:15	60.11	6499	1990	2026
348	00:38:15	60.11	6499	1988	2025
349	00:39:15	40.68	6499	1988	2024
350	00:39:56	60.24	6499	1986	2023
351	00:40:56	60.11	6499	1985	2022
352	00:41:56	60.11	6499	1984	2020
353	00:42:56	10.26	6499	1983	2020
354	00:43:07	60.12	6499	1982	2019
355	00:44:07	60.13	6499	1980	2017
356	00:45:07	56.22	6499	1979	2015
357	00:46:03	57.37	6499	1977	2014
358	00:47:00	60.21	6499	1976	2012
359	00:48:01	60.12	6499	1974	2011
360	00:49:01	60.10	6499	1972	2009
361	00:50:01	60.11	6499	1971	2008
362	00:51:01	60.11	6499	1969	2006
363	00:52:01	60.13	6499	1967	2005
364	00:53:01	60.13	6499	1966	2003
365	00:54:01	60.11	6499	1964	2002
366	00:55:01	23.42	6499	1963	2000
367	00:55:25	14.14	6499	1963	2000
368	00:55:39	20.25	6499	1962	2000
369	00:55:59	60.16	6499	1961	1998
370	00:56:59	60.11	6499	1960	1997
371	00:57:59	60.12	6499	1958	1995
372	00:59:00	60.11	6499	1956	1994
373	01:00:00	37.37	6499	1955	1993
374	01:00:37	60.04	6499	1954	1991
375	01:01:37	60.11	6499	1952	1990
376	01:02:37	60.11	6499	1951	1988
377	01:03:37	60.11	6499	1949	1987
378	01:04:37	60.12	6499	1948	1985
379	01:05:38	60.11	6499	1946	1984
380	01:06:38	60.11	6499	1944	1982
381	01:07:38	60.12	6499	1943	1981
382	01:08:38	60.10	6499	1941	1979
383	01:09:38	60.12	6499	1940	1978
384	01:10:38	60.10	6499	1938	1977
385	01:11:38	60.12	6499	1937	1975
386	01:12:38	60.11	6499	1935	1974
387	01:13:38	60.13	6499	1934	1972
388	01:14:39	60.11	6499	1932	1971
389	01:15:39	60.11	6499	1930	1969
390	01:16:39	60.12	6499	1929	1968
391	01:17:39	60.12	6499	1927	1966
392	01:18:39	45.26	6499	1926	1965
393	01:19:24	60.40	6499	1925	1964
394	01:20:25	60.06	6499	1923	1962
395	01:21:25	60.11	6499	1922	1961
396	01:22:25	60.11	6499	1920	1960
397	01:23:25	60.12	6499	1919	1958
398	01:24:25	60.13	6499	1917	1957
399	01:25:25	60.11	6499	1915	1955
400	01:26:25	60.12	6499	1914	1954
401	01:27:26	60.12	6499	1913	1953
402	01:28:26	60.12	6499	1911	1951
403	01:29:26	60.12	6499	1910	1950
404	01:30:26	60.11	6499	1908	1948
405	01:31:26	60.11	6498	1907	1947
406	01:32:26	60.11	6499	1905	1946
407	01:33:26	60.11	6499	1903	1944
408	01:34:26	60.11	6499	1902	1943
409	01:35:26	60.12	6499	1900	1942
410	01:36:27	60.11	6499	1899	1940
411	01:37:27	60.11	6499	1897	1939
412	01:38:27	60.12	6499	1896	1937
413	01:39:27	60.11	6499	1895	1936
414	01:40:27	60.11	6499	1893	1935
415	01:41:27	60.12	6499	1892	1933
416	01:42:27	60.11	6499	1890	1932
417	01:43:27	60.11	6499	1889	1931
418	01:44:27	60.12	6499	1887	1929
419	01:45:28	60.11	6499	1886	1928
420	01:46:28	60.11	6499	1884	1927
421	01:47:28	60.12	6499	1883	1925
422	01:48:28	60.13	6499	1881	1924
423	01:49:28	60.12	6499	1880	1923
424	01:50:28	60.12	6499	1879	1921
425	01:51:28	60.12	6499	1877	1920
426	01:52:28	60.11	6499	1876	1919
427	01:53:28	60.11	6499	1874	1917
428	01:54:29	60.12	6499	1873	1916
429	01:55:29	60.12	6499	1872	1915
430	01:56:29	10.26	6499	1871	1914
431	01:56:39	60.40	6499	1870	1913
432	01:57:39	39.29	6499	1869	1912
433	01:58:19	33.19	6499	38.6	40.54
434	01:58:52	30.96	6499	0	0
435	01:59:23	60.38	6499	0	0
436	02:00:23	60.11	6501	0	0
437	02:01:23	60.11	6501	0	0
438	02:02:24	45.98	6501	0	0
Created by AtlRunQuery on: 2018-12-09 19:37:06.332296
