LHC beam energy and intensities during run 339849:
(Begin/end of run: Thu Nov 02 2017 15:27:23 − Fri Nov 03, 07:30:37)

LB	   Start time
(CEST)	   Duration
(sec)	   Beam energy
(GeV)	   Intensity Beam-1
(1e11 protons)	   Intensity Beam-2
(1e11 protons)
1	15:27:23	60.12	450	369.8	210
2	15:28:23	60.13	450	369.5	209.8
3	15:29:23	60.11	450	369.3	209.6
4	15:30:24	50.27	450	369.1	209.5
5	15:31:14	10.09	450	369	209.4
6	15:31:24	60.10	449	368.9	209.2
7	15:32:24	60.11	450	368.7	209.1
8	15:33:24	60.13	450	368.5	208.9
9	15:34:24	60.12	450	426.7	366.6
10	15:35:24	60.12	450	529.1	389.4
11	15:36:25	60.12	450	528.8	531.2
12	15:37:25	60.12	450	528.6	563.2
13	15:38:25	60.11	449	528.3	651.5
14	15:39:25	60.12	450	85.9	106
15	15:40:25	60.13	450	0	0
16	15:41:25	25.65	450	0	0
17	15:41:51	60.49	450	0	0
18	15:42:51	60.13	450	0	0.02927
19	15:43:51	60.11	450	0.06669	0.09228
20	15:44:52	60.11	449	0.09406	0.09019
21	15:45:52	60.10	450	0.09261	0.08851
22	15:46:52	60.11	449	0.09149	0.08704
23	15:47:52	60.11	450	2.704	11.3
24	15:48:52	60.12	449	14.33	14.15
25	15:49:52	60.11	450	14.33	14.14
26	15:50:52	60.13	450	14.32	14.14
27	15:51:52	60.10	450	14.31	14.13
28	15:52:52	60.11	450	14.3	48.32
29	15:53:53	60.11	450	14.3	54.27
30	15:54:53	60.11	450	53.9	115.4
31	15:55:53	60.11	450	54.13	216.1
32	15:56:53	60.12	450	54.11	216
33	15:57:53	60.12	450	54.09	215.9
34	15:58:53	60.11	450	54.07	222.2
35	15:59:53	60.09	449	122.2	379
36	16:00:53	60.12	450	246.6	510.2
37	16:01:53	60.11	450	378.9	611.6
38	16:02:54	60.12	449	532.4	717.2
39	16:03:54	60.12	450	626.9	840.2
40	16:04:54	60.14	450	737.9	988.2
41	16:05:54	60.11	450	860.8	1126
42	16:06:54	60.12	449	983.9	1225
43	16:07:54	60.11	450	983.7	1271
44	16:08:54	60.13	450	1006	1270
45	16:09:54	60.11	450	1144	1354
46	16:10:54	60.12	450	1144	1430
47	16:11:55	60.11	449	1149	1538
48	16:12:55	60.12	449	1264	1659
49	16:13:55	60.10	449	1263	1773
50	16:14:55	60.13	449	1263	1871
51	16:15:55	60.11	450	1263	1870
52	16:16:55	60.12	450	1262	1869
53	16:17:55	60.12	449	1262	1868
54	16:18:55	60.11	450	1300	1867
55	16:19:56	60.07	450	1422	1966
56	16:20:56	60.07	450	1581	2088
57	16:21:56	60.11	450	1705	2207
58	16:22:56	60.11	450	1804	2342
59	16:23:56	60.12	450	1860	2341
60	16:24:56	60.11	450	1860	2340
61	16:25:56	60.11	449	1859	2339
62	16:26:56	60.11	449	1859	2338
63	16:27:56	60.13	449	1858	2337
64	16:28:56	26.73	450	1858	2336
65	16:29:23	60.41	449	2010	2335
66	16:30:24	60.09	449	2264	2334
67	16:31:24	60.11	450	2336	2332
68	16:32:24	60.11	449	2335	2330
69	16:33:24	60.11	450	2334	2327
70	16:34:24	17.89	450	2333	2325
71	16:34:42	13.65	456	2331	2322
72	16:34:56	60.38	465	2330	2321
73	16:35:56	60.12	549	2330	2320
74	16:36:56	60.12	705	2330	2319
75	16:37:56	46.25	921	2330	2318
76	16:38:42	60.19	1131	2330	2318
77	16:39:43	60.12	1473	2330	2318
78	16:40:43	60.11	1820	2330	2318
79	16:41:43	60.11	2167	2330	2318
80	16:42:43	60.11	2515	2330	2318
81	16:43:43	60.11	2862	2330	2318
82	16:44:43	60.12	3210	2330	2318
83	16:45:43	60.11	3557	2330	2318
84	16:46:43	60.11	3904	2330	2318
85	16:47:44	60.11	4258	2329	2318
86	16:48:44	60.12	4605	2329	2318
87	16:49:44	60.12	4952	2329	2317
88	16:50:44	60.12	5300	2329	2317
89	16:51:44	60.11	5647	2329	2317
90	16:52:44	60.11	5994	2329	2317
91	16:53:44	60.11	6342	2328	2317
92	16:54:44	10.27	6499	2328	2317
93	16:54:55	10.27	6499	2328	2316
94	16:55:05	60.37	6499	2328	2316
95	16:56:05	60.11	6499	2327	2316
96	16:57:05	60.13	6499	2327	2316
97	16:58:05	60.13	6499	2327	2316
98	16:59:06	60.11	6499	2327	2316
99	17:00:06	60.11	6499	2327	2316
100	17:01:06	60.11	6499	2326	2316
101	17:02:06	60.11	6499	2326	2316
102	17:03:06	60.13	6499	2326	2316
103	17:04:06	60.12	6499	2326	2316
104	17:05:06	60.12	6499	2326	2316
105	17:06:06	60.12	6499	2326	2316
106	17:07:07	60.12	6499	2325	2315
107	17:08:07	60.12	6499	2325	2315
108	17:09:07	60.11	6499	2325	2315
109	17:10:07	60.11	6499	2324	2315
110	17:11:07	20.66	6499	2324	2315
111	17:11:28	60.48	6499	2323	2314
112	17:12:28	60.10	6499	2323	2314
113	17:13:28	60.12	6499	2321	2313
114	17:14:28	10.41	6499	2318	2312
115	17:14:39	60.20	6499	2316	2311
116	17:15:39	60.12	6499	2313	2308
117	17:16:39	60.13	6499	2309	2306
118	17:17:39	60.11	6499	2306	2304
119	17:18:39	60.11	6499	2303	2301
120	17:19:39	60.08	6499	2300	2298
121	17:20:40	27.81	6499	2297	2297
122	17:21:07	34.04	6499	2296	2295
123	17:21:41	53.28	6499	2293	2293
124	17:22:35	60.13	6499	2291	2291
125	17:23:35	60.11	6499	2288	2288
126	17:24:35	60.12	6499	2286	2286
127	17:25:35	47.48	6499	2283	2284
128	17:26:23	60.45	6499	2281	2282
129	17:27:23	60.10	6499	2279	2279
130	17:28:23	60.12	6499	2277	2277
131	17:29:23	60.11	6499	2275	2275
132	17:30:23	60.12	6499	2272	2272
133	17:31:23	60.12	6499	2270	2270
134	17:32:24	60.09	6499	2268	2268
135	17:33:24	60.13	6499	2266	2266
136	17:34:24	60.12	6499	2264	2264
137	17:35:24	60.11	6499	2262	2262
138	17:36:24	60.11	6499	2260	2260
139	17:37:24	10.27	6499	2258	2258
140	17:37:34	23.72	6499	2258	2258
141	17:37:58	60.43	6499	2256	2256
142	17:38:58	60.11	6499	2254	2254
143	17:39:59	60.11	6499	2252	2252
144	17:40:59	60.12	6499	2250	2250
145	17:41:59	60.12	6499	2248	2248
146	17:42:59	60.12	6499	2246	2246
147	17:43:59	60.12	6499	2244	2244
148	17:44:59	60.10	6499	2242	2242
149	17:45:59	60.11	6499	2241	2241
150	17:46:59	60.12	6499	2239	2239
151	17:48:00	60.12	6499	2237	2237
152	17:49:00	60.10	6499	2235	2235
153	17:50:00	59.67	6499	2233	2233
154	17:50:59	60.29	6499	2231	2231
155	17:52:00	10.27	6499	2230	2230
156	17:52:10	28.84	6499	2229	2229
157	17:52:39	60.33	6499	2228	2228
158	17:53:39	60.11	6499	2226	2226
159	17:54:39	60.11	6499	2224	2224
160	17:55:39	60.11	6499	2222	2222
161	17:56:39	60.11	6499	2220	2220
162	17:57:40	60.10	6499	2219	2219
163	17:58:40	60.11	6499	2217	2217
164	17:59:40	60.11	6499	2215	2215
165	18:00:40	60.12	6499	2213	2213
166	18:01:40	60.12	6499	2211	2211
167	18:02:40	60.10	6499	2209	2209
168	18:03:40	60.12	6499	2207	2207
169	18:04:40	60.10	6499	2205	2206
170	18:05:40	60.10	6499	2203	2204
171	18:06:41	60.13	6499	2202	2202
172	18:07:41	60.11	6499	2200	2200
173	18:08:41	55.63	6499	2198	2198
174	18:09:36	60.36	6499	2196	2197
175	18:10:37	15.14	6499	2195	2196
176	18:10:52	60.23	6499	2194	2195
177	18:11:52	12.97	6499	2193	2193
178	18:12:05	60.17	6499	2192	2192
179	18:13:05	60.12	6499	2190	2191
180	18:14:05	60.13	6499	2188	2189
181	18:15:06	60.12	6499	2186	2187
182	18:16:06	21.02	6499	2185	2186
183	18:16:27	40.17	6499	2185	2185
184	18:17:07	39.88	6499	2184	2184
185	18:17:47	60.22	6499	2182	2183
186	18:18:47	60.10	6499	2181	2182
187	18:19:47	60.07	6499	2180	2181
188	18:20:47	60.07	6499	2178	2179
189	18:21:47	60.12	6499	2177	2178
190	18:22:47	23.00	6499	2176	2176
191	18:23:10	60.16	6499	2174	2175
192	18:24:10	60.12	6499	2173	2174
193	18:25:11	60.10	6499	2171	2172
194	18:26:11	60.10	6499	2169	2170
195	18:27:11	60.10	6499	2167	2168
196	18:28:11	60.11	6499	2166	2167
197	18:29:11	60.11	6499	2164	2165
198	18:30:11	49.21	6499	2162	2164
199	18:31:00	60.21	6499	2161	2162
200	18:32:01	29.16	6499	2160	2161
201	18:32:30	60.25	6499	2158	2160
202	18:33:30	60.11	6499	2157	2158
203	18:34:30	10.26	6499	2156	2157
204	18:34:40	60.11	6499	2154	2156
205	18:35:40	60.11	6499	2153	2154
206	18:36:41	60.11	6499	2151	2152
207	18:37:41	60.10	6499	2149	2151
208	18:38:41	57.12	6499	2147	2149
209	18:39:38	58.14	6499	2145	2147
210	18:40:36	60.05	6499	2143	2146
211	18:41:36	60.12	6499	2142	2144
212	18:42:36	60.12	6499	2140	2142
213	18:43:36	60.12	6499	2138	2140
214	18:44:36	60.11	6499	2136	2139
215	18:45:37	60.11	6499	2134	2137
216	18:46:37	60.13	6499	2132	2135
217	18:47:37	60.10	6499	2131	2134
218	18:48:37	60.11	6499	2129	2132
219	18:49:37	60.11	6499	2127	2130
220	18:50:37	60.12	6499	2125	2128
221	18:51:37	60.12	6499	2124	2127
222	18:52:37	60.12	6499	2122	2125
223	18:53:37	60.12	6499	2120	2123
224	18:54:38	60.11	6499	2118	2122
225	18:55:38	60.11	6499	2116	2120
226	18:56:38	60.12	6499	2115	2119
227	18:57:38	60.12	6499	2113	2117
228	18:58:38	60.12	6499	2111	2115
229	18:59:38	60.12	6499	2109	2114
230	19:00:38	60.11	6499	2108	2112
231	19:01:38	60.10	6499	2106	2110
232	19:02:38	60.12	6499	2104	2109
233	19:03:39	60.11	6499	2102	2107
234	19:04:39	60.11	6499	2101	2105
235	19:05:39	60.12	6499	2099	2104
236	19:06:39	60.12	6499	2097	2102
237	19:07:39	60.13	6499	2095	2100
238	19:08:39	60.11	6499	2094	2099
239	19:09:39	60.11	6499	2092	2097
240	19:10:39	60.11	6499	2090	2096
241	19:11:39	60.12	6499	2088	2094
242	19:12:40	60.12	6499	2087	2092
243	19:13:40	60.11	6499	2085	2091
244	19:14:40	60.11	6499	2083	2089
245	19:15:40	60.10	6499	2081	2087
246	19:16:40	60.11	6499	2080	2086
247	19:17:40	60.12	6499	2078	2084
248	19:18:40	60.12	6499	2076	2083
249	19:19:40	60.09	6499	2074	2081
250	19:20:40	60.06	6499	2073	2080
251	19:21:41	18.74	6499	2072	2079
252	19:21:59	60.15	6499	2071	2077
253	19:22:59	30.75	6499	2069	2076
254	19:23:30	45.41	6499	2068	2075
255	19:24:16	58.02	6499	2067	2074
256	19:25:14	60.16	6499	2065	2072
257	19:26:14	60.12	6499	2064	2071
258	19:27:14	60.12	6499	2062	2069
259	19:28:14	60.11	6499	2060	2068
260	19:29:14	60.10	6499	2058	2066
261	19:30:14	60.11	6499	2057	2065
262	19:31:14	60.13	6499	2055	2063
263	19:32:14	60.13	6499	2054	2062
264	19:33:15	60.11	6499	2052	2060
265	19:34:15	60.11	6499	2050	2059
266	19:35:15	60.11	6499	2049	2057
267	19:36:15	60.12	6499	2047	2056
268	19:37:15	60.11	6499	2045	2054
269	19:38:15	60.12	6499	2044	2053
270	19:39:15	60.11	6499	2042	2051
271	19:40:15	60.11	6499	2041	2050
272	19:41:16	18.38	6499	2040	2049
273	19:41:34	60.26	6499	2038	2048
274	19:42:34	60.12	6499	2037	2046
275	19:43:34	60.12	6499	2035	2045
276	19:44:34	60.11	6499	2034	2043
277	19:45:34	60.11	6499	2032	2042
278	19:46:35	15.96	6499	2031	2041
279	19:46:51	14.43	6499	2031	2041
280	19:47:05	14.30	6499	2030	2040
281	19:47:19	14.29	6499	2030	2040
282	19:47:34	33.23	6499	2029	2039
283	19:48:07	26.62	6499	2029	2039
284	19:48:33	43.90	6499	2028	2038
285	19:49:17	60.15	6499	2026	2036
286	19:50:17	18.59	6499	2025	2035
287	19:50:36	60.04	6499	2024	2034
288	19:51:36	60.13	6499	2023	2033
289	19:52:36	60.12	6499	2021	2032
290	19:53:36	60.11	6499	2019	2030
291	19:54:36	60.11	6499	2018	2029
292	19:55:37	60.11	6499	2016	2027
293	19:56:37	60.11	6499	2015	2026
294	19:57:37	60.12	6499	2013	2024
295	19:58:37	60.11	6499	2012	2023
296	19:59:37	60.11	6499	2011	2022
297	20:00:37	60.12	6499	2009	2021
298	20:01:37	60.12	6499	2008	2020
299	20:02:37	48.42	6499	2007	2019
300	20:03:26	10.19	6499	2006	2018
301	20:03:36	10.27	6499	2006	2018
302	20:03:46	10.27	6499	2006	2018
303	20:03:57	10.26	6499	2006	2017
304	20:04:07	13.04	6499	2005	2017
305	20:04:20	11.82	6499	2005	2017
306	20:04:32	60.03	6499	2004	2016
307	20:05:32	60.11	6499	2003	2015
308	20:06:32	49.45	6499	2001	2014
309	20:07:21	60.50	6499	2000	2012
310	20:08:22	60.10	6499	1998	2011
311	20:09:22	60.12	6499	1997	2009
312	20:10:22	60.11	6499	1995	2008
313	20:11:22	60.12	6499	1993	2006
314	20:12:22	39.17	6499	1992	2005
315	20:13:01	60.24	6499	1991	2004
316	20:14:02	60.11	6499	1989	2003
317	20:15:02	60.12	6499	1987	2001
318	20:16:02	60.12	6499	1986	2000
319	20:17:02	60.12	6498	1984	1998
320	20:18:02	60.12	6499	1982	1997
321	20:19:02	60.12	6499	1981	1995
322	20:20:02	60.08	6499	1979	1994
323	20:21:02	60.08	6499	1977	1992
324	20:22:03	60.11	6499	1976	1991
325	20:23:03	60.12	6499	1974	1989
326	20:24:03	60.11	6499	1972	1988
327	20:25:03	60.10	6499	1971	1986
328	20:26:03	60.10	6499	1969	1985
329	20:27:03	60.12	6499	1967	1984
330	20:28:03	60.13	6499	1965	1982
331	20:29:03	60.11	6499	1964	1981
332	20:30:03	60.11	6499	1962	1979
333	20:31:04	60.12	6499	1960	1978
334	20:32:04	60.10	6499	1959	1976
335	20:33:04	60.12	6499	1957	1975
336	20:34:04	29.20	6499	1956	1974
337	20:34:33	60.45	6499	1954	1973
338	20:35:33	60.11	6499	1953	1971
339	20:36:34	60.12	6499	1951	1970
340	20:37:34	60.11	6499	1949	1969
341	20:38:34	60.11	6499	1948	1967
342	20:39:34	60.11	6499	1946	1966
343	20:40:34	60.11	6499	1944	1964
344	20:41:34	60.12	6499	1943	1963
345	20:42:34	60.12	6498	1941	1962
346	20:43:34	60.10	6499	1939	1960
347	20:44:35	60.12	6499	1938	1959
348	20:45:35	60.12	6499	1936	1958
349	20:46:35	52.50	6499	1935	1956
350	20:47:27	23.78	6499	1934	1955
351	20:47:51	60.46	6499	1932	1954
352	20:48:51	60.12	6499	1931	1953
353	20:49:52	60.11	6498	1929	1952
354	20:50:52	60.10	6499	1927	1950
355	20:51:52	60.11	6499	1926	1949
356	20:52:52	60.11	6499	1924	1948
357	20:53:52	60.10	6499	1923	1946
358	20:54:52	60.11	6499	1921	1945
359	20:55:52	60.13	6499	1919	1944
360	20:56:52	60.11	6499	1918	1942
361	20:57:53	60.11	6499	1916	1941
362	20:58:53	60.10	6499	1915	1940
363	20:59:53	60.13	6499	1913	1938
364	21:00:53	60.11	6499	1911	1937
365	21:01:53	60.11	6499	1910	1936
366	21:02:53	60.11	6499	1908	1934
367	21:03:53	60.11	6499	1907	1933
368	21:04:53	60.11	6499	1905	1932
369	21:05:53	10.27	6499	1904	1931
370	21:06:04	60.38	6499	1903	1930
371	21:07:04	60.12	6499	1902	1929
372	21:08:04	60.12	6499	1900	1928
373	21:09:04	60.12	6499	1899	1926
374	21:10:04	60.11	6499	1897	1925
375	21:11:05	60.10	6499	1896	1924
376	21:12:05	60.11	6499	1894	1922
377	21:13:05	60.10	6499	1892	1921
378	21:14:05	60.12	6499	1891	1920
379	21:15:05	60.12	6499	1889	1918
380	21:16:05	60.11	6499	1888	1917
381	21:17:05	60.12	6499	1886	1916
382	21:18:05	60.12	6499	1885	1914
383	21:19:05	60.11	6499	1883	1913
384	21:20:06	60.08	6499	1882	1912
385	21:21:06	60.09	6499	1880	1911
386	21:22:06	60.11	6499	1879	1909
387	21:23:06	60.12	6499	1877	1908
388	21:24:06	60.12	6499	1876	1907
389	21:25:06	60.12	6499	1874	1905
390	21:26:06	35.57	6499	1873	1904
391	21:26:42	30.82	6499	1872	1904
392	21:27:13	10.51	6499	1872	1903
393	21:27:23	60.38	6499	1871	1903
394	21:28:23	50.09	6499	1870	1901
395	21:29:14	60.09	6499	1868	1900
396	21:30:14	60.12	6499	1867	1899
397	21:31:14	60.10	6499	1866	1898
398	21:32:14	60.12	6499	1864	1896
399	21:33:14	60.11	6499	1863	1895
400	21:34:14	60.11	6499	1861	1894
401	21:35:14	60.12	6499	1860	1893
402	21:36:14	60.12	6499	1858	1891
403	21:37:14	29.30	6499	1857	1890
404	21:37:44	30.85	6499	1857	1890
405	21:38:15	60.35	6499	1856	1889
406	21:39:15	60.11	6499	1854	1888
407	21:40:15	60.11	6499	1853	1886
408	21:41:15	60.12	6499	1851	1885
409	21:42:15	60.12	6499	1850	1884
410	21:43:15	60.11	6499	1848	1883
411	21:44:16	60.12	6499	1847	1881
412	21:45:16	60.12	6499	1846	1880
413	21:46:16	60.11	6499	1844	1879
414	21:47:16	60.12	6499	1843	1878
415	21:48:16	60.10	6499	1841	1876
416	21:49:16	10.27	6499	1840	1876
417	21:49:26	60.37	6499	1840	1875
418	21:50:27	60.11	6499	1838	1874
419	21:51:27	60.10	6499	1837	1873
420	21:52:27	25.35	6499	1836	1872
421	21:52:52	60.05	6499	1835	1871
422	21:53:52	60.11	6499	1833	1870
423	21:54:52	60.12	6499	1832	1868
424	21:55:53	60.11	6499	1830	1867
425	21:56:53	60.10	6499	1829	1866
426	21:57:53	60.13	6499	1828	1865
427	21:58:53	60.12	6499	1826	1864
428	21:59:53	60.11	6499	1825	1862
429	22:00:53	60.10	6499	1823	1861
430	22:01:53	60.11	6499	1822	1860
431	22:02:53	60.12	6499	1821	1859
432	22:03:53	60.11	6499	1819	1858
433	22:04:54	60.11	6499	1818	1857
434	22:05:54	60.11	6499	1817	1855
435	22:06:54	60.11	6499	1815	1854
436	22:07:54	60.11	6499	1814	1853
437	22:08:54	60.12	6499	1812	1852
438	22:09:54	60.12	6499	1811	1851
439	22:10:54	33.86	6499	1810	1850
440	22:11:28	60.54	6499	1809	1849
441	22:12:29	60.10	6499	1807	1848
442	22:13:29	60.11	6499	1806	1846
443	22:14:29	60.12	6499	1805	1845
444	22:15:29	60.11	6499	1803	1844
445	22:16:29	60.12	6499	1802	1843
446	22:17:29	60.12	6499	1800	1842
447	22:18:29	60.11	6499	1799	1841
448	22:19:29	60.10	6499	1798	1839
449	22:20:30	60.04	6499	1796	1838
450	22:21:30	60.12	6499	1795	1837
451	22:22:30	60.11	6499	1794	1836
452	22:23:30	60.11	6499	1792	1835
453	22:24:30	60.11	6499	1791	1834
454	22:25:30	60.11	6499	1789	1832
455	22:26:30	60.12	6499	1788	1831
456	22:27:30	60.11	6499	1787	1830
457	22:28:30	60.11	6499	1785	1829
458	22:29:30	60.11	6499	1784	1828
459	22:30:31	60.12	6499	1783	1827
460	22:31:31	60.12	6499	1781	1826
461	22:32:31	60.11	6499	1780	1825
462	22:33:31	60.10	6499	1779	1823
463	22:34:31	60.11	6499	1777	1822
464	22:35:31	34.86	6499	1776	1821
465	22:36:06	60.29	6499	1775	1820
466	22:37:06	60.12	6499	1774	1819
467	22:38:06	60.12	6499	1773	1818
468	22:39:07	60.12	6499	1771	1817
469	22:40:07	60.11	6499	1770	1816
470	22:41:07	60.12	6499	1769	1815
471	22:42:07	60.10	6499	1767	1814
472	22:43:07	60.12	6499	1766	1813
473	22:44:07	60.09	6499	1765	1812
474	22:45:07	60.10	6499	1764	1810
475	22:46:07	60.12	6499	1762	1809
476	22:47:07	60.11	6499	1761	1808
477	22:48:08	60.12	6499	1760	1807
478	22:49:08	60.11	6499	1758	1806
479	22:50:08	60.11	6499	1757	1805
480	22:51:08	60.11	6499	1756	1804
481	22:52:08	60.11	6499	1755	1803
482	22:53:08	60.12	6499	1753	1801
483	22:54:08	60.11	6499	1752	1800
484	22:55:08	60.11	6499	1751	1799
485	22:56:08	60.12	6499	1750	1798
486	22:57:09	60.12	6499	1748	1797
487	22:58:09	60.11	6499	1747	1796
488	22:59:09	60.11	6499	1746	1795
489	23:00:09	60.11	6499	1745	1794
490	23:01:09	60.12	6499	1743	1793
491	23:02:09	60.12	6499	1742	1792
492	23:03:09	60.11	6499	1741	1791
493	23:04:09	21.54	6499	1740	1790
494	23:04:31	60.39	6499	1739	1789
495	23:05:31	60.12	6499	1738	1788
496	23:06:31	60.11	6499	1737	1787
497	23:07:31	60.11	6499	1736	1786
498	23:08:32	60.11	6499	1734	1785
499	23:09:32	60.11	6499	1733	1784
500	23:10:32	60.11	6499	1732	1783
501	23:11:32	60.11	6499	1731	1782
502	23:12:32	60.11	6499	1730	1780
503	23:13:32	60.11	6499	1728	1779
504	23:14:32	60.11	6499	1727	1778
505	23:15:32	60.12	6499	1726	1777
506	23:16:32	60.11	6499	1725	1776
507	23:17:33	60.12	6499	1723	1775
508	23:18:33	60.11	6499	1722	1774
509	23:19:33	60.10	6499	1721	1773
510	23:20:33	60.05	6499	1720	1772
511	23:21:33	60.11	6499	1719	1771
512	23:22:33	60.11	6499	1717	1770
513	23:23:33	60.13	6499	1716	1769
514	23:24:33	60.10	6499	1715	1768
515	23:25:33	60.10	6498	1714	1767
516	23:26:34	60.12	6499	1713	1766
517	23:27:34	60.11	6499	1711	1765
518	23:28:34	60.12	6499	1710	1764
519	23:29:34	53.36	6499	1709	1762
520	23:30:27	16.13	6499	1708	1762
521	23:30:43	40.55	6499	1708	1761
522	23:31:24	18.28	6499	1707	1761
523	23:31:42	44.92	6499	1707	1760
524	23:32:27	60.43	6499	1706	1760
525	23:33:28	60.12	6499	1704	1758
526	23:34:28	60.11	6499	1703	1757
527	23:35:28	60.11	6499	1702	1756
528	23:36:28	60.10	6499	1701	1755
529	23:37:28	31.92	6499	1700	1754
530	23:38:00	60.24	6499	1699	1754
531	23:39:00	60.11	6499	1698	1753
532	23:40:00	60.12	6498	1697	1752
533	23:41:00	60.10	6499	1696	1750
534	23:42:00	60.12	6499	1694	1749
535	23:43:01	60.11	6499	1693	1748
536	23:44:01	60.11	6499	1692	1747
537	23:45:01	60.11	6499	1691	1746
538	23:46:01	60.11	6499	1690	1745
539	23:47:01	60.12	6499	1689	1744
540	23:48:01	60.12	6499	1688	1743
541	23:49:01	60.12	6499	1686	1742
542	23:50:01	60.11	6499	1685	1741
543	23:51:02	60.11	6499	1684	1740
544	23:52:02	60.11	6499	1683	1739
545	23:53:02	60.11	6499	1682	1738
546	23:54:02	60.11	6499	1681	1737
547	23:55:02	60.11	6499	1680	1736
548	23:56:02	60.11	6499	1679	1735
549	23:57:02	60.12	6499	1677	1734
550	23:58:02	60.11	6499	1676	1733
551	23:59:02	60.12	6499	1675	1732
552	00:00:02	60.11	6499	1674	1731
553	00:01:03	60.11	6499	1673	1730
554	00:02:03	22.50	6499	1672	1730
555	00:02:25	10.32	6499	1672	1730
556	00:02:36	60.12	6499	1671	1729
557	00:03:36	60.11	6499	1670	1728
558	00:04:36	60.12	6499	1669	1727
559	00:05:36	60.11	6499	1668	1726
560	00:06:36	60.13	6499	1667	1725
561	00:07:36	60.11	6499	1666	1724
562	00:08:36	60.11	6499	1665	1723
563	00:09:36	60.12	6499	1664	1722
564	00:10:36	60.11	6499	1663	1721
565	00:11:37	60.11	6499	1662	1720
566	00:12:37	60.12	6499	1661	1719
567	00:13:37	60.11	6499	1660	1718
568	00:14:37	60.13	6499	1659	1717
569	00:15:37	60.11	6499	1658	1716
570	00:16:37	60.10	6499	1657	1715
571	00:17:37	60.11	6499	1655	1714
572	00:18:37	60.11	6499	1654	1713
573	00:19:37	60.08	6499	1653	1712
574	00:20:38	60.06	6499	1652	1711
575	00:21:38	60.11	6499	1651	1710
576	00:22:38	60.11	6498	1650	1709
577	00:23:38	60.11	6499	1649	1708
578	00:24:38	60.11	6499	1648	1707
579	00:25:38	60.11	6499	1647	1706
580	00:26:38	60.12	6499	1646	1705
581	00:27:38	60.11	6499	1645	1704
582	00:28:38	60.10	6499	1644	1703
583	00:29:38	60.12	6499	1643	1702
584	00:30:39	60.11	6499	1642	1702
585	00:31:39	60.11	6499	1641	1701
586	00:32:39	60.11	6499	1640	1700
587	00:33:39	60.12	6499	1639	1699
588	00:34:39	60.11	6499	1638	1698
589	00:35:39	60.12	6499	1637	1697
590	00:36:39	60.11	6499	1636	1696
591	00:37:39	60.11	6499	1635	1695
592	00:38:40	60.10	6499	1633	1694
593	00:39:40	60.10	6499	1633	1693
594	00:40:40	60.12	6499	1631	1692
595	00:41:40	60.11	6499	1630	1691
596	00:42:40	60.11	6499	1629	1690
597	00:43:40	60.12	6499	1628	1689
598	00:44:40	50.84	6499	1627	1688
599	00:45:31	60.39	6499	1626	1687
600	00:46:31	60.12	6499	1625	1686
601	00:47:32	60.13	6499	1624	1685
602	00:48:32	60.11	6499	1623	1684
603	00:49:32	60.11	6499	1622	1684
604	00:50:32	60.11	6499	1621	1683
605	00:51:32	60.12	6499	1620	1682
606	00:52:32	60.12	6499	1619	1681
607	00:53:32	60.12	6499	1618	1680
608	00:54:32	60.10	6499	1617	1679
609	00:55:32	60.11	6499	1616	1678
610	00:56:33	60.12	6499	1614	1677
611	00:57:33	60.10	6499	1613	1676
612	00:58:33	60.12	6499	1612	1675
613	00:59:33	60.11	6499	1611	1674
614	01:00:33	60.11	6499	1610	1673
615	01:01:33	60.11	6498	1609	1672
616	01:02:33	60.12	6499	1608	1671
617	01:03:33	60.12	6499	1606	1670
618	01:04:33	60.11	6499	1605	1669
619	01:05:34	60.11	6499	1604	1668
620	01:06:34	60.12	6499	1603	1668
621	01:07:34	60.11	6499	1602	1667
622	01:08:34	60.12	6499	1601	1666
623	01:09:34	60.11	6499	1600	1665
624	01:10:34	60.11	6499	1599	1664
625	01:11:34	60.13	6499	1598	1663
626	01:12:34	60.10	6499	1597	1662
627	01:13:35	60.11	6499	1596	1661
628	01:14:35	60.11	6499	1595	1660
629	01:15:35	60.12	6499	1594	1659
630	01:16:35	60.12	6499	1593	1658
631	01:17:35	60.12	6498	1591	1657
632	01:18:35	60.11	6499	1590	1656
633	01:19:35	60.11	6499	1589	1655
634	01:20:35	60.06	6499	1588	1654
635	01:21:35	60.11	6499	1587	1653
636	01:22:35	60.12	6499	1586	1652
637	01:23:36	60.12	6498	1585	1651
638	01:24:36	60.12	6499	1584	1650
639	01:25:36	60.11	6499	1583	1649
640	01:26:36	60.12	6499	1582	1648
641	01:27:36	60.10	6499	1581	1647
642	01:28:36	60.12	6498	1580	1647
643	01:29:36	60.12	6499	1579	1646
644	01:30:36	60.11	6499	1578	1645
645	01:31:36	60.12	6499	1577	1644
646	01:32:37	60.11	6499	1576	1643
647	01:33:37	60.11	6499	1575	1642
648	01:34:37	18.74	6499	1574	1641
649	01:34:56	60.40	6499	1574	1641
650	01:35:56	60.10	6498	1573	1640
651	01:36:56	60.11	6499	1572	1639
652	01:37:56	60.12	6498	1571	1638
653	01:38:56	60.12	6499	1570	1637
654	01:39:56	60.12	6499	1569	1636
655	01:40:57	60.12	6499	1568	1635
656	01:41:57	60.10	6499	1567	1634
657	01:42:57	60.11	6498	1566	1633
658	01:43:57	60.12	6499	1565	1632
659	01:44:57	60.11	6499	1564	1632
660	01:45:57	60.12	6499	1563	1631
661	01:46:57	60.12	6499	1562	1630
662	01:47:57	60.11	6499	1561	1629
663	01:48:57	60.11	6499	1560	1628
664	01:49:58	60.12	6499	1559	1627
665	01:50:58	60.11	6499	1558	1626
666	01:51:58	60.12	6498	1557	1625
667	01:52:58	60.10	6499	1556	1624
668	01:53:58	60.12	6499	1555	1623
669	01:54:58	60.11	6499	1554	1623
670	01:55:58	60.11	6499	1553	1622
671	01:56:58	60.12	6499	1552	1621
672	01:57:58	60.12	6499	1551	1620
673	01:58:59	60.13	6499	1550	1619
674	01:59:59	60.11	6499	1549	1618
675	02:00:59	60.12	6499	1548	1617
676	02:01:59	60.10	6499	1547	1616
677	02:02:59	60.11	6499	1546	1615
678	02:03:59	60.12	6499	1545	1615
679	02:04:59	47.13	6499	1545	1614
680	02:05:46	60.07	6499	1544	1613
681	02:06:46	60.12	6499	1543	1612
682	02:07:47	60.10	6499	1542	1611
683	02:08:47	60.12	6499	1541	1610
684	02:09:47	60.11	6499	1540	1609
685	02:10:47	60.11	6499	1539	1609
686	02:11:47	60.12	6499	1538	1608
687	02:12:47	60.12	6499	1537	1607
688	02:13:47	15.86	6499	1536	1606
689	02:14:03	60.53	6498	1536	1606
690	02:15:04	60.12	6499	1535	1605
691	02:16:04	60.10	6499	1534	1604
692	02:17:04	60.11	6499	1533	1603
693	02:18:04	60.13	6499	1532	1602
694	02:19:04	60.11	6499	1531	1601
695	02:20:04	60.07	6499	1530	1601
696	02:21:04	60.10	6499	1529	1600
697	02:22:04	60.12	6499	1528	1599
698	02:23:05	60.11	6499	1527	1598
699	02:24:05	60.11	6499	1526	1597
700	02:25:05	60.13	6499	1525	1596
701	02:26:05	60.12	6499	1524	1595
702	02:27:05	60.12	6498	1523	1595
703	02:28:05	60.11	6499	1522	1594
704	02:29:05	60.12	6499	1522	1593
705	02:30:05	60.12	6499	1521	1592
706	02:31:05	60.13	6499	1520	1591
707	02:32:06	60.11	6499	1519	1590
708	02:33:06	60.12	6499	1518	1589
709	02:34:06	60.11	6499	1517	1589
710	02:35:06	60.12	6499	1516	1588
711	02:36:06	60.11	6499	1515	1587
712	02:37:06	60.10	6499	1514	1586
713	02:38:06	60.12	6499	1513	1585
714	02:39:06	60.10	6499	1513	1584
715	02:40:06	60.11	6499	1512	1584
716	02:41:07	60.11	6499	1511	1583
717	02:42:07	60.11	6499	1510	1582
718	02:43:07	60.11	6499	1509	1581
719	02:44:07	60.11	6499	1508	1580
720	02:45:07	60.12	6499	1507	1579
721	02:46:07	60.11	6499	1506	1579
722	02:47:07	60.12	6499	1505	1578
723	02:48:07	46.96	6499	1504	1577
724	02:48:54	60.24	6499	1504	1576
725	02:49:55	60.10	6499	1503	1575
726	02:50:55	60.11	6499	1502	1575
727	02:51:55	60.10	6499	1501	1574
728	02:52:55	32.15	6499	1500	1573
729	02:53:27	60.50	6499	1500	1573
730	02:54:28	60.12	6498	1499	1572
731	02:55:28	60.11	6499	1498	1571
732	02:56:28	60.11	6499	1497	1570
733	02:57:28	60.12	6498	1496	1569
734	02:58:28	60.11	6499	1495	1568
735	02:59:28	60.11	6499	1494	1568
736	03:00:28	60.12	6499	1493	1567
737	03:01:28	60.12	6499	1492	1566
738	03:02:28	60.12	6499	1492	1565
739	03:03:29	60.12	6499	1491	1564
740	03:04:29	60.11	6499	1490	1564
741	03:05:29	60.13	6499	1489	1563
742	03:06:29	60.10	6499	1488	1562
743	03:07:29	60.12	6499	1487	1561
744	03:08:29	60.11	6499	1486	1560
745	03:09:29	60.12	6498	1486	1559
746	03:10:29	60.11	6498	1485	1559
747	03:11:30	60.12	6499	1484	1558
748	03:12:30	60.10	6499	1483	1557
749	03:13:30	60.10	6499	1482	1556
750	03:14:30	60.11	6499	1481	1555
751	03:15:30	60.11	6499	1480	1555
752	03:16:30	60.10	6499	1480	1554
753	03:17:30	60.12	6499	1479	1553
754	03:18:30	60.12	6499	1478	1552
755	03:19:30	60.09	6499	1477	1551
756	03:20:30	60.05	6499	1476	1551
757	03:21:31	60.11	6499	1476	1550
758	03:22:31	60.11	6499	1475	1549
759	03:23:31	60.12	6499	1474	1548
760	03:24:31	60.11	6499	1473	1547
761	03:25:31	60.10	6499	1472	1547
762	03:26:31	58.81	6499	1471	1546
763	03:27:30	60.16	6499	1470	1545
764	03:28:30	10.27	6499	1470	1545
765	03:28:40	60.12	6499	1469	1544
766	03:29:40	60.10	6499	1469	1543
767	03:30:41	60.10	6499	1468	1543
768	03:31:41	60.11	6499	1467	1542
769	03:32:41	60.11	6499	1466	1541
770	03:33:41	60.12	6499	1465	1540
771	03:34:41	60.12	6499	1464	1539
772	03:35:41	60.11	6499	1464	1539
773	03:36:41	60.11	6499	1463	1538
774	03:37:41	60.12	6499	1462	1537
775	03:38:41	60.12	6499	1461	1536
776	03:39:42	34.44	6499	1460	1536
777	03:40:16	60.23	6499	1460	1535
778	03:41:16	60.12	6498	1459	1534
779	03:42:16	52.30	6499	1458	1534
780	03:43:09	60.41	6498	1457	1533
781	03:44:09	60.10	6499	1457	1532
782	03:45:09	60.12	6498	1456	1531
783	03:46:09	60.12	6499	1455	1531
784	03:47:09	60.12	6499	1454	1530
785	03:48:10	60.11	6499	1453	1529
786	03:49:10	60.11	6499	1452	1528
787	03:50:10	60.10	6499	1452	1528
788	03:51:10	60.11	6499	1451	1527
789	03:52:10	60.11	6499	1450	1526
790	03:53:10	60.12	6499	1449	1525
791	03:54:10	60.13	6499	1448	1525
792	03:55:10	60.12	6499	1447	1524
793	03:56:10	60.13	6499	1447	1523
794	03:57:11	60.11	6499	1446	1522
795	03:58:11	60.10	6498	1445	1522
796	03:59:11	60.11	6499	1444	1521
797	04:00:11	60.11	6499	1443	1520
798	04:01:11	60.11	6499	1442	1519
799	04:02:11	27.00	6499	1442	1519
800	04:02:38	31.53	6499	1441	1518
801	04:03:10	19.12	6499	1441	1518
802	04:03:29	19.10	6499	1441	1518
803	04:03:48	18.19	6499	1441	1518
804	04:04:06	60.13	6499	1440	1517
805	04:05:06	60.12	6499	1439	1516
806	04:06:06	60.13	6499	1438	1516
807	04:07:06	60.11	6499	1438	1515
808	04:08:07	60.11	6499	1437	1514
809	04:09:07	60.10	6498	1436	1513
810	04:10:07	60.11	6499	1435	1513
811	04:11:07	60.12	6499	1434	1512
812	04:12:07	60.12	6499	1434	1511
813	04:13:07	60.10	6499	1433	1510
814	04:14:07	60.11	6499	1432	1510
815	04:15:07	60.12	6499	1431	1509
816	04:16:07	60.10	6499	1430	1508
817	04:17:08	60.12	6499	1430	1507
818	04:18:08	17.80	6499	1429	1507
819	04:18:25	22.80	6498	1429	1507
820	04:18:48	13.60	6499	1429	1507
821	04:19:02	60.23	6499	1428	1506
822	04:20:02	60.09	6499	1427	1505
823	04:21:02	60.11	6499	1427	1505
824	04:22:02	60.12	6498	1426	1504
825	04:23:02	60.11	6499	1425	1503
826	04:24:03	10.26	6499	1424	1503
827	04:24:13	60.37	6498	1424	1502
828	04:25:13	60.11	6499	1423	1502
829	04:26:13	60.12	6499	1422	1501
830	04:27:13	60.10	6499	1422	1500
831	04:28:13	60.11	6499	1421	1499
832	04:29:14	60.11	6499	1420	1499
833	04:30:14	60.11	6499	1419	1498
834	04:31:14	60.13	6499	1419	1497
835	04:32:14	60.11	6499	1418	1496
836	04:33:14	60.12	6499	1417	1496
837	04:34:14	60.11	6499	1416	1495
838	04:35:14	60.12	6499	1416	1494
839	04:36:14	60.11	6499	1415	1493
840	04:37:15	60.12	6499	1414	1493
841	04:38:15	60.12	6499	1413	1492
842	04:39:15	60.12	6499	1413	1491
843	04:40:15	60.11	6499	1412	1491
844	04:41:15	60.12	6499	1411	1490
845	04:42:15	60.11	6499	1410	1489
846	04:43:15	60.11	6499	1410	1489
847	04:44:15	60.11	6499	1409	1488
848	04:45:15	60.11	6499	1408	1487
849	04:46:16	60.11	6499	1407	1486
850	04:47:16	60.11	6499	1407	1486
851	04:48:16	60.12	6498	1406	1485
852	04:49:16	60.12	6499	1405	1484
853	04:50:16	60.12	6499	1404	1484
854	04:51:16	60.12	6499	1404	1483
855	04:52:16	60.11	6499	1403	1482
856	04:53:16	60.11	6499	1402	1482
857	04:54:16	60.11	6499	1401	1481
858	04:55:17	60.12	6499	1401	1480
859	04:56:17	60.12	6499	1400	1479
860	04:57:17	60.10	6499	1399	1479
861	04:58:17	60.11	6499	1398	1478
862	04:59:17	60.12	6499	1398	1477
863	05:00:17	60.11	6499	1397	1477
864	05:01:17	60.11	6499	1396	1476
865	05:02:17	60.11	6499	1395	1475
866	05:03:17	60.12	6499	1395	1475
867	05:04:18	60.12	6499	1394	1474
868	05:05:18	60.10	6499	1393	1473
869	05:06:18	10.27	6499	1393	1473
870	05:06:28	60.11	6499	1392	1472
871	05:07:28	60.12	6499	1392	1472
872	05:08:28	60.11	6499	1391	1471
873	05:09:28	60.12	6499	1390	1470
874	05:10:29	60.11	6499	1389	1470
875	05:11:29	60.10	6499	1389	1469
876	05:12:29	60.11	6499	1388	1468
877	05:13:29	60.11	6499	1387	1467
878	05:14:29	60.10	6499	1386	1467
879	05:15:29	60.12	6499	1386	1466
880	05:16:29	60.11	6499	1385	1465
881	05:17:29	60.12	6499	1384	1465
882	05:18:29	60.12	6499	1383	1464
883	05:19:30	60.10	6499	1383	1463
884	05:20:30	60.29	6499	1382	1463
885	05:21:30	17.09	6499	1381	1462
886	05:21:47	60.28	6499	1381	1462
887	05:22:47	60.10	6499	1380	1461
888	05:23:47	60.10	6499	1380	1460
889	05:24:47	60.11	6499	1379	1460
890	05:25:48	60.11	6499	1378	1459
891	05:26:48	60.11	6499	1377	1458
892	05:27:48	60.11	6498	1377	1458
893	05:28:48	60.11	6499	1376	1457
894	05:29:48	60.11	6499	1375	1456
895	05:30:48	60.12	6498	1374	1456
896	05:31:48	60.12	6499	1374	1455
897	05:32:48	60.11	6499	1373	1454
898	05:33:49	60.11	6499	1372	1454
899	05:34:49	60.11	6499	1371	1453
900	05:35:49	60.11	6499	1371	1452
901	05:36:49	60.12	6499	1370	1452
902	05:37:49	60.11	6499	1369	1451
903	05:38:49	60.11	6499	1368	1450
904	05:39:49	60.12	6499	1368	1450
905	05:40:49	60.11	6499	1367	1449
906	05:41:49	60.10	6499	1366	1448
907	05:42:50	60.12	6499	1366	1448
908	05:43:50	60.12	6499	1365	1447
909	05:44:50	60.13	6499	1364	1446
910	05:45:50	60.11	6499	1364	1446
911	05:46:50	27.21	6499	1363	1445
912	05:47:17	60.43	6499	1363	1445
913	05:48:18	60.10	6499	1362	1444
914	05:49:18	60.13	6499	1361	1443
915	05:50:18	60.11	6499	1360	1443
916	05:51:18	60.12	6499	1360	1442
917	05:52:18	60.11	6499	1359	1441
918	05:53:18	60.12	6499	1358	1441
919	05:54:18	60.11	6499	1358	1440
920	05:55:18	60.11	6499	1357	1440
921	05:56:19	60.11	6499	1356	1439
922	05:57:19	60.10	6499	1356	1438
923	05:58:19	60.12	6499	1355	1438
924	05:59:19	60.11	6499	1354	1437
925	06:00:19	59.12	6499	1354	1436
926	06:01:18	60.36	6499	1353	1436
927	06:02:18	60.10	6499	1352	1435
928	06:03:19	60.12	6499	1352	1434
929	06:04:19	60.11	6499	1351	1434
930	06:05:19	60.12	6498	1350	1433
931	06:06:19	60.10	6499	1350	1432
932	06:07:19	60.13	6499	1349	1432
933	06:08:19	60.11	6499	1348	1431
934	06:09:19	60.11	6499	1347	1430
935	06:10:19	60.11	6499	1347	1430
936	06:11:19	60.11	6499	1346	1429
937	06:12:20	60.12	6499	1345	1428
938	06:13:20	60.11	6499	1345	1428
939	06:14:20	60.11	6499	1344	1427
940	06:15:20	60.11	6499	1343	1426
941	06:16:20	60.12	6499	1343	1426
942	06:17:20	60.10	6499	1342	1425
943	06:18:20	60.12	6499	1341	1425
944	06:19:20	60.11	6499	1341	1424
945	06:20:20	60.04	6499	1340	1423
946	06:21:21	60.11	6499	1339	1423
947	06:22:21	60.10	6499	1339	1422
948	06:23:21	60.12	6499	1338	1421
949	06:24:21	60.13	6499	1337	1421
950	06:25:21	60.12	6499	1336	1420
951	06:26:21	60.12	6499	1336	1420
952	06:27:21	60.12	6499	1335	1419
953	06:28:21	60.11	6499	1334	1418
954	06:29:21	60.11	6498	1334	1418
955	06:30:22	60.13	6498	1333	1417
956	06:31:22	57.01	6498	1332	1416
957	06:32:19	60.45	6499	1331	1416
958	06:33:19	60.11	6499	1331	1415
959	06:34:19	60.11	6499	1330	1414
960	06:35:19	60.12	6499	1329	1414
961	06:36:19	60.10	6498	1329	1413
962	06:37:20	60.11	6499	1328	1413
963	06:38:20	60.11	6498	1327	1412
964	06:39:20	60.12	6499	1327	1411
965	06:40:20	60.12	6499	1326	1411
966	06:41:20	60.11	6499	1325	1410
967	06:42:20	60.11	6499	1325	1409
968	06:43:20	60.12	6499	1324	1409
969	06:44:20	60.11	6499	1323	1408
970	06:45:20	60.11	6498	1322	1408
971	06:46:21	60.10	6498	1322	1407
972	06:47:21	60.10	6499	1321	1406
973	06:48:21	60.12	6499	1320	1406
974	06:49:21	60.10	6499	1319	1405
975	06:50:21	60.11	6499	1319	1405
976	06:51:21	60.12	6499	1318	1404
977	06:52:21	60.12	6499	1317	1403
978	06:53:21	60.11	6499	1317	1403
979	06:54:21	60.12	6499	1316	1402
980	06:55:22	60.10	6499	1315	1401
981	06:56:22	39.16	6499	1315	1401
982	06:57:01	60.23	6498	1314	1400
983	06:58:01	60.11	6499	1314	1400
984	06:59:01	60.12	6499	1313	1399
985	07:00:01	60.11	6499	1312	1399
986	07:01:01	60.10	6499	1312	1398
987	07:02:02	60.12	6498	1311	1397
988	07:03:02	60.12	6499	1310	1397
989	07:04:02	60.11	6499	1310	1396
990	07:05:02	60.11	6499	1309	1396
991	07:06:02	60.11	6499	1309	1395
992	07:07:02	60.11	6498	1308	1394
993	07:08:02	60.12	6499	1307	1394
994	07:09:02	60.10	6499	1307	1393
995	07:10:02	60.12	6499	1306	1393
996	07:11:03	60.11	6499	1305	1392
997	07:12:03	60.12	6499	1305	1391
998	07:13:03	60.11	6499	1304	1391
999	07:14:03	60.11	6499	1303	1390
1000	07:15:03	60.11	6499	1303	1390
1001	07:16:03	60.11	6499	1302	1389
1002	07:17:03	60.11	6499	1302	1388
1003	07:18:03	60.10	6499	1301	1388
1004	07:19:03	60.11	6499	1300	1387
1005	07:20:04	60.08	6499	1300	1387
1006	07:21:04	60.09	6499	1299	1386
1007	07:22:04	60.10	6499	1298	1385
1008	07:23:04	58.37	6498	1298	1385
1009	07:24:02	60.38	6499	0	0
1010	07:25:03	60.11	6499	0	0
1011	07:26:03	35.10	6499	0	0
1012	07:26:38	60.06	6499	0	0
1013	07:27:38	60.12	6501	0	0
1014	07:28:38	119.18	6501	0	0
Created by AtlRunQuery on: 2018-12-09 19:42:18.660931
