LHC beam energy and intensities during run 340368:
(Begin/end of run: Thu Nov 09 2017 01:27:52 − 12:08:31)

LB	   Start time
(CEST)	   Duration
(sec)	   Beam energy
(GeV)	   Intensity Beam-1
(1e11 protons)	   Intensity Beam-2
(1e11 protons)
1	01:27:52	60.12	449	1741	1821
2	01:28:52	60.10	449	1821	1927
3	01:29:52	55.97	450	1977	2026
4	01:30:48	10.16	450	1978	2139
5	01:30:58	60.11	449	2101	2157
6	01:31:58	60.12	450	2134	2295
7	01:32:58	60.11	450	2262	2294
8	01:33:58	60.13	450	2292	2294
9	01:34:58	60.12	450	2292	2293
10	01:35:58	10.27	450	2291	2292
11	01:36:09	60.38	449	2291	2291
12	01:37:09	60.11	450	2290	2290
13	01:38:09	60.12	450	2289	2289
14	01:39:09	60.11	478	2289	2289
15	01:40:09	10.27	577	2280	2282
16	01:40:20	11.65	603	2286	2286
17	01:40:31	60.46	632	2287	2286
18	01:41:32	60.12	828	2286	2285
19	01:42:32	21.25	1082	2286	2285
20	01:42:53	60.14	1189	2286	2285
21	01:43:53	60.11	1531	2286	2285
22	01:44:53	60.11	1879	2286	2284
23	01:45:54	60.11	2232	2286	2285
24	01:46:54	60.13	2579	2286	2284
25	01:47:54	60.12	2927	2286	2284
26	01:48:54	60.12	3274	2286	2284
27	01:49:54	60.11	3621	2286	2284
28	01:50:54	60.12	3969	2286	2284
29	01:51:54	60.13	4316	2286	2284
30	01:52:54	60.11	4664	2286	2284
31	01:53:55	60.12	5017	2286	2284
32	01:54:55	60.12	5364	2286	2284
33	01:55:55	60.11	5712	2286	2284
34	01:56:55	60.12	6059	2286	2284
35	01:57:55	47.88	6406	2285	2284
36	01:58:43	18.42	6499	2285	2284
37	01:59:01	60.44	6499	2285	2284
38	02:00:02	60.12	6499	2285	2283
39	02:01:02	60.11	6499	2285	2283
40	02:02:02	60.11	6499	2285	2283
41	02:03:02	60.13	6499	2285	2283
42	02:04:02	60.12	6499	2285	2283
43	02:05:02	60.11	6499	2285	2283
44	02:06:02	60.11	6499	2284	2283
45	02:07:03	60.13	6499	2284	2283
46	02:08:03	60.11	6499	2284	2283
47	02:09:03	60.11	6499	2284	2283
48	02:10:03	60.12	6499	2284	2283
49	02:11:03	60.12	6499	2284	2283
50	02:12:03	60.11	6499	2284	2283
51	02:13:03	60.12	6499	2284	2282
52	02:14:03	60.11	6499	2284	2282
53	02:15:03	60.11	6499	2283	2282
54	02:16:04	60.10	6499	2282	2282
55	02:17:04	29.03	6499	2281	2281
56	02:17:33	60.39	6499	2281	2281
57	02:18:33	60.11	6499	2280	2281
58	02:19:33	60.10	6499	2279	2281
59	02:20:33	60.05	6499	2276	2279
60	02:21:33	60.12	6499	2272	2277
61	02:22:33	60.11	6499	2270	2276
62	02:23:34	60.12	6499	2267	2273
63	02:24:34	60.11	6499	2264	2271
64	02:25:34	60.12	6499	2262	2270
65	02:26:34	60.12	6499	2259	2268
66	02:27:34	60.11	6499	2257	2266
67	02:28:34	60.11	6499	2254	2264
68	02:29:34	60.12	6499	2252	2262
69	02:30:34	60.10	6499	2249	2260
70	02:31:34	15.76	6499	2248	2259
71	02:31:50	43.44	6499	2246	2258
72	02:32:34	31.25	6499	2245	2257
73	02:33:05	60.33	6499	2243	2256
74	02:34:05	10.26	6499	2242	2255
75	02:34:16	22.07	6499	2241	2254
76	02:34:38	60.59	6499	2240	2253
77	02:35:38	10.27	6499	2238	2252
78	02:35:48	22.09	6499	2238	2251
79	02:36:11	32.03	6499	2237	2251
80	02:36:43	60.36	6499	2235	2249
81	02:37:43	60.11	6499	2233	2247
82	02:38:43	10.27	6499	2232	2246
83	02:38:53	60.37	6499	2231	2245
84	02:39:54	21.75	6499	2230	2244
85	02:40:15	60.39	6499	2228	2243
86	02:41:16	60.10	6499	2226	2241
87	02:42:16	60.10	6499	2224	2240
88	02:43:16	60.12	6499	2223	2238
89	02:44:16	60.11	6499	2221	2237
90	02:45:16	60.11	6499	2219	2235
91	02:46:16	60.12	6499	2217	2233
92	02:47:17	60.11	6499	2215	2232
93	02:48:17	60.10	6499	2213	2230
94	02:49:17	60.10	6499	2211	2229
95	02:50:17	60.12	6499	2209	2227
96	02:51:17	60.10	6499	2208	2226
97	02:52:17	60.12	6499	2206	2224
98	02:53:17	60.12	6499	2204	2223
99	02:54:17	60.11	6499	2202	2221
100	02:55:17	60.12	6499	2200	2220
101	02:56:18	60.10	6499	2199	2218
102	02:57:18	60.08	6499	2197	2216
103	02:58:18	60.25	6499	2195	2215
104	02:59:18	60.23	6499	2193	2213
105	03:00:18	60.13	6499	2192	2212
106	03:01:18	60.13	6499	2190	2210
107	03:02:18	60.11	6499	2188	2209
108	03:03:19	60.11	6499	2186	2207
109	03:04:19	60.10	6499	2185	2206
110	03:05:19	60.11	6499	2183	2204
111	03:06:19	60.11	6499	2181	2203
112	03:07:19	60.12	6499	2180	2201
113	03:08:19	60.10	6499	2178	2200
114	03:09:19	60.12	6499	2176	2198
115	03:10:19	60.12	6499	2175	2197
116	03:11:19	10.16	6499	2174	2196
117	03:11:30	60.46	6499	2173	2195
118	03:12:30	60.11	6499	2171	2194
119	03:13:30	60.13	6499	2170	2192
120	03:14:30	60.12	6499	2168	2191
121	03:15:30	60.11	6499	2166	2189
122	03:16:31	60.11	6499	2164	2188
123	03:17:31	60.09	6499	2163	2186
124	03:18:31	60.11	6499	2161	2185
125	03:19:31	60.09	6499	2160	2183
126	03:20:31	60.05	6499	2158	2182
127	03:21:31	60.25	6499	2156	2180
128	03:22:31	60.52	6499	2155	2179
129	03:23:32	60.61	6499	2153	2177
130	03:24:32	60.46	6499	2152	2176
131	03:25:33	60.16	6499	2150	2174
132	03:26:33	60.13	6499	2148	2173
133	03:27:33	60.11	6499	2147	2171
134	03:28:33	60.12	6499	2145	2170
135	03:29:33	60.11	6499	2144	2168
136	03:30:33	60.11	6499	2142	2167
137	03:31:34	10.26	6499	2141	2166
138	03:31:44	60.39	6499	2140	2165
139	03:32:44	60.11	6499	2139	2164
140	03:33:44	60.10	6499	2137	2162
141	03:34:44	60.10	6499	2136	2161
142	03:35:45	60.11	6499	2134	2159
143	03:36:45	60.11	6499	2133	2158
144	03:37:45	60.11	6499	2131	2157
145	03:38:45	60.11	6499	2129	2155
146	03:39:45	60.12	6499	2128	2154
147	03:40:45	60.12	6499	2126	2152
148	03:41:45	60.12	6499	2125	2151
149	03:42:45	60.12	6499	2123	2149
150	03:43:45	60.10	6499	2122	2148
151	03:44:46	60.13	6499	2120	2146
152	03:45:46	60.11	6499	2118	2145
153	03:46:46	60.13	6499	2117	2143
154	03:47:46	60.12	6499	2115	2142
155	03:48:46	34.58	6499	2113	2141
156	03:49:21	60.08	6499	2110	2140
157	03:50:21	60.11	6499	2107	2138
158	03:51:21	60.11	6499	2105	2137
159	03:52:21	60.12	6499	2103	2136
160	03:53:21	34.57	6499	2101	2134
161	03:53:56	60.10	6499	2099	2133
162	03:54:56	11.21	6499	2098	2132
163	03:55:07	60.18	6499	2097	2132
164	03:56:07	60.10	6499	2095	2130
165	03:57:07	60.12	6499	2093	2129
166	03:58:07	60.12	6499	2091	2127
167	03:59:07	60.12	6499	2089	2126
168	04:00:08	60.10	6499	2087	2124
169	04:01:08	60.12	6499	2085	2123
170	04:02:08	60.11	6499	2084	2122
171	04:03:08	60.11	6499	2082	2120
172	04:04:08	60.13	6499	2080	2119
173	04:05:08	60.12	6499	2078	2117
174	04:06:08	60.10	6499	2077	2116
175	04:07:08	60.11	6499	2075	2115
176	04:08:08	60.11	6499	2074	2113
177	04:09:09	60.11	6499	2072	2112
178	04:10:09	60.10	6499	2071	2110
179	04:11:09	60.12	6499	2069	2109
180	04:12:09	60.11	6499	2068	2108
181	04:13:09	60.12	6499	2066	2106
182	04:14:09	60.11	6499	2065	2105
183	04:15:09	60.10	6499	2063	2103
184	04:16:09	60.12	6499	2061	2102
185	04:17:09	60.10	6499	2060	2101
186	04:18:10	60.11	6499	2059	2099
187	04:19:10	60.12	6499	2057	2098
188	04:20:10	60.04	6499	2055	2096
189	04:21:10	60.10	6499	2054	2095
190	04:22:10	60.11	6499	2052	2093
191	04:23:10	60.12	6499	2051	2092
192	04:24:10	60.12	6499	2049	2091
193	04:25:10	60.12	6499	2048	2089
194	04:26:10	60.12	6499	2046	2088
195	04:27:10	60.12	6499	2045	2086
196	04:28:11	60.12	6499	2043	2085
197	04:29:11	60.12	6499	2042	2084
198	04:30:11	60.10	6499	2040	2082
199	04:31:11	60.12	6499	2039	2081
200	04:32:11	60.12	6499	2038	2079
201	04:33:11	60.11	6499	2036	2078
202	04:34:11	60.13	6499	2035	2077
203	04:35:11	60.11	6499	2033	2075
204	04:36:12	60.12	6499	2032	2074
205	04:37:12	60.11	6499	2030	2072
206	04:38:12	60.13	6499	2029	2071
207	04:39:12	60.11	6499	2027	2069
208	04:40:12	60.13	6499	2026	2068
209	04:41:12	60.10	6499	2024	2067
210	04:42:12	60.12	6499	2023	2065
211	04:43:12	60.12	6499	2021	2064
212	04:44:12	60.11	6499	2020	2063
213	04:45:13	60.12	6499	2018	2061
214	04:46:13	60.11	6499	2017	2060
215	04:47:13	60.12	6499	2015	2058
216	04:48:13	60.10	6499	2014	2057
217	04:49:13	60.11	6499	2012	2056
218	04:50:13	60.11	6499	2011	2054
219	04:51:13	49.52	6499	2009	2053
220	04:52:03	60.18	6499	2008	2052
221	04:53:03	60.10	6499	2006	2050
222	04:54:03	60.11	6499	2005	2049
223	04:55:03	60.12	6499	2004	2048
224	04:56:03	60.11	6499	2003	2047
225	04:57:03	60.12	6499	2002	2046
226	04:58:03	60.12	6499	2000	2045
227	04:59:04	60.11	6499	1999	2043
228	05:00:04	60.12	6499	1997	2042
229	05:01:04	60.10	6499	1996	2041
230	05:02:04	60.11	6499	1994	2039
231	05:03:04	60.12	6499	1993	2038
232	05:04:04	60.12	6499	1991	2036
233	05:05:04	60.11	6499	1990	2035
234	05:06:04	60.12	6499	1988	2034
235	05:07:04	60.12	6499	1987	2032
236	05:08:05	60.11	6499	1985	2031
237	05:09:05	60.11	6499	1984	2029
238	05:10:05	60.11	6499	1982	2028
239	05:11:05	60.11	6499	1981	2027
240	05:12:05	60.12	6499	1979	2025
241	05:13:05	60.11	6499	1978	2024
242	05:14:05	60.12	6499	1976	2022
243	05:15:05	60.11	6498	1975	2021
244	05:16:06	60.11	6499	1973	2020
245	05:17:06	60.11	6499	1972	2018
246	05:18:06	60.11	6499	1971	2017
247	05:19:06	60.12	6499	1969	2015
248	05:20:06	60.07	6499	1968	2014
249	05:21:06	60.11	6499	1966	2012
250	05:22:06	60.12	6499	1965	2011
251	05:23:06	10.26	6499	1964	2010
252	05:23:17	60.11	6499	1963	2010
253	05:24:17	60.11	6499	1962	2008
254	05:25:17	10.27	6499	1961	2007
255	05:25:27	58.93	6499	1960	2007
256	05:26:26	60.29	6499	1958	2005
257	05:27:26	60.11	6499	1957	2004
258	05:28:26	60.12	6499	1955	2002
259	05:29:26	60.11	6499	1954	2001
260	05:30:27	60.12	6499	1952	2000
261	05:31:27	60.11	6499	1951	1998
262	05:32:27	60.11	6499	1950	1997
263	05:33:27	60.12	6499	1948	1996
264	05:34:27	60.11	6499	1947	1994
265	05:35:27	60.11	6499	1945	1993
266	05:36:27	60.12	6499	1944	1992
267	05:37:27	60.12	6499	1943	1990
268	05:38:27	60.10	6499	1941	1989
269	05:39:28	60.11	6499	1940	1988
270	05:40:28	60.12	6499	1938	1986
271	05:41:28	26.75	6499	1937	1985
272	05:41:55	53.63	6499	1936	1984
273	05:42:48	13.65	6499	1936	1984
274	05:43:02	60.50	6499	1935	1983
275	05:44:02	60.12	6499	1933	1982
276	05:45:02	60.11	6499	1932	1980
277	05:46:03	60.10	6499	1931	1979
278	05:47:03	60.12	6499	1929	1978
279	05:48:03	60.12	6499	1928	1976
280	05:49:03	60.11	6499	1926	1975
281	05:50:03	60.11	6499	1925	1974
282	05:51:03	60.12	6499	1924	1972
283	05:52:03	60.12	6499	1922	1971
284	05:53:03	13.60	6499	1921	1970
285	05:53:17	60.27	6499	1920	1969
286	05:54:17	60.11	6499	1919	1968
287	05:55:17	60.12	6499	1917	1967
288	05:56:17	60.13	6498	1916	1965
289	05:57:18	60.33	6499	1914	1964
290	05:58:18	60.39	6499	1913	1962
291	05:59:18	60.12	6499	1911	1961
292	06:00:18	60.12	6499	1910	1960
293	06:01:19	60.12	6499	1909	1958
294	06:02:19	60.12	6499	1907	1957
295	06:03:19	60.11	6499	1906	1956
296	06:04:19	60.11	6499	1904	1954
297	06:05:19	60.12	6498	1903	1953
298	06:06:19	60.11	6499	1901	1952
299	06:07:19	60.11	6499	1900	1950
300	06:08:19	17.99	6499	1899	1949
301	06:08:37	60.16	6499	1898	1949
302	06:09:37	10.26	6499	1897	1948
303	06:09:48	25.94	6499	1897	1947
304	06:10:14	10.37	6499	1896	1947
305	06:10:24	60.37	6499	1896	1946
306	06:11:24	60.12	6499	1894	1945
307	06:12:25	60.12	6499	1893	1944
308	06:13:25	60.10	6499	1891	1942
309	06:14:25	60.11	6499	1890	1941
310	06:15:25	60.11	6499	1888	1940
311	06:16:25	60.12	6499	1887	1938
312	06:17:25	60.11	6499	1886	1937
313	06:18:25	60.12	6499	1884	1936
314	06:19:25	60.11	6499	1883	1934
315	06:20:25	60.04	6499	1881	1933
316	06:21:25	60.12	6499	1880	1932
317	06:22:26	60.11	6499	1878	1931
318	06:23:26	60.10	6499	1877	1929
319	06:24:26	60.11	6499	1876	1928
320	06:25:26	60.12	6499	1874	1927
321	06:26:26	60.12	6499	1873	1925
322	06:27:26	60.13	6498	1871	1924
323	06:28:26	60.11	6499	1870	1923
324	06:29:26	46.88	6499	1869	1922
325	06:30:13	60.30	6499	1867	1920
326	06:31:14	60.23	6499	1866	1919
327	06:32:14	60.12	6499	1865	1918
328	06:33:14	60.32	6499	1863	1917
329	06:34:14	60.56	6499	1862	1915
330	06:35:15	60.68	6499	1860	1914
331	06:36:16	60.50	6499	1859	1913
332	06:37:16	60.42	6499	1858	1912
333	06:38:16	60.73	6499	1856	1910
334	06:39:17	60.48	6499	1855	1909
335	06:40:18	60.40	6499	1854	1908
336	06:41:18	60.14	6498	1852	1906
337	06:42:18	60.79	6499	1851	1905
338	06:43:19	60.49	6499	1850	1904
339	06:44:19	60.82	6499	1848	1903
340	06:45:20	60.56	6499	1847	1901
341	06:46:21	50.31	6499	1846	1900
342	06:47:11	60.45	6499	1844	1899
343	06:48:12	60.11	6499	1843	1898
344	06:49:12	60.10	6499	1842	1897
345	06:50:12	60.12	6499	1840	1896
346	06:51:12	60.12	6499	1839	1894
347	06:52:12	60.11	6499	1838	1893
348	06:53:12	60.11	6499	1837	1892
349	06:54:12	60.12	6499	1835	1891
350	06:55:12	60.11	6499	1834	1889
351	06:56:12	60.12	6499	1833	1888
352	06:57:13	60.11	6499	1831	1887
353	06:58:13	60.11	6499	1830	1886
354	06:59:13	60.10	6499	1829	1885
355	07:00:13	60.13	6499	1828	1883
356	07:01:13	60.11	6499	1826	1882
357	07:02:13	36.49	6499	1825	1881
358	07:02:50	60.43	6499	1824	1880
359	07:03:50	60.10	6499	1823	1879
360	07:04:50	60.12	6499	1822	1878
361	07:05:50	60.31	6498	1820	1877
362	07:06:51	60.40	6499	1819	1875
363	07:07:51	60.11	6499	1818	1874
364	07:08:51	60.11	6499	1817	1873
365	07:09:51	60.12	6499	1815	1872
366	07:10:51	60.11	6499	1814	1871
367	07:11:51	60.10	6498	1813	1869
368	07:12:52	60.11	6499	1812	1868
369	07:13:52	60.12	6499	1810	1867
370	07:14:52	60.11	6499	1809	1866
371	07:15:52	60.11	6499	1808	1865
372	07:16:52	60.12	6498	1806	1864
373	07:17:52	60.11	6499	1805	1862
374	07:18:52	60.11	6499	1804	1861
375	07:19:52	60.08	6498	1803	1860
376	07:20:52	60.08	6498	1801	1859
377	07:21:53	60.11	6499	1800	1858
378	07:22:53	58.96	6498	1799	1856
379	07:23:52	60.50	6499	1798	1855
380	07:24:52	39.12	6499	1797	1854
381	07:25:31	60.06	6499	1796	1853
382	07:26:31	12.04	6499	1795	1853
383	07:26:43	60.32	6499	1794	1852
384	07:27:44	60.11	6499	1793	1851
385	07:28:44	60.11	6499	1792	1850
386	07:29:44	60.12	6499	1790	1849
387	07:30:44	60.11	6499	1789	1847
388	07:31:44	60.12	6499	1788	1846
389	07:32:44	60.11	6499	1787	1845
390	07:33:44	60.12	6499	1785	1844
391	07:34:44	60.11	6499	1784	1843
392	07:35:45	60.11	6498	1783	1842
393	07:36:45	60.10	6499	1782	1841
394	07:37:45	10.99	6499	1781	1840
395	07:37:56	60.14	6499	1780	1839
396	07:38:56	10.27	6499	1780	1839
397	07:39:06	60.11	6499	1779	1838
398	07:40:06	60.12	6499	1778	1837
399	07:41:06	60.12	6499	1776	1836
400	07:42:07	60.11	6499	1775	1834
401	07:43:07	60.12	6499	1774	1833
402	07:44:07	60.13	6499	1773	1832
403	07:45:07	60.12	6499	1772	1831
404	07:46:07	60.12	6499	1771	1830
405	07:47:07	60.11	6499	1770	1829
406	07:48:07	60.12	6499	1768	1828
407	07:49:07	39.12	6499	1767	1827
408	07:49:46	60.31	6499	1766	1826
409	07:50:47	60.12	6499	1765	1825
410	07:51:47	60.12	6499	1764	1824
411	07:52:47	60.11	6499	1763	1823
412	07:53:47	60.12	6499	1762	1822
413	07:54:47	60.12	6499	1761	1820
414	07:55:47	60.12	6499	1760	1819
415	07:56:47	60.12	6499	1758	1818
416	07:57:48	60.10	6499	1757	1817
417	07:58:48	60.12	6499	1756	1816
418	07:59:48	60.10	6499	1755	1815
419	08:00:48	60.10	6499	1754	1814
420	08:01:48	60.12	6498	1753	1813
421	08:02:48	60.11	6498	1752	1812
422	08:03:48	60.12	6499	1750	1811
423	08:04:48	60.10	6499	1749	1810
424	08:05:48	40.70	6499	1748	1809
425	08:06:29	60.21	6499	1747	1808
426	08:07:29	10.26	6499	1747	1807
427	08:07:40	60.12	6499	1746	1806
428	08:08:40	60.09	6499	1745	1805
429	08:09:40	60.12	6499	1744	1804
430	08:10:40	60.12	6499	1742	1803
431	08:11:40	60.12	6499	1741	1802
432	08:12:40	60.11	6499	1740	1801
433	08:13:40	60.12	6499	1739	1800
434	08:14:40	60.11	6499	1738	1799
435	08:15:41	60.12	6499	1737	1798
436	08:16:41	11.09	6499	1736	1797
437	08:16:52	60.29	6499	1735	1797
438	08:17:52	60.12	6499	1734	1796
439	08:18:52	30.55	6499	1733	1795
440	08:19:23	55.21	6499	1733	1794
441	08:20:18	16.22	6499	1732	1794
442	08:20:34	23.29	6499	1732	1793
443	08:20:57	60.25	6499	1731	1792
444	08:21:58	60.10	6498	1730	1791
445	08:22:58	60.11	6499	1729	1790
446	08:23:58	60.11	6499	1727	1789
447	08:24:58	60.13	6498	1726	1788
448	08:25:58	60.12	6499	1725	1787
449	08:26:58	60.12	6499	1724	1786
450	08:27:58	60.11	6499	1723	1785
451	08:28:58	60.11	6499	1722	1784
452	08:29:59	60.11	6499	1721	1783
453	08:30:59	60.11	6498	1719	1782
454	08:31:59	60.11	6499	1718	1781
455	08:32:59	60.12	6499	1717	1780
456	08:33:59	60.11	6499	1716	1779
457	08:34:59	10.27	6499	1716	1778
458	08:35:09	60.11	6499	1715	1778
459	08:36:10	60.12	6499	1714	1776
460	08:37:10	60.11	6499	1712	1775
461	08:38:10	60.11	6499	1711	1774
462	08:39:10	60.12	6498	1710	1773
463	08:40:10	60.11	6499	1709	1772
464	08:41:10	60.10	6499	1707	1771
465	08:42:10	60.11	6499	1706	1769
466	08:43:10	60.12	6499	1705	1768
467	08:44:10	60.10	6498	1704	1767
468	08:45:11	60.11	6499	1703	1766
469	08:46:11	60.10	6499	1701	1765
470	08:47:11	60.11	6499	1700	1764
471	08:48:11	60.11	6499	1699	1763
472	08:49:11	60.12	6499	1698	1762
473	08:50:11	60.12	6499	1697	1761
474	08:51:11	60.11	6498	1696	1759
475	08:52:11	60.12	6498	1694	1758
476	08:53:11	60.11	6498	1693	1757
477	08:54:12	60.11	6499	1692	1756
478	08:55:12	60.11	6499	1691	1755
479	08:56:12	60.12	6499	1690	1754
480	08:57:12	60.12	6498	1689	1753
481	08:58:12	60.11	6499	1687	1752
482	08:59:12	60.11	6498	1686	1750
483	09:00:12	60.11	6499	1685	1749
484	09:01:12	60.12	6498	1684	1748
485	09:02:12	60.10	6499	1683	1747
486	09:03:13	60.10	6499	1682	1746
487	09:04:13	60.12	6499	1681	1745
488	09:05:13	60.12	6498	1680	1744
489	09:06:13	60.11	6499	1678	1743
490	09:07:13	60.12	6499	1677	1742
491	09:08:13	60.12	6499	1676	1741
492	09:09:13	35.70	6499	1675	1740
493	09:09:49	60.48	6499	1674	1739
494	09:10:49	60.11	6499	1673	1738
495	09:11:50	60.12	6499	1672	1737
496	09:12:50	60.12	6498	1671	1736
497	09:13:50	60.10	6499	1670	1735
498	09:14:50	60.11	6499	1669	1733
499	09:15:50	60.11	6498	1667	1732
500	09:16:50	60.11	6499	1666	1731
501	09:17:50	60.13	6499	1665	1730
502	09:18:50	60.11	6498	1664	1729
503	09:19:50	60.09	6498	1663	1728
504	09:20:51	42.90	6498	1662	1727
505	09:21:33	60.50	6498	1661	1726
506	09:22:34	60.11	6499	1660	1725
507	09:23:34	60.10	6499	1659	1724
508	09:24:34	60.12	6499	1658	1723
509	09:25:34	10.27	6498	1657	1722
510	09:25:45	60.37	6498	1656	1722
511	09:26:45	60.11	6498	1655	1721
512	09:27:45	60.12	6498	1654	1720
513	09:28:45	60.12	6498	1653	1719
514	09:29:45	60.12	6499	1652	1718
515	09:30:45	60.12	6499	1651	1717
516	09:31:45	60.11	6499	1650	1716
517	09:32:46	60.11	6499	1649	1715
518	09:33:46	60.12	6499	1647	1714
519	09:34:46	60.11	6498	1646	1712
520	09:35:46	60.11	6498	1645	1711
521	09:36:46	60.11	6498	1644	1710
522	09:37:46	60.11	6498	1643	1709
523	09:38:46	60.11	6499	1642	1708
524	09:39:46	60.12	6499	1641	1707
525	09:40:47	60.10	6499	1640	1706
526	09:41:47	60.12	6499	1639	1705
527	09:42:47	60.12	6498	1638	1704
528	09:43:47	60.12	6498	1637	1703
529	09:44:47	60.12	6499	1635	1702
530	09:45:47	60.10	6498	1634	1701
531	09:46:47	60.11	6499	1633	1700
532	09:47:47	59.29	6498	1632	1699
533	09:48:47	60.19	6498	1631	1698
534	09:49:47	60.10	6499	1630	1697
535	09:50:47	60.13	6499	1629	1696
536	09:51:47	60.11	6498	1628	1695
537	09:52:47	28.50	6499	1627	1695
538	09:53:16	60.40	6498	1627	1694
539	09:54:16	60.12	6498	1626	1693
540	09:55:16	60.11	6499	1625	1692
541	09:56:16	60.11	6498	1624	1691
542	09:57:16	60.11	6498	1622	1690
543	09:58:16	60.12	6499	1621	1689
544	09:59:17	60.11	6499	1620	1688
545	10:00:17	60.11	6499	1619	1687
546	10:01:17	60.12	6499	1618	1686
547	10:02:17	60.11	6498	1617	1685
548	10:03:17	60.13	6499	1616	1684
549	10:04:17	60.12	6499	1615	1683
550	10:05:17	60.12	6499	1614	1682
551	10:06:17	60.11	6498	1613	1681
552	10:07:18	60.12	6499	1612	1680
553	10:08:18	60.12	6499	1611	1679
554	10:09:18	60.12	6499	1610	1678
555	10:10:18	60.11	6499	1609	1677
556	10:11:18	60.11	6499	1608	1676
557	10:12:18	60.11	6499	1607	1675
558	10:13:18	60.13	6499	1606	1674
559	10:14:18	60.11	6499	1605	1673
560	10:15:18	60.11	6499	1604	1672
561	10:16:19	60.12	6498	1603	1671
562	10:17:19	60.11	6499	1602	1670
563	10:18:19	60.11	6499	1601	1669
564	10:19:19	60.10	6499	1600	1668
565	10:20:19	60.04	6499	1599	1667
566	10:21:19	60.11	6499	1598	1667
567	10:22:19	60.10	6499	1597	1666
568	10:23:19	60.11	6498	1596	1665
569	10:24:19	60.11	6499	1595	1664
570	10:25:19	60.11	6499	1594	1663
571	10:26:20	60.11	6499	1593	1662
572	10:27:20	10.27	6499	1593	1661
573	10:27:30	60.40	6499	1592	1661
574	10:28:30	60.11	6498	1591	1660
575	10:29:30	60.12	6499	1590	1659
576	10:30:31	60.11	6498	1589	1658
577	10:31:31	60.10	6499	1588	1657
578	10:32:31	60.12	6499	1587	1656
579	10:33:31	60.12	6499	1586	1655
580	10:34:31	60.12	6499	1585	1654
581	10:35:31	60.12	6499	1584	1653
582	10:36:31	60.11	6499	1583	1652
583	10:37:31	60.10	6498	1582	1652
584	10:38:31	60.11	6499	1582	1651
585	10:39:32	60.11	6498	1581	1650
586	10:40:32	60.11	6499	1581	1650
587	10:41:32	60.11	6499	1580	1649
588	10:42:32	60.13	6498	1579	1649
589	10:43:32	60.11	6499	1579	1648
590	10:44:32	60.12	6499	1578	1647
591	10:45:32	54.02	6499	1577	1647
592	10:46:26	60.20	6499	1577	1646
593	10:47:27	60.11	6499	1576	1646
594	10:48:27	60.11	6499	1575	1645
595	10:49:27	60.13	6498	1575	1645
596	10:50:27	60.10	6499	1574	1644
597	10:51:27	60.12	6499	1574	1644
598	10:52:27	60.12	6498	1573	1643
599	10:53:27	54.34	6498	1572	1642
600	10:54:22	60.15	6499	1572	1642
601	10:55:22	60.11	6498	1571	1641
602	10:56:22	13.65	6499	1571	1641
603	10:56:35	60.23	6498	1570	1640
604	10:57:36	33.64	6498	1570	1640
605	10:58:09	10.19	6499	1570	1640
606	10:58:20	60.11	6499	1569	1640
607	10:59:20	60.11	6498	1569	1639
608	11:00:20	60.13	6498	1568	1638
609	11:01:20	60.11	6499	1568	1638
610	11:02:20	60.12	6499	1567	1637
611	11:03:20	60.10	6499	1566	1637
612	11:04:20	60.12	6498	1566	1636
613	11:05:20	60.11	6499	1565	1636
614	11:06:20	60.11	6499	1565	1635
615	11:07:21	60.11	6499	1564	1635
616	11:08:21	60.12	6498	1563	1634
617	11:09:21	60.11	6499	1563	1633
618	11:10:21	60.11	6499	1562	1633
619	11:11:21	60.10	6498	1562	1632
620	11:12:21	60.11	6499	1561	1632
621	11:13:21	60.12	6499	1561	1631
622	11:14:21	60.11	6498	1560	1631
623	11:15:21	60.10	6499	1559	1630
624	11:16:22	60.12	6498	1559	1630
625	11:17:22	60.11	6498	1558	1629
626	11:18:22	60.12	6499	1558	1629
627	11:19:22	60.11	6498	1557	1628
628	11:20:22	60.29	6498	1557	1628
629	11:21:22	60.10	6499	1556	1627
630	11:22:22	60.13	6499	1555	1626
631	11:23:23	60.11	6499	1555	1626
632	11:24:23	60.11	6499	1554	1625
633	11:25:23	60.12	6498	1554	1625
634	11:26:23	60.12	6499	1553	1624
635	11:27:23	60.12	6498	1552	1624
636	11:28:23	60.11	6499	1552	1623
637	11:29:23	60.11	6499	1551	1623
638	11:30:23	60.11	6498	1551	1622
639	11:31:23	60.12	6499	1550	1622
640	11:32:24	60.10	6499	1550	1621
641	11:33:24	60.11	6499	1549	1621
642	11:34:24	60.12	6498	1549	1620
643	11:35:24	60.11	6499	1548	1620
644	11:36:24	60.12	6499	1547	1619
645	11:37:24	60.12	6499	1547	1619
646	11:38:24	60.11	6499	1546	1618
647	11:39:24	60.11	6499	1546	1618
648	11:40:24	60.12	6499	1545	1617
649	11:41:25	60.12	6499	1545	1617
650	11:42:25	60.12	6498	1544	1616
651	11:43:25	60.11	6498	1544	1616
652	11:44:25	60.11	6499	1543	1615
653	11:45:25	60.13	6499	1542	1615
654	11:46:25	60.11	6499	1542	1614
655	11:47:25	60.11	6499	1541	1614
656	11:48:25	60.12	6498	1541	1613
657	11:49:25	60.12	6499	1540	1613
658	11:50:26	60.11	6498	1540	1613
659	11:51:26	16.75	6499	1539	1612
660	11:51:42	60.38	6499	1539	1612
661	11:52:43	60.11	6499	1538	1611
662	11:53:43	60.10	6499	1538	1611
663	11:54:43	56.74	6499	1537	1610
664	11:55:40	60.46	6498	16.76	17.33
665	11:56:40	60.12	6499	0	0
666	11:57:40	60.12	6498	0	0
667	11:58:40	60.12	6498	0	0
668	11:59:41	60.12	6501	0	0
669	12:00:41	60.10	6501	0	0
670	12:01:41	60.12	6501	0	0
671	12:02:41	60.12	6501	0	0
672	12:03:41	60.11	6472	0	0
673	12:04:41	60.12	6324	0	0
674	12:05:41	60.13	6049	0	0
675	12:06:41	60.11	5698	0	0
676	12:07:42	49.92	5340	0	0
Created by AtlRunQuery on: 2018-12-09 19:47:46.659113
