LHC beam energy and intensities during run 340453:
(Begin/end of run: Thu Nov 09 2017 14:13:26 − Fri Nov 10, 15:28:41)

LB	   Start time
(CEST)	   Duration
(sec)	   Beam energy
(GeV)	   Intensity Beam-1
(1e11 protons)	   Intensity Beam-2
(1e11 protons)
1	14:13:26	60.11	449	1821	1549
2	14:14:26	60.11	449	1821	1549
3	14:15:26	60.11	450	1820	1622
4	14:16:26	58.39	450	1819	1707
5	14:17:24	21.26	450	1819	1706
6	14:17:46	60.13	449	1818	1724
7	14:18:46	60.13	450	1897	1824
8	14:19:46	60.10	450	2003	1957
9	14:20:46	60.07	449	2133	2063
10	14:21:46	60.13	450	2268	2170
11	14:22:46	60.10	450	2288	2296
12	14:23:46	60.11	449	2287	2295
13	14:24:46	60.11	450	2286	2294
14	14:25:47	60.13	449	2284	2293
15	14:26:47	60.12	450	2283	2291
16	14:27:47	10.26	489	2283	2291
17	14:27:57	60.38	502	2283	2291
18	14:28:57	14.21	626	2283	2290
19	14:29:12	42.48	668	2280	2288
20	14:29:54	60.51	805	2281	2287
21	14:30:55	23.34	1057	2281	2287
22	14:31:18	60.08	1172	2280	2286
23	14:32:18	40.76	1513	2280	2286
24	14:32:59	60.42	1750	2280	2286
25	14:33:59	60.12	2097	2280	2286
26	14:34:59	60.12	2445	2280	2286
27	14:35:59	60.11	2792	2280	2286
28	14:37:00	60.11	3145	2280	2286
29	14:38:00	60.11	3493	2280	2286
30	14:39:00	60.11	3840	2280	2286
31	14:40:00	60.11	4188	2280	2286
32	14:41:00	60.12	4535	2279	2286
33	14:42:00	60.11	4882	2280	2286
34	14:43:00	60.11	5230	2280	2286
35	14:44:00	60.12	5577	2279	2286
36	14:45:00	60.12	5924	2279	2286
37	14:46:01	60.12	6278	2278	2285
38	14:47:01	12.86	6499	2278	2285
39	14:47:14	12.47	6499	2278	2285
40	14:47:26	60.35	6499	2278	2285
41	14:48:26	60.12	6499	2278	2285
42	14:49:26	60.12	6499	2278	2285
43	14:50:27	60.11	6499	2278	2285
44	14:51:27	60.10	6499	2278	2285
45	14:52:27	60.13	6499	2277	2285
46	14:53:27	60.10	6499	2277	2285
47	14:54:27	60.11	6499	2277	2285
48	14:55:27	60.13	6499	2277	2285
49	14:56:27	60.11	6499	2277	2285
50	14:57:27	60.12	6499	2276	2285
51	14:58:28	60.12	6499	2276	2285
52	14:59:28	60.11	6499	2276	2285
53	15:00:28	60.12	6499	2276	2285
54	15:01:28	60.12	6499	2276	2284
55	15:02:28	60.12	6499	2276	2284
56	15:03:28	60.11	6499	2276	2284
57	15:04:28	60.11	6499	2275	2284
58	15:05:28	29.99	6499	2273	2283
59	15:05:58	60.48	6499	2273	2283
60	15:06:59	60.12	6499	2272	2283
61	15:07:59	60.10	6499	2271	2283
62	15:08:59	60.12	6499	2268	2281
63	15:09:59	60.12	6499	2266	2280
64	15:10:59	60.12	6499	2264	2278
65	15:11:59	60.12	6499	2262	2277
66	15:12:59	10.27	6499	2261	2276
67	15:13:10	60.11	6498	2259	2275
68	15:14:10	60.12	6499	2257	2273
69	15:15:10	60.12	6499	2254	2272
70	15:16:10	60.11	6499	2252	2270
71	15:17:10	60.11	6499	2249	2268
72	15:18:10	60.10	6499	2247	2267
73	15:19:10	16.14	6499	2246	2266
74	15:19:27	60.24	6499	2244	2265
75	15:20:27	60.05	6499	2242	2264
76	15:21:27	60.11	6499	2240	2262
77	15:22:27	60.12	6499	2238	2261
78	15:23:27	21.44	6499	2236	2260
79	15:23:49	31.40	6499	2236	2259
80	15:24:20	60.12	6499	2234	2258
81	15:25:20	60.13	6499	2232	2256
82	15:26:20	60.12	6499	2230	2255
83	15:27:20	21.55	6499	2228	2254
84	15:27:42	60.35	6499	2227	2253
85	15:28:42	60.10	6499	2225	2251
86	15:29:42	60.11	6499	2224	2250
87	15:30:42	60.11	6499	2222	2248
88	15:31:43	60.11	6499	2220	2247
89	15:32:43	60.13	6499	2218	2245
90	15:33:43	60.11	6499	2217	2244
91	15:34:43	60.12	6499	2215	2242
92	15:35:43	60.11	6499	2213	2241
93	15:36:43	60.11	6499	2212	2239
94	15:37:43	60.13	6499	2210	2238
95	15:38:43	60.12	6499	2208	2236
96	15:39:43	60.10	6499	2207	2235
97	15:40:44	60.12	6499	2205	2233
98	15:41:44	60.10	6499	2203	2232
99	15:42:44	60.13	6499	2202	2230
100	15:43:44	60.11	6499	2200	2229
101	15:44:44	60.12	6499	2198	2227
102	15:45:44	60.11	6499	2197	2226
103	15:46:44	60.10	6499	2195	2225
104	15:47:44	60.11	6499	2193	2223
105	15:48:44	60.11	6499	2192	2222
106	15:49:45	60.10	6499	2190	2220
107	15:50:45	60.11	6499	2189	2219
108	15:51:45	60.11	6499	2187	2217
109	15:52:45	60.11	6499	2185	2216
110	15:53:45	60.12	6499	2184	2214
111	15:54:45	60.12	6499	2182	2213
112	15:55:45	60.12	6499	2181	2211
113	15:56:45	60.10	6499	2179	2210
114	15:57:45	60.12	6499	2177	2209
115	15:58:46	60.11	6499	2176	2207
116	15:59:46	60.12	6499	2174	2206
117	16:00:46	60.11	6499	2173	2204
118	16:01:46	60.11	6499	2171	2203
119	16:02:46	60.11	6499	2169	2201
120	16:03:46	60.11	6499	2168	2200
121	16:04:46	60.11	6499	2166	2198
122	16:05:46	60.11	6499	2165	2197
123	16:06:46	60.13	6499	2163	2196
124	16:07:47	60.10	6499	2161	2194
125	16:08:47	60.12	6499	2160	2193
126	16:09:47	60.11	6499	2158	2191
127	16:10:47	60.11	6499	2157	2190
128	16:11:47	60.11	6499	2155	2188
129	16:12:47	60.11	6499	2154	2187
130	16:13:47	60.11	6499	2152	2185
131	16:14:47	60.10	6499	2151	2184
132	16:15:47	60.12	6499	2149	2183
133	16:16:48	60.11	6499	2147	2181
134	16:17:48	60.12	6499	2146	2180
135	16:18:48	60.12	6499	2144	2178
136	16:19:48	60.08	6499	2143	2177
137	16:20:48	60.07	6499	2141	2175
138	16:21:48	60.11	6499	2140	2174
139	16:22:48	60.12	6499	2138	2172
140	16:23:48	60.12	6499	2137	2171
141	16:24:48	60.11	6499	2135	2170
142	16:25:49	10.48	6499	2134	2169
143	16:25:59	10.05	6499	2134	2168
144	16:26:09	13.87	6499	2134	2168
145	16:26:23	60.25	6499	2133	2167
146	16:27:23	60.12	6499	2131	2166
147	16:28:23	60.12	6499	2130	2165
148	16:29:23	60.11	6499	2128	2163
149	16:30:24	60.12	6499	2127	2162
150	16:31:24	60.12	6499	2125	2160
151	16:32:24	60.12	6499	2124	2159
152	16:33:24	40.78	6499	2123	2158
153	16:34:05	60.15	6499	2121	2156
154	16:35:05	60.11	6499	2120	2155
155	16:36:05	60.11	6499	2118	2153
156	16:37:05	60.11	6499	2117	2152
157	16:38:05	60.12	6499	2115	2151
158	16:39:05	60.11	6499	2114	2149
159	16:40:05	17.42	6499	2113	2148
160	16:40:23	60.21	6499	2112	2147
161	16:41:23	60.11	6499	2110	2146
162	16:42:23	60.12	6499	2109	2144
163	16:43:23	60.11	6499	2107	2143
164	16:44:23	60.10	6499	2106	2142
165	16:45:23	36.25	6499	2105	2141
166	16:46:00	60.43	6499	2104	2139
167	16:47:00	60.11	6499	2102	2138
168	16:48:00	60.12	6499	2101	2137
169	16:49:00	30.51	6499	2099	2136
170	16:49:31	60.41	6499	2098	2134
171	16:50:31	10.26	6498	2098	2134
172	16:50:42	22.26	6499	2097	2133
173	16:51:04	60.45	6499	2096	2132
174	16:52:04	30.63	6499	2095	2131
175	16:52:35	60.27	6499	2094	2130
176	16:53:35	30.74	6499	2093	2129
177	16:54:06	60.43	6499	2092	2128
178	16:55:06	60.11	6499	2090	2127
179	16:56:06	60.10	6499	2089	2125
180	16:57:07	60.12	6499	2087	2124
181	16:58:07	60.11	6499	2086	2122
182	16:59:07	60.10	6499	2084	2121
183	17:00:07	60.11	6499	2083	2120
184	17:01:07	60.12	6499	2081	2118
185	17:02:07	54.95	6499	2080	2117
186	17:03:02	60.26	6499	2078	2116
187	17:04:02	57.56	6499	2077	2114
188	17:05:00	60.16	6499	2075	2113
189	17:06:00	60.11	6499	2074	2111
190	17:07:00	60.12	6499	2073	2110
191	17:08:00	60.11	6499	2071	2109
192	17:09:00	60.11	6499	2070	2107
193	17:10:00	44.45	6499	2068	2106
194	17:10:45	22.59	6499	2067	2105
195	17:11:08	10.10	6499	2067	2105
196	17:11:18	60.11	6499	2066	2104
197	17:12:18	60.12	6499	2065	2102
198	17:13:18	60.11	6498	2063	2101
199	17:14:18	60.11	6499	2062	2100
200	17:15:18	60.11	6499	2060	2098
201	17:16:18	60.12	6499	2059	2097
202	17:17:18	60.11	6499	2057	2096
203	17:18:18	60.11	6499	2056	2094
204	17:19:19	60.10	6499	2055	2093
205	17:20:19	60.04	6498	2053	2091
206	17:21:19	60.10	6499	2052	2090
207	17:22:19	60.11	6499	2050	2088
208	17:23:19	60.12	6499	2049	2087
209	17:24:19	60.11	6499	2047	2086
210	17:25:19	60.11	6499	2046	2084
211	17:26:19	60.11	6499	2044	2083
212	17:27:19	10.27	6499	2044	2082
213	17:27:30	35.85	6499	2043	2082
214	17:28:05	60.06	6499	2042	2081
215	17:29:06	60.12	6499	2041	2079
216	17:30:06	60.11	6499	2039	2078
217	17:31:06	60.11	6499	2038	2076
218	17:32:06	60.11	6499	2036	2075
219	17:33:06	60.10	6499	2035	2074
220	17:34:06	60.12	6499	2033	2072
221	17:35:06	14.28	6499	2033	2071
222	17:35:20	60.11	6499	2032	2070
223	17:36:21	59.28	6499	2030	2069
224	17:37:20	60.19	6499	2029	2068
225	17:38:20	33.79	6498	2028	2067
226	17:38:54	60.14	6499	2026	2066
227	17:39:54	60.12	6499	2025	2064
228	17:40:54	60.11	6498	2024	2063
229	17:41:54	17.65	6499	2023	2062
230	17:42:12	60.24	6499	2022	2061
231	17:43:12	60.10	6499	2020	2060
232	17:44:12	60.12	6499	2019	2058
233	17:45:12	60.10	6499	2018	2057
234	17:46:12	60.12	6499	2016	2055
235	17:47:13	60.11	6499	2015	2054
236	17:48:13	60.11	6499	2013	2053
237	17:49:13	60.12	6499	2012	2051
238	17:50:13	60.11	6499	2010	2050
239	17:51:13	60.12	6499	2009	2048
240	17:52:13	60.11	6498	2008	2047
241	17:53:13	60.11	6499	2006	2046
242	17:54:13	60.12	6499	2005	2044
243	17:55:13	60.11	6499	2003	2043
244	17:56:14	60.11	6499	2002	2042
245	17:57:14	60.11	6498	2001	2040
246	17:58:14	10.27	6499	2000	2040
247	17:58:24	60.12	6499	1999	2039
248	17:59:24	10.26	6499	1999	2038
249	17:59:34	60.12	6499	1998	2038
250	18:00:35	60.12	6499	1997	2037
251	18:01:35	60.11	6499	1996	2036
252	18:02:35	44.28	6499	1995	2035
253	18:03:19	60.17	6499	1994	2034
254	18:04:19	10.26	6499	1993	2033
255	18:04:29	60.11	6499	1992	2032
256	18:05:30	60.12	6498	1991	2031
257	18:06:30	60.11	6499	1989	2029
258	18:07:30	60.11	6498	1988	2028
259	18:08:30	60.11	6499	1986	2027
260	18:09:30	60.12	6499	1985	2025
261	18:10:30	60.11	6499	1983	2024
262	18:11:30	60.12	6499	1981	2022
263	18:12:30	60.11	6499	1979	2021
264	18:13:30	60.12	6498	1977	2019
265	18:14:31	60.12	6499	1976	2018
266	18:15:31	60.11	6499	1974	2016
267	18:16:31	60.12	6499	1972	2014
268	18:17:31	60.12	6499	1971	2013
269	18:18:31	60.12	6499	1969	2011
270	18:19:31	60.11	6499	1967	2010
271	18:20:31	60.07	6499	1966	2008
272	18:21:31	60.11	6499	1964	2007
273	18:22:31	60.11	6499	1962	2005
274	18:23:32	60.10	6499	1961	2004
275	18:24:32	60.12	6499	1959	2002
276	18:25:32	60.12	6499	1958	2001
277	18:26:32	60.12	6499	1956	1999
278	18:27:32	60.13	6498	1954	1998
279	18:28:32	60.12	6499	1953	1996
280	18:29:32	60.12	6499	1951	1995
281	18:30:32	60.12	6499	1950	1993
282	18:31:33	60.12	6499	1948	1992
283	18:32:33	60.11	6499	1947	1990
284	18:33:33	16.34	6498	1946	1989
285	18:33:49	60.29	6499	1945	1989
286	18:34:49	60.11	6499	1943	1987
287	18:35:49	60.12	6499	1942	1986
288	18:36:50	60.11	6499	1940	1984
289	18:37:50	33.18	6498	1939	1983
290	18:38:23	60.49	6499	1938	1982
291	18:39:23	60.11	6499	1936	1980
292	18:40:24	60.12	6499	1934	1979
293	18:41:24	60.11	6499	1933	1978
294	18:42:24	60.11	6499	1932	1976
295	18:43:24	60.11	6499	1930	1975
296	18:44:24	52.87	6499	1929	1973
297	18:45:17	60.08	6499	1927	1972
298	18:46:17	60.10	6498	1926	1971
299	18:47:17	60.12	6499	1924	1969
300	18:48:17	60.11	6499	1923	1968
301	18:49:17	60.13	6498	1921	1966
302	18:50:17	60.10	6498	1920	1965
303	18:51:17	60.11	6499	1918	1964
304	18:52:18	60.11	6499	1917	1962
305	18:53:18	60.11	6499	1915	1961
306	18:54:18	60.10	6499	1914	1959
307	18:55:18	60.11	6499	1912	1958
308	18:56:18	60.11	6498	1911	1957
309	18:57:18	22.90	6498	1910	1956
310	18:57:41	60.49	6499	1909	1955
311	18:58:42	60.11	6499	1907	1953
312	18:59:42	60.11	6499	1906	1952
313	19:00:42	60.12	6499	1904	1951
314	19:01:42	60.11	6499	1903	1949
315	19:02:42	60.12	6499	1902	1948
316	19:03:42	36.65	6498	1900	1947
317	19:04:19	60.26	6498	1899	1946
318	19:05:19	60.12	6499	1898	1944
319	19:06:19	60.11	6498	1896	1943
320	19:07:19	60.12	6499	1895	1942
321	19:08:19	10.27	6498	1894	1941
322	19:08:30	60.12	6499	1893	1940
323	19:09:30	60.11	6498	1892	1939
324	19:10:30	60.11	6499	1891	1938
325	19:11:30	60.11	6498	1889	1936
326	19:12:30	60.11	6499	1888	1935
327	19:13:30	60.12	6499	1886	1934
328	19:14:30	60.13	6499	1885	1932
329	19:15:30	60.11	6499	1883	1931
330	19:16:31	52.91	6498	1882	1930
331	19:17:23	60.28	6499	1881	1929
332	19:18:24	60.12	6498	1879	1927
333	19:19:24	60.11	6499	1878	1926
334	19:20:24	60.05	6499	1877	1925
335	19:21:24	60.11	6499	1875	1923
336	19:22:24	60.13	6498	1874	1922
337	19:23:24	60.11	6498	1873	1921
338	19:24:24	60.11	6499	1871	1919
339	19:25:24	60.11	6499	1870	1918
340	19:26:25	60.12	6499	1869	1917
341	19:27:25	60.11	6499	1867	1916
342	19:28:25	60.12	6499	1866	1914
343	19:29:25	60.10	6498	1865	1913
344	19:30:25	60.12	6498	1863	1912
345	19:31:25	60.11	6499	1862	1910
346	19:32:25	60.11	6498	1860	1909
347	19:33:25	60.11	6499	1859	1908
348	19:34:25	60.11	6499	1858	1907
349	19:35:26	60.12	6499	1856	1905
350	19:36:26	60.11	6499	1855	1904
351	19:37:26	60.11	6498	1854	1903
352	19:38:26	27.17	6499	1853	1902
353	19:38:53	60.48	6499	1852	1901
354	19:39:54	60.11	6499	1851	1900
355	19:40:54	60.11	6499	1849	1898
356	19:41:54	60.12	6498	1848	1897
357	19:42:54	60.11	6499	1847	1896
358	19:43:54	60.12	6498	1845	1895
359	19:44:54	60.11	6498	1844	1893
360	19:45:54	60.10	6499	1843	1892
361	19:46:54	60.12	6498	1842	1891
362	19:47:54	60.10	6499	1840	1890
363	19:48:55	60.12	6499	1839	1889
364	19:49:55	60.11	6499	1838	1887
365	19:50:55	60.11	6498	1836	1886
366	19:51:55	60.11	6499	1835	1885
367	19:52:55	60.11	6499	1834	1883
368	19:53:55	60.11	6499	1832	1882
369	19:54:55	54.48	6499	1831	1881
370	19:55:50	60.21	6499	1830	1880
371	19:56:50	15.63	6499	1829	1879
372	19:57:06	60.26	6498	1828	1878
373	19:58:06	60.14	6499	1827	1877
374	19:59:06	60.11	6499	1826	1876
375	20:00:06	24.44	6498	1825	1875
376	20:00:31	60.21	6498	1824	1874
377	20:01:31	60.11	6499	1823	1873
378	20:02:31	60.11	6499	1821	1872
379	20:03:31	60.12	6499	1820	1870
380	20:04:31	60.11	6499	1819	1869
381	20:05:31	60.12	6499	1817	1868
382	20:06:31	60.12	6498	1816	1867
383	20:07:31	60.11	6498	1815	1866
384	20:08:32	60.12	6499	1814	1864
385	20:09:32	60.12	6499	1812	1863
386	20:10:32	60.12	6499	1811	1862
387	20:11:32	60.10	6499	1810	1861
388	20:12:32	20.62	6499	1809	1860
389	20:12:53	60.27	6499	1808	1859
390	20:13:53	60.10	6498	1807	1858
391	20:14:53	41.55	6498	1806	1857
392	20:15:35	14.58	6499	1805	1856
393	20:15:49	10.25	6498	1805	1856
394	20:15:59	60.10	6499	1804	1855
395	20:16:59	60.11	6499	1803	1854
396	20:18:00	60.11	6499	1802	1853
397	20:19:00	60.11	6499	1800	1852
398	20:20:00	10.27	6499	1800	1851
399	20:20:10	60.05	6498	1799	1850
400	20:21:10	60.08	6498	1798	1849
401	20:22:10	60.11	6499	1797	1848
402	20:23:10	60.12	6498	1795	1847
403	20:24:10	60.11	6499	1794	1845
404	20:25:11	60.11	6498	1793	1844
405	20:26:11	60.11	6498	1792	1843
406	20:27:11	60.11	6498	1790	1842
407	20:28:11	60.10	6498	1789	1841
408	20:29:11	50.99	6498	1788	1840
409	20:30:02	60.20	6498	1787	1838
410	20:31:02	60.13	6499	1786	1837
411	20:32:02	60.12	6499	1785	1836
412	20:33:02	60.12	6499	1783	1835
413	20:34:03	60.13	6499	1782	1834
414	20:35:03	51.76	6498	1781	1833
415	20:35:54	16.17	6499	1780	1832
416	20:36:11	25.51	6498	1780	1832
417	20:36:36	60.11	6498	1779	1831
418	20:37:36	19.89	6499	1778	1830
419	20:37:56	60.50	6499	1778	1829
420	20:38:57	60.10	6499	1776	1828
421	20:39:57	60.10	6499	1775	1827
422	20:40:57	60.12	6498	1774	1826
423	20:41:57	60.11	6498	1773	1825
424	20:42:57	60.12	6499	1772	1824
425	20:43:57	60.12	6498	1770	1823
426	20:44:57	60.12	6499	1769	1821
427	20:45:57	60.11	6498	1768	1820
428	20:46:57	60.10	6499	1767	1819
429	20:47:58	60.11	6498	1766	1818
430	20:48:58	60.11	6498	1765	1817
431	20:49:58	60.12	6499	1764	1816
432	20:50:58	60.11	6499	1762	1815
433	20:51:58	60.11	6499	1761	1813
434	20:52:58	60.11	6498	1760	1812
435	20:53:58	14.30	6499	1759	1812
436	20:54:13	60.08	6499	1759	1811
437	20:55:13	60.10	6499	1758	1810
438	20:56:13	60.11	6499	1756	1809
439	20:57:13	60.12	6499	1755	1808
440	20:58:13	60.11	6498	1754	1807
441	20:59:13	60.11	6499	1753	1805
442	21:00:13	60.12	6499	1752	1804
443	21:01:13	25.33	6499	1751	1804
444	21:01:39	30.96	6498	1750	1803
445	21:02:10	60.41	6498	1750	1802
446	21:03:10	60.10	6499	1748	1801
447	21:04:10	12.32	6499	1748	1800
448	21:04:22	60.32	6499	1747	1800
449	21:05:23	60.11	6499	1746	1799
450	21:06:23	60.11	6499	1745	1798
451	21:07:23	60.11	6499	1744	1796
452	21:08:23	60.11	6499	1742	1795
453	21:09:23	60.11	6499	1741	1794
454	21:10:23	60.11	6498	1740	1793
455	21:11:23	60.11	6499	1739	1792
456	21:12:24	60.12	6498	1738	1791
457	21:13:24	60.12	6499	1737	1790
458	21:14:24	60.11	6498	1736	1789
459	21:15:24	60.11	6498	1735	1788
460	21:16:24	60.11	6498	1733	1787
461	21:17:24	60.11	6499	1732	1786
462	21:18:24	60.10	6499	1731	1785
463	21:19:24	60.11	6499	1730	1783
464	21:20:24	60.04	6499	1729	1782
465	21:21:24	60.12	6499	1728	1781
466	21:22:25	60.11	6499	1727	1780
467	21:23:25	60.12	6499	1726	1779
468	21:24:25	60.11	6499	1725	1778
469	21:25:25	60.11	6499	1724	1777
470	21:26:25	60.12	6498	1722	1776
471	21:27:25	60.11	6498	1721	1775
472	21:28:25	60.11	6499	1720	1774
473	21:29:25	60.11	6498	1719	1773
474	21:30:25	60.12	6498	1718	1772
475	21:31:26	60.11	6498	1717	1771
476	21:32:26	60.11	6499	1716	1770
477	21:33:26	10.27	6499	1715	1769
478	21:33:36	60.38	6498	1715	1768
479	21:34:36	60.11	6499	1714	1767
480	21:35:37	60.11	6498	1712	1766
481	21:36:37	60.12	6499	1711	1765
482	21:37:37	60.11	6498	1710	1764
483	21:38:37	60.11	6498	1709	1763
484	21:39:37	60.10	6498	1708	1762
485	21:40:37	60.11	6499	1707	1761
486	21:41:37	60.11	6499	1706	1760
487	21:42:37	10.37	6499	1705	1759
488	21:42:48	16.32	6499	1705	1759
489	21:43:04	44.39	6498	1704	1758
490	21:43:48	60.16	6499	1703	1757
491	21:44:49	60.11	6498	1702	1756
492	21:45:49	60.11	6499	1701	1755
493	21:46:49	60.12	6499	1699	1754
494	21:47:49	60.11	6499	1698	1753
495	21:48:49	60.12	6499	1697	1752
496	21:49:49	60.11	6499	1696	1750
497	21:50:49	60.11	6499	1694	1749
498	21:51:49	60.12	6498	1693	1748
499	21:52:49	60.11	6499	1692	1747
500	21:53:50	60.12	6498	1691	1746
501	21:54:50	60.11	6498	1689	1745
502	21:55:50	60.12	6499	1688	1744
503	21:56:50	60.11	6498	1687	1742
504	21:57:50	60.11	6498	1686	1741
505	21:58:50	60.12	6498	1685	1740
506	21:59:50	60.12	6499	1683	1739
507	22:00:50	60.10	6499	1682	1738
508	22:01:51	60.11	6499	1681	1736
509	22:02:51	60.11	6498	1680	1735
510	22:03:51	60.12	6499	1679	1734
511	22:04:51	60.12	6499	1677	1733
512	22:05:51	60.12	6499	1676	1732
513	22:06:51	60.11	6499	1675	1731
514	22:07:51	60.11	6499	1674	1730
515	22:08:51	60.11	6499	1673	1729
516	22:09:51	60.11	6499	1671	1727
517	22:10:52	60.12	6499	1670	1726
518	22:11:52	60.12	6498	1669	1725
519	22:12:52	60.10	6499	1668	1724
520	22:13:52	60.11	6499	1667	1723
521	22:14:52	58.83	6499	1666	1722
522	22:15:51	60.13	6499	1664	1721
523	22:16:51	31.44	6498	1664	1720
524	22:17:22	60.22	6498	1663	1719
525	22:18:23	60.10	6498	1661	1718
526	22:19:23	60.11	6498	1660	1717
527	22:20:23	60.06	6498	1659	1716
528	22:21:23	60.12	6498	1658	1715
529	22:22:23	60.10	6498	1657	1714
530	22:23:23	60.11	6498	1656	1713
531	22:24:23	10.27	6499	1655	1712
532	22:24:33	60.11	6499	1654	1711
533	22:25:34	60.11	6498	1653	1710
534	22:26:34	41.42	6498	1652	1709
535	22:27:15	60.52	6499	1651	1708
536	22:28:16	60.10	6499	1650	1707
537	22:29:16	60.12	6499	1649	1706
538	22:30:16	60.11	6498	1648	1705
539	22:31:16	60.11	6498	1647	1704
540	22:32:16	60.10	6499	1646	1703
541	22:33:16	60.12	6498	1645	1702
542	22:34:16	60.12	6499	1643	1701
543	22:35:16	60.11	6498	1642	1700
544	22:36:17	60.12	6499	1641	1699
545	22:37:17	60.11	6499	1640	1697
546	22:38:17	60.11	6499	1639	1696
547	22:39:17	60.12	6498	1638	1695
548	22:40:17	60.11	6499	1637	1694
549	22:41:17	60.11	6498	1636	1693
550	22:42:17	60.12	6499	1635	1692
551	22:43:17	60.11	6499	1634	1691
552	22:44:17	60.10	6499	1632	1690
553	22:45:18	60.11	6499	1631	1689
554	22:46:18	60.12	6498	1630	1688
555	22:47:18	60.10	6499	1629	1687
556	22:48:18	53.12	6498	1628	1686
557	22:49:11	60.34	6499	1627	1685
558	22:50:11	30.60	6499	1626	1684
559	22:50:42	60.32	6499	1626	1683
560	22:51:42	60.12	6498	1625	1682
561	22:52:42	60.11	6498	1623	1681
562	22:53:42	60.10	6499	1622	1680
563	22:54:43	60.11	6498	1621	1679
564	22:55:43	10.27	6499	1621	1679
565	22:55:53	22.20	6499	1620	1678
566	22:56:15	60.47	6499	1620	1678
567	22:57:16	60.11	6498	1619	1677
568	22:58:16	60.12	6499	1618	1676
569	22:59:16	60.11	6498	1617	1675
570	23:00:16	60.10	6498	1616	1674
571	23:01:16	29.35	6498	1615	1673
572	23:01:45	60.29	6499	1614	1672
573	23:02:46	60.12	6498	1613	1671
574	23:03:46	60.12	6499	1612	1670
575	23:04:46	60.11	6498	1611	1669
576	23:05:46	60.10	6499	1610	1668
577	23:06:46	60.11	6498	1609	1667
578	23:07:46	60.11	6498	1608	1666
579	23:08:46	60.11	6499	1607	1665
580	23:09:46	60.11	6499	1606	1664
581	23:10:47	60.11	6499	1605	1663
582	23:11:47	60.11	6498	1604	1662
583	23:12:47	60.11	6499	1603	1661
584	23:13:47	60.11	6498	1602	1660
585	23:14:47	60.12	6498	1600	1659
586	23:15:47	60.11	6498	1599	1658
587	23:16:47	60.11	6499	1598	1657
588	23:17:47	60.10	6499	1597	1656
589	23:18:48	60.12	6498	1596	1655
590	23:19:48	60.09	6498	1595	1654
591	23:20:48	60.09	6498	1594	1653
592	23:21:48	60.11	6499	1593	1652
593	23:22:48	60.11	6499	1592	1651
594	23:23:48	60.11	6498	1591	1650
595	23:24:48	60.11	6499	1590	1649
596	23:25:48	60.12	6498	1589	1648
597	23:26:48	60.11	6499	1588	1647
598	23:27:48	60.11	6498	1587	1646
599	23:28:49	60.11	6498	1586	1645
600	23:29:49	60.11	6498	1585	1644
601	23:30:49	60.12	6498	1584	1644
602	23:31:49	60.11	6499	1583	1643
603	23:32:49	60.10	6499	1582	1642
604	23:33:49	39.84	6498	1581	1641
605	23:34:29	60.59	6499	1580	1640
606	23:35:30	60.13	6498	1579	1639
607	23:36:30	60.12	6498	1579	1638
608	23:37:30	60.12	6499	1578	1637
609	23:38:30	60.11	6498	1577	1636
610	23:39:30	60.11	6499	1576	1635
611	23:40:30	60.11	6499	1575	1634
612	23:41:30	60.12	6499	1574	1633
613	23:42:30	60.11	6498	1573	1632
614	23:43:30	60.11	6499	1572	1632
615	23:44:31	60.12	6498	1571	1631
616	23:45:31	60.11	6499	1570	1630
617	23:46:31	60.11	6499	1569	1629
618	23:47:31	60.12	6499	1568	1628
619	23:48:31	60.10	6499	1567	1627
620	23:49:31	60.12	6498	1566	1626
621	23:50:31	60.27	6499	1565	1625
622	23:51:32	60.19	6499	1564	1624
623	23:52:32	60.10	6498	1563	1623
624	23:53:32	60.13	6498	1562	1622
625	23:54:32	60.13	6499	1561	1621
626	23:55:32	60.12	6498	1560	1620
627	23:56:32	53.07	6499	1559	1620
628	23:57:25	60.14	6498	1559	1619
629	23:58:25	60.12	6499	1558	1618
630	23:59:26	60.11	6499	1557	1617
631	00:00:26	60.11	6499	1556	1616
632	00:01:26	60.13	6498	1555	1615
633	00:02:26	60.11	6499	1554	1614
634	00:03:26	60.13	6498	1553	1613
635	00:04:26	60.11	6499	1552	1612
636	00:05:26	60.12	6498	1551	1612
637	00:06:26	60.11	6499	1550	1611
638	00:07:26	13.98	6498	1550	1610
639	00:07:40	60.16	6498	1549	1610
640	00:08:41	60.12	6499	1548	1609
641	00:09:41	60.13	6498	1547	1608
642	00:10:41	60.10	6499	1546	1607
643	00:11:41	35.57	6498	1545	1606
644	00:12:17	60.37	6498	1545	1606
645	00:13:17	60.10	6498	1544	1605
646	00:14:17	60.12	6498	1543	1604
647	00:15:17	60.11	6498	1542	1603
648	00:16:17	60.11	6499	1541	1602
649	00:17:17	60.11	6498	1540	1601
650	00:18:17	36.55	6499	1539	1600
651	00:18:54	60.38	6498	1538	1600
652	00:19:54	60.08	6499	1538	1599
653	00:20:54	60.09	6499	1537	1598
654	00:21:55	60.12	6499	1536	1597
655	00:22:55	60.12	6498	1535	1596
656	00:23:55	60.11	6499	1534	1595
657	00:24:55	60.11	6498	1533	1594
658	00:25:55	60.12	6498	1532	1593
659	00:26:55	60.12	6498	1531	1592
660	00:27:55	60.11	6499	1530	1592
661	00:28:55	60.10	6499	1529	1591
662	00:29:55	60.12	6498	1528	1590
663	00:30:56	60.11	6498	1527	1589
664	00:31:56	60.11	6499	1527	1588
665	00:32:56	60.11	6498	1526	1587
666	00:33:56	63.17	6499	1525	1586
667	00:34:59	60.12	6498	1524	1585
668	00:35:59	60.11	6499	1523	1585
669	00:36:59	60.12	6498	1522	1584
670	00:37:59	60.10	6498	1521	1583
671	00:39:00	60.11	6498	1520	1582
672	00:40:00	60.10	6499	1519	1581
673	00:41:00	60.10	6499	1518	1580
674	00:42:00	60.10	6499	1518	1579
675	00:43:00	60.11	6499	1517	1579
676	00:44:00	60.11	6498	1516	1578
677	00:45:00	60.13	6499	1515	1577
678	00:46:00	60.11	6498	1514	1576
679	00:47:00	60.11	6498	1513	1575
680	00:48:01	60.12	6498	1512	1574
681	00:49:01	60.11	6498	1512	1573
682	00:50:01	60.12	6499	1511	1573
683	00:51:01	60.11	6499	1510	1572
684	00:52:01	60.12	6498	1509	1571
685	00:53:01	60.11	6498	1508	1570
686	00:54:01	60.11	6498	1507	1569
687	00:55:01	60.12	6498	1506	1568
688	00:56:01	60.12	6498	1505	1568
689	00:57:02	60.11	6499	1505	1567
690	00:58:02	60.12	6499	1504	1566
691	00:59:02	60.12	6499	1503	1565
692	01:00:02	60.12	6499	1502	1564
693	01:01:02	60.12	6499	1501	1564
694	01:02:02	60.12	6499	1500	1563
695	01:03:02	60.12	6499	1500	1562
696	01:04:02	60.11	6498	1499	1561
697	01:05:02	60.12	6498	1498	1560
698	01:06:03	60.11	6498	1497	1559
699	01:07:03	43.16	6499	1496	1559
700	01:07:46	60.51	6499	1495	1558
701	01:08:46	60.12	6498	1495	1557
702	01:09:46	60.13	6498	1494	1556
703	01:10:47	60.12	6498	1493	1555
704	01:11:47	60.12	6498	1492	1555
705	01:12:47	60.11	6498	1491	1554
706	01:13:47	60.11	6499	1490	1553
707	01:14:47	60.11	6498	1490	1552
708	01:15:47	60.11	6498	1489	1551
709	01:16:47	60.11	6499	1488	1550
710	01:17:47	60.12	6499	1487	1550
711	01:18:48	60.09	6499	1486	1549
712	01:19:48	60.08	6498	1485	1548
713	01:20:48	60.07	6498	1484	1547
714	01:21:48	60.11	6498	1484	1546
715	01:22:48	60.12	6498	1483	1546
716	01:23:48	60.13	6498	1482	1545
717	01:24:48	60.12	6499	1481	1544
718	01:25:48	60.13	6499	1480	1543
719	01:26:48	60.11	6498	1479	1542
720	01:27:48	60.10	6498	1478	1541
721	01:28:49	60.12	6499	1478	1541
722	01:29:49	60.11	6499	1477	1540
723	01:30:49	60.11	6499	1476	1539
724	01:31:49	60.11	6498	1475	1538
725	01:32:49	60.13	6498	1474	1537
726	01:33:49	60.12	6498	1474	1537
727	01:34:49	60.12	6499	1473	1536
728	01:35:49	60.10	6498	1472	1535
729	01:36:49	60.12	6498	1471	1534
730	01:37:50	60.11	6499	1470	1534
731	01:38:50	60.11	6499	1469	1533
732	01:39:50	60.11	6498	1469	1532
733	01:40:50	60.12	6499	1468	1531
734	01:41:50	57.69	6498	1467	1530
735	01:42:48	60.30	6498	1466	1530
736	01:43:48	60.13	6498	1465	1529
737	01:44:48	60.12	6499	1465	1528
738	01:45:48	60.11	6498	1464	1527
739	01:46:48	60.11	6499	1463	1526
740	01:47:48	60.12	6499	1462	1526
741	01:48:49	60.11	6498	1461	1525
742	01:49:49	60.11	6498	1461	1524
743	01:50:49	60.11	6498	1460	1523
744	01:51:49	60.12	6498	1459	1523
745	01:52:49	60.13	6499	1458	1522
746	01:53:49	60.11	6498	1457	1521
747	01:54:49	60.12	6499	1457	1520
748	01:55:49	60.10	6498	1456	1520
749	01:56:50	60.11	6499	1455	1519
750	01:57:50	60.11	6499	1454	1518
751	01:58:50	60.12	6498	1454	1517
752	01:59:50	60.11	6498	1453	1516
753	02:00:50	60.12	6498	1452	1516
754	02:01:50	60.12	6498	1451	1515
755	02:02:50	60.10	6498	1450	1514
756	02:03:50	60.11	6499	1450	1513
757	02:04:50	60.11	6499	1449	1513
758	02:05:51	60.11	6499	1448	1512
759	02:06:51	60.12	6499	1447	1511
760	02:07:51	60.12	6498	1446	1510
761	02:08:51	60.12	6498	1446	1510
762	02:09:51	60.12	6498	1445	1509
763	02:10:51	11.47	6498	1445	1508
764	02:11:03	60.16	6498	1444	1508
765	02:12:03	13.83	6498	1444	1507
766	02:12:17	60.05	6498	1443	1507
767	02:13:17	60.11	6498	1442	1506
768	02:14:17	60.11	6498	1442	1505
769	02:15:17	60.11	6499	1441	1505
770	02:16:17	60.10	6498	1440	1504
771	02:17:17	60.13	6499	1439	1503
772	02:18:17	60.11	6499	1438	1502
773	02:19:17	60.11	6498	1438	1502
774	02:20:17	60.04	6498	1437	1501
775	02:21:17	60.10	6498	1436	1500
776	02:22:18	60.11	6499	1435	1499
777	02:23:18	60.12	6498	1435	1499
778	02:24:18	60.13	6499	1434	1498
779	02:25:18	60.12	6498	1433	1497
780	02:26:18	60.13	6498	1432	1496
781	02:27:18	60.12	6498	1431	1496
782	02:28:18	60.11	6499	1431	1495
783	02:29:18	60.11	6498	1430	1494
784	02:30:18	60.12	6499	1429	1494
785	02:31:19	60.11	6498	1428	1493
786	02:32:19	60.11	6498	1428	1492
787	02:33:19	60.11	6499	1427	1491
788	02:34:19	31.69	6498	1426	1491
789	02:34:51	60.23	6499	1426	1490
790	02:35:51	10.27	6498	1425	1490
791	02:36:01	28.30	6499	1425	1489
792	02:36:29	60.37	6499	1425	1489
793	02:37:30	60.12	6498	1424	1488
794	02:38:30	60.10	6498	1423	1487
795	02:39:30	60.11	6499	1422	1487
796	02:40:30	60.12	6499	1422	1486
797	02:41:30	60.11	6498	1421	1485
798	02:42:30	60.11	6498	1420	1485
799	02:43:30	60.11	6499	1419	1484
800	02:44:31	60.09	6498	1419	1483
801	02:45:31	60.11	6498	1418	1482
802	02:46:31	60.11	6499	1417	1482
803	02:47:31	60.11	6499	1416	1481
804	02:48:31	60.11	6498	1416	1480
805	02:49:31	60.11	6499	1415	1480
806	02:50:31	60.11	6499	1414	1479
807	02:51:31	60.11	6498	1414	1478
808	02:52:31	60.11	6498	1413	1477
809	02:53:32	60.11	6499	1412	1477
810	02:54:32	60.11	6499	1411	1476
811	02:55:32	60.12	6499	1411	1475
812	02:56:32	60.12	6499	1410	1474
813	02:57:32	60.11	6498	1409	1474
814	02:58:32	60.11	6498	1409	1473
815	02:59:32	60.12	6498	1408	1472
816	03:00:32	60.11	6498	1407	1472
817	03:01:32	39.97	6499	1406	1471
818	03:02:12	22.73	6499	1406	1471
819	03:02:35	10.18	6499	1406	1470
820	03:02:45	60.12	6499	1405	1470
821	03:03:45	60.12	6498	1405	1469
822	03:04:46	60.12	6499	1404	1469
823	03:05:46	60.12	6499	1403	1468
824	03:06:46	60.12	6498	1403	1467
825	03:07:46	60.11	6499	1402	1466
826	03:08:46	60.12	6498	1401	1466
827	03:09:46	60.12	6498	1401	1465
828	03:10:46	60.13	6498	1400	1464
829	03:11:46	60.11	6498	1399	1464
830	03:12:46	23.02	6498	1399	1463
831	03:13:10	60.13	6499	1398	1463
832	03:14:10	60.09	6498	1397	1462
833	03:15:10	60.12	6499	1397	1461
834	03:16:10	60.12	6499	1396	1461
835	03:17:10	60.11	6499	1395	1460
836	03:18:10	60.11	6499	1395	1459
837	03:19:10	60.12	6498	1394	1458
838	03:20:10	60.05	6498	1393	1458
839	03:21:10	60.10	6498	1392	1457
840	03:22:10	60.11	6498	1392	1456
841	03:23:11	60.11	6498	1391	1456
842	03:24:11	60.11	6499	1390	1455
843	03:25:11	60.11	6498	1390	1454
844	03:26:11	60.12	6498	1389	1454
845	03:27:11	60.13	6498	1388	1453
846	03:28:11	60.11	6498	1387	1452
847	03:29:11	60.12	6499	1387	1452
848	03:30:11	60.11	6499	1386	1451
849	03:31:11	60.10	6499	1385	1450
850	03:32:12	60.10	6498	1385	1450
851	03:33:12	60.11	6498	1384	1449
852	03:34:12	60.11	6498	1383	1448
853	03:35:12	60.11	6498	1383	1447
854	03:36:12	60.12	6499	1382	1447
855	03:37:12	60.12	6498	1381	1446
856	03:38:12	60.12	6498	1380	1445
857	03:39:12	60.11	6499	1380	1445
858	03:40:12	60.12	6499	1379	1444
859	03:41:13	60.11	6498	1378	1443
860	03:42:13	60.11	6498	1378	1443
861	03:43:13	60.12	6498	1377	1442
862	03:44:13	60.11	6499	1376	1441
863	03:45:13	36.88	6498	1376	1441
864	03:45:50	60.27	6498	1375	1440
865	03:46:50	60.12	6498	1375	1439
866	03:47:50	60.12	6498	1374	1439
867	03:48:50	60.12	6498	1373	1438
868	03:49:51	60.10	6498	1373	1437
869	03:50:51	60.11	6498	1372	1437
870	03:51:51	60.11	6498	1371	1436
871	03:52:51	60.11	6499	1371	1435
872	03:53:51	60.11	6498	1370	1435
873	03:54:51	60.12	6499	1369	1434
874	03:55:51	37.62	6498	1369	1434
875	03:56:29	60.04	6498	1368	1433
876	03:57:29	60.12	6499	1367	1432
877	03:58:29	60.12	6499	1367	1432
878	03:59:29	60.11	6498	1366	1431
879	04:00:29	60.13	6499	1366	1430
880	04:01:29	60.11	6498	1365	1430
881	04:02:29	60.11	6498	1364	1429
882	04:03:30	60.11	6499	1364	1428
883	04:04:30	60.12	6498	1363	1428
884	04:05:30	60.11	6499	1362	1427
885	04:06:30	60.12	6498	1362	1426
886	04:07:30	60.11	6499	1361	1426
887	04:08:30	60.10	6498	1360	1425
888	04:09:30	60.11	6498	1359	1424
889	04:10:30	60.12	6499	1359	1424
890	04:11:30	60.11	6498	1358	1423
891	04:12:31	60.11	6498	1358	1422
892	04:13:31	60.11	6498	1357	1422
893	04:14:31	60.12	6498	1356	1421
894	04:15:31	60.10	6498	1356	1421
895	04:16:31	60.12	6498	1355	1420
896	04:17:31	60.11	6499	1354	1419
897	04:18:31	60.11	6498	1354	1419
898	04:19:31	60.11	6498	1353	1418
899	04:20:31	60.05	6498	1352	1417
900	04:21:32	60.12	6499	1352	1417
901	04:22:32	60.10	6498	1351	1416
902	04:23:32	60.11	6499	1350	1415
903	04:24:32	60.11	6498	1350	1415
904	04:25:32	60.07	6498	1349	1414
905	04:26:32	60.11	6498	1348	1413
906	04:27:32	60.11	6499	1347	1413
907	04:28:32	60.11	6498	1347	1412
908	04:29:32	60.11	6498	1346	1411
909	04:30:32	60.11	6498	1345	1411
910	04:31:33	60.11	6498	1345	1410
911	04:32:33	60.11	6498	1344	1410
912	04:33:33	60.12	6498	1344	1409
913	04:34:33	60.11	6498	1343	1408
914	04:35:33	60.10	6498	1342	1408
915	04:36:33	60.12	6499	1342	1407
916	04:37:33	60.12	6499	1341	1406
917	04:38:33	60.11	6498	1340	1406
918	04:39:33	60.11	6498	1340	1405
919	04:40:34	60.11	6499	1339	1404
920	04:41:34	60.10	6498	1338	1404
921	04:42:34	60.11	6499	1338	1403
922	04:43:34	60.11	6498	1337	1403
923	04:44:34	60.12	6498	1336	1402
924	04:45:34	60.13	6498	1336	1401
925	04:46:34	60.13	6498	1335	1401
926	04:47:34	60.11	6499	1335	1400
927	04:48:35	60.11	6498	1334	1399
928	04:49:35	60.11	6498	1333	1399
929	04:50:35	60.12	6498	1333	1398
930	04:51:35	60.12	6498	1332	1398
931	04:52:35	17.68	6498	1332	1397
932	04:52:53	60.45	6498	1331	1397
933	04:53:53	60.12	6499	1331	1396
934	04:54:53	60.13	6499	1330	1395
935	04:55:53	60.12	6498	1329	1395
936	04:56:53	60.12	6499	1329	1394
937	04:57:54	60.11	6498	1328	1394
938	04:58:54	60.11	6498	1328	1393
939	04:59:54	60.12	6498	1327	1392
940	05:00:54	60.11	6498	1326	1392
941	05:01:54	60.11	6499	1326	1391
942	05:02:54	60.11	6499	1325	1391
943	05:03:54	60.12	6498	1324	1390
944	05:04:54	60.12	6499	1324	1389
945	05:05:55	60.11	6499	1323	1389
946	05:06:55	60.11	6499	1323	1388
947	05:07:55	60.10	6498	1322	1388
948	05:08:55	60.13	6498	1321	1387
949	05:09:55	60.11	6499	1321	1386
950	05:10:55	60.12	6499	1320	1386
951	05:11:55	60.11	6499	1320	1385
952	05:12:55	60.12	6498	1319	1384
953	05:13:55	60.12	6498	1318	1384
954	05:14:56	60.12	6498	1318	1383
955	05:15:56	60.11	6498	1317	1383
956	05:16:56	60.12	6498	1316	1382
957	05:17:56	60.10	6498	1316	1381
958	05:18:56	60.10	6498	1315	1381
959	05:19:56	60.08	6499	1315	1380
960	05:20:56	60.09	6498	1314	1380
961	05:21:56	60.12	6498	1313	1379
962	05:22:56	60.10	6498	1313	1378
963	05:23:56	60.11	6499	1312	1378
964	05:24:57	60.12	6498	1311	1377
965	05:25:57	60.12	6498	1311	1377
966	05:26:57	60.11	6498	1310	1376
967	05:27:57	60.10	6498	1310	1375
968	05:28:57	60.11	6498	1309	1375
969	05:29:57	60.10	6498	1308	1374
970	05:30:57	60.12	6499	1308	1374
971	05:31:57	60.12	6499	1307	1373
972	05:32:57	60.10	6498	1306	1372
973	05:33:58	60.12	6498	1306	1372
974	05:34:58	60.10	6498	1305	1371
975	05:35:58	60.12	6499	1305	1370
976	05:36:58	60.12	6498	1304	1370
977	05:37:58	60.11	6498	1303	1369
978	05:38:58	60.11	6499	1303	1369
979	05:39:58	60.11	6498	1302	1368
980	05:40:58	60.12	6498	1302	1368
981	05:41:58	60.12	6499	1301	1367
982	05:42:59	60.12	6498	1300	1366
983	05:43:59	60.11	6498	1300	1366
984	05:44:59	60.12	6498	1299	1365
985	05:45:59	60.11	6498	1299	1365
986	05:46:59	60.11	6499	1298	1364
987	05:47:59	60.11	6499	1297	1363
988	05:48:59	41.79	6498	1297	1363
989	05:49:41	60.15	6499	1296	1362
990	05:50:41	60.12	6499	1296	1362
991	05:51:41	43.01	6498	1295	1361
992	05:52:24	52.48	6498	1295	1361
993	05:53:17	60.04	6499	1294	1360
994	05:54:17	60.09	6499	1294	1360
995	05:55:17	60.11	6499	1293	1359
996	05:56:17	60.12	6498	1292	1359
997	05:57:17	60.13	6498	1292	1358
998	05:58:17	60.11	6498	1291	1357
999	05:59:17	60.11	6498	1291	1357
1000	06:00:18	60.11	6499	1290	1356
1001	06:01:18	60.10	6498	1290	1356
1002	06:02:18	60.11	6498	1289	1355
1003	06:03:18	60.11	6498	1288	1355
1004	06:04:18	60.10	6498	1288	1354
1005	06:05:18	60.12	6499	1287	1353
1006	06:06:18	60.11	6498	1287	1353
1007	06:07:18	60.11	6499	1286	1352
1008	06:08:18	60.11	6499	1285	1352
1009	06:09:19	60.10	6498	1285	1351
1010	06:10:19	60.11	6498	1284	1351
1011	06:11:19	60.12	6498	1284	1350
1012	06:12:19	60.10	6498	1283	1349
1013	06:13:19	60.12	6498	1283	1349
1014	06:14:19	41.62	6498	1282	1348
1015	06:15:01	13.99	6499	1282	1348
1016	06:15:15	19.97	6498	1282	1348
1017	06:15:35	60.17	6498	1281	1348
1018	06:16:35	60.12	6498	1281	1347
1019	06:17:35	60.11	6498	1280	1346
1020	06:18:35	60.12	6499	1279	1346
1021	06:19:35	60.11	6499	1279	1345
1022	06:20:35	60.05	6498	1278	1345
1023	06:21:35	60.11	6498	1278	1344
1024	06:22:35	60.12	6499	1277	1344
1025	06:23:36	60.12	6498	1276	1343
1026	06:24:36	38.77	6498	1276	1343
1027	06:25:14	60.16	6499	1276	1342
1028	06:26:15	60.11	6499	1275	1342
1029	06:27:15	60.12	6498	1274	1341
1030	06:28:15	60.12	6499	1274	1340
1031	06:29:15	60.11	6498	1273	1340
1032	06:30:15	60.10	6498	1273	1339
1033	06:31:15	60.11	6499	1272	1339
1034	06:32:15	60.12	6498	1271	1338
1035	06:33:15	60.11	6499	1271	1338
1036	06:34:15	60.12	6499	1270	1337
1037	06:35:16	60.10	6499	1270	1336
1038	06:36:16	60.10	6499	1269	1336
1039	06:37:16	60.12	6498	1269	1335
1040	06:38:16	60.11	6499	1268	1335
1041	06:39:16	60.12	6498	1267	1334
1042	06:40:16	60.12	6499	1267	1334
1043	06:41:16	60.10	6499	1266	1333
1044	06:42:16	60.12	6498	1266	1333
1045	06:43:17	60.13	6499	1265	1332
1046	06:44:17	60.12	6499	1265	1331
1047	06:45:17	60.11	6498	1264	1331
1048	06:46:17	60.11	6498	1264	1330
1049	06:47:17	60.12	6498	1263	1330
1050	06:48:17	60.11	6498	1262	1329
1051	06:49:17	60.12	6498	1262	1329
1052	06:50:17	60.13	6499	1261	1328
1053	06:51:17	60.11	6498	1261	1328
1054	06:52:18	60.12	6498	1260	1327
1055	06:53:18	60.10	6498	1260	1327
1056	06:54:18	60.12	6498	1259	1326
1057	06:55:18	60.11	6499	1259	1326
1058	06:56:18	60.12	6498	1258	1325
1059	06:57:18	60.12	6498	1258	1324
1060	06:58:18	60.12	6499	1257	1324
1061	06:59:18	60.12	6498	1256	1323
1062	07:00:19	60.11	6498	1256	1323
1063	07:01:19	60.10	6498	1255	1322
1064	07:02:19	60.11	6498	1255	1322
1065	07:03:19	60.11	6499	1254	1321
1066	07:04:19	60.11	6498	1254	1321
1067	07:05:19	60.12	6498	1253	1320
1068	07:06:19	60.12	6498	1253	1320
1069	07:07:19	60.12	6498	1252	1319
1070	07:08:19	60.12	6498	1251	1319
1071	07:09:20	60.12	6498	1251	1318
1072	07:10:20	60.12	6498	1250	1317
1073	07:11:20	60.11	6498	1250	1317
1074	07:12:20	60.11	6498	1249	1316
1075	07:13:20	60.10	6498	1249	1316
1076	07:14:20	60.12	6498	1248	1315
1077	07:15:20	60.12	6498	1248	1315
1078	07:16:20	60.11	6498	1247	1314
1079	07:17:20	60.11	6498	1246	1314
1080	07:18:21	60.11	6498	1246	1313
1081	07:19:21	60.11	6498	1245	1312
1082	07:20:21	60.04	6498	1245	1312
1083	07:21:21	60.10	6498	1244	1311
1084	07:22:21	60.11	6498	1244	1311
1085	07:23:21	60.11	6499	1243	1310
1086	07:24:21	60.11	6498	1243	1310
1087	07:25:21	60.11	6498	1242	1309
1088	07:26:21	60.11	6498	1242	1309
1089	07:27:21	60.10	6498	1241	1308
1090	07:28:22	60.12	6498	1240	1308
1091	07:29:22	60.11	6498	1240	1307
1092	07:30:22	60.11	6499	1239	1307
1093	07:31:22	60.11	6498	1239	1306
1094	07:32:22	60.11	6499	1238	1306
1095	07:33:22	60.11	6498	1238	1305
1096	07:34:22	60.12	6498	1237	1304
1097	07:35:22	60.11	6499	1237	1304
1098	07:36:22	60.12	6498	1236	1303
1099	07:37:23	60.12	6499	1236	1303
1100	07:38:23	60.12	6499	1235	1302
1101	07:39:23	60.11	6498	1235	1302
1102	07:40:23	60.10	6499	1234	1301
1103	07:41:23	60.12	6498	1233	1301
1104	07:42:23	60.12	6498	1233	1300
1105	07:43:23	60.12	6498	1232	1300
1106	07:44:23	20.01	6499	1232	1299
1107	07:44:43	60.48	6499	1232	1299
1108	07:45:44	60.11	6498	1231	1299
1109	07:46:44	60.13	6498	1231	1298
1110	07:47:44	60.11	6498	1230	1298
1111	07:48:44	60.11	6498	1230	1297
1112	07:49:44	60.11	6498	1229	1296
1113	07:50:44	60.12	6498	1229	1296
1114	07:51:45	60.11	6498	1228	1296
1115	07:52:45	60.10	6499	1228	1295
1116	07:53:45	60.11	6498	1227	1295
1117	07:54:45	60.12	6498	1227	1294
1118	07:55:45	60.11	6498	1226	1294
1119	07:56:45	60.12	6498	1226	1294
1120	07:57:45	60.12	6498	1226	1293
1121	07:58:45	60.11	6498	1225	1293
1122	07:59:46	60.11	6499	1225	1292
1123	08:00:46	60.11	6498	1224	1292
1124	08:01:46	60.10	6498	1224	1291
1125	08:02:46	60.12	6498	1223	1290
1126	08:03:46	60.12	6498	1223	1290
1127	08:04:46	60.10	6498	1222	1290
1128	08:05:46	60.12	6499	1222	1289
1129	08:06:46	60.12	6498	1219	1286
1130	08:07:46	60.12	6498	1218	1286
1131	08:08:47	60.11	6498	1218	1286
1132	08:09:47	60.12	6498	1217	1285
1133	08:10:47	60.12	6498	1217	1285
1134	08:11:47	60.11	6498	1217	1285
1135	08:12:47	60.11	6498	1217	1285
1136	08:13:47	60.11	6498	1217	1284
1137	08:14:47	10.27	6498	1216	1284
1138	08:14:57	10.27	6498	1216	1284
1139	08:15:08	24.19	6498	1215	1283
1140	08:15:32	60.20	6499	1215	1283
1141	08:16:32	60.13	6498	1214	1282
1142	08:17:32	60.11	6498	1214	1282
1143	08:18:32	60.11	6499	1214	1282
1144	08:19:32	60.09	6498	1213	1281
1145	08:20:33	60.05	6499	1213	1281
1146	08:21:33	60.11	6499	1212	1280
1147	08:22:33	60.10	6498	1212	1280
1148	08:23:33	60.12	6498	1212	1280
1149	08:24:33	60.12	6498	1211	1279
1150	08:25:33	60.12	6498	1211	1279
1151	08:26:33	60.12	6499	1211	1279
1152	08:27:33	10.27	6499	1211	1279
1153	08:27:44	10.26	6498	1211	1278
1154	08:27:54	10.26	6498	1210	1278
1155	08:28:04	10.27	6498	1210	1277
1156	08:28:14	35.38	6498	1209	1277
1157	08:28:50	60.03	6498	1209	1276
1158	08:29:50	60.11	6498	1208	1276
1159	08:30:50	60.12	6498	1208	1275
1160	08:31:50	60.12	6498	1207	1275
1161	08:32:50	60.12	6498	1207	1275
1162	08:33:50	60.12	6499	1206	1274
1163	08:34:50	60.10	6498	1206	1274
1164	08:35:50	60.11	6498	1205	1273
1165	08:36:51	60.12	6498	1205	1273
1166	08:37:51	60.12	6499	1204	1272
1167	08:38:51	60.10	6498	1204	1272
1168	08:39:51	60.12	6498	1203	1271
1169	08:40:51	60.11	6498	1203	1271
1170	08:41:51	60.12	6498	1202	1270
1171	08:42:51	60.11	6499	1202	1270
1172	08:43:51	60.12	6498	1201	1269
1173	08:44:52	60.10	6498	1200	1269
1174	08:45:52	60.12	6499	1200	1268
1175	08:46:52	60.11	6499	1200	1268
1176	08:47:52	60.11	6498	1199	1267
1177	08:48:52	60.11	6499	1199	1267
1178	08:49:52	60.11	6498	1198	1266
1179	08:50:52	60.12	6498	1198	1266
1180	08:51:52	60.11	6499	1197	1265
1181	08:52:52	60.11	6499	1197	1265
1182	08:53:53	60.10	6499	1196	1264
1183	08:54:53	60.12	6498	1196	1264
1184	08:55:53	60.12	6499	1195	1263
1185	08:56:53	60.12	6498	1195	1263
1186	08:57:53	60.11	6498	1194	1262
1187	08:58:53	60.10	6498	1194	1262
1188	08:59:53	60.12	6498	1194	1262
1189	09:00:53	60.10	6498	1193	1261
1190	09:01:53	10.95	6499	1193	1261
1191	09:02:04	60.18	6498	1192	1260
1192	09:03:05	60.12	6498	1192	1260
1193	09:04:05	60.11	6498	1191	1260
1194	09:05:05	60.12	6498	1191	1259
1195	09:06:05	10.26	6498	1190	1259
1196	09:06:15	60.39	6499	1190	1258
1197	09:07:16	60.12	6498	1189	1258
1198	09:08:16	60.11	6498	1189	1257
1199	09:09:16	60.11	6498	1188	1257
1200	09:10:16	60.12	6498	1188	1256
1201	09:11:16	60.12	6498	1187	1256
1202	09:12:16	60.13	6499	1187	1255
1203	09:13:16	60.11	6498	1186	1255
1204	09:14:16	60.10	6498	1186	1254
1205	09:15:16	60.11	6498	1185	1254
1206	09:16:17	60.12	6499	1185	1253
1207	09:17:17	60.10	6498	1184	1253
1208	09:18:17	60.13	6498	1184	1252
1209	09:19:17	60.11	6498	1183	1252
1210	09:20:17	60.06	6498	1183	1251
1211	09:21:17	60.12	6498	1182	1251
1212	09:22:17	60.12	6498	1182	1250
1213	09:23:17	60.10	6498	1181	1250
1214	09:24:17	60.13	6498	1181	1250
1215	09:25:18	60.12	6498	1180	1249
1216	09:26:18	60.11	6498	1180	1249
1217	09:27:18	60.12	6498	1179	1248
1218	09:28:18	60.12	6498	1179	1248
1219	09:29:18	60.12	6499	1178	1247
1220	09:30:18	60.10	6498	1178	1247
1221	09:31:18	60.12	6499	1178	1246
1222	09:32:18	60.11	6498	1177	1246
1223	09:33:18	60.13	6498	1177	1245
1224	09:34:19	60.12	6498	1176	1245
1225	09:35:19	60.12	6498	1176	1244
1226	09:36:19	60.12	6498	1175	1244
1227	09:37:19	60.12	6498	1175	1243
1228	09:38:19	60.11	6498	1174	1243
1229	09:39:19	60.11	6498	1174	1243
1230	09:40:19	60.11	6498	1173	1242
1231	09:41:19	60.11	6499	1173	1242
1232	09:42:19	36.46	6498	1172	1241
1233	09:42:56	60.21	6498	1172	1241
1234	09:43:56	60.13	6498	1171	1240
1235	09:44:56	60.11	6498	1171	1240
1236	09:45:56	60.10	6498	1171	1239
1237	09:46:57	60.11	6498	1170	1239
1238	09:47:57	60.11	6498	1170	1239
1239	09:48:57	60.12	6498	1169	1238
1240	09:49:57	60.12	6498	1169	1238
1241	09:50:57	60.11	6498	1168	1237
1242	09:51:57	60.11	6498	1168	1237
1243	09:52:57	60.11	6498	1167	1236
1244	09:53:57	60.11	6498	1167	1236
1245	09:54:57	60.12	6499	1166	1235
1246	09:55:58	60.12	6498	1166	1235
1247	09:56:58	60.13	6498	1165	1234
1248	09:57:58	60.10	6499	1165	1234
1249	09:58:58	60.12	6498	1165	1233
1250	09:59:58	60.11	6498	1164	1233
1251	10:00:58	60.12	6498	1164	1233
1252	10:01:58	60.12	6498	1163	1232
1253	10:02:58	60.12	6498	1163	1232
1254	10:03:58	60.12	6499	1162	1231
1255	10:04:59	60.11	6498	1162	1231
1256	10:05:59	60.12	6499	1161	1230
1257	10:06:59	60.13	6498	1161	1230
1258	10:07:59	60.12	6498	1160	1229
1259	10:08:59	60.12	6498	1160	1229
1260	10:09:59	60.12	6499	1159	1228
1261	10:10:59	60.12	6498	1159	1228
1262	10:11:59	60.11	6498	1158	1227
1263	10:13:00	60.11	6498	1158	1227
1264	10:14:00	60.10	6499	1158	1227
1265	10:15:00	60.11	6498	1157	1226
1266	10:16:00	60.12	6499	1157	1226
1267	10:17:00	60.12	6498	1156	1225
1268	10:18:00	60.12	6498	1156	1225
1269	10:19:00	60.10	6498	1155	1224
1270	10:20:00	60.08	6498	1155	1224
1271	10:21:00	60.09	6498	1154	1223
1272	10:22:00	60.12	6498	1154	1223
1273	10:23:01	60.11	6498	1153	1223
1274	10:24:01	60.12	6498	1153	1222
1275	10:25:01	60.11	6499	1152	1222
1276	10:26:01	60.11	6498	1152	1221
1277	10:27:01	60.12	6498	1151	1221
1278	10:28:01	60.12	6498	1151	1220
1279	10:29:01	60.12	6498	1150	1220
1280	10:30:01	60.10	6498	1150	1219
1281	10:31:02	60.11	6498	1150	1219
1282	10:32:02	60.11	6499	1149	1218
1283	10:33:02	60.12	6499	1149	1218
1284	10:34:02	60.11	6498	1148	1217
1285	10:35:02	60.11	6498	1148	1217
1286	10:36:02	60.12	6498	1147	1217
1287	10:37:02	60.12	6498	1147	1216
1288	10:38:02	60.12	6499	1146	1216
1289	10:39:02	60.13	6499	1146	1215
1290	10:40:03	60.11	6498	1146	1215
1291	10:41:03	60.10	6498	1145	1214
1292	10:42:03	60.11	6498	1145	1214
1293	10:43:03	60.10	6498	1144	1214
1294	10:44:03	60.12	6498	1144	1213
1295	10:45:03	60.12	6499	1143	1213
1296	10:46:03	60.12	6499	1143	1212
1297	10:47:03	60.12	6498	1142	1212
1298	10:48:03	60.11	6498	1142	1211
1299	10:49:04	60.11	6498	1142	1211
1300	10:50:04	60.12	6498	1141	1210
1301	10:51:04	60.11	6499	1141	1210
1302	10:52:04	60.11	6499	1140	1210
1303	10:53:04	60.12	6499	1140	1209
1304	10:54:04	60.12	6498	1139	1209
1305	10:55:04	60.11	6499	1139	1208
1306	10:56:04	60.11	6498	1139	1208
1307	10:57:05	60.11	6498	1138	1208
1308	10:58:05	60.11	6499	1138	1207
1309	10:59:05	60.12	6498	1137	1207
1310	11:00:05	21.89	6498	1137	1206
1311	11:00:27	60.51	6498	1137	1206
1312	11:01:27	60.13	6499	1136	1205
1313	11:02:27	60.10	6498	1136	1205
1314	11:03:27	60.12	6498	1135	1204
1315	11:04:28	60.11	6499	1135	1204
1316	11:05:28	60.10	6498	1134	1204
1317	11:06:28	60.12	6498	1134	1203
1318	11:07:28	60.11	6498	1134	1203
1319	11:08:28	60.11	6499	1133	1202
1320	11:09:28	60.12	6498	1133	1202
1321	11:10:28	60.11	6498	1132	1201
1322	11:11:28	60.12	6498	1132	1201
1323	11:12:28	60.12	6498	1131	1201
1324	11:13:29	60.11	6498	1131	1200
1325	11:14:29	60.11	6499	1130	1200
1326	11:15:29	60.11	6498	1130	1199
1327	11:16:29	60.10	6498	1129	1199
1328	11:17:29	60.12	6498	1129	1198
1329	11:18:29	60.11	6498	1129	1198
1330	11:19:29	60.10	6499	1128	1198
1331	11:20:29	60.05	6498	1128	1197
1332	11:21:29	60.11	6498	1127	1197
1333	11:22:30	60.12	6498	1127	1196
1334	11:23:30	60.11	6498	1126	1196
1335	11:24:30	60.12	6498	1126	1195
1336	11:25:30	60.12	6498	1125	1195
1337	11:26:30	60.12	6498	1125	1195
1338	11:27:30	60.11	6498	1125	1194
1339	11:28:30	60.11	6498	1124	1194
1340	11:29:30	60.12	6498	1124	1193
1341	11:30:30	60.11	6498	1123	1193
1342	11:31:31	60.12	6498	1123	1193
1343	11:32:31	60.10	6498	1122	1192
1344	11:33:31	60.12	6499	1122	1192
1345	11:34:31	60.13	6499	1121	1191
1346	11:35:31	60.13	6498	1121	1191
1347	11:36:31	60.11	6499	1121	1190
1348	11:37:31	60.12	6498	1120	1190
1349	11:38:31	60.11	6499	1120	1189
1350	11:39:31	60.11	6498	1119	1189
1351	11:40:32	60.11	6498	1119	1189
1352	11:41:32	60.11	6498	1118	1188
1353	11:42:32	60.11	6498	1118	1188
1354	11:43:32	60.11	6498	1118	1187
1355	11:44:32	60.12	6498	1117	1187
1356	11:45:32	60.11	6498	1117	1186
1357	11:46:32	60.12	6498	1116	1186
1358	11:47:32	60.11	6498	1116	1186
1359	11:48:32	60.11	6499	1116	1185
1360	11:49:33	60.11	6499	1115	1185
1361	11:50:33	60.09	6499	1115	1184
1362	11:51:33	60.11	6498	1114	1184
1363	11:52:33	60.10	6498	1114	1184
1364	11:53:33	60.11	6499	1114	1183
1365	11:54:33	60.12	6498	1113	1183
1366	11:55:33	60.12	6498	1113	1183
1367	11:56:33	28.29	6498	1112	1182
1368	11:57:02	60.12	6498	1112	1182
1369	11:58:02	60.12	6498	1112	1181
1370	11:59:02	60.12	6498	1111	1181
1371	12:00:02	60.12	6498	1111	1181
1372	12:01:02	60.11	6498	1110	1180
1373	12:02:02	60.11	6499	1110	1180
1374	12:03:02	60.12	6498	1110	1179
1375	12:04:02	60.11	6498	1109	1179
1376	12:05:03	60.13	6499	1109	1178
1377	12:06:03	60.11	6498	1108	1178
1378	12:07:03	60.11	6499	1108	1178
1379	12:08:03	60.10	6499	1108	1177
1380	12:09:03	60.11	6498	1107	1177
1381	12:10:03	60.12	6498	1107	1176
1382	12:11:03	60.11	6498	1106	1176
1383	12:12:03	60.11	6498	1106	1176
1384	12:13:03	60.11	6498	1105	1175
1385	12:14:04	60.11	6498	1105	1175
1386	12:15:04	60.11	6498	1105	1174
1387	12:16:04	60.12	6498	1104	1174
1388	12:17:04	60.10	6498	1104	1173
1389	12:18:04	60.12	6498	1103	1173
1390	12:19:04	60.12	6498	1103	1173
1391	12:20:04	60.07	6498	1102	1172
1392	12:21:04	60.09	6498	1102	1172
1393	12:22:04	60.11	6498	1102	1171
1394	12:23:05	60.11	6499	1101	1171
1395	12:24:05	60.12	6498	1101	1171
1396	12:25:05	60.11	6498	1100	1170
1397	12:26:05	60.10	6498	1100	1170
1398	12:27:05	60.12	6498	1100	1169
1399	12:28:05	60.12	6498	1099	1169
1400	12:29:05	60.12	6499	1099	1169
1401	12:30:05	60.12	6498	1098	1168
1402	12:31:05	60.10	6498	1098	1168
1403	12:32:06	60.10	6498	1097	1167
1404	12:33:06	60.10	6498	1097	1167
1405	12:34:06	60.11	6498	1097	1167
1406	12:35:06	60.11	6498	1096	1166
1407	12:36:06	60.12	6499	1096	1166
1408	12:37:06	60.12	6498	1095	1165
1409	12:38:06	60.13	6498	1095	1165
1410	12:39:06	60.11	6498	1095	1165
1411	12:40:06	60.11	6498	1094	1164
1412	12:41:07	60.12	6499	1094	1164
1413	12:42:07	60.11	6498	1093	1163
1414	12:43:07	60.11	6498	1093	1163
1415	12:44:07	60.11	6498	1092	1163
1416	12:45:07	60.12	6499	1092	1162
1417	12:46:07	60.09	6498	1092	1162
1418	12:47:07	60.12	6498	1091	1161
1419	12:48:07	60.11	6498	1091	1161
1420	12:49:07	60.11	6499	1090	1161
1421	12:50:08	60.10	6498	1090	1160
1422	12:51:08	60.11	6498	1090	1160
1423	12:52:08	60.12	6498	1089	1160
1424	12:53:08	60.11	6498	1089	1159
1425	12:54:08	60.11	6498	1089	1159
1426	12:55:08	60.13	6499	1088	1159
1427	12:56:08	10.27	6498	1088	1158
1428	12:56:19	60.39	6498	1088	1158
1429	12:57:19	60.10	6498	1087	1157
1430	12:58:19	60.11	6499	1087	1157
1431	12:59:19	60.12	6498	1086	1157
1432	13:00:19	60.12	6498	1086	1156
1433	13:01:19	60.11	6498	1086	1156
1434	13:02:19	60.12	6498	1085	1155
1435	13:03:20	60.11	6498	1085	1155
1436	13:04:20	60.10	6498	1085	1155
1437	13:05:20	60.12	6499	1084	1154
1438	13:06:20	60.10	6498	1084	1154
1439	13:07:20	60.11	6499	1083	1153
1440	13:08:20	60.12	6499	1083	1153
1441	13:09:20	60.12	6498	1083	1153
1442	13:10:20	60.11	6498	1082	1152
1443	13:11:20	60.11	6499	1082	1152
1444	13:12:21	60.12	6498	1081	1151
1445	13:13:21	60.11	6498	1081	1151
1446	13:14:21	60.12	6498	1081	1151
1447	13:15:21	60.12	6498	1080	1150
1448	13:16:21	60.12	6498	1080	1150
1449	13:17:21	60.12	6499	1079	1150
1450	13:18:21	60.12	6498	1079	1149
1451	13:19:21	60.11	6499	1079	1149
1452	13:20:21	60.04	6499	1078	1148
1453	13:21:22	60.11	6499	1078	1148
1454	13:22:22	60.12	6499	1077	1148
1455	13:23:22	60.12	6498	1077	1147
1456	13:24:22	60.10	6498	1077	1147
1457	13:25:22	60.10	6498	1076	1146
1458	13:26:22	60.12	6498	1076	1146
1459	13:27:22	60.11	6498	1075	1146
1460	13:28:22	60.10	6498	1075	1145
1461	13:29:22	60.11	6499	1075	1145
1462	13:30:23	60.13	6499	1074	1145
1463	13:31:23	60.12	6498	1074	1144
1464	13:32:23	60.12	6499	1073	1144
1465	13:33:23	60.11	6498	1073	1143
1466	13:34:23	60.11	6498	1073	1143
1467	13:35:23	60.11	6498	1072	1143
1468	13:36:23	60.12	6499	1072	1142
1469	13:37:23	60.11	6499	1071	1142
1470	13:38:23	60.11	6499	1071	1142
1471	13:39:24	60.12	6498	1071	1141
1472	13:40:24	60.11	6498	1070	1141
1473	13:41:24	60.11	6498	1070	1140
1474	13:42:24	60.12	6498	1069	1140
1475	13:43:24	60.11	6498	1069	1140
1476	13:44:24	60.11	6499	1069	1139
1477	13:45:24	60.11	6499	1068	1139
1478	13:46:24	60.11	6498	1068	1138
1479	13:47:24	60.10	6498	1067	1138
1480	13:48:25	60.12	6498	1067	1138
1481	13:49:25	60.11	6498	1067	1137
1482	13:50:25	60.10	6499	1066	1137
1483	13:51:25	60.11	6498	1066	1137
1484	13:52:25	60.12	6498	1066	1136
1485	13:53:25	60.11	6498	1065	1136
1486	13:54:25	60.11	6498	1065	1136
1487	13:55:25	60.11	6499	1064	1135
1488	13:56:25	60.10	6498	1064	1135
1489	13:57:26	60.12	6498	1064	1134
1490	13:58:26	60.12	6498	1063	1134
1491	13:59:26	60.11	6498	1063	1134
1492	14:00:26	60.12	6499	1063	1133
1493	14:01:26	60.12	6499	1062	1133
1494	14:02:26	60.11	6498	1062	1133
1495	14:03:26	60.11	6498	1062	1133
1496	14:04:26	10.27	6498	1062	1132
1497	14:04:37	60.12	6498	1061	1132
1498	14:05:37	60.11	6498	1061	1132
1499	14:06:37	60.11	6498	1061	1132
1500	14:07:37	60.12	6498	1061	1131
1501	14:08:37	60.11	6498	1061	1131
1502	14:09:37	60.11	6498	1060	1131
1503	14:10:37	60.11	6498	1060	1131
1504	14:11:37	60.10	6498	1060	1131
1505	14:12:37	60.11	6499	1060	1130
1506	14:13:38	60.11	6498	1060	1130
1507	14:14:38	60.12	6498	1059	1130
1508	14:15:38	58.55	6498	1059	1130
1509	14:16:36	10.07	6498	1059	1130
1510	14:16:46	60.11	6499	1059	1129
1511	14:17:47	60.11	6498	1058	1129
1512	14:18:47	60.10	6499	1058	1129
1513	14:19:47	60.08	6498	1058	1129
1514	14:20:47	60.07	6498	1058	1128
1515	14:21:47	60.12	6498	1058	1128
1516	14:22:47	60.11	6499	1057	1128
1517	14:23:47	60.12	6499	1057	1128
1518	14:24:47	60.11	6499	1057	1128
1519	14:25:47	60.11	6498	1057	1127
1520	14:26:48	60.11	6498	1056	1127
1521	14:27:48	60.13	6498	1056	1127
1522	14:28:48	60.11	6498	1056	1127
1523	14:29:48	60.11	6498	1056	1126
1524	14:30:48	60.11	6498	1055	1126
1525	14:31:48	60.11	6498	1055	1126
1526	14:32:48	60.12	6498	1055	1126
1527	14:33:48	60.11	6498	1055	1125
1528	14:34:48	60.11	6499	1054	1125
1529	14:35:49	60.11	6498	1054	1125
1530	14:36:49	60.12	6498	1054	1125
1531	14:37:49	60.12	6498	1054	1125
1532	14:38:49	60.11	6498	1053	1124
1533	14:39:49	60.11	6498	1053	1124
1534	14:40:49	60.12	6498	1053	1124
1535	14:41:49	60.12	6498	1053	1124
1536	14:42:49	60.11	6498	1052	1123
1537	14:43:49	60.10	6499	1052	1123
1538	14:44:50	60.12	6498	1052	1123
1539	14:45:50	60.12	6498	1052	1123
1540	14:46:50	60.11	6499	1051	1123
1541	14:47:50	60.11	6498	1051	1122
1542	14:48:50	60.11	6498	1051	1122
1543	14:49:50	60.12	6498	1051	1122
1544	14:50:50	60.11	6498	1050	1122
1545	14:51:50	60.12	6499	1050	1121
1546	14:52:50	60.11	6498	1050	1121
1547	14:53:51	60.12	6498	1050	1121
1548	14:54:51	60.11	6498	1050	1121
1549	14:55:51	60.10	6498	1049	1121
1550	14:56:51	60.11	6498	1049	1120
1551	14:57:51	60.12	6498	1049	1120
1552	14:58:51	60.11	6498	1049	1120
1553	14:59:51	60.11	6499	1048	1120
1554	15:00:51	60.12	6498	1048	1119
1555	15:01:51	60.12	6498	1048	1119
1556	15:02:52	60.10	6498	1048	1119
1557	15:03:52	60.11	6498	1048	1119
1558	15:04:52	60.12	6498	1047	1119
1559	15:05:52	60.12	6499	13.37	14.5
1560	15:06:52	60.12	6498	0	0
1561	15:07:52	60.11	6498	0	0
1562	15:08:52	53.33	6498	0	0
1563	15:09:46	54.17	6498	0	0
1564	15:10:40	60.04	6498	0	0
1565	15:11:40	60.12	6501	0	0
1566	15:12:40	60.12	6501	0	0
1567	15:13:40	60.12	6501	0	0
1568	15:14:40	60.12	6501	0	0
1569	15:15:40	60.11	6470	0	0
1570	15:16:40	60.12	6319	0	0
1571	15:17:41	60.12	6036	0	0
1572	15:18:41	60.12	5685	0	0
1573	15:19:41	24.08	5332	0	0
1574	15:20:05	60.25	5190	0	0
1575	15:21:05	10.26	4836	0	0
1576	15:21:15	60.12	4776	0	0
1577	15:22:15	60.12	4421	0	0
1578	15:23:16	60.13	4059	0	0
1579	15:24:16	60.12	3703	0	0
1580	15:25:16	60.11	3347	0	0
1581	15:26:16	60.12	2990	0	0
1582	15:27:16	60.11	2634	0	0
1583	15:28:16	25.22	2277	0	0
Created by AtlRunQuery on: 2018-12-09 19:48:59.400085
