LHC beam energy and intensities during run 349263:
(Begin/end of run: Mon Apr 30 2018 18:52:32 − 21:47:19)

LB	   Start time
(CEST)	   Duration
(sec)	   Beam energy
(GeV)	   Intensity Beam-1
(1e11 protons)	   Intensity Beam-2
(1e11 protons)
1	18:52:32	60.12	450	507.8	817.8
2	18:53:32	60.12	450	531.2	970.1
3	18:54:32	60.38	450	631.6	1006
4	18:55:32	60.11	450	805.6	1047
5	18:56:33	60.14	450	947	1145
6	18:57:33	10.27	450	999.3	1314
7	18:57:43	12.25	450	999.1	1314
8	18:57:55	60.18	450	999.6	1314
9	18:58:55	60.13	450	1075	1313
10	18:59:56	60.12	449	1192	1498
11	19:00:56	60.11	449	1334	1499
12	19:01:56	60.12	450	1493	1563
13	19:02:56	60.12	450	1493	1621
14	19:03:56	60.12	450	1574	1628
15	19:04:56	60.17	450	1693	1805
16	19:05:56	60.12	450	1834	1803
17	19:06:56	60.37	450	1984	1909
18	19:07:57	60.15	449	1982	1986
19	19:08:57	60.13	450	1979	1984
20	19:09:57	60.13	450	1976	1982
21	19:10:57	60.14	450	1974	1979
22	19:11:57	60.12	450	1971	1977
23	19:12:57	60.13	450	1969	1974
24	19:13:58	60.14	450	1967	1972
25	19:14:58	60.12	450	1964	1969
26	19:15:58	60.10	450	1962	1967
27	19:16:58	60.11	450	1959	1965
28	19:17:58	60.38	450	1957	1962
29	19:18:58	60.36	450	1954	1960
30	19:19:59	60.12	450	1952	1957
31	19:20:59	60.12	450	1949	1955
32	19:21:59	60.16	450	1946	1952
33	19:22:59	60.15	450	1944	1950
34	19:23:59	60.13	450	1941	1947
35	19:24:59	60.12	450	1938	1945
36	19:26:00	60.13	450	1935	1942
37	19:27:00	60.12	450	1933	1940
38	19:28:00	60.14	450	1930	1937
39	19:29:00	60.13	450	1927	1934
40	19:30:00	60.13	450	188.1	186.7
41	19:31:00	60.16	450	0	0
42	19:32:00	60.14	450	0	0
43	19:33:01	60.14	449	0	0
44	19:34:01	23.86	450	0	0
45	19:34:25	60.28	450	0	0
46	19:35:25	60.15	450	0	0
47	19:36:25	60.11	450	0	0
48	19:37:25	60.12	450	0	0
49	19:38:25	60.18	450	0	0
50	19:39:25	60.12	450	0	0
51	19:40:25	60.16	450	0	0
52	19:41:26	60.16	450	0	0
53	19:42:26	60.12	450	0	0
54	19:43:26	60.13	450	0	0
55	19:44:26	60.12	449	0	0
56	19:45:26	60.11	450	0	0
57	19:46:26	60.14	450	0	0
58	19:47:26	60.17	450	0	0
59	19:48:27	60.14	450	0	0
60	19:49:27	60.14	450	0.02317	0
61	19:50:27	60.15	450	0.07704	0.05326
62	19:51:27	60.12	450	0.0769	0.0778
63	19:52:27	60.14	450	0.07675	0.07772
64	19:53:27	60.12	450	0.07644	0.07761
65	19:54:27	60.13	450	3.118	0.07716
66	19:55:28	60.13	450	13.2	8.206
67	19:56:28	60.12	450	13.2	13.3
68	19:57:28	60.13	450	13.19	13.29
69	19:58:28	60.15	450	13.18	13.28
70	19:59:28	60.16	450	48.11	125.8
71	20:00:28	60.17	450	137.1	138
72	20:01:28	60.12	450	137	218
73	20:02:29	60.16	450	287.9	360.1
74	20:03:29	60.13	450	428.1	509.2
75	20:04:29	60.13	450	507.4	510
76	20:05:29	60.12	450	519.2	599.4
77	20:06:29	60.12	450	630.2	723.1
78	20:07:29	60.12	450	790.6	864.1
79	20:08:29	60.12	450	932.6	1006
80	20:09:29	60.16	450	1003	1007
81	20:10:30	60.10	450	1020	1101
82	20:11:30	60.14	450	1125	1129
83	20:12:30	60.38	450	1292	1182
84	20:13:30	60.15	450	1434	1324
85	20:14:30	60.46	450	1492	1500
86	20:15:31	60.11	450	1517	1499
87	20:16:31	60.15	450	1612	1498
88	20:17:31	60.12	450	1791	1496
89	20:18:31	60.15	450	1795	1509
90	20:19:31	60.14	450	1884	1616
91	20:20:31	60.18	450	1973	1826
92	20:21:32	60.13	450	1970	1986
93	20:22:32	60.13	450	1967	1983
94	20:23:32	60.15	450	1963	1981
95	20:24:32	60.11	450	1960	1978
96	20:25:32	60.12	450	1957	1976
97	20:26:32	60.16	459	1953	1974
98	20:27:32	60.12	533	1952	1973
99	20:28:33	60.15	681	1951	1972
100	20:29:33	22.83	891	1951	1971
101	20:29:56	48.77	987	1951	1971
102	20:30:44	59.49	1223	1937	1956
103	20:31:44	60.30	1568	1936	1956
104	20:32:44	60.14	1915	1936	1956
105	20:33:44	60.10	2263	1936	1956
106	20:34:44	60.15	2610	1936	1956
107	20:35:45	60.11	2964	1936	1956
108	20:36:45	60.11	3311	1936	1956
109	20:37:45	60.14	3658	1936	1956
110	20:38:45	60.11	4006	1935	1956
111	20:39:45	60.12	4353	1935	1956
112	20:40:45	60.12	4701	1934	1956
113	20:41:45	60.12	5048	1933	1955
114	20:42:45	60.11	5395	1933	1955
115	20:43:45	60.12	5743	1931	1955
116	20:44:46	60.12	6096	1930	1955
117	20:45:46	37.50	6443	1927	1954
118	20:46:23	15.96	6499	1926	1954
119	20:46:39	60.57	6499	1926	1954
120	20:47:40	60.14	6499	1926	1953
121	20:48:40	60.13	6499	1924	1953
122	20:49:40	60.12	6499	1924	1953
123	20:50:40	60.15	6499	1924	1953
124	20:51:40	60.13	6499	1923	1953
125	20:52:40	60.12	6499	1921	1953
126	20:53:40	60.13	6499	1920	1952
127	20:54:41	60.11	6499	1919	1952
128	20:55:41	60.18	6499	1918	1952
129	20:56:41	60.15	6499	1917	1951
130	20:57:41	60.13	6499	1914	1951
131	20:58:41	60.14	6499	1910	1950
132	20:59:41	60.16	6499	1904	1949
133	21:00:41	58.88	6499	1898	1948
134	21:01:40	60.44	6499	1896	1947
135	21:02:41	60.12	6499	1893	1946
136	21:03:41	60.13	6499	1890	1946
137	21:04:41	60.12	6499	1884	1945
138	21:05:41	60.13	6499	1880	1943
139	21:06:41	60.12	6499	1878	1942
140	21:07:41	13.83	6499	1877	1941
141	21:07:55	60.30	6499	1875	1940
142	21:08:56	39.65	6499	1873	1938
143	21:09:35	60.29	6499	1871	1937
144	21:10:35	60.11	6499	1869	1935
145	21:11:36	60.11	6499	1867	1933
146	21:12:36	17.94	6499	1865	1932
147	21:12:54	17.87	6499	1865	1932
148	21:13:11	60.51	6499	1864	1931
149	21:14:12	10.10	6499	1863	1930
150	21:14:22	60.13	6499	1861	1929
151	21:15:22	22.53	6499	1860	1928
152	21:15:45	60.15	6499	1859	1927
153	21:16:45	10.28	6499	1858	1926
154	21:16:55	46.02	6499	1857	1925
155	21:17:41	60.19	6499	1855	1924
156	21:18:41	60.16	6499	1853	1922
157	21:19:42	60.13	6499	1851	1920
158	21:20:42	10.28	6499	1850	1920
159	21:20:52	60.44	6499	1849	1918
160	21:21:52	60.17	6499	1847	1917
161	21:22:53	60.15	6499	1844	1915
162	21:23:53	60.15	6499	1842	1914
163	21:24:53	21.35	6499	1841	1912
164	21:25:14	10.26	6499	1841	1912
165	21:25:24	60.12	6499	1839	1911
166	21:26:25	60.11	6499	1837	1909
167	21:27:25	60.14	6499	1835	1908
168	21:28:25	60.16	6499	1833	1906
169	21:29:25	60.12	6499	1832	1905
170	21:30:25	60.14	6499	1830	1903
171	21:31:25	60.37	6499	1828	1902
172	21:32:26	60.11	6499	1826	1900
173	21:33:26	60.15	6499	1824	1899
174	21:34:26	60.11	6499	1822	1897
175	21:35:26	60.15	6499	1820	1896
176	21:36:26	60.12	6499	1819	1895
177	21:37:26	59.78	6499	1817	1893
178	21:38:26	14.73	6499	1816	1892
179	21:38:41	60.27	6499	1815	1891
180	21:39:41	60.11	6499	1813	1890
181	21:40:41	60.17	6499	1811	1889
182	21:41:41	60.14	6499	1809	1887
183	21:42:41	60.13	6499	1808	1886
184	21:43:42	60.15	6499	1806	1885
185	21:44:42	60.11	6499	1804	1883
186	21:45:42	60.12	6499	1803	1882
187	21:46:42	36.69	6499	0	0
Created by AtlRunQuery on: 2018-11-29 15:48:38.687981
