LHC beam energy and intensities during run 349268:
(Begin/end of run: Mon Apr 30 2018 22:02:10 − Tue May 01, 09:14:22)

LB	   Start time
(CEST)	   Duration
(sec)	   Beam energy
(GeV)	   Intensity Beam-1
(1e11 protons)	   Intensity Beam-2
(1e11 protons)
1	22:02:10	60.16	6499	1776	1861
2	22:03:10	60.16	6499	1774	1859
3	22:04:10	15.99	6499	1773	1859
4	22:04:26	10.11	6499	1773	1858
5	22:04:36	42.82	6499	1772	1858
6	22:05:19	11.53	6499	1771	1857
7	22:05:31	10.13	6499	1771	1857
8	22:05:41	60.11	6499	1770	1856
9	22:06:41	60.12	6499	1769	1855
10	22:07:41	42.57	6499	1767	1854
11	22:08:24	26.75	6499	1766	1853
12	22:08:50	60.48	6499	1765	1852
13	22:09:51	60.11	6499	1764	1851
14	22:10:51	60.17	6499	1762	1850
15	22:11:51	60.15	6499	1761	1849
16	22:12:51	18.08	6499	1760	1848
17	22:13:09	60.07	6499	1759	1847
18	22:14:09	60.15	6499	1757	1846
19	22:15:10	37.37	6499	1756	1845
20	22:15:47	13.13	6499	1756	1844
21	22:16:00	9.01	6499	1755	1844
22	22:16:09	8.83	6499	1755	1844
23	22:16:18	9.00	6499	1755	1844
24	22:16:27	9.10	6499	1755	1844
25	22:16:36	9.02	6499	1755	1843
26	22:16:45	8.81	6499	1754	1843
27	22:16:54	9.01	6499	1754	1843
28	22:17:03	9.13	6499	1754	1843
29	22:17:12	9.01	6499	1754	1843
30	22:17:21	9.12	6499	1753	1843
31	22:17:30	9.01	6499	1753	1842
32	22:17:39	8.82	6499	1753	1842
33	22:17:48	9.01	6499	1753	1842
34	22:17:57	8.82	6499	1753	1842
35	22:18:06	9.01	6499	1753	1842
36	22:18:15	9.12	6499	1752	1842
37	22:18:24	9.00	6499	1752	1842
38	22:18:33	24.07	6499	1752	1841
39	22:18:57	8.98	6499	1752	1841
40	22:19:06	8.53	6499	1751	1841
41	22:19:14	9.01	6499	1751	1841
42	22:19:23	8.53	6499	1751	1841
43	22:19:32	9.00	6499	1751	1841
44	22:19:41	8.53	6499	1751	1840
45	22:19:50	9.01	6499	1750	1840
46	22:19:59	8.52	6499	1750	1840
47	22:20:07	9.01	6499	1750	1840
48	22:20:16	8.51	6499	1750	1840
49	22:20:25	9.01	6499	1750	1840
50	22:20:34	8.25	6499	1749	1839
51	22:20:42	9.02	6499	1749	1839
52	22:20:51	8.52	6499	1749	1839
53	22:20:59	9.01	6499	1749	1839
54	22:21:08	8.53	6499	1748	1839
55	22:21:17	9.00	6499	1748	1839
56	22:21:26	8.50	6499	1748	1839
57	22:21:34	47.06	6499	1747	1838
58	22:22:21	60.49	6499	1746	1837
59	22:23:22	20.55	6499	1745	1836
60	22:23:43	60.15	6499	1744	1835
61	22:24:43	19.59	6499	1743	1835
62	22:25:02	60.12	6499	1742	1834
63	22:26:02	60.12	6499	1741	1833
64	22:27:02	60.14	6499	1740	1831
65	22:28:03	60.29	6499	1738	1830
66	22:29:03	33.67	6499	1737	1829
67	22:29:37	60.03	6499	1736	1828
68	22:30:37	60.12	6499	1735	1827
69	22:31:37	60.11	6499	1733	1826
70	22:32:37	60.13	6499	1732	1825
71	22:33:37	60.15	6499	1730	1823
72	22:34:37	60.11	6499	1729	1822
73	22:35:37	60.17	6499	1728	1821
74	22:36:37	60.11	6499	1726	1820
75	22:37:38	60.14	6499	1725	1819
76	22:38:38	60.17	6499	1724	1817
77	22:39:38	60.15	6499	1722	1816
78	22:40:38	60.17	6499	1721	1815
79	22:41:38	60.15	6499	1720	1814
80	22:42:38	60.14	6499	1718	1813
81	22:43:38	60.18	6499	1717	1812
82	22:44:39	14.44	6499	1716	1811
83	22:44:53	31.08	6499	1716	1810
84	22:45:24	54.43	6499	1715	1810
85	22:46:19	60.22	6499	1713	1808
86	22:47:19	60.15	6499	1712	1807
87	22:48:19	60.14	6499	1711	1806
88	22:49:19	60.16	6499	1709	1805
89	22:50:19	60.12	6499	1708	1804
90	22:51:19	60.14	6499	1707	1803
91	22:52:19	60.16	6499	1705	1802
92	22:53:20	60.12	6499	1704	1800
93	22:54:20	60.10	6499	1703	1799
94	22:55:20	60.17	6499	1701	1798
95	22:56:20	60.13	6499	1700	1797
96	22:57:20	60.15	6499	1699	1796
97	22:58:20	60.16	6499	1697	1795
98	22:59:20	60.15	6499	1696	1794
99	23:00:21	60.16	6499	1695	1792
100	23:01:21	60.20	6499	1693	1791
101	23:02:21	60.18	6499	1692	1790
102	23:03:21	60.14	6499	1691	1789
103	23:04:21	60.12	6499	1690	1788
104	23:05:21	60.13	6499	1688	1787
105	23:06:22	10.31	6499	1688	1786
106	23:06:32	42.65	6499	1687	1786
107	23:07:15	48.10	6499	1686	1785
108	23:08:03	60.30	6499	1685	1784
109	23:09:03	60.17	6499	1684	1783
110	23:10:03	60.12	6499	1682	1782
111	23:11:03	60.13	6499	1681	1781
112	23:12:03	60.13	6499	1680	1779
113	23:13:03	60.16	6499	1678	1778
114	23:14:04	60.18	6499	1677	1777
115	23:15:04	31.49	6499	1676	1776
116	23:15:35	20.51	6499	1675	1776
117	23:15:56	60.40	6499	1675	1775
118	23:16:56	60.15	6499	1673	1774
119	23:17:56	60.14	6499	1672	1773
120	23:18:56	60.15	6499	1671	1772
121	23:19:57	60.12	6499	1669	1771
122	23:20:57	60.16	6499	1667	1770
123	23:21:57	60.16	6499	1666	1768
124	23:22:57	60.13	6499	1665	1767
125	23:23:57	60.12	6499	1663	1766
126	23:24:57	60.13	6499	1661	1765
127	23:25:57	60.13	6499	1660	1764
128	23:26:58	60.14	6499	1658	1763
129	23:27:58	60.15	6499	1656	1762
130	23:28:58	60.16	6499	1655	1761
131	23:29:58	60.36	6499	1653	1759
132	23:30:58	60.14	6499	1652	1758
133	23:31:59	60.17	6499	1650	1757
134	23:32:59	60.14	6499	1648	1756
135	23:33:59	60.16	6499	1647	1755
136	23:34:59	60.13	6499	1646	1754
137	23:35:59	60.15	6499	1644	1753
138	23:36:59	60.40	6499	1643	1752
139	23:38:00	60.14	6499	1641	1751
140	23:39:00	60.14	6499	1640	1749
141	23:40:00	60.11	6499	1638	1748
142	23:41:00	60.13	6499	1637	1747
143	23:42:00	60.15	6499	1635	1746
144	23:43:00	60.10	6499	1634	1745
145	23:44:00	60.13	6499	1632	1744
146	23:45:01	60.16	6499	1631	1743
147	23:46:01	60.15	6499	1629	1742
148	23:47:01	60.11	6499	1628	1741
149	23:48:01	60.15	6499	1627	1740
150	23:49:01	60.34	6499	1625	1738
151	23:50:02	60.15	6499	1624	1737
152	23:51:02	60.15	6499	1622	1736
153	23:52:02	60.12	6499	1621	1735
154	23:53:02	60.12	6499	1619	1734
155	23:54:02	60.15	6499	1618	1733
156	23:55:02	60.15	6499	1617	1732
157	23:56:02	60.15	6499	1615	1731
158	23:57:02	60.16	6499	1614	1730
159	23:58:03	60.11	6499	1613	1729
160	23:59:03	60.12	6499	1611	1728
161	00:00:03	60.11	6499	1610	1727
162	00:01:03	60.17	6499	1608	1726
163	00:02:03	60.15	6499	1607	1724
164	00:03:03	60.15	6499	1606	1723
165	00:04:03	60.12	6499	1604	1722
166	00:05:04	60.35	6499	1603	1721
167	00:06:04	60.16	6499	1602	1720
168	00:07:04	60.16	6499	1600	1719
169	00:08:04	60.14	6499	1599	1718
170	00:09:04	60.12	6499	1598	1717
171	00:10:05	60.15	6499	1596	1716
172	00:11:05	60.16	6499	1595	1715
173	00:12:05	60.15	6499	1593	1714
174	00:13:05	60.17	6499	1592	1713
175	00:14:05	31.64	6499	1591	1712
176	00:14:37	51.86	6499	1590	1711
177	00:15:29	60.34	6499	1589	1710
178	00:16:29	60.12	6499	1588	1709
179	00:17:29	60.13	6499	1586	1708
180	00:18:29	60.13	6499	1585	1707
181	00:19:29	60.11	6499	1584	1706
182	00:20:29	60.12	6499	1582	1705
183	00:21:30	60.13	6499	1581	1704
184	00:22:30	60.13	6499	1580	1703
185	00:23:30	60.11	6499	1578	1702
186	00:24:30	60.17	6499	1577	1701
187	00:25:30	60.11	6499	1575	1700
188	00:26:30	60.18	6499	1574	1699
189	00:27:30	60.14	6499	1573	1698
190	00:28:31	43.82	6499	1572	1697
191	00:29:14	42.73	6499	1571	1696
192	00:29:57	60.36	6499	1570	1695
193	00:30:57	60.39	6499	1569	1694
194	00:31:58	60.20	6499	1568	1693
195	00:32:58	60.13	6499	1567	1692
196	00:33:58	60.12	6499	1566	1691
197	00:34:58	60.15	6499	1564	1690
198	00:35:58	60.11	6499	1563	1689
199	00:36:59	60.36	6499	1562	1688
200	00:37:59	60.14	6499	1561	1687
201	00:38:59	60.14	6499	1560	1686
202	00:39:59	60.12	6499	1558	1685
203	00:40:59	60.14	6499	1557	1684
204	00:41:59	60.13	6499	1556	1683
205	00:43:00	60.12	6499	1555	1682
206	00:44:00	60.16	6499	1554	1681
207	00:45:00	60.15	6499	1552	1680
208	00:46:00	60.19	6499	1551	1679
209	00:47:00	60.15	6499	1550	1678
210	00:48:00	60.14	6499	1549	1677
211	00:49:01	60.16	6499	1548	1676
212	00:50:01	60.17	6499	1546	1675
213	00:51:01	60.13	6499	1545	1674
214	00:52:01	60.15	6499	1544	1673
215	00:53:01	60.17	6499	1543	1672
216	00:54:01	60.11	6499	1542	1671
217	00:55:01	60.17	6499	1540	1670
218	00:56:02	60.13	6499	1539	1669
219	00:57:02	60.15	6499	1538	1668
220	00:58:02	60.15	6499	1537	1667
221	00:59:02	60.13	6499	1536	1666
222	01:00:02	60.11	6499	1535	1665
223	01:01:02	60.15	6499	1533	1664
224	01:02:02	60.13	6499	1532	1663
225	01:03:03	60.15	6499	1531	1662
226	01:04:03	60.16	6499	1530	1661
227	01:05:03	60.14	6499	1528	1660
228	01:06:03	60.10	6499	1527	1659
229	01:07:03	60.13	6499	1526	1658
230	01:08:03	60.16	6499	1525	1658
231	01:09:03	60.14	6499	1524	1657
232	01:10:04	60.16	6499	1523	1656
233	01:11:04	60.15	6499	1521	1655
234	01:12:04	60.16	6499	1520	1654
235	01:13:04	60.15	6499	1519	1653
236	01:14:04	60.14	6499	1518	1652
237	01:15:04	60.13	6499	1517	1651
238	01:16:04	32.09	6499	1516	1650
239	01:16:36	60.08	6499	1515	1649
240	01:17:37	60.14	6499	1514	1648
241	01:18:37	60.16	6499	1512	1647
242	01:19:37	60.16	6499	1511	1646
243	01:20:37	60.11	6499	1510	1645
244	01:21:37	60.12	6499	1509	1644
245	01:22:37	60.12	6499	1508	1644
246	01:23:37	60.17	6499	1507	1643
247	01:24:38	60.13	6499	1506	1642
248	01:25:38	60.13	6499	1504	1641
249	01:26:38	60.16	6499	1503	1640
250	01:27:38	60.16	6499	1502	1639
251	01:28:38	60.11	6499	1501	1638
252	01:29:38	16.69	6499	1500	1637
253	01:29:55	53.25	6499	1499	1637
254	01:30:48	60.04	6499	1498	1636
255	01:31:48	60.16	6499	1497	1635
256	01:32:48	60.11	6499	1496	1634
257	01:33:48	60.14	6499	1495	1633
258	01:34:49	60.17	6499	1494	1632
259	01:35:49	60.11	6499	1493	1631
260	01:36:49	53.74	6499	1491	1630
261	01:37:43	45.96	6499	1491	1629
262	01:38:29	60.43	6499	1489	1629
263	01:39:29	60.11	6499	1488	1628
264	01:40:29	60.11	6499	1487	1627
265	01:41:29	60.12	6499	1486	1626
266	01:42:29	60.11	6499	1485	1625
267	01:43:29	60.17	6499	1484	1624
268	01:44:30	60.15	6499	1483	1623
269	01:45:30	53.32	6499	1482	1622
270	01:46:23	36.71	6499	1481	1621
271	01:47:00	60.36	6499	1480	1620
272	01:48:00	60.12	6499	1479	1619
273	01:49:00	60.15	6499	1478	1618
274	01:50:00	60.12	6499	1476	1617
275	01:51:01	60.13	6499	1475	1617
276	01:52:01	60.12	6499	1474	1616
277	01:53:01	29.88	6499	1473	1615
278	01:53:31	60.29	6499	1473	1614
279	01:54:31	60.16	6499	1471	1613
280	01:55:31	60.15	6499	1470	1612
281	01:56:31	60.17	6499	1469	1611
282	01:57:31	27.96	6499	1468	1611
283	01:57:59	60.21	6499	1468	1610
284	01:59:00	60.11	6499	1466	1609
285	02:00:00	60.11	6499	1465	1608
286	02:01:00	19.25	6499	1465	1607
287	02:01:19	41.94	6499	1464	1607
288	02:02:01	60.33	6499	1463	1606
289	02:03:01	60.13	6499	1462	1605
290	02:04:02	60.40	6499	1461	1604
291	02:05:02	60.13	6499	1460	1603
292	02:06:02	60.15	6499	1459	1602
293	02:07:02	60.11	6499	1457	1601
294	02:08:02	60.18	6499	1456	1600
295	02:09:02	60.12	6499	1455	1599
296	02:10:03	60.15	6499	1454	1599
297	02:11:03	60.14	6499	1453	1598
298	02:12:03	60.13	6499	1452	1597
299	02:13:03	60.16	6499	1451	1596
300	02:14:03	60.13	6499	1450	1595
301	02:15:03	60.38	6499	1449	1594
302	02:16:04	60.14	6499	1447	1593
303	02:17:04	60.11	6499	1446	1592
304	02:18:04	60.14	6499	1445	1591
305	02:19:04	60.15	6499	1444	1590
306	02:20:04	10.28	6499	1444	1590
307	02:20:15	60.12	6499	1443	1589
308	02:21:15	60.12	6499	1442	1588
309	02:22:15	60.14	6499	1441	1587
310	02:23:15	60.16	6499	1440	1586
311	02:24:15	60.12	6499	1439	1585
312	02:25:15	60.16	6499	1437	1584
313	02:26:15	60.16	6499	1436	1583
314	02:27:16	60.12	6499	1435	1582
315	02:28:16	60.11	6499	1434	1582
316	02:29:16	60.18	6499	1433	1581
317	02:30:16	60.16	6499	1432	1580
318	02:31:16	60.15	6499	1431	1579
319	02:32:16	60.14	6499	1430	1578
320	02:33:16	60.13	6499	1429	1577
321	02:34:16	60.13	6499	1428	1576
322	02:35:17	60.18	6499	1427	1575
323	02:36:17	60.10	6499	1426	1574
324	02:37:17	60.16	6499	1424	1573
325	02:38:17	60.16	6499	1423	1572
326	02:39:17	60.36	6499	1422	1571
327	02:40:18	60.17	6499	1421	1571
328	02:41:18	60.11	6499	1420	1570
329	02:42:18	60.38	6499	1419	1569
330	02:43:18	13.94	6499	1418	1568
331	02:43:32	31.14	6499	1418	1568
332	02:44:03	60.51	6499	1417	1567
333	02:45:04	60.16	6499	1416	1566
334	02:46:04	60.11	6499	1415	1565
335	02:47:04	60.11	6499	1414	1564
336	02:48:04	60.17	6499	1413	1563
337	02:49:04	60.14	6499	1412	1562
338	02:50:05	60.15	6499	1411	1562
339	02:51:05	60.14	6499	1410	1561
340	02:52:05	60.15	6499	1409	1560
341	02:53:05	60.12	6499	1408	1559
342	02:54:05	60.14	6499	1407	1558
343	02:55:05	59.29	6499	1406	1557
344	02:56:05	60.44	6499	1405	1556
345	02:57:05	60.13	6499	1404	1555
346	02:58:05	60.12	6499	1402	1554
347	02:59:05	24.74	6499	1402	1554
348	02:59:30	60.20	6499	1401	1553
349	03:00:30	35.49	6499	1400	1552
350	03:01:06	31.03	6499	1400	1552
351	03:01:37	60.49	6499	1399	1551
352	03:02:37	60.11	6499	1398	1550
353	03:03:37	30.56	6499	1397	1549
354	03:04:08	60.47	6499	1396	1549
355	03:05:08	60.15	6499	1395	1548
356	03:06:08	60.10	6499	1394	1547
357	03:07:09	60.14	6499	1393	1546
358	03:08:09	60.11	6499	1392	1545
359	03:09:09	60.12	6499	1391	1544
360	03:10:09	60.13	6499	1390	1543
361	03:11:09	59.92	6499	1389	1543
362	03:12:09	60.61	6499	1388	1542
363	03:13:10	60.12	6499	1387	1541
364	03:14:10	60.14	6499	1386	1540
365	03:15:10	60.11	6499	1385	1539
366	03:16:10	60.15	6499	1384	1538
367	03:17:10	60.20	6499	1383	1537
368	03:18:10	60.15	6499	1382	1536
369	03:19:10	60.15	6499	1381	1535
370	03:20:11	60.14	6499	1380	1534
371	03:21:11	60.11	6499	1379	1534
372	03:22:11	60.36	6499	1378	1533
373	03:23:11	60.14	6499	1377	1532
374	03:24:11	60.11	6499	1376	1531
375	03:25:11	60.13	6499	1375	1530
376	03:26:12	47.11	6499	1374	1529
377	03:26:59	60.15	6499	1373	1528
378	03:27:59	60.11	6499	1372	1528
379	03:28:59	60.12	6499	1371	1527
380	03:29:59	60.13	6499	1370	1526
381	03:30:59	60.14	6499	1369	1525
382	03:31:59	60.14	6499	1368	1524
383	03:32:59	60.11	6499	1367	1523
384	03:34:00	59.41	6499	1366	1522
385	03:34:59	41.26	6499	1365	1522
386	03:35:40	60.44	6499	1364	1521
387	03:36:41	10.28	6499	1364	1520
388	03:36:51	60.48	6499	1363	1520
389	03:37:51	60.12	6499	1362	1519
390	03:38:52	60.16	6499	1361	1518
391	03:39:52	60.11	6499	1360	1517
392	03:40:52	21.50	6499	1359	1517
393	03:41:13	60.44	6499	1359	1516
394	03:42:14	10.34	6499	1358	1516
395	03:42:24	60.41	6499	1358	1515
396	03:43:25	60.12	6499	1357	1514
397	03:44:25	60.12	6499	1355	1513
398	03:45:25	60.14	6499	1354	1512
399	03:46:25	60.11	6499	1354	1511
400	03:47:25	60.17	6499	1353	1511
401	03:48:25	60.15	6499	1352	1510
402	03:49:25	60.15	6499	1351	1509
403	03:50:26	60.16	6499	1350	1508
404	03:51:26	20.65	6499	1349	1507
405	03:51:46	31.09	6499	1348	1507
406	03:52:17	60.51	6499	1348	1506
407	03:53:18	60.15	6499	1347	1505
408	03:54:18	60.13	6499	1346	1505
409	03:55:18	60.14	6499	1345	1504
410	03:56:18	60.14	6499	1344	1503
411	03:57:18	60.13	6499	1343	1502
412	03:58:19	60.15	6499	1342	1501
413	03:59:19	60.13	6499	1341	1501
414	04:00:19	60.11	6499	1340	1500
415	04:01:19	60.17	6499	1339	1499
416	04:02:19	60.14	6499	1338	1498
417	04:03:19	60.16	6499	1337	1497
418	04:04:19	60.11	6499	1336	1496
419	04:05:20	60.17	6499	1335	1495
420	04:06:20	60.14	6499	1334	1494
421	04:07:20	60.13	6499	1333	1494
422	04:08:20	60.35	6499	1332	1493
423	04:09:20	60.13	6499	1331	1492
424	04:10:21	60.16	6499	1330	1491
425	04:11:21	60.17	6499	1329	1490
426	04:12:21	60.17	6499	1328	1489
427	04:13:21	60.13	6499	1327	1488
428	04:14:21	60.14	6499	1326	1488
429	04:15:21	60.11	6499	1325	1487
430	04:16:21	10.26	6499	1325	1486
431	04:16:32	60.11	6499	1324	1486
432	04:17:32	20.27	6499	1324	1485
433	04:17:52	60.15	6499	1323	1485
434	04:18:52	60.16	6499	1322	1484
435	04:19:52	60.12	6499	1321	1483
436	04:20:52	60.40	6499	1320	1482
437	04:21:53	60.15	6499	1319	1481
438	04:22:53	60.10	6499	1318	1481
439	04:23:53	60.15	6499	1317	1480
440	04:24:53	12.68	6499	1317	1479
441	04:25:06	60.20	6499	1316	1479
442	04:26:06	60.13	6499	1315	1478
443	04:27:06	60.36	6499	1314	1477
444	04:28:07	60.11	6499	1313	1476
445	04:29:07	60.15	6499	1312	1475
446	04:30:07	60.15	6499	1311	1474
447	04:31:07	60.14	6499	1310	1474
448	04:32:07	60.16	6499	1309	1473
449	04:33:07	10.29	6499	1309	1472
450	04:33:18	11.41	6499	1309	1472
451	04:33:29	60.23	6499	1308	1472
452	04:34:29	60.13	6499	1307	1471
453	04:35:29	59.61	6499	1306	1470
454	04:36:29	60.15	6499	1305	1469
455	04:37:29	60.12	6499	1304	1468
456	04:38:29	60.13	6499	1303	1468
457	04:39:29	60.16	6499	1302	1467
458	04:40:30	60.12	6499	1301	1466
459	04:41:30	60.12	6499	1300	1465
460	04:42:30	60.12	6499	1299	1464
461	04:43:30	60.12	6499	1299	1463
462	04:44:30	60.14	6499	1298	1462
463	04:45:30	60.17	6499	1297	1462
464	04:46:30	60.10	6499	1296	1461
465	04:47:30	60.13	6499	1295	1460
466	04:48:31	60.14	6499	1294	1459
467	04:49:31	60.14	6499	1293	1458
468	04:50:31	60.12	6499	1292	1457
469	04:51:31	60.12	6499	1291	1457
470	04:52:31	60.15	6499	1290	1456
471	04:53:31	60.14	6499	1289	1455
472	04:54:31	60.14	6499	1288	1454
473	04:55:32	60.14	6499	1288	1453
474	04:56:32	60.14	6499	1287	1453
475	04:57:32	60.18	6499	1286	1452
476	04:58:32	60.14	6499	1285	1451
477	04:59:32	60.15	6499	1284	1450
478	05:00:32	60.14	6499	1283	1449
479	05:01:32	60.11	6499	1282	1448
480	05:02:33	60.11	6499	1281	1448
481	05:03:33	60.16	6499	1280	1447
482	05:04:33	60.13	6499	1279	1446
483	05:05:33	60.12	6499	1279	1445
484	05:06:33	60.18	6499	1278	1444
485	05:07:33	60.17	6499	1277	1444
486	05:08:33	60.11	6499	1276	1443
487	05:09:34	60.12	6499	1275	1442
488	05:10:34	60.16	6499	1274	1441
489	05:11:34	34.01	6499	1273	1441
490	05:12:08	56.15	6499	1273	1440
491	05:13:04	60.23	6499	1272	1439
492	05:14:04	60.11	6499	1271	1438
493	05:15:04	60.15	6499	1270	1438
494	05:16:04	60.16	6499	1269	1437
495	05:17:05	60.12	6499	1268	1436
496	05:18:05	60.15	6499	1267	1435
497	05:19:05	60.13	6499	1267	1434
498	05:20:05	60.15	6499	1266	1434
499	05:21:05	60.15	6499	1265	1433
500	05:22:05	60.15	6499	1264	1432
501	05:23:05	60.12	6499	1263	1431
502	05:24:06	60.12	6499	1262	1430
503	05:25:06	60.13	6499	1261	1429
504	05:26:06	60.15	6499	1260	1429
505	05:27:06	60.14	6499	1259	1428
506	05:28:06	60.15	6499	1258	1427
507	05:29:06	60.16	6499	1258	1426
508	05:30:06	60.17	6499	1257	1425
509	05:31:07	60.15	6499	1256	1425
510	05:32:07	60.11	6499	1255	1424
511	05:33:07	60.11	6499	1254	1423
512	05:34:07	60.11	6499	1253	1422
513	05:35:07	60.14	6499	1252	1421
514	05:36:07	60.12	6499	1251	1421
515	05:37:07	60.10	6499	1250	1420
516	05:38:07	60.12	6499	1250	1419
517	05:39:08	60.14	6499	1249	1418
518	05:40:08	60.17	6499	1248	1418
519	05:41:08	60.15	6499	1247	1417
520	05:42:08	60.12	6499	1246	1416
521	05:43:08	60.16	6499	1245	1415
522	05:44:08	60.14	6499	1244	1414
523	05:45:08	60.17	6499	1244	1414
524	05:46:09	60.16	6499	1243	1413
525	05:47:09	28.90	6499	1242	1412
526	05:47:38	60.08	6499	1241	1412
527	05:48:38	60.11	6499	1241	1411
528	05:49:38	60.14	6499	1240	1410
529	05:50:38	60.15	6499	1239	1409
530	05:51:38	60.16	6499	1238	1409
531	05:52:38	60.14	6499	1237	1408
532	05:53:38	60.14	6499	1236	1407
533	05:54:39	60.12	6499	1235	1406
534	05:55:39	60.16	6499	1234	1405
535	05:56:39	60.13	6499	1234	1405
536	05:57:39	60.14	6499	1233	1404
537	05:58:39	60.12	6499	1232	1403
538	05:59:39	60.14	6499	1231	1402
539	06:00:39	60.35	6499	1230	1401
540	06:01:40	60.09	6499	1229	1401
541	06:02:40	60.14	6499	1229	1400
542	06:03:40	60.15	6499	1228	1399
543	06:04:40	60.13	6499	1227	1398
544	06:05:40	60.11	6499	1226	1398
545	06:06:40	60.11	6499	1225	1397
546	06:07:40	60.16	6499	1224	1396
547	06:08:41	57.07	6499	1223	1395
548	06:09:38	60.23	6499	1222	1395
549	06:10:38	60.12	6499	1222	1394
550	06:11:38	60.36	6499	1221	1393
551	06:12:38	60.41	6499	1220	1392
552	06:13:39	60.10	6499	1219	1391
553	06:14:39	60.11	6499	1218	1391
554	06:15:39	60.11	6499	1217	1390
555	06:16:39	60.16	6499	1216	1389
556	06:17:39	60.15	6499	1216	1388
557	06:18:39	60.14	6499	1215	1388
558	06:19:40	60.13	6499	1214	1387
559	06:20:40	60.14	6499	1213	1386
560	06:21:40	60.16	6499	1212	1385
561	06:22:40	60.16	6499	1211	1385
562	06:23:40	60.11	6499	1210	1384
563	06:24:40	60.10	6499	1210	1383
564	06:25:40	60.10	6499	1209	1382
565	06:26:41	60.13	6499	1208	1382
566	06:27:41	60.15	6499	1207	1381
567	06:28:41	60.13	6499	1206	1380
568	06:29:41	60.12	6499	1205	1379
569	06:30:41	60.11	6499	1204	1378
570	06:31:41	60.13	6499	1204	1378
571	06:32:41	60.18	6499	1203	1377
572	06:33:41	60.14	6499	1202	1376
573	06:34:42	60.11	6499	1201	1375
574	06:35:42	60.14	6499	1200	1375
575	06:36:42	60.14	6499	1199	1374
576	06:37:42	60.11	6499	1198	1373
577	06:38:42	60.17	6499	1197	1372
578	06:39:42	60.12	6499	1197	1372
579	06:40:42	60.14	6499	1196	1371
580	06:41:43	60.13	6499	1195	1370
581	06:42:43	60.13	6499	1194	1369
582	06:43:43	60.14	6499	1193	1369
583	06:44:43	60.13	6499	1192	1368
584	06:45:43	60.12	6499	1191	1367
585	06:46:43	60.17	6499	1191	1366
586	06:47:43	60.16	6499	1190	1366
587	06:48:43	60.14	6499	1189	1365
588	06:49:44	60.14	6499	1188	1364
589	06:50:44	60.15	6499	1187	1363
590	06:51:44	60.11	6499	1186	1362
591	06:52:44	60.14	6499	1185	1362
592	06:53:44	60.15	6499	1185	1361
593	06:54:44	60.35	6499	1184	1360
594	06:55:45	60.14	6499	1183	1359
595	06:56:45	60.12	6499	1182	1359
596	06:57:45	60.14	6499	1181	1358
597	06:58:45	60.11	6499	1180	1357
598	06:59:45	60.16	6499	1180	1357
599	07:00:45	60.17	6499	1179	1356
600	07:01:46	60.17	6499	1178	1355
601	07:02:46	60.12	6499	1177	1354
602	07:03:46	60.16	6499	1176	1354
603	07:04:46	60.13	6499	1175	1353
604	07:05:46	60.16	6499	1175	1352
605	07:06:46	10.26	6499	1174	1352
606	07:06:57	60.43	6499	1174	1351
607	07:07:57	60.15	6499	1173	1351
608	07:08:57	60.42	6499	1172	1350
609	07:09:58	60.16	6499	1171	1349
610	07:10:58	60.15	6499	1170	1348
611	07:11:58	60.13	6499	1170	1348
612	07:12:58	60.14	6499	1169	1347
613	07:13:58	16.60	6499	1168	1346
614	07:14:15	60.28	6499	1168	1346
615	07:15:15	60.16	6499	1167	1345
616	07:16:15	36.53	6499	1166	1344
617	07:16:52	60.44	6499	1165	1344
618	07:17:52	60.18	6499	1165	1343
619	07:18:52	60.16	6499	1164	1342
620	07:19:52	60.16	6499	1163	1342
621	07:20:53	60.16	6499	1162	1341
622	07:21:53	60.18	6499	1161	1340
623	07:22:53	60.14	6499	1161	1340
624	07:23:53	40.81	6499	1160	1339
625	07:24:34	60.23	6499	1159	1338
626	07:25:34	60.18	6499	1158	1338
627	07:26:34	60.14	6499	1157	1337
628	07:27:34	60.13	6499	1157	1336
629	07:28:35	60.39	6499	1156	1335
630	07:29:35	60.15	6499	1155	1335
631	07:30:35	60.13	6499	1154	1334
632	07:31:35	60.17	6499	1153	1333
633	07:32:35	60.14	6499	1153	1332
634	07:33:36	60.13	6499	1152	1332
635	07:34:36	60.11	6499	1151	1331
636	07:35:36	60.12	6499	1150	1330
637	07:36:36	60.12	6499	1149	1329
638	07:37:36	60.16	6499	1149	1329
639	07:38:36	60.16	6499	1148	1328
640	07:39:36	60.12	6499	1147	1327
641	07:40:36	60.14	6499	1146	1327
642	07:41:37	60.16	6499	1146	1326
643	07:42:37	60.15	6499	1145	1325
644	07:43:37	60.16	6499	1144	1324
645	07:44:37	60.16	6499	1143	1324
646	07:45:37	60.14	6499	1142	1323
647	07:46:37	60.13	6499	1142	1322
648	07:47:38	60.14	6499	1141	1322
649	07:48:38	60.11	6499	1140	1321
650	07:49:38	60.12	6499	1139	1320
651	07:50:38	60.13	6499	1138	1319
652	07:51:38	60.11	6499	1138	1319
653	07:52:38	60.15	6499	1137	1318
654	07:53:38	60.17	6499	1136	1317
655	07:54:38	60.19	6499	1135	1317
656	07:55:39	60.14	6499	1134	1316
657	07:56:39	60.18	6499	1133	1315
658	07:57:39	60.13	6499	1132	1314
659	07:58:39	60.18	6499	1131	1313
660	07:59:39	60.13	6499	1130	1312
661	08:00:39	60.17	6499	1129	1311
662	08:01:40	60.15	6499	1128	1310
663	08:02:40	60.16	6499	1127	1309
664	08:03:40	60.14	6499	1126	1309
665	08:04:40	60.16	6499	1125	1308
666	08:05:40	60.12	6499	1124	1307
667	08:06:40	60.14	6499	1123	1306
668	08:07:40	60.10	6499	1122	1305
669	08:08:41	60.14	6499	1121	1304
670	08:09:41	60.16	6499	1120	1303
671	08:10:41	60.12	6499	1119	1303
672	08:11:41	60.14	6499	1118	1302
673	08:12:41	60.15	6499	1117	1301
674	08:13:41	60.14	6499	1116	1300
675	08:14:41	60.14	6499	1115	1299
676	08:15:42	60.16	6499	1114	1298
677	08:16:42	60.11	6499	1113	1298
678	08:17:42	60.15	6499	1112	1297
679	08:18:42	60.12	6499	1111	1296
680	08:19:42	60.12	6499	1110	1295
681	08:20:42	52.81	6499	1109	1294
682	08:21:35	60.21	6499	1108	1294
683	08:22:35	60.13	6499	1108	1293
684	08:23:35	60.18	6499	1107	1292
685	08:24:36	60.12	6499	1106	1291
686	08:25:36	60.13	6499	1105	1291
687	08:26:36	60.12	6499	1104	1290
688	08:27:36	60.13	6499	1103	1289
689	08:28:36	60.15	6499	1102	1288
690	08:29:36	60.15	6499	1101	1287
691	08:30:36	60.13	6499	1100	1287
692	08:31:36	60.15	6499	1099	1286
693	08:32:37	60.16	6499	1098	1285
694	08:33:37	60.11	6499	1097	1284
695	08:34:37	60.16	6499	1096	1283
696	08:35:37	60.40	6499	1094	1282
697	08:36:37	60.14	6499	1093	1281
698	08:37:38	60.11	6499	1092	1280
699	08:38:38	60.13	6499	1090	1279
700	08:39:38	60.15	6499	1089	1277
701	08:40:38	60.18	6499	1087	1276
702	08:41:38	60.10	6499	1086	1275
703	08:42:38	60.12	6499	1085	1274
704	08:43:38	60.14	6499	1083	1273
705	08:44:39	60.13	6499	1082	1272
706	08:45:39	60.39	6499	1081	1271
707	08:46:39	46.09	6499	1079	1270
708	08:47:25	12.66	6499	1079	1270
709	08:47:38	9.05	6499	1079	1269
710	08:47:47	8.52	6499	1078	1269
711	08:47:55	9.01	6499	1078	1269
712	08:48:04	8.49	6499	1078	1269
713	08:48:13	9.00	6499	1078	1269
714	08:48:22	8.54	6499	1078	1269
715	08:48:30	9.01	6499	1077	1269
716	08:48:39	8.52	6499	1077	1269
717	08:48:48	9.02	6499	1077	1269
718	08:48:57	8.52	6499	1077	1268
719	08:49:05	9.02	6499	1076	1268
720	08:49:14	8.82	6499	1076	1268
721	08:49:23	9.01	6499	1076	1268
722	08:49:32	8.52	6499	1076	1268
723	08:49:41	9.00	6499	1076	1268
724	08:49:50	8.52	6499	1076	1267
725	08:49:58	9.01	6499	1076	1267
726	08:50:07	23.44	6499	1075	1267
727	08:50:31	9.03	6499	1075	1267
728	08:50:40	8.27	6499	1075	1267
729	08:50:48	9.02	6499	1075	1267
730	08:50:57	8.22	6499	1074	1266
731	08:51:05	9.00	6499	1074	1266
732	08:51:14	8.52	6499	1074	1266
733	08:51:23	9.02	6499	1074	1266
734	08:51:32	7.97	6499	1074	1266
735	08:51:40	9.01	6499	1073	1266
736	08:51:49	8.21	6499	1073	1266
737	08:51:57	9.01	6499	1073	1265
738	08:52:06	8.52	6499	1073	1265
739	08:52:15	9.01	6499	1073	1265
740	08:52:24	8.23	6499	1072	1265
741	08:52:32	9.00	6499	1072	1265
742	08:52:41	8.23	6499	1072	1265
743	08:52:49	9.00	6499	1072	1265
744	08:52:58	8.55	6499	1072	1265
745	08:53:07	46.33	6499	1071	1264
746	08:53:53	60.44	6499	1070	1264
747	08:54:53	60.17	6499	1069	1263
748	08:55:54	60.11	6499	1068	1262
749	08:56:54	60.11	6499	1066	1261
750	08:57:54	60.12	6499	1065	1260
751	08:58:54	60.17	6499	1064	1259
752	08:59:54	60.12	6499	1063	1258
753	09:00:54	60.14	6499	1061	1257
754	09:01:54	60.12	6499	1060	1256
755	09:02:54	60.16	6499	1059	1255
756	09:03:55	60.12	6499	1058	1254
757	09:04:55	60.13	6499	1056	1253
758	09:05:55	60.11	6499	1055	1252
759	09:06:55	60.16	6499	1054	1251
760	09:07:55	54.57	6499	1053	1251
761	09:08:50	60.45	6499	13.74	16.38
762	09:09:50	60.13	6499	0	0
763	09:10:50	36.94	6501	0	0
764	09:11:27	60.23	6501	0	0
765	09:12:27	60.15	6501	0	0
766	09:13:28	54.42	6501	0	0
Created by AtlRunQuery on: 2018-11-29 15:50:36.398891
