LHC beam energy and intensities during run 349327:
(Begin/end of run: Wed May 02 2018 01:00:17 − 08:30:40)

LB	   Start time
(CEST)	   Duration
(sec)	   Beam energy
(GeV)	   Intensity Beam-1
(1e11 protons)	   Intensity Beam-2
(1e11 protons)
1	01:00:17	60.12	450	201.5	182.3
2	01:01:17	60.11	449	352.3	214.9
3	01:02:17	60.11	449	493.9	368.9
4	01:03:17	60.12	450	575.3	545.9
5	01:04:18	44.87	450	575.5	557.2
6	01:05:02	19.14	449	605.2	557.5
7	01:05:22	10.15	450	637.5	557.4
8	01:05:32	60.12	450	652.3	600.3
9	01:06:32	60.14	450	824.4	704.3
10	01:07:32	39.95	450	968.9	802.8
11	01:08:12	60.25	450	1062	972.2
12	01:09:12	60.15	450	1197	992.3
13	01:10:12	60.12	450	1196	1071
14	01:11:12	60.13	450	1245	1180
15	01:12:13	60.12	450	1362	1180
16	01:13:13	60.12	450	1503	1179
17	01:14:13	60.11	449	1646	1223
18	01:15:13	60.13	450	1816	1328
19	01:16:13	60.16	450	1815	1468
20	01:17:13	60.12	450	1850	1610
21	01:18:13	60.13	449	1872	1609
22	01:19:14	60.17	450	1869	1750
23	01:20:14	60.38	450	1867	1794
24	01:21:14	60.11	450	2036	1811
25	01:22:14	60.14	450	2176	1863
26	01:23:14	60.14	450	2316	2040
27	01:24:14	60.11	450	1434	1221
28	01:25:15	60.13	450	0	0
29	01:26:15	60.11	450	0	0
30	01:27:15	60.13	450	0	0
31	01:28:15	60.16	450	0	0
32	01:29:15	60.11	449	0	0
33	01:30:15	60.14	450	0	0
34	01:31:15	60.14	450	0	0
35	01:32:16	60.11	450	0	0
36	01:33:16	60.15	450	0	0
37	01:34:16	60.12	450	0	0
38	01:35:16	60.14	450	0	0
39	01:36:16	60.12	450	0	0
40	01:37:16	60.13	450	0	0
41	01:38:16	60.11	450	0	0
42	01:39:16	60.12	450	0	0
43	01:40:17	60.16	450	0	0
44	01:41:17	60.14	450	0	0
45	01:42:17	60.13	450	0	0
46	01:43:17	60.12	449	0	0
47	01:44:17	60.14	450	0.04287	0
48	01:45:17	60.14	450	0.08314	0.07456
49	01:46:17	60.15	450	0.08294	0.08263
50	01:47:17	60.13	450	0.08283	0.08235
51	01:48:18	60.13	450	0.9949	0.08216
52	01:49:18	60.13	450	13.37	0.0818
53	01:50:18	60.11	449	13.36	0.0814
54	01:51:18	60.15	450	13.34	8.06
55	01:52:18	60.14	450	13.33	13.43
56	01:53:18	60.11	450	13.32	13.39
57	01:54:18	60.17	450	0.1993	0.1975
58	01:55:19	60.10	450	0	0
59	01:56:19	60.14	450	0	0
60	01:57:19	60.14	450	0	0
61	01:58:19	60.13	450	0	0
62	01:59:19	60.37	450	0	0
63	02:00:19	60.11	450	0	0
64	02:01:20	60.14	450	0	0
65	02:02:20	60.14	450	0	0
66	02:03:20	60.16	450	0	0
67	02:04:20	60.14	450	0	0
68	02:05:20	60.15	449	0	0
69	02:06:20	60.13	450	0	0
70	02:07:20	60.13	450	0	0
71	02:08:21	60.11	450	0	0
72	02:09:21	60.14	450	0	0
73	02:10:21	60.11	450	0	0
74	02:11:21	60.12	449	0	0
75	02:12:21	60.11	450	0	0
76	02:13:21	60.12	450	0	0
77	02:14:21	60.17	450	0	0
78	02:15:21	60.12	450	0	0
79	02:16:22	60.15	450	0	0
80	02:17:22	60.12	450	0	0
81	02:18:22	60.15	450	0	0
82	02:19:22	60.15	450	0	0
83	02:20:22	60.13	450	0	0
84	02:21:22	60.13	450	0	0
85	02:22:22	60.12	450	0	0
86	02:23:22	60.12	450	0	0
87	02:24:23	60.14	450	0	0
88	02:25:23	60.12	450	0	0
89	02:26:23	60.12	449	0	0
90	02:27:23	60.13	450	0	0
91	02:28:23	60.14	449	0	0
92	02:29:23	60.12	450	0	0
93	02:30:23	60.13	450	0	0
94	02:31:24	60.10	449	0	0
95	02:32:24	36.24	450	0	0
96	02:33:00	60.24	450	0	0
97	02:34:00	60.12	450	0	0
98	02:35:00	60.11	450	0	0
99	02:36:00	60.13	449	0	0
100	02:37:00	60.12	450	0	0
101	02:38:01	60.14	450	0	0
102	02:39:01	60.13	450	0	0
103	02:40:01	60.14	450	0	0
104	02:41:01	60.15	450	0	0
105	02:42:01	60.17	450	0	0
106	02:43:01	60.15	450	0	0
107	02:44:01	60.11	450	0	0
108	02:45:02	60.15	450	0	0
109	02:46:02	60.12	450	0	0
110	02:47:02	60.12	449	0	0
111	02:48:02	60.12	450	0	0
112	02:49:02	60.15	450	0	0
113	02:50:02	60.14	450	0	0
114	02:51:02	60.14	450	0	0
115	02:52:03	60.15	450	0	0
116	02:53:03	60.15	450	0	0
117	02:54:03	60.12	450	0	0
118	02:55:03	60.12	450	0	0
119	02:56:03	60.12	450	0	0
120	02:57:03	60.16	450	0	0
121	02:58:03	60.12	450	0	0
122	02:59:03	60.12	450	0	0
123	03:00:04	60.12	450	0	0
124	03:01:04	60.13	450	0	0
125	03:02:04	60.14	450	0	0
126	03:03:04	60.11	450	0	0
127	03:04:04	60.16	450	0	0
128	03:05:04	60.12	450	0	0
129	03:06:04	60.17	450	0	0
130	03:07:05	60.11	450	0	0
131	03:08:05	60.34	450	0	0
132	03:09:05	60.16	450	0	0
133	03:10:05	60.11	450	0	0
134	03:11:05	60.10	450	0	0
135	03:12:05	60.13	450	0	0
136	03:13:05	60.12	450	0	0
137	03:14:06	60.14	450	0	0
138	03:15:06	60.36	450	0	0
139	03:16:06	60.14	450	0	0
140	03:17:06	60.11	450	0	0
141	03:18:06	60.14	450	0	0
142	03:19:07	60.13	450	0	0
143	03:20:07	60.11	449	0	0
144	03:21:07	60.12	450	0	0
145	03:22:07	60.16	450	0	0
146	03:23:07	60.13	450	0	0
147	03:24:07	60.14	450	0	0
148	03:25:07	60.12	450	0	0
149	03:26:07	17.87	450	0	0
150	03:26:25	60.27	450	0	0
151	03:27:26	60.12	450	0	0
152	03:28:26	60.12	450	0	0
153	03:29:26	60.14	449	0	0
154	03:30:26	60.17	450	0	0
155	03:31:26	60.39	450	0	0
156	03:32:27	60.12	450	0	0
157	03:33:27	60.12	450	0	0
158	03:34:27	60.15	450	0	0
159	03:35:27	60.13	449	0	0
160	03:36:27	60.12	449	0	0
161	03:37:27	60.12	450	0	0
162	03:38:27	60.12	450	0	0
163	03:39:27	60.14	450	0	0
164	03:40:28	60.15	450	0	0
165	03:41:28	60.12	450	0	0
166	03:42:28	60.12	450	0	0
167	03:43:28	60.14	450	0	0
168	03:44:28	60.14	450	0	0
169	03:45:28	60.13	450	0	0
170	03:46:28	60.12	450	0	0
171	03:47:28	60.11	450	0	0
172	03:48:29	60.12	449	0	0
173	03:49:29	60.16	450	0.06496	0
174	03:50:29	60.10	450	0.07738	0
175	03:51:29	60.16	450	0.07732	0.07516
176	03:52:29	60.15	450	0.07727	0.08066
177	03:53:29	60.14	450	0.07721	0.08053
178	03:54:29	60.12	450	1.732	0.08037
179	03:55:30	60.16	450	13.59	6.819
180	03:56:30	60.14	449	13.59	13.38
181	03:57:30	60.12	450	13.58	13.35
182	03:58:30	60.14	450	13.58	13.31
183	03:59:30	60.14	450	13.57	13.26
184	04:00:30	60.12	450	13.57	13.22
185	04:01:30	60.11	449	13.56	13.18
186	04:02:30	60.14	450	13.55	13.15
187	04:03:31	60.16	449	13.54	13.12
188	04:04:31	60.16	450	13.53	13.08
189	04:05:31	60.11	450	13.53	13.05
190	04:06:31	60.15	450	13.52	13.02
191	04:07:31	60.11	450	13.51	12.99
192	04:08:31	60.14	450	13.5	12.96
193	04:09:31	60.11	450	13.49	12.92
194	04:10:32	60.12	449	13.48	12.88
195	04:11:32	60.12	450	13.47	12.85
196	04:12:32	60.13	450	13.47	12.82
197	04:13:32	60.13	450	13.46	12.79
198	04:14:32	60.12	450	13.45	12.76
199	04:15:32	60.12	450	13.44	12.73
200	04:16:32	60.35	449	13.43	12.69
201	04:17:33	60.15	450	13.42	12.66
202	04:18:33	60.11	449	13.42	12.63
203	04:19:33	60.13	450	13.41	12.6
204	04:20:33	60.12	450	13.4	12.57
205	04:21:33	60.17	450	13.39	12.53
206	04:22:33	60.11	450	13.38	12.5
207	04:23:33	60.11	450	13.37	12.46
208	04:24:34	60.18	450	13.36	12.43
209	04:25:34	60.12	450	13.35	12.39
210	04:26:34	60.40	449	13.34	101.4
211	04:27:34	60.15	450	114.9	104.9
212	04:28:34	60.15	450	0	0
213	04:29:35	60.13	450	0	0
214	04:30:35	60.15	450	0	0
215	04:31:35	60.14	450	0	0
216	04:32:35	60.12	450	0	0
217	04:33:35	60.12	450	0	0
218	04:34:35	60.18	450	0	0
219	04:35:35	60.11	450	0	0
220	04:36:35	60.12	449	0	0
221	04:37:36	60.12	450	0	0
222	04:38:36	60.17	450	0	0
223	04:39:36	60.13	450	0	0
224	04:40:36	60.14	450	0	0
225	04:41:36	60.12	450	0	0
226	04:42:36	60.14	450	0	0
227	04:43:36	60.12	450	0	0
228	04:44:37	60.11	450	0	0
229	04:45:37	60.12	450	0	0
230	04:46:37	60.18	450	0	0
231	04:47:37	60.11	449	0.05353	0
232	04:48:37	60.11	450	0.08	0.07897
233	04:49:37	60.11	450	9.368	1.059
234	04:50:37	60.14	450	13.48	13.56
235	04:51:37	60.41	450	13.48	13.56
236	04:52:38	60.11	450	13.47	13.54
237	04:53:38	60.11	450	13.46	13.53
238	04:54:38	60.12	449	13.46	13.51
239	04:55:38	60.14	450	13.45	13.49
240	04:56:38	60.14	450	13.44	213.9
241	04:57:38	60.12	450	126.8	363.9
242	04:58:39	60.11	450	258	530.1
243	04:59:39	60.17	450	389.6	530.7
244	05:00:39	60.11	450	530.6	563.1
245	05:01:39	60.13	449	531.4	643.2
246	05:02:39	60.12	449	572.5	773.9
247	05:03:39	60.14	450	668.7	931.8
248	05:04:39	60.10	450	799.5	1078
249	05:05:39	60.13	450	933.3	1103
250	05:06:40	60.10	449	1103	1124
251	05:07:40	60.10	450	1105	1182
252	05:08:40	60.14	449	1134	1330
253	05:09:40	60.12	450	1209	1482
254	05:10:40	60.14	450	1339	1612
255	05:11:40	60.17	450	1503	1669
256	05:12:40	60.12	450	1641	1679
257	05:13:40	60.10	450	1674	1724
258	05:14:41	60.12	450	1692	1885
259	05:15:41	60.14	450	1744	2014
260	05:16:41	60.11	449	1899	2142
261	05:17:41	60.15	449	2085	2230
262	05:18:41	60.12	450	2240	2228
263	05:19:41	60.11	450	2237	2224
264	05:20:41	60.14	450	2234	2220
265	05:21:41	60.12	449	2232	2215
266	05:22:42	25.38	451	2230	2212
267	05:23:07	28.03	463	2214	2196
268	05:23:35	60.58	492	2213	2195
269	05:24:36	60.11	609	2213	2194
270	05:25:36	49.80	793	2213	2193
271	05:26:25	60.19	987	2212	2192
272	05:27:26	60.12	1296	2212	2192
273	05:28:26	60.15	1643	2211	2192
274	05:29:26	60.13	1990	2211	2191
275	05:30:26	60.16	2338	2211	2191
276	05:31:26	60.15	2685	2211	2191
277	05:32:26	60.35	3033	2211	2191
278	05:33:27	60.16	3386	2211	2191
279	05:34:27	60.15	3733	2211	2191
280	05:35:27	60.11	4081	2210	2191
281	05:36:27	60.17	4428	2210	2191
282	05:37:27	60.19	4775	2209	2190
283	05:38:28	60.12	5129	2209	2190
284	05:39:28	60.15	5476	2208	2190
285	05:40:28	60.14	5823	2207	2190
286	05:41:28	60.11	6171	2205	2189
287	05:42:28	27.11	6491	2202	2189
288	05:42:55	10.03	6499	2202	2189
289	05:43:05	60.42	6499	2202	2188
290	05:44:06	60.12	6499	2202	2187
291	05:45:06	60.11	6499	2201	2187
292	05:46:06	60.11	6499	2201	2187
293	05:47:06	60.14	6499	2201	2187
294	05:48:06	60.12	6499	2200	2187
295	05:49:06	60.14	6499	2198	2187
296	05:50:06	60.14	6499	2197	2187
297	05:51:06	60.14	6499	2197	2186
298	05:52:07	60.11	6499	2196	2186
299	05:53:07	60.14	6499	2195	2185
300	05:54:07	60.12	6499	2192	2185
301	05:55:07	60.39	6499	2188	2184
302	05:56:07	60.12	6499	2185	2183
303	05:57:08	20.55	6499	2183	2182
304	05:57:28	60.45	6499	2182	2181
305	05:58:28	60.13	6499	2181	2180
306	05:59:29	60.15	6499	2180	2180
307	06:00:29	60.12	6499	2179	2179
308	06:01:29	60.13	6499	2178	2179
309	06:02:29	60.12	6499	2177	2178
310	06:03:29	60.12	6499	2173	2177
311	06:04:29	60.11	6499	2170	2176
312	06:05:29	60.12	6499	2168	2174
313	06:06:29	60.15	6499	2166	2172
314	06:07:30	60.15	6499	2163	2171
315	06:08:30	60.17	6499	2161	2169
316	06:09:30	60.14	6499	2159	2167
317	06:10:30	60.14	6499	2157	2166
318	06:11:30	10.27	6499	2156	2165
319	06:11:40	60.12	6499	2155	2164
320	06:12:41	60.12	6499	2153	2162
321	06:13:41	21.17	6499	2151	2161
322	06:14:02	27.31	6499	2151	2161
323	06:14:29	60.53	6499	2149	2160
324	06:15:30	43.17	6499	2148	2158
325	06:16:13	60.06	6499	2146	2157
326	06:17:13	60.12	6499	2144	2155
327	06:18:13	33.50	6499	2143	2154
328	06:18:47	43.69	6499	2141	2153
329	06:19:30	53.13	6499	2140	2151
330	06:20:23	57.15	6499	2138	2150
331	06:21:21	40.95	6499	2136	2148
332	06:22:02	11.40	6499	2135	2148
333	06:22:13	60.10	6499	2134	2147
334	06:23:13	49.56	6499	2132	2145
335	06:24:03	60.45	6499	2130	2144
336	06:25:03	60.15	6499	2128	2142
337	06:26:03	60.13	6499	2127	2140
338	06:27:03	10.30	6499	2125	2139
339	06:27:14	60.11	6499	2124	2138
340	06:28:14	60.18	6499	2123	2137
341	06:29:14	60.40	6499	2121	2135
342	06:30:14	60.13	6499	2119	2133
343	06:31:14	60.16	6499	2117	2132
344	06:32:15	43.48	6499	2115	2131
345	06:32:58	47.60	6499	2114	2129
346	06:33:46	60.26	6499	2112	2128
347	06:34:46	60.13	6499	2111	2126
348	06:35:46	60.15	6499	2109	2125
349	06:36:46	60.18	6499	2107	2123
350	06:37:46	60.15	6499	2105	2122
351	06:38:47	3.31	6499	2104	2121
352	06:38:50	12.98	6499	2104	2121
353	06:39:03	9.01	6499	2104	2121
354	06:39:12	9.13	6499	2104	2120
355	06:39:21	9.00	6499	2104	2120
356	06:39:30	9.10	6499	2103	2120
357	06:39:39	9.01	6499	2103	2120
358	06:39:48	8.84	6499	2103	2120
359	06:39:57	9.02	6499	2103	2120
360	06:40:06	8.82	6499	2102	2120
361	06:40:15	9.00	6499	2102	2119
362	06:40:24	8.82	6499	2102	2119
363	06:40:33	9.00	6499	2102	2119
364	06:40:42	8.85	6499	2102	2119
365	06:40:50	9.00	6499	2101	2118
366	06:40:59	8.83	6499	2101	2118
367	06:41:08	9.00	6499	2101	2118
368	06:41:17	8.83	6499	2101	2118
369	06:41:26	9.01	6499	2101	2118
370	06:41:35	23.74	6499	2100	2117
371	06:41:59	9.01	6499	2100	2117
372	06:42:08	8.23	6499	2100	2117
373	06:42:16	9.00	6499	2099	2117
374	06:42:25	8.54	6499	2099	2117
375	06:42:34	9.01	6499	2099	2116
376	06:42:43	8.23	6499	2099	2116
377	06:42:51	9.00	6499	2099	2116
378	06:43:00	8.52	6499	2098	2116
379	06:43:08	9.01	6499	2098	2116
380	06:43:17	8.55	6499	2098	2115
381	06:43:26	8.99	6499	2098	2115
382	06:43:35	8.52	6499	2097	2115
383	06:43:43	9.01	6499	2097	2115
384	06:43:52	8.53	6499	2097	2115
385	06:44:01	9.01	6499	2097	2115
386	06:44:10	8.53	6499	2097	2115
387	06:44:19	9.00	6499	2097	2114
388	06:44:28	8.71	6499	2096	2114
389	06:44:36	19.38	6499	2096	2114
390	06:44:56	10.14	6499	2096	2114
391	06:45:06	60.45	6499	2095	2113
392	06:46:06	60.13	6499	2093	2112
393	06:47:06	60.16	6499	2091	2110
394	06:48:06	60.17	6499	2090	2109
395	06:49:07	60.11	6499	2088	2107
396	06:50:07	60.16	6499	2086	2106
397	06:51:07	60.12	6499	2084	2104
398	06:52:07	60.15	6499	2083	2103
399	06:53:07	51.32	6499	2081	2102
400	06:53:58	60.23	6499	2079	2100
401	06:54:59	22.24	6499	2078	2099
402	06:55:21	43.52	6499	35.15	29.74
403	06:56:04	31.02	6499	0	0
404	06:56:36	60.45	6499	0	0
405	06:57:36	60.12	6501	0	0
406	06:58:36	60.12	6501	0	0
407	06:59:36	60.18	6501	0	0
408	07:00:36	60.38	6501	0	0
409	07:01:37	60.11	6501	0	0
410	07:02:37	60.12	6433	0	0
411	07:03:37	60.12	6240	0	0
412	07:04:37	27.15	5924	0	0
413	07:05:04	24.61	5766	0	0
414	07:05:29	60.52	5619	0	0
415	07:06:29	60.12	5266	0	0
416	07:07:29	60.16	4911	0	0
417	07:08:30	60.12	4550	0	0
418	07:09:30	60.11	4195	0	0
419	07:10:30	60.11	3838	0	0
420	07:11:30	60.13	3482	0	0
421	07:12:30	60.14	3126	0	0
422	07:13:30	60.12	2769	0	0
423	07:14:30	60.12	2412	0	0
424	07:15:31	60.11	2050	0	0
425	07:16:31	60.12	1693	0	0
426	07:17:31	60.11	1337	0	0
427	07:18:31	60.16	980	0	0
428	07:19:31	60.12	623	0	0
429	07:20:31	60.11	309	0	0
430	07:21:31	60.14	120	0	0
431	07:22:31	60.16	59	0	0
432	07:23:32	60.13	59	0	0
433	07:24:32	60.14	59	0	0
434	07:25:32	60.15	59	0	0
435	07:26:32	60.15	59	0	0
436	07:27:32	60.10	59	0	0
437	07:28:32	60.12	59	0	0
438	07:29:32	60.15	59	0	0
439	07:30:33	60.13	59	0	0
440	07:31:33	60.13	59	0	0
441	07:32:33	60.16	59	0	0
442	07:33:33	60.09	59	0	0
443	07:34:33	60.40	59	0	0
444	07:35:33	60.17	59	0	0
445	07:36:34	60.16	59	0	0
446	07:37:34	60.12	59	0	0
447	07:38:34	60.14	59	0	0
448	07:39:34	60.12	59	0	0
449	07:40:34	60.11	59	0	0
450	07:41:34	60.13	59	0	0
451	07:42:34	60.12	59	0	0
452	07:43:34	60.13	59	0	0
453	07:44:35	60.12	59	0	0
454	07:45:35	60.12	59	0	0
455	07:46:35	60.18	59	0	0
456	07:47:35	60.14	59	0	0
457	07:48:35	60.11	59	0	0
458	07:49:35	60.10	59	0	0
459	07:50:35	60.14	59	0	0
460	07:51:36	60.12	59	0	0
461	07:52:36	60.12	59	0	0
462	07:53:36	60.12	59	0	0
463	07:54:36	60.12	59	0	0
464	07:55:36	60.14	59	0	0
465	07:56:36	60.14	59	0	0
466	07:57:36	60.14	59	0	0
467	07:58:36	60.13	59	0	0
468	07:59:37	60.13	59	0	0
469	08:00:37	60.12	59	0	0
470	08:01:37	60.10	59	0	0
471	08:02:37	60.13	59	0	0
472	08:03:37	60.11	59	0	0
473	08:04:37	60.12	59	0	0
474	08:05:37	60.12	59	0	0
475	08:06:37	60.12	59	0	0
476	08:07:38	60.13	59	0	0
477	08:08:38	60.13	59	0	0
478	08:09:38	60.13	59	0	0
479	08:10:38	60.18	59	0	0
480	08:11:38	60.13	59	0	0
481	08:12:38	60.11	59	0	0
482	08:13:38	60.15	59	0	0
483	08:14:38	60.11	59	0	0
484	08:15:39	60.11	59	0	0
485	08:16:39	60.11	59	0	0
486	08:17:39	60.11	59	0	0
487	08:18:39	60.13	59	0	0
488	08:19:39	60.10	59	0	0
489	08:20:39	60.17	59	0	0
490	08:21:39	60.14	59	0	0
491	08:22:39	60.12	59	0	0
492	08:23:40	60.15	59	0	0
493	08:24:40	60.14	59	0	0
494	08:25:40	60.12	59	0	0
495	08:26:40	60.13	59	0	0
496	08:27:40	60.11	59	0	0
497	08:28:40	60.13	59	0	0
498	08:29:40	60.02	59	0	0
Created by AtlRunQuery on: 2018-11-29 15:54:38.003834
