LHC beam energy and intensities during run 349451:
(Begin/end of run: Wed May 02 2018 22:10:09 − Thu May 03, 13:54:15)

LB	   Start time
(CEST)	   Duration
(sec)	   Beam energy
(GeV)	   Intensity Beam-1
(1e11 protons)	   Intensity Beam-2
(1e11 protons)
1	22:10:09	60.16	450	4.576	0.08345
2	22:11:09	60.16	450	13.51	9.876
3	22:12:09	15.30	450	13.51	13.69
4	22:12:24	21.25	450	13.51	13.69
5	22:12:45	56.90	450	91.42	13.69
6	22:13:42	60.22	450	188.7	154.3
7	22:14:43	60.11	450	188.6	188.5
8	22:15:43	60.14	450	188.6	188.5
9	22:16:43	60.13	450	311.2	203.4
10	22:17:43	60.11	450	442.8	361.9
11	22:18:43	60.17	450	534.9	511
12	22:19:43	60.14	450	535.7	537.2
13	22:20:43	60.11	450	708.4	537.5
14	22:21:44	60.12	450	841.1	561.3
15	22:22:44	60.14	450	972.4	710.7
16	22:23:44	60.14	449	1105	867.1
17	22:24:44	60.15	450	1229	999.5
18	22:25:44	60.13	450	1229	1131
19	22:26:44	60.12	449	1369	1231
20	22:27:44	60.12	450	1500	1231
21	22:28:44	60.15	450	1632	1397
22	22:29:45	60.14	450	1764	1530
23	22:30:45	60.13	450	1921	1578
24	22:31:45	60.14	450	1921	1620
25	22:32:45	60.12	450	1919	1752
26	22:33:45	60.11	450	1918	1924
27	22:34:45	60.17	450	1942	1925
28	22:35:45	60.12	450	2089	2016
29	22:36:46	60.11	450	2245	2096
30	22:37:46	60.13	450	2375	2104
31	22:38:46	60.18	450	2506	2267
32	22:39:46	60.40	450	2603	2444
33	22:40:46	60.12	449	2602	2613
34	22:41:46	60.12	450	2600	2612
35	22:42:47	60.10	450	2596	2610
36	22:43:47	60.15	450	2592	2608
37	22:44:47	60.11	450	2589	2606
38	22:45:47	60.12	450	2586	2603
39	22:46:47	60.11	450	2581	2601
40	22:47:47	34.89	493	2579	2600
41	22:48:22	20.13	551	2564	2585
42	22:48:42	60.20	595	2564	2584
43	22:49:42	46.54	774	2564	2583
44	22:50:29	10.40	954	2564	2583
45	22:50:39	60.11	998	2564	2582
46	22:51:39	60.18	1304	2563	2582
47	22:52:40	60.14	1658	2562	2582
48	22:53:40	60.12	2005	2563	2582
49	22:54:40	60.12	2352	2562	2582
50	22:55:40	60.12	2700	2562	2582
51	22:56:40	60.14	3047	2562	2582
52	22:57:40	60.12	3395	2562	2582
53	22:58:40	60.10	3742	2561	2582
54	22:59:40	60.17	4089	2561	2581
55	23:00:41	60.12	4443	2560	2581
56	23:01:41	60.11	4790	2559	2581
57	23:02:41	60.12	5137	2558	2581
58	23:03:41	60.12	5485	2558	2580
59	23:04:41	60.12	5832	2556	2580
60	23:05:41	60.13	6180	2554	2580
61	23:06:41	29.87	6494	2550	2579
62	23:07:11	10.49	6499	2550	2579
63	23:07:22	60.12	6499	2550	2579
64	23:08:22	60.15	6499	2550	2579
65	23:09:22	60.13	6499	2550	2578
66	23:10:22	60.15	6499	2548	2578
67	23:11:22	60.11	6499	2547	2577
68	23:12:22	60.39	6499	2546	2577
69	23:13:23	60.15	6499	2546	2577
70	23:14:23	60.15	6499	2544	2577
71	23:15:23	60.11	6499	2542	2577
72	23:16:23	60.12	6499	2541	2577
73	23:17:23	60.16	6499	2540	2576
74	23:18:23	60.11	6499	2539	2576
75	23:19:24	60.11	6499	2536	2575
76	23:20:24	60.11	6499	2531	2575
77	23:21:24	60.12	6499	2524	2574
78	23:22:24	60.14	6499	2514	2572
79	23:23:24	18.53	6499	2509	2571
80	23:23:43	60.41	6499	2508	2570
81	23:24:43	60.14	6499	2505	2570
82	23:25:43	60.17	6499	2501	2569
83	23:26:43	60.12	6499	2495	2567
84	23:27:43	38.64	6499	2493	2566
85	23:28:22	60.09	6499	2491	2565
86	23:29:22	60.14	6499	2488	2563
87	23:30:22	60.15	6499	2485	2561
88	23:31:22	60.16	6499	2483	2559
89	23:32:23	30.54	6499	2481	2558
90	23:32:53	60.19	6499	2479	2556
91	23:33:53	60.14	6499	2477	2554
92	23:34:53	28.15	6499	2475	2553
93	23:35:22	22.04	6499	2474	2552
94	23:35:44	60.37	6499	2472	2550
95	23:36:44	60.14	6499	2470	2548
96	23:37:44	42.48	6499	2467	2546
97	23:38:27	18.07	6499	2466	2545
98	23:38:45	60.54	6499	2464	2543
99	23:39:45	60.11	6499	2462	2541
100	23:40:45	60.10	6499	2459	2539
101	23:41:45	12.53	6499	2458	2538
102	23:41:58	17.95	6499	2457	2538
103	23:42:16	60.33	6499	2456	2537
104	23:43:16	60.13	6499	2453	2535
105	23:44:16	60.14	6499	2451	2533
106	23:45:17	60.14	6499	2448	2531
107	23:46:17	56.32	6499	2446	2530
108	23:47:13	34.01	6499	2444	2528
109	23:47:47	12.50	6499	2443	2528
110	23:48:00	12.94	6499	2443	2527
111	23:48:12	9.01	6499	2442	2527
112	23:48:21	9.13	6499	2442	2527
113	23:48:31	8.97	6499	2442	2527
114	23:48:40	8.84	6499	2441	2527
115	23:48:48	9.01	6499	2441	2526
116	23:48:57	8.81	6499	2441	2526
117	23:49:06	9.01	6499	2441	2526
118	23:49:15	9.12	6499	2440	2526
119	23:49:24	9.01	6499	2440	2526
120	23:49:33	8.82	6499	2439	2525
121	23:49:42	9.02	6499	2439	2525
122	23:49:51	8.83	6499	2439	2525
123	23:50:00	9.01	6499	2439	2525
124	23:50:09	8.82	6499	2438	2524
125	23:50:18	9.01	6499	2438	2524
126	23:50:27	8.82	6499	2438	2524
127	23:50:36	9.06	6499	2438	2524
128	23:50:45	24.06	6499	2437	2523
129	23:51:09	9.00	6499	2437	2523
130	23:51:18	8.53	6499	2436	2523
131	23:51:26	9.01	6499	2436	2523
132	23:51:35	8.52	6499	2436	2522
133	23:51:44	9.01	6499	2435	2522
134	23:51:53	8.52	6499	2435	2522
135	23:52:01	9.01	6499	2435	2522
136	23:52:10	8.53	6499	2434	2522
137	23:52:19	9.01	6499	2434	2521
138	23:52:28	8.52	6499	2434	2521
139	23:52:36	9.01	6499	2433	2521
140	23:52:45	8.52	6499	2433	2521
141	23:52:54	9.02	6499	2432	2521
142	23:53:03	8.52	6499	2432	2520
143	23:53:12	9.02	6499	2432	2520
144	23:53:21	8.51	6499	2431	2520
145	23:53:29	9.02	6499	2431	2520
146	23:53:38	8.69	6499	2431	2520
147	23:53:47	23.22	6499	2430	2520
148	23:54:10	10.44	6499	2430	2519
149	23:54:20	60.45	6499	2428	2518
150	23:55:21	60.12	6499	2426	2516
151	23:56:21	60.14	6499	2424	2515
152	23:57:21	60.39	6499	2422	2513
153	23:58:22	60.11	6499	2420	2512
154	23:59:22	60.11	6499	2417	2510
155	00:00:22	60.16	6499	2415	2508
156	00:01:22	60.12	6499	2413	2507
157	00:02:22	60.16	6499	2411	2505
158	00:03:22	57.47	6499	2409	2504
159	00:04:20	29.88	6499	2407	2503
160	00:04:50	60.47	6499	2406	2501
161	00:05:50	60.15	6499	2404	2500
162	00:06:50	60.14	6499	2402	2498
163	00:07:50	60.11	6499	2400	2497
164	00:08:50	60.39	6499	2398	2495
165	00:09:51	60.16	6499	2395	2494
166	00:10:51	60.12	6499	2393	2492
167	00:11:51	60.16	6499	2391	2491
168	00:12:51	60.15	6499	2389	2489
169	00:13:51	60.14	6499	2387	2487
170	00:14:52	60.39	6499	2385	2486
171	00:15:52	60.11	6499	2383	2484
172	00:16:52	53.07	6499	2381	2483
173	00:17:45	60.20	6499	2379	2482
174	00:18:45	60.15	6499	2377	2480
175	00:19:45	60.25	6499	2375	2479
176	00:20:46	60.15	6499	2373	2477
177	00:21:46	60.11	6499	2371	2476
178	00:22:46	60.16	6499	2369	2474
179	00:23:46	60.10	6499	2367	2473
180	00:24:46	60.17	6499	2365	2471
181	00:25:46	60.13	6499	2363	2470
182	00:26:47	60.12	6499	2361	2468
183	00:27:47	60.14	6499	2359	2467
184	00:28:47	60.16	6499	2358	2465
185	00:29:47	19.64	6499	2356	2465
186	00:30:07	44.07	6499	2355	2464
187	00:30:51	60.59	6499	2354	2462
188	00:31:51	60.12	6499	2352	2461
189	00:32:51	60.10	6499	2350	2460
190	00:33:51	60.05	6499	2348	2458
191	00:34:52	60.21	6499	2346	2457
192	00:35:52	60.14	6499	2344	2455
193	00:36:52	60.14	6499	2342	2454
194	00:37:52	60.14	6499	2340	2452
195	00:38:52	60.14	6499	2338	2451
196	00:39:52	60.16	6499	2336	2449
197	00:40:52	48.60	6499	2335	2448
198	00:41:41	40.82	6499	2333	2447
199	00:42:22	60.43	6499	2331	2445
200	00:43:22	60.13	6499	2329	2444
201	00:44:22	60.15	6499	2326	2442
202	00:45:23	60.16	6499	2324	2441
203	00:46:23	60.11	6499	2322	2439
204	00:47:23	60.11	6499	2320	2438
205	00:48:23	60.14	6499	2318	2436
206	00:49:23	60.14	6499	2316	2435
207	00:50:23	60.15	6499	2314	2433
208	00:51:23	60.13	6499	2311	2431
209	00:52:24	60.16	6499	2308	2430
210	00:53:24	60.16	6499	2306	2428
211	00:54:24	10.27	6499	2305	2427
212	00:54:34	11.00	6499	2304	2427
213	00:54:45	60.40	6499	2303	2426
214	00:55:45	60.12	6499	2301	2425
215	00:56:46	11.84	6499	2299	2424
216	00:56:57	60.11	6499	2298	2423
217	00:57:58	60.11	6499	2296	2421
218	00:58:58	60.15	6499	2294	2420
219	00:59:58	60.15	6499	2292	2418
220	01:00:58	59.53	6499	2289	2416
221	01:01:58	60.26	6499	2287	2415
222	01:02:58	60.16	6499	2285	2413
223	01:03:58	60.16	6499	2283	2412
224	01:04:58	60.14	6499	2281	2410
225	01:05:58	60.11	6499	2278	2409
226	01:06:58	60.11	6499	2276	2407
227	01:07:58	10.31	6499	2275	2406
228	01:08:09	60.11	6499	2274	2405
229	01:09:09	60.16	6499	2272	2404
230	01:10:09	60.12	6499	2270	2402
231	01:11:09	60.16	6499	2268	2401
232	01:12:09	60.16	6499	2265	2399
233	01:13:09	60.10	6499	2263	2398
234	01:14:10	32.58	6499	2262	2396
235	01:14:42	60.19	6499	2260	2395
236	01:15:42	48.27	6499	2258	2394
237	01:16:31	60.24	6499	2257	2392
238	01:17:31	60.14	6499	2255	2391
239	01:18:31	60.15	6499	2253	2389
240	01:19:31	60.15	6499	2251	2388
241	01:20:31	60.14	6499	2248	2386
242	01:21:31	46.35	6499	2247	2385
243	01:22:18	35.17	6499	2245	2384
244	01:22:53	60.52	6499	2244	2383
245	01:23:53	60.12	6499	2242	2381
246	01:24:54	60.15	6499	2240	2380
247	01:25:54	60.13	6499	2238	2378
248	01:26:54	60.12	6499	2236	2377
249	01:27:54	60.13	6499	2234	2375
250	01:28:54	60.16	6499	2232	2374
251	01:29:54	60.15	6499	2230	2372
252	01:30:54	60.16	6499	2228	2371
253	01:31:55	60.11	6499	2226	2369
254	01:32:55	39.26	6499	2224	2368
255	01:33:34	60.22	6499	2223	2367
256	01:34:34	60.14	6499	2221	2366
257	01:35:34	60.15	6499	2219	2364
258	01:36:34	60.11	6499	2217	2363
259	01:37:35	60.15	6499	2215	2361
260	01:38:35	60.13	6499	2213	2360
261	01:39:35	60.16	6499	2211	2358
262	01:40:35	60.15	6499	2209	2357
263	01:41:35	60.16	6499	2207	2355
264	01:42:35	60.16	6499	2205	2354
265	01:43:36	60.15	6499	2204	2352
266	01:44:36	60.13	6499	2202	2351
267	01:45:36	60.12	6499	2200	2349
268	01:46:36	60.16	6499	2198	2348
269	01:47:36	60.14	6499	2196	2347
270	01:48:36	60.11	6499	2194	2345
271	01:49:36	60.14	6499	2192	2344
272	01:50:36	60.17	6499	2190	2342
273	01:51:37	60.37	6499	2189	2341
274	01:52:37	60.16	6499	2187	2339
275	01:53:37	60.15	6499	2185	2338
276	01:54:37	60.12	6499	2183	2337
277	01:55:37	60.14	6499	2181	2335
278	01:56:38	60.12	6499	2180	2334
279	01:57:38	60.35	6499	2178	2332
280	01:58:38	10.04	6499	2177	2331
281	01:58:48	36.02	6499	2176	2331
282	01:59:24	60.25	6499	2174	2330
283	02:00:24	60.18	6499	2173	2328
284	02:01:25	47.53	6499	2171	2327
285	02:02:12	43.00	6499	2170	2326
286	02:02:55	60.56	6499	2168	2325
287	02:03:56	60.14	6499	2166	2323
288	02:04:56	60.15	6499	2164	2322
289	02:05:56	60.11	6499	2163	2320
290	02:06:56	60.12	6499	2161	2319
291	02:07:56	60.12	6499	2159	2317
292	02:08:56	60.16	6499	2157	2316
293	02:09:56	60.15	6499	2155	2315
294	02:10:57	60.17	6499	2154	2313
295	02:11:57	60.11	6499	2152	2312
296	02:12:57	60.11	6499	2150	2310
297	02:13:57	60.12	6499	2148	2309
298	02:14:57	60.16	6499	2147	2307
299	02:15:57	60.15	6499	2145	2306
300	02:16:57	60.12	6499	2143	2305
301	02:17:58	60.15	6499	2141	2303
302	02:18:58	60.14	6499	2139	2302
303	02:19:58	60.14	6499	2138	2300
304	02:20:58	60.15	6499	2136	2299
305	02:21:58	60.12	6499	2134	2297
306	02:22:58	27.55	6499	2133	2296
307	02:23:26	30.59	6499	2132	2296
308	02:23:56	60.54	6499	2131	2295
309	02:24:57	60.15	6499	2129	2293
310	02:25:57	60.16	6499	2127	2292
311	02:26:57	60.11	6499	2126	2290
312	02:27:57	60.17	6499	2124	2289
313	02:28:57	60.15	6499	2122	2288
314	02:29:58	60.16	6499	2121	2286
315	02:30:58	60.13	6499	2119	2285
316	02:31:58	60.12	6499	2117	2283
317	02:32:58	60.14	6499	2115	2282
318	02:33:58	60.12	6499	2114	2281
319	02:34:58	60.16	6499	2112	2279
320	02:35:58	60.17	6499	2110	2278
321	02:36:59	60.17	6499	2109	2276
322	02:37:59	60.15	6499	2107	2275
323	02:38:59	60.11	6499	2105	2274
324	02:39:59	60.17	6499	2103	2272
325	02:40:59	60.14	6499	2102	2271
326	02:41:59	60.16	6499	2100	2269
327	02:43:00	60.16	6499	2098	2268
328	02:44:00	60.21	6499	2097	2267
329	02:45:00	60.13	6499	2095	2265
330	02:46:00	60.15	6499	2093	2264
331	02:47:00	60.14	6499	2091	2263
332	02:48:00	60.11	6499	2090	2261
333	02:49:00	60.16	6499	2088	2260
334	02:50:01	60.13	6499	2087	2259
335	02:51:01	60.11	6499	2085	2257
336	02:52:01	60.12	6499	2083	2256
337	02:53:01	60.14	6499	2082	2254
338	02:54:01	60.13	6499	2080	2253
339	02:55:01	60.17	6499	2078	2252
340	02:56:01	60.36	6499	2077	2250
341	02:57:02	25.97	6499	2075	2249
342	02:57:28	31.15	6499	2075	2249
343	02:57:59	31.04	6499	2074	2248
344	02:58:30	60.48	6499	2073	2247
345	02:59:30	60.13	6499	2071	2246
346	03:00:31	60.12	6499	2069	2244
347	03:01:31	60.13	6499	2068	2243
348	03:02:31	60.15	6499	2066	2242
349	03:03:31	60.11	6499	2064	2240
350	03:04:31	22.21	6499	2063	2239
351	03:04:53	60.22	6499	2062	2238
352	03:05:53	58.74	6499	2060	2237
353	03:06:52	38.78	6499	2059	2236
354	03:07:31	60.35	6499	2058	2235
355	03:08:31	60.15	6499	2056	2233
356	03:09:31	60.13	6499	2054	2232
357	03:10:32	60.12	6499	2052	2231
358	03:11:32	60.16	6499	2051	2229
359	03:12:32	60.15	6499	2049	2228
360	03:13:32	60.15	6499	2048	2227
361	03:14:32	60.12	6499	2046	2225
362	03:15:32	60.15	6499	2044	2224
363	03:16:32	60.10	6499	2043	2223
364	03:17:33	60.15	6499	2041	2221
365	03:18:33	60.14	6499	2039	2220
366	03:19:33	60.35	6499	2038	2219
367	03:20:33	60.11	6499	2036	2217
368	03:21:33	60.15	6499	2035	2216
369	03:22:33	60.14	6499	2033	2215
370	03:23:34	60.11	6499	2032	2213
371	03:24:34	60.16	6499	2030	2212
372	03:25:34	60.14	6499	2028	2211
373	03:26:34	60.12	6499	2027	2209
374	03:27:34	60.11	6499	2025	2208
375	03:28:34	60.15	6499	2024	2207
376	03:29:34	60.15	6499	2022	2205
377	03:30:35	60.11	6499	2020	2204
378	03:31:35	60.11	6499	2019	2203
379	03:32:35	60.13	6499	2017	2201
380	03:33:35	60.16	6499	2016	2200
381	03:34:35	60.18	6499	2014	2199
382	03:35:35	60.13	6499	2012	2198
383	03:36:35	60.14	6499	2011	2196
384	03:37:35	60.14	6499	2009	2195
385	03:38:36	60.39	6499	2008	2194
386	03:39:36	60.15	6499	2006	2192
387	03:40:36	60.14	6499	2004	2191
388	03:41:36	60.41	6499	2003	2189
389	03:42:37	60.13	6499	2001	2188
390	03:43:37	60.16	6499	2000	2187
391	03:44:37	60.10	6499	1998	2186
392	03:45:37	48.75	6499	1997	2184
393	03:46:26	60.24	6499	1995	2183
394	03:47:26	60.13	6499	1994	2182
395	03:48:26	60.15	6499	1992	2181
396	03:49:26	60.13	6499	1990	2179
397	03:50:27	60.12	6499	1989	2178
398	03:51:27	60.14	6499	1987	2177
399	03:52:27	60.14	6499	1986	2175
400	03:53:27	60.11	6499	1984	2174
401	03:54:27	50.48	6499	1983	2173
402	03:55:17	44.73	6499	1982	2172
403	03:56:02	60.44	6499	1980	2171
404	03:57:03	60.14	6499	1979	2169
405	03:58:03	60.14	6499	1977	2168
406	03:59:03	60.11	6499	1976	2167
407	04:00:03	60.14	6499	1974	2165
408	04:01:03	60.11	6499	1973	2164
409	04:02:03	60.10	6499	1971	2163
410	04:03:03	52.27	6499	1970	2162
411	04:03:56	54.71	6499	1968	2160
412	04:04:50	60.19	6499	1967	2159
413	04:05:51	60.16	6499	1965	2158
414	04:06:51	60.16	6499	1964	2157
415	04:07:51	60.12	6499	1962	2155
416	04:08:51	60.16	6499	1961	2154
417	04:09:51	60.13	6499	1959	2153
418	04:10:51	60.17	6499	1958	2152
419	04:11:51	60.15	6499	1956	2150
420	04:12:52	60.14	6499	1954	2149
421	04:13:52	60.10	6499	1953	2148
422	04:14:52	60.14	6499	1951	2146
423	04:15:52	60.11	6499	1950	2145
424	04:16:52	60.13	6499	1948	2144
425	04:17:52	60.15	6499	1947	2143
426	04:18:52	60.15	6499	1946	2141
427	04:19:53	60.12	6499	1944	2140
428	04:20:53	60.11	6499	1942	2139
429	04:21:53	60.11	6499	1941	2138
430	04:22:53	60.15	6499	1939	2136
431	04:23:53	60.11	6499	1938	2135
432	04:24:53	60.11	6499	1936	2134
433	04:25:53	60.11	6499	1935	2133
434	04:26:53	60.16	6499	1934	2131
435	04:27:54	60.13	6499	1932	2130
436	04:28:54	60.15	6499	1931	2129
437	04:29:54	60.15	6499	1929	2128
438	04:30:54	60.15	6499	1928	2126
439	04:31:54	60.12	6499	1926	2125
440	04:32:54	60.14	6499	1925	2124
441	04:33:54	60.10	6499	1923	2123
442	04:34:54	60.14	6499	1922	2121
443	04:35:55	60.14	6499	1920	2120
444	04:36:55	60.13	6499	1919	2119
445	04:37:55	60.15	6499	1917	2118
446	04:38:55	60.17	6499	1916	2116
447	04:39:55	60.12	6499	1914	2115
448	04:40:55	60.15	6499	1913	2114
449	04:41:56	60.12	6499	1912	2112
450	04:42:56	60.34	6499	1910	2111
451	04:43:56	60.11	6499	1909	2110
452	04:44:56	60.15	6499	1907	2109
453	04:45:56	60.15	6499	1906	2107
454	04:46:56	60.11	6499	1904	2106
455	04:47:56	60.16	6499	1903	2105
456	04:48:57	60.16	6499	1901	2104
457	04:49:57	60.10	6499	1900	2102
458	04:50:57	60.17	6499	1898	2101
459	04:51:57	60.12	6499	1897	2100
460	04:52:57	60.13	6499	1896	2098
461	04:53:57	60.13	6499	1894	2097
462	04:54:57	60.14	6499	1893	2096
463	04:55:58	60.14	6499	1891	2095
464	04:56:58	60.12	6499	1890	2094
465	04:57:58	60.15	6499	1888	2092
466	04:58:58	60.15	6499	1887	2091
467	04:59:58	60.11	6499	1886	2090
468	05:00:58	10.29	6499	1885	2089
469	05:01:09	24.82	6499	1884	2089
470	05:01:33	60.43	6499	1883	2088
471	05:02:34	60.18	6499	1882	2087
472	05:03:34	60.14	6499	1880	2086
473	05:04:34	60.12	6499	1879	2084
474	05:05:34	60.12	6499	1878	2083
475	05:06:34	60.15	6499	1876	2082
476	05:07:35	60.16	6499	1875	2081
477	05:08:35	16.99	6499	1874	2080
478	05:08:52	60.20	6499	1873	2079
479	05:09:52	60.12	6499	1872	2078
480	05:10:52	60.11	6499	1870	2077
481	05:11:52	60.12	6499	1869	2075
482	05:12:52	60.14	6499	1867	2074
483	05:13:52	60.14	6499	1866	2073
484	05:14:53	60.20	6499	1865	2072
485	05:15:53	60.15	6499	1863	2070
486	05:16:53	60.11	6499	1862	2069
487	05:17:53	60.13	6499	1860	2068
488	05:18:53	60.13	6499	1859	2067
489	05:19:53	60.11	6499	1857	2066
490	05:20:53	60.14	6499	1856	2064
491	05:21:53	60.14	6499	1855	2063
492	05:22:54	60.14	6499	1853	2062
493	05:23:54	60.12	6499	1852	2061
494	05:24:54	60.16	6499	1851	2060
495	05:25:54	60.16	6499	1849	2058
496	05:26:54	60.16	6499	1848	2057
497	05:27:54	60.16	6499	1846	2056
498	05:28:55	60.10	6499	1845	2055
499	05:29:55	60.16	6499	1844	2053
500	05:30:55	60.12	6499	1842	2052
501	05:31:55	60.11	6499	1841	2051
502	05:32:55	60.13	6499	1839	2050
503	05:33:55	60.16	6499	1838	2049
504	05:34:55	60.13	6499	1837	2047
505	05:35:55	48.64	6499	1835	2046
506	05:36:44	58.28	6499	1834	2045
507	05:37:42	60.21	6499	1833	2044
508	05:38:43	60.11	6499	1831	2043
509	05:39:43	60.14	6499	1830	2042
510	05:40:43	60.12	6499	1828	2040
511	05:41:43	60.12	6499	1827	2039
512	05:42:43	60.15	6499	1826	2038
513	05:43:43	60.15	6499	1824	2037
514	05:44:43	60.10	6499	1823	2036
515	05:45:43	60.15	6499	1822	2034
516	05:46:44	60.15	6499	1820	2033
517	05:47:44	60.16	6499	1819	2032
518	05:48:44	60.16	6499	1818	2031
519	05:49:44	60.39	6499	1816	2030
520	05:50:44	60.16	6499	1815	2028
521	05:51:45	60.15	6499	1814	2027
522	05:52:45	60.17	6499	1812	2026
523	05:53:45	60.13	6499	1811	2025
524	05:54:45	60.11	6499	1810	2023
525	05:55:45	60.15	6499	1808	2022
526	05:56:45	60.14	6499	1807	2021
527	05:57:45	60.11	6499	1806	2020
528	05:58:46	60.14	6499	1804	2019
529	05:59:46	60.40	6499	1803	2017
530	06:00:46	60.15	6499	1802	2016
531	06:01:46	60.13	6499	1800	2015
532	06:02:46	60.11	6499	1799	2014
533	06:03:47	60.13	6499	1798	2013
534	06:04:47	60.12	6499	1796	2012
535	06:05:47	60.13	6499	1795	2010
536	06:06:47	60.17	6499	1794	2009
537	06:07:47	60.17	6499	1792	2008
538	06:08:47	60.15	6499	1791	2007
539	06:09:47	60.17	6499	1790	2006
540	06:10:48	60.11	6499	1788	2005
541	06:11:48	60.13	6499	1787	2003
542	06:12:48	60.13	6499	1786	2002
543	06:13:48	60.15	6499	1784	2001
544	06:14:48	60.13	6499	1783	2000
545	06:15:48	60.15	6499	1782	1999
546	06:16:48	60.16	6499	1780	1997
547	06:17:49	60.15	6499	1779	1996
548	06:18:49	60.11	6499	1778	1995
549	06:19:49	60.14	6499	1776	1994
550	06:20:49	60.13	6499	1775	1993
551	06:21:49	37.34	6499	1774	1992
552	06:22:26	38.25	6499	1773	1991
553	06:23:05	60.56	6499	1772	1990
554	06:24:05	60.12	6499	1771	1989
555	06:25:05	60.15	6499	1769	1988
556	06:26:05	60.19	6499	1768	1987
557	06:27:06	60.12	6499	1767	1985
558	06:28:06	60.12	6499	1765	1984
559	06:29:06	60.12	6499	1764	1983
560	06:30:06	60.11	6499	1763	1982
561	06:31:06	60.14	6499	1761	1981
562	06:32:06	60.11	6499	1760	1980
563	06:33:06	60.14	6499	1759	1978
564	06:34:07	60.14	6499	1757	1977
565	06:35:07	60.15	6499	1756	1976
566	06:36:07	60.14	6499	1755	1975
567	06:37:07	60.11	6499	1753	1974
568	06:38:07	60.12	6499	1752	1972
569	06:39:07	60.14	6499	1751	1971
570	06:40:07	60.14	6499	1749	1970
571	06:41:07	60.12	6499	1748	1969
572	06:42:08	60.15	6499	1747	1968
573	06:43:08	60.11	6499	1746	1967
574	06:44:08	60.18	6499	1744	1966
575	06:45:08	60.13	6499	1743	1964
576	06:46:08	60.16	6499	1742	1963
577	06:47:08	60.10	6499	1740	1962
578	06:48:08	60.11	6499	1739	1961
579	06:49:09	60.11	6499	1738	1960
580	06:50:09	60.14	6499	1736	1959
581	06:51:09	60.11	6499	1735	1957
582	06:52:09	60.13	6499	1734	1956
583	06:53:09	60.13	6499	1732	1955
584	06:54:09	60.11	6499	1731	1954
585	06:55:09	60.12	6499	1730	1953
586	06:56:09	60.11	6499	1728	1952
587	06:57:10	60.15	6499	1727	1951
588	06:58:10	60.17	6499	1726	1949
589	06:59:10	60.15	6499	1725	1948
590	07:00:10	60.14	6499	1723	1947
591	07:01:10	60.11	6499	1722	1946
592	07:02:10	60.11	6499	1721	1945
593	07:03:10	60.15	6499	1719	1944
594	07:04:10	60.35	6499	1718	1943
595	07:05:11	60.15	6499	1717	1941
596	07:06:11	60.11	6499	1716	1940
597	07:07:11	43.73	6499	1715	1939
598	07:07:55	60.23	6499	1713	1938
599	07:08:55	60.11	6499	1712	1937
600	07:09:55	60.22	6499	1711	1936
601	07:10:55	60.12	6499	1709	1935
602	07:11:56	60.14	6499	1708	1934
603	07:12:56	60.17	6499	1707	1933
604	07:13:56	60.11	6499	1706	1931
605	07:14:56	60.14	6499	1704	1930
606	07:15:56	60.14	6499	1703	1929
607	07:16:56	60.13	6499	1702	1928
608	07:17:56	60.18	6499	1700	1927
609	07:18:57	60.16	6499	1699	1926
610	07:19:57	60.12	6499	1698	1925
611	07:20:57	60.15	6499	1697	1924
612	07:21:57	60.17	6499	1695	1922
613	07:22:57	60.17	6499	1694	1921
614	07:23:57	60.12	6499	1693	1920
615	07:24:57	60.13	6499	1692	1919
616	07:25:58	60.15	6499	1690	1918
617	07:26:58	60.11	6499	1689	1917
618	07:27:58	60.12	6499	1688	1916
619	07:28:58	60.15	6499	1686	1915
620	07:29:58	60.13	6499	1685	1913
621	07:30:58	37.73	6499	1684	1912
622	07:31:36	31.05	6499	1684	1912
623	07:32:07	60.48	6499	1683	1911
624	07:33:07	60.13	6499	1681	1910
625	07:34:08	60.10	6499	1680	1909
626	07:35:08	60.17	6499	1679	1908
627	07:36:08	60.12	6499	1677	1907
628	07:37:08	60.12	6499	1676	1905
629	07:38:08	10.28	6499	1676	1905
630	07:38:18	10.27	6499	1675	1905
631	07:38:29	10.28	6499	1675	1904
632	07:38:39	10.29	6499	1675	1904
633	07:38:49	60.14	6499	1674	1903
634	07:39:49	48.62	6499	1673	1902
635	07:40:38	30.09	6499	1672	1902
636	07:41:08	60.56	6499	1671	1901
637	07:42:09	60.15	6499	1670	1900
638	07:43:09	60.14	6499	1669	1899
639	07:44:09	60.11	6499	1667	1898
640	07:45:09	14.26	6499	1667	1897
641	07:45:23	60.22	6499	1666	1896
642	07:46:24	60.36	6499	1665	1895
643	07:47:24	60.12	6499	1663	1894
644	07:48:24	60.12	6499	1662	1893
645	07:49:24	60.16	6499	1661	1892
646	07:50:24	60.11	6499	1660	1891
647	07:51:24	60.11	6499	1658	1889
648	07:52:24	60.12	6499	1657	1888
649	07:53:25	60.16	6499	1656	1887
650	07:54:25	60.36	6499	1655	1886
651	07:55:25	60.14	6499	1654	1885
652	07:56:25	60.14	6499	1652	1884
653	07:57:25	60.18	6499	1651	1883
654	07:58:26	60.15	6499	1650	1882
655	07:59:26	60.18	6499	1649	1880
656	08:00:26	60.13	6499	1647	1879
657	08:01:26	60.16	6499	1646	1878
658	08:02:26	60.16	6499	1645	1877
659	08:03:26	60.12	6499	1644	1876
660	08:04:26	60.12	6499	1642	1875
661	08:05:27	60.11	6499	1641	1874
662	08:06:27	60.14	6499	1640	1873
663	08:07:27	60.11	6499	1639	1872
664	08:08:27	60.12	6499	1637	1871
665	08:09:27	60.15	6499	1636	1869
666	08:10:27	60.17	6499	1635	1868
667	08:11:27	47.60	6499	1634	1867
668	08:12:15	60.22	6499	1633	1866
669	08:13:15	60.14	6499	1632	1865
670	08:14:15	60.12	6499	1630	1864
671	08:15:15	60.18	6499	1629	1863
672	08:16:16	60.14	6499	1628	1862
673	08:17:16	60.11	6499	1627	1861
674	08:18:16	60.11	6499	1625	1860
675	08:19:16	60.16	6499	1624	1859
676	08:20:16	60.16	6499	1623	1858
677	08:21:16	60.15	6499	1622	1856
678	08:22:17	60.13	6499	1620	1855
679	08:23:17	60.13	6499	1619	1854
680	08:24:17	60.12	6499	1618	1853
681	08:25:17	60.12	6499	1617	1852
682	08:26:17	60.17	6499	1616	1851
683	08:27:17	60.12	6499	1614	1850
684	08:28:17	60.15	6499	1613	1849
685	08:29:17	60.11	6499	1612	1848
686	08:30:18	60.14	6499	1611	1847
687	08:31:18	60.16	6499	1610	1846
688	08:32:18	60.15	6499	1608	1845
689	08:33:18	60.12	6499	1607	1843
690	08:34:18	60.11	6499	1606	1842
691	08:35:18	60.16	6499	1605	1841
692	08:36:18	60.15	6499	1603	1840
693	08:37:19	60.15	6499	1602	1839
694	08:38:19	60.10	6499	1601	1838
695	08:39:19	60.13	6499	1600	1837
696	08:40:19	60.11	6499	1598	1836
697	08:41:19	60.13	6499	1597	1835
698	08:42:19	60.11	6499	1596	1834
699	08:43:19	60.11	6499	1595	1833
700	08:44:19	60.12	6499	1594	1832
701	08:45:20	60.11	6499	1593	1830
702	08:46:20	60.13	6499	1591	1829
703	08:47:20	60.11	6499	1590	1828
704	08:48:20	60.11	6499	1589	1827
705	08:49:20	60.14	6499	1588	1826
706	08:50:20	60.13	6499	1587	1825
707	08:51:20	60.12	6499	1585	1824
708	08:52:20	60.36	6499	1584	1823
709	08:53:21	60.12	6499	1583	1822
710	08:54:21	60.14	6499	1582	1821
711	08:55:21	60.13	6499	1581	1820
712	08:56:21	60.15	6499	1579	1819
713	08:57:21	60.14	6499	1578	1818
714	08:58:21	60.11	6499	1577	1817
715	08:59:22	60.13	6499	1576	1816
716	09:00:22	60.11	6499	1575	1814
717	09:01:22	60.13	6499	1573	1813
718	09:02:22	60.15	6499	1572	1812
719	09:03:22	25.66	6499	1572	1812
720	09:03:48	21.75	6499	1571	1811
721	09:04:09	11.60	6499	1571	1811
722	09:04:21	60.09	6499	1570	1810
723	09:05:21	60.11	6499	1569	1809
724	09:06:21	60.16	6499	1568	1808
725	09:07:21	60.11	6499	1567	1807
726	09:08:22	60.14	6499	1565	1806
727	09:09:22	60.15	6499	1564	1805
728	09:10:22	60.14	6499	1563	1804
729	09:11:22	60.13	6499	1562	1803
730	09:12:22	60.12	6499	1561	1802
731	09:13:22	60.12	6499	1560	1801
732	09:14:22	60.13	6499	1558	1800
733	09:15:22	60.11	6499	1557	1799
734	09:16:23	60.10	6499	1556	1798
735	09:17:23	60.10	6499	1555	1797
736	09:18:23	60.35	6499	1554	1796
737	09:19:23	60.11	6499	1553	1795
738	09:20:23	60.17	6499	1552	1794
739	09:21:23	60.11	6499	1551	1793
740	09:22:23	60.11	6499	1549	1792
741	09:23:24	60.12	6499	1548	1791
742	09:24:24	60.15	6499	1547	1790
743	09:25:24	60.13	6499	1546	1789
744	09:26:24	60.11	6499	1545	1788
745	09:27:24	60.14	6499	1544	1787
746	09:28:24	60.12	6499	1543	1786
747	09:29:24	60.16	6499	1542	1785
748	09:30:25	60.12	6499	1541	1783
749	09:31:25	60.11	6499	1539	1782
750	09:32:25	60.12	6499	1538	1781
751	09:33:25	60.14	6499	1537	1780
752	09:34:25	60.13	6499	1536	1779
753	09:35:25	60.15	6499	1535	1778
754	09:36:25	60.16	6499	1534	1777
755	09:37:25	60.14	6499	1533	1776
756	09:38:26	60.12	6499	1532	1775
757	09:39:26	60.11	6499	1530	1774
758	09:40:26	60.14	6499	1529	1773
759	09:41:26	60.15	6499	1528	1772
760	09:42:26	60.11	6499	1527	1771
761	09:43:26	60.13	6499	1526	1770
762	09:44:26	60.35	6499	1525	1769
763	09:45:27	60.12	6499	1524	1768
764	09:46:27	60.14	6499	1523	1767
765	09:47:27	60.13	6499	1522	1766
766	09:48:27	60.16	6499	1521	1765
767	09:49:27	60.14	6499	1520	1764
768	09:50:27	60.15	6499	1518	1763
769	09:51:28	60.12	6499	1517	1762
770	09:52:28	60.15	6499	1516	1761
771	09:53:28	32.98	6499	1515	1760
772	09:54:01	60.19	6499	1514	1760
773	09:55:01	60.14	6499	1513	1759
774	09:56:01	60.18	6499	1512	1758
775	09:57:01	60.11	6499	1511	1757
776	09:58:01	60.15	6499	1510	1756
777	09:59:02	60.11	6499	1509	1755
778	10:00:02	60.10	6499	1508	1754
779	10:01:02	60.11	6499	1507	1753
780	10:02:02	60.14	6499	1506	1752
781	10:03:02	60.12	6499	1505	1751
782	10:04:02	60.11	6499	1504	1750
783	10:05:02	60.14	6499	1503	1749
784	10:06:02	60.12	6499	1502	1748
785	10:07:03	60.15	6499	1501	1747
786	10:08:03	60.12	6499	1499	1746
787	10:09:03	60.13	6499	1498	1745
788	10:10:03	60.11	6499	1497	1744
789	10:11:03	60.15	6499	1496	1743
790	10:12:03	60.13	6499	1495	1742
791	10:13:03	60.12	6499	1494	1741
792	10:14:03	60.14	6499	1493	1740
793	10:15:04	60.12	6499	1492	1739
794	10:16:04	60.13	6499	1491	1738
795	10:17:04	60.12	6499	1490	1737
796	10:18:04	60.14	6499	1489	1736
797	10:19:04	60.12	6499	1488	1735
798	10:20:04	60.12	6499	1487	1734
799	10:21:04	60.39	6499	1486	1733
800	10:22:05	10.27	6499	1485	1732
801	10:22:15	58.17	6499	1484	1732
802	10:23:13	60.04	6499	1483	1731
803	10:24:13	60.10	6499	1482	1730
804	10:25:13	60.16	6499	1481	1729
805	10:26:13	60.13	6499	1480	1728
806	10:27:14	60.38	6499	1479	1727
807	10:28:14	60.17	6499	1478	1726
808	10:29:14	60.12	6499	1477	1725
809	10:30:14	60.12	6499	1476	1724
810	10:31:14	60.11	6499	1475	1723
811	10:32:14	60.13	6499	1474	1722
812	10:33:15	60.12	6499	1473	1721
813	10:34:15	60.15	6499	1472	1720
814	10:35:15	60.14	6499	1471	1719
815	10:36:15	60.11	6499	1470	1718
816	10:37:15	60.14	6499	1469	1717
817	10:38:15	60.11	6499	1468	1716
818	10:39:15	60.11	6499	1467	1716
819	10:40:15	60.14	6499	1466	1715
820	10:41:16	60.11	6499	1465	1714
821	10:42:16	60.11	6499	1464	1713
822	10:43:16	60.37	6499	1462	1712
823	10:44:16	60.13	6499	1461	1711
824	10:45:16	60.12	6499	1460	1710
825	10:46:16	60.14	6499	1459	1709
826	10:47:17	60.17	6499	1458	1708
827	10:48:17	60.12	6499	1457	1707
828	10:49:17	60.13	6499	1456	1706
829	10:50:17	60.17	6499	1455	1705
830	10:51:17	60.11	6499	1454	1704
831	10:52:17	60.14	6499	1453	1703
832	10:53:17	60.14	6499	1452	1702
833	10:54:18	60.11	6499	1451	1701
834	10:55:18	60.13	6499	1450	1700
835	10:56:18	60.37	6499	1449	1699
836	10:57:18	60.16	6499	1448	1698
837	10:58:18	60.12	6499	1447	1696
838	10:59:18	60.14	6499	1445	1695
839	11:00:19	60.10	6499	1444	1694
840	11:01:19	22.65	6499	1443	1693
841	11:01:41	60.51	6499	1443	1692
842	11:02:42	60.11	6499	1441	1691
843	11:03:42	10.27	6499	1441	1691
844	11:03:52	60.43	6499	1440	1690
845	11:04:53	26.26	6499	1439	1689
846	11:05:19	60.20	6499	1438	1688
847	11:06:19	60.14	6499	1437	1687
848	11:07:19	60.37	6499	1436	1686
849	11:08:20	60.15	6499	1435	1685
850	11:09:20	60.13	6499	1434	1684
851	11:10:20	60.14	6499	1433	1683
852	11:11:20	60.14	6499	1432	1681
853	11:12:20	60.12	6499	1431	1680
854	11:13:20	60.15	6499	1430	1679
855	11:14:20	60.45	6499	1428	1678
856	11:15:21	60.16	6499	1427	1677
857	11:16:21	60.12	6499	1426	1676
858	11:17:21	60.12	6499	1425	1675
859	11:18:21	60.14	6499	1424	1674
860	11:19:21	60.12	6499	1423	1672
861	11:20:22	60.15	6499	1421	1670
862	11:21:22	38.65	6499	1420	1669
863	11:22:00	60.13	6499	1419	1667
864	11:23:01	60.12	6499	1417	1666
865	11:24:01	60.15	6499	1415	1664
866	11:25:01	60.14	6499	1414	1662
867	11:26:01	60.13	6499	1412	1661
868	11:27:01	60.12	6499	1410	1659
869	11:28:01	60.13	6499	1409	1658
870	11:29:01	60.12	6499	1407	1656
871	11:30:01	60.12	6499	1406	1654
872	11:31:02	60.13	6499	1404	1653
873	11:32:02	60.14	6499	1402	1651
874	11:33:02	60.17	6499	1401	1650
875	11:34:02	60.09	6499	1399	1648
876	11:35:02	46.78	6499	1398	1647
877	11:35:49	60.23	6499	1396	1645
878	11:36:49	60.11	6499	1395	1644
879	11:37:49	60.12	6499	1393	1642
880	11:38:49	60.13	6499	1392	1641
881	11:39:49	60.12	6499	1390	1639
882	11:40:50	60.13	6499	1388	1638
883	11:41:50	60.17	6499	1387	1636
884	11:42:50	40.57	6499	1385	1635
885	11:43:30	60.12	6499	1384	1634
886	11:44:31	60.16	6499	1382	1633
887	11:45:31	60.12	6499	1381	1631
888	11:46:31	60.15	6499	1379	1630
889	11:47:31	60.14	6499	1378	1628
890	11:48:31	60.12	6499	1376	1627
891	11:49:31	60.11	6499	1375	1625
892	11:50:31	60.17	6499	1374	1624
893	11:51:32	60.11	6499	1372	1623
894	11:52:32	60.35	6499	1371	1622
895	11:53:32	60.14	6499	1369	1621
896	11:54:32	60.12	6499	1368	1619
897	11:55:32	60.16	6499	1366	1618
898	11:56:32	60.14	6499	1365	1617
899	11:57:33	60.12	6499	1363	1616
900	11:58:33	60.14	6499	1362	1615
901	11:59:33	60.13	6499	1361	1614
902	12:00:33	60.12	6499	1359	1613
903	12:01:33	60.13	6499	1358	1612
904	12:02:33	60.39	6499	1357	1610
905	12:03:34	60.11	6499	1355	1609
906	12:04:34	60.11	6499	1354	1608
907	12:05:34	60.12	6499	1352	1607
908	12:06:34	60.13	6499	1351	1606
909	12:07:34	60.16	6499	1350	1605
910	12:08:34	60.11	6499	1348	1604
911	12:09:34	60.11	6499	1347	1603
912	12:10:34	60.13	6499	1346	1602
913	12:11:35	60.11	6499	1344	1601
914	12:12:35	60.12	6499	1343	1600
915	12:13:35	60.15	6499	1342	1598
916	12:14:35	60.12	6499	1340	1597
917	12:15:35	60.11	6499	1339	1596
918	12:16:35	60.12	6499	1338	1595
919	12:17:35	60.11	6499	1336	1594
920	12:18:35	60.11	6499	1335	1593
921	12:19:35	60.11	6499	1334	1592
922	12:20:36	60.17	6499	1332	1591
923	12:21:36	60.11	6499	1331	1590
924	12:22:36	60.14	6499	1330	1589
925	12:23:36	10.26	6499	1329	1589
926	12:23:46	60.43	6499	1328	1588
927	12:24:47	52.41	6499	1327	1587
928	12:25:39	12.80	6499	1327	1587
929	12:25:52	9.06	6499	1326	1587
930	12:26:01	8.76	6499	1326	1587
931	12:26:10	9.00	6499	1326	1587
932	12:26:19	8.83	6499	1326	1587
933	12:26:28	9.01	6499	1326	1586
934	12:26:37	8.82	6499	1325	1586
935	12:26:45	9.01	6499	1325	1586
936	12:26:54	8.52	6499	1325	1586
937	12:27:03	9.01	6499	1324	1585
938	12:27:12	8.82	6499	1324	1585
939	12:27:21	9.00	6499	1324	1585
940	12:27:30	8.83	6499	1324	1585
941	12:27:39	9.01	6499	1323	1585
942	12:27:48	8.84	6499	1323	1584
943	12:27:56	9.01	6499	1323	1584
944	12:28:05	8.82	6499	1322	1584
945	12:28:14	9.00	6499	1322	1584
946	12:28:23	23.76	6499	1322	1584
947	12:28:47	9.00	6499	1322	1584
948	12:28:56	8.22	6499	1322	1584
949	12:29:04	9.01	6499	1322	1583
950	12:29:13	8.23	6499	1321	1583
951	12:29:21	9.00	6499	1321	1583
952	12:29:30	8.23	6499	1321	1583
953	12:29:39	9.01	6499	1321	1583
954	12:29:48	8.23	6499	1321	1583
955	12:29:56	9.00	6499	1320	1583
956	12:30:05	8.53	6499	1320	1582
957	12:30:13	9.01	6499	1320	1582
958	12:30:22	8.21	6499	1320	1582
959	12:30:31	9.01	6499	1320	1582
960	12:30:40	8.53	6499	1320	1582
961	12:30:48	9.01	6499	1319	1582
962	12:30:57	8.22	6499	1318	1581
963	12:31:05	9.01	6499	1317	1580
964	12:31:14	8.50	6499	1316	1579
965	12:31:23	22.71	6499	1315	1578
966	12:31:46	60.37	6499	1313	1577
967	12:32:46	60.18	6499	1312	1576
968	12:33:46	60.12	6499	1311	1575
969	12:34:46	60.40	6499	1310	1574
970	12:35:47	60.17	6499	1308	1573
971	12:36:47	60.17	6499	1307	1572
972	12:37:47	60.18	6499	1306	1571
973	12:38:47	60.16	6499	1305	1570
974	12:39:47	60.17	6499	1303	1569
975	12:40:48	60.11	6499	1302	1568
976	12:41:48	60.14	6499	1301	1567
977	12:42:48	60.17	6499	1300	1566
978	12:43:48	60.18	6499	1299	1565
979	12:44:48	60.16	6499	1297	1564
980	12:45:48	60.13	6499	1296	1563
981	12:46:49	60.17	6499	1295	1562
982	12:47:49	60.12	6499	1294	1561
983	12:48:49	60.16	6499	1293	1560
984	12:49:49	60.41	6499	1292	1559
985	12:50:49	60.16	6499	1291	1558
986	12:51:50	41.22	6499	1289	1557
987	12:52:31	60.23	6499	1288	1556
988	12:53:31	60.17	6499	1287	1555
989	12:54:31	60.16	6499	1286	1554
990	12:55:31	60.18	6499	1285	1553
991	12:56:31	60.18	6499	1284	1552
992	12:57:32	60.16	6499	1282	1551
993	12:58:32	60.15	6499	1281	1550
994	12:59:32	60.35	6499	1280	1550
995	13:00:32	60.19	6499	1279	1549
996	13:01:33	60.16	6499	1278	1548
997	13:02:33	60.17	6499	1276	1547
998	13:03:33	60.16	6499	1275	1546
999	13:04:33	60.19	6499	1274	1545
1000	13:05:33	60.13	6499	1274	1544
1001	13:06:33	60.12	6499	1273	1543
1002	13:07:33	60.15	6499	1272	1542
1003	13:08:34	60.14	6499	1270	1542
1004	13:09:34	13.11	6499	1269	1541
1005	13:09:47	60.39	6499	1268	1540
1006	13:10:47	60.15	6499	1267	1539
1007	13:11:47	60.16	6499	1266	1538
1008	13:12:48	60.14	6499	1265	1537
1009	13:13:48	60.18	6499	1264	1536
1010	13:14:48	60.15	6499	1263	1535
1011	13:15:48	60.12	6499	1262	1534
1012	13:16:48	60.17	6499	1260	1533
1013	13:17:48	60.14	6499	1259	1532
1014	13:18:48	60.12	6499	1258	1531
1015	13:19:49	60.16	6499	1257	1530
1016	13:20:49	60.14	6499	1256	1530
1017	13:21:49	60.15	6499	1255	1529
1018	13:22:49	60.17	6499	1254	1528
1019	13:23:49	60.17	6499	1253	1527
1020	13:24:49	60.14	6499	1251	1526
1021	13:25:49	60.17	6499	1250	1525
1022	13:26:50	60.15	6499	1249	1524
1023	13:27:50	60.10	6499	1248	1523
1024	13:28:50	60.13	6499	1247	1522
1025	13:29:50	60.14	6499	1246	1521
1026	13:30:50	60.15	6499	1245	1520
1027	13:31:50	60.16	6499	1244	1520
1028	13:32:50	60.13	6499	1243	1519
1029	13:33:51	60.11	6499	1242	1518
1030	13:34:51	60.17	6499	1240	1517
1031	13:35:51	60.13	6499	1239	1516
1032	13:36:51	60.10	6499	1238	1515
1033	13:37:51	60.11	6499	1237	1514
1034	13:38:51	60.15	6499	1236	1514
1035	13:39:51	60.16	6499	1235	1513
1036	13:40:52	60.14	6499	1234	1512
1037	13:41:52	60.14	6499	1233	1511
1038	13:42:52	60.12	6499	1233	1511
1039	13:43:52	60.11	6499	1232	1510
1040	13:44:52	60.12	6499	1231	1509
1041	13:45:52	10.30	6499	1230	1508
1042	13:46:02	60.16	6499	1229	1508
1043	13:47:03	60.14	6499	1228	1507
1044	13:48:03	60.12	6499	10.65	15.84
1045	13:49:03	27.92	6499	0	0
1046	13:49:31	60.28	6499	0	0
1047	13:50:31	40.01	6499	0	0
1048	13:51:11	60.59	6499	0	0
1049	13:52:12	60.16	6499	0	0
1050	13:53:12	63.21	6499	0	0
Created by AtlRunQuery on: 2018-11-29 15:58:51.922678
