LHC beam energy and intensities during run 349534:
(Begin/end of run: Sat May 05 2018 12:24:57 − 14:37:41)

LB	   Start time
(CEST)	   Duration
(sec)	   Beam energy
(GeV)	   Intensity Beam-1
(1e11 protons)	   Intensity Beam-2
(1e11 protons)
1	12:24:57	60.10	450	0.09057	0.09118
2	12:25:57	60.13	450	0.09048	0.09094
3	12:26:58	60.11	450	0.09039	0.0907
4	12:27:58	24.71	450	0.09032	0.09055
5	12:28:22	20.63	450	0.09029	0.09047
6	12:28:43	60.10	450	0.09024	0.09032
7	12:29:43	60.12	450	0.09015	0.09011
8	12:30:43	60.13	450	0.09006	0.0899
9	12:31:43	60.12	450	0.08997	0.08969
10	12:32:43	60.13	450	0.08989	0.0895
11	12:33:44	60.13	450	0.0898	0.08931
12	12:34:44	60.11	450	0.08972	0.08912
13	12:35:44	60.11	450	0.08964	0.08894
14	12:36:44	60.12	450	0.08955	0.08878
15	12:37:44	60.10	450	0.08948	0.08864
16	12:38:44	10.30	450	0.08942	0.08856
17	12:38:54	60.14	450	0.08938	0.08848
18	12:39:55	60.12	450	0.0893	0.08836
19	12:40:55	60.13	450	0.08923	0.08824
20	12:41:55	60.11	450	0.08915	0.08811
21	12:42:55	60.15	450	0.08907	0.08798
22	12:43:55	60.11	450	0.089	0.08785
23	12:44:55	60.11	450	0.08891	0.08773
24	12:45:55	60.12	449	0.08883	0.0876
25	12:46:55	60.12	450	11.5	3.073
26	12:47:56	60.13	450	83.71	13.9
27	12:48:56	60.13	450	194.9	128.3
28	12:49:56	60.11	450	328.1	262.3
29	12:50:56	60.12	449	482.5	395.5
30	12:51:56	60.18	450	638.9	530.2
31	12:52:56	60.12	450	734.9	662
32	12:53:56	60.12	450	846.4	775.6
33	12:54:56	60.13	450	978.2	915.6
34	12:55:57	60.14	450	1123	1050
35	12:56:57	60.16	449	1286	1184
36	12:57:57	60.14	450	1421	1318
37	12:58:57	60.12	450	1526	1478
38	12:59:57	60.16	450	1627	1579
39	13:00:57	60.11	450	1762	1703
40	13:01:57	60.14	450	1933	1837
41	13:02:58	60.13	450	2066	1969
42	13:03:58	60.12	450	2198	2121
43	13:04:58	60.10	450	2314	2278
44	13:05:58	60.12	450	2403	2372
45	13:06:58	60.15	450	2570	2484
46	13:07:58	60.14	450	2707	2615
47	13:08:58	60.10	450	2838	2759
48	13:09:58	60.12	450	2968	2924
49	13:10:59	60.11	450	3084	3055
50	13:11:59	60.16	450	3081	3103
51	13:12:59	60.16	450	3077	3100
52	13:13:59	60.15	450	3072	3097
53	13:14:59	35.02	450	3068	3095
54	13:15:34	60.43	450	3051	3079
55	13:16:35	60.16	454	3048	3076
56	13:17:35	60.11	517	3047	3075
57	13:18:35	60.11	651	3046	3074
58	13:19:35	33.21	851	3046	3073
59	13:20:08	41.83	986	3046	3072
60	13:20:50	60.20	1189	3045	3072
61	13:21:50	60.16	1532	3044	3071
62	13:22:50	60.15	1879	3044	3071
63	13:23:51	60.16	2232	3044	3072
64	13:24:51	60.12	2580	3044	3072
65	13:25:51	60.10	2927	3044	3072
66	13:26:51	60.16	3274	3044	3071
67	13:27:51	60.12	3622	3043	3071
68	13:28:51	60.16	3969	3042	3071
69	13:29:51	60.15	4317	3042	3071
70	13:30:51	60.14	4664	3041	3071
71	13:31:52	60.11	5017	3041	3070
72	13:32:52	60.15	5365	3040	3070
73	13:33:52	60.15	5712	3038	3070
74	13:34:52	60.15	6059	3036	3069
75	13:35:52	44.15	6407	3030	3069
76	13:36:36	60.36	6499	3028	3068
77	13:37:37	60.12	6499	3028	3068
78	13:38:37	60.13	6499	3028	3068
79	13:39:37	60.12	6499	3027	3067
80	13:40:37	60.17	6499	3027	3067
81	13:41:37	60.14	6499	3027	3067
82	13:42:37	60.12	6499	3026	3067
83	13:43:37	60.16	6499	3025	3067
84	13:44:38	60.12	6499	3024	3066
85	13:45:38	60.16	6499	3022	3065
86	13:46:38	60.13	6499	3020	3065
87	13:47:38	60.15	6499	3016	3064
88	13:48:38	60.13	6499	3012	3063
89	13:49:38	59.16	6499	3009	3061
90	13:50:37	60.34	6499	3006	3060
91	13:51:38	60.11	6499	3004	3059
92	13:52:38	60.16	6499	3000	3058
93	13:53:38	60.14	6499	2994	3057
94	13:54:38	11.95	6499	2990	3056
95	13:54:50	60.20	6499	2987	3054
96	13:55:50	60.17	6499	2983	3053
97	13:56:51	60.11	6499	2980	3050
98	13:57:51	60.12	6499	2976	3048
99	13:58:51	60.13	6499	2973	3046
100	13:59:51	60.14	6499	2970	3045
101	14:00:51	60.11	6499	2965	3043
102	14:01:51	11.41	6499	2963	3042
103	14:02:03	21.09	6499	2962	3041
104	14:02:24	10.10	6499	2962	3041
105	14:02:34	10.27	6499	2961	3041
106	14:02:44	26.49	6499	2960	3040
107	14:03:11	15.53	6499	2959	3040
108	14:03:26	60.26	6499	2957	3038
109	14:04:26	20.59	6499	2956	3037
110	14:04:47	10.26	6499	2955	3037
111	14:04:57	12.43	6499	2954	3036
112	14:05:10	60.45	6499	2952	3035
113	14:06:10	30.58	6499	2949	3033
114	14:06:41	60.43	6499	2947	3032
115	14:07:41	39.82	6499	2944	3030
116	14:08:21	60.55	6499	2941	3028
117	14:09:21	38.35	6499	2939	3026
118	14:10:00	60.59	6499	2936	3024
119	14:11:00	60.15	6499	2933	3022
120	14:12:01	18.58	6499	2931	3021
121	14:12:19	60.36	6499	2929	3019
122	14:13:19	32.83	6499	2927	3018
123	14:13:52	11.15	6499	2926	3017
124	14:14:03	9.00	6499	2926	3017
125	14:14:12	7.13	6499	2925	3017
126	14:14:20	9.01	6499	2925	3016
127	14:14:29	6.79	6499	2925	3016
128	14:14:35	9.01	6499	2924	3016
129	14:14:44	6.82	6499	2924	3016
130	14:14:51	9.01	6499	2923	3015
131	14:15:00	6.83	6499	2923	3015
132	14:15:07	9.00	6499	2923	3015
133	14:15:16	6.29	6499	2922	3015
134	14:15:22	3.11	6499	2922	3015
135	14:15:25	6.44	6499	2922	3014
136	14:15:32	7.13	6499	2922	3014
137	14:15:39	9.02	6499	2921	3014
138	14:15:48	6.82	6499	2921	3014
139	14:15:55	9.01	6499	2921	3013
140	14:16:04	6.52	6499	2921	3013
141	14:16:10	9.01	6499	2920	3013
142	14:16:19	3.14	6499	2920	3013
143	14:16:23	19.21	6499	2919	3013
144	14:16:42	9.01	6499	2919	3012
145	14:16:51	6.23	6499	2919	3012
146	14:16:57	9.01	6499	2919	3012
147	14:17:06	6.52	6499	2918	3011
148	14:17:13	9.00	6499	2918	3011
149	14:17:22	15.54	6499	2918	3011
150	14:17:37	6.22	6499	2917	3010
151	14:17:43	9.01	6499	2916	3010
152	14:17:52	6.52	6499	2916	3010
153	14:17:59	9.01	6499	2916	3010
154	14:18:08	6.53	6499	2915	3010
155	14:18:14	9.01	6499	2914	3009
156	14:18:23	6.52	6499	2914	3009
157	14:18:30	9.00	6499	2913	3009
158	14:18:39	6.54	6499	2913	3009
159	14:18:45	9.00	6499	2912	3009
160	14:18:54	8.51	6499	2912	3008
161	14:19:03	60.47	6499	2910	3007
162	14:20:03	57.42	6499	2907	3005
163	14:21:01	41.21	6499	39.23	42.05
164	14:21:42	31.06	6499	0	0
165	14:22:13	60.47	6499	0	0
166	14:23:14	60.17	6499	0	0
167	14:24:14	60.13	6499	0	0
168	14:25:14	60.37	6499	0	0
169	14:26:14	60.14	6499	0	0
170	14:27:14	60.13	6499	0	0
171	14:28:15	60.15	6499	0	0
172	14:29:15	60.13	6499	0	0
173	14:30:15	60.11	6499	0	0
174	14:31:15	10.27	6501	0	0
175	14:31:25	35.01	6501	0	0
176	14:32:00	10.11	6501	0	0
177	14:32:10	10.26	6501	0	0
178	14:32:21	10.27	6501	0	0
179	14:32:31	60.12	6501	0	0
180	14:33:31	11.88	6501	0	0
181	14:33:43	60.24	6501	0	0
182	14:34:43	60.14	6501	0	0
183	14:35:43	60.14	6498	0	0
184	14:36:43	57.69	6408	0	0
Created by AtlRunQuery on: 2018-11-29 17:03:57.356222
