LHC beam energy and intensities during run 349582:
(Begin/end of run: Sat May 05 2018 16:43:19 − 19:46:20)

LB	   Start time
(CEST)	   Duration
(sec)	   Beam energy
(GeV)	   Intensity Beam-1
(1e11 protons)	   Intensity Beam-2
(1e11 protons)
1	16:43:19	60.12	450	811.7	754.3
2	16:44:19	60.12	450	944.6	880.9
3	16:45:19	60.11	450	1115	1014
4	16:46:19	43.76	450	1235	1120
5	16:47:03	10.13	450	1288	1170
6	16:47:13	60.11	449	1364	1295
7	16:48:13	48.78	450	1463	1430
8	16:49:02	60.21	450	1577	1515
9	16:50:02	60.12	450	1576	1611
10	16:51:02	60.12	450	1668	1759
11	16:52:03	60.12	450	1749	1918
12	16:53:03	60.11	450	1756	2051
13	16:54:03	60.12	449	1920	2182
14	16:55:03	60.11	450	2062	2302
15	16:56:03	60.12	450	2193	2393
16	16:57:03	60.13	450	2303	2561
17	16:58:03	60.13	450	2397	2693
18	16:59:03	60.12	450	2551	2825
19	17:00:04	60.11	450	2700	2957
20	17:01:04	60.12	450	2832	3085
21	17:02:04	60.12	450	3064	3083
22	17:03:04	60.12	450	3061	3080
23	17:04:04	60.11	449	3057	3078
24	17:05:04	60.10	450	3052	3075
25	17:06:04	60.11	450	3048	3073
26	17:07:04	60.13	450	3043	3071
27	17:08:04	21.87	483	3039	3070
28	17:08:26	16.24	514	3025	3056
29	17:08:43	60.33	544	3025	3056
30	17:09:43	60.12	696	3024	3055
31	17:10:43	19.62	910	3024	3054
32	17:11:03	60.06	995	3024	3053
33	17:12:03	60.11	1300	3023	3053
34	17:13:03	60.11	1648	3023	3052
35	17:14:03	60.12	1995	3023	3053
36	17:15:03	60.11	2342	3023	3053
37	17:16:03	60.11	2690	3023	3053
38	17:17:03	60.11	3037	3023	3053
39	17:18:03	60.16	3385	3022	3052
40	17:19:04	60.14	3738	3022	3052
41	17:20:04	60.11	4085	3021	3052
42	17:21:04	60.17	4432	3021	3052
43	17:22:04	60.12	4780	3020	3052
44	17:23:04	60.13	5127	3019	3052
45	17:24:04	60.11	5475	3019	3052
46	17:25:04	60.13	5822	3017	3051
47	17:26:04	60.11	6169	3014	3050
48	17:27:05	37.74	6492	3008	3050
49	17:27:42	10.10	6499	3008	3050
50	17:27:52	60.41	6499	3008	3050
51	17:28:53	60.14	6499	3008	3049
52	17:29:53	60.11	6499	3008	3049
53	17:30:53	60.16	6499	3008	3049
54	17:31:53	60.14	6499	3007	3049
55	17:32:53	60.10	6499	3007	3049
56	17:33:53	60.14	6499	3007	3049
57	17:34:54	60.12	6499	3006	3048
58	17:35:54	60.11	6499	3006	3048
59	17:36:54	60.10	6499	3005	3048
60	17:37:54	60.13	6499	3004	3048
61	17:38:54	60.40	6499	3003	3048
62	17:39:54	60.47	6499	3000	3047
63	17:40:55	60.12	6499	2997	3046
64	17:41:55	60.10	6499	2993	3045
65	17:42:55	50.87	6499	2989	3043
66	17:43:46	60.38	6499	2987	3042
67	17:44:46	60.13	6499	2983	3041
68	17:45:47	60.11	6499	2977	3040
69	17:46:47	60.17	6499	2972	3038
70	17:47:47	60.11	6499	2968	3036
71	17:48:47	60.17	6499	2965	3034
72	17:49:47	60.11	6499	2962	3032
73	17:50:47	60.17	6499	2958	3030
74	17:51:47	60.11	6499	2955	3028
75	17:52:47	32.74	6499	2952	3026
76	17:53:20	12.69	6499	2951	3025
77	17:53:33	14.34	6499	2950	3025
78	17:53:47	60.47	6499	2949	3024
79	17:54:48	24.67	6499	2947	3022
80	17:55:12	60.23	6499	2944	3021
81	17:56:13	56.32	6499	2941	3018
82	17:57:09	60.20	6499	2938	3017
83	17:58:09	60.13	6499	2936	3015
84	17:59:09	55.31	6499	2933	3013
85	18:00:05	43.82	6499	2931	3012
86	18:00:48	60.35	6499	2929	3010
87	18:01:49	30.69	6499	2927	3009
88	18:02:19	42.75	6499	2925	3008
89	18:03:02	11.28	6499	2924	3007
90	18:03:13	9.01	6499	2924	3007
91	18:03:22	7.12	6499	2924	3006
92	18:03:30	8.98	6499	2923	3006
93	18:03:39	6.82	6499	2923	3006
94	18:03:45	9.06	6499	2923	3006
95	18:03:54	7.12	6499	2922	3006
96	18:04:02	9.00	6499	2922	3005
97	18:04:11	6.83	6499	2922	3005
98	18:04:17	9.00	6499	2921	3005
99	18:04:26	6.82	6499	2921	3005
100	18:04:33	9.01	6499	2920	3004
101	18:04:42	7.12	6499	2920	3004
102	18:04:49	9.01	6499	2920	3004
103	18:04:58	7.12	6499	2919	3004
104	18:05:06	9.01	6499	2919	3003
105	18:05:15	6.82	6499	2919	3003
106	18:05:21	9.01	6499	2918	3003
107	18:05:30	22.35	6499	2918	3003
108	18:05:53	9.01	6499	2917	3002
109	18:06:02	6.52	6499	2917	3002
110	18:06:08	9.01	6499	2917	3002
111	18:06:17	6.52	6499	2916	3002
112	18:06:24	9.02	6499	2916	3001
113	18:06:33	6.51	6499	2916	3001
114	18:06:39	9.01	6499	2915	3001
115	18:06:48	15.53	6499	2915	3001
116	18:07:04	15.52	6499	2914	3000
117	18:07:19	6.53	6499	2913	3000
118	18:07:26	9.00	6499	2912	3000
119	18:07:35	6.53	6499	2912	2999
120	18:07:41	9.00	6499	2912	2999
121	18:07:50	6.53	6499	2911	2999
122	18:07:57	9.01	6499	2910	2999
123	18:08:06	8.51	6499	2910	2999
124	18:08:14	20.74	6499	2909	2998
125	18:08:35	60.13	6499	2908	2997
126	18:09:35	60.11	6499	2905	2995
127	18:10:35	60.11	6499	2902	2993
128	18:11:36	60.10	6499	2900	2991
129	18:12:36	60.15	6499	2897	2989
130	18:13:36	60.13	6499	2894	2987
131	18:14:36	10.31	6499	2892	2986
132	18:14:46	60.12	6499	2891	2985
133	18:15:46	17.58	6499	2889	2983
134	18:16:04	19.59	6499	2888	2983
135	18:16:24	60.37	6499	2886	2981
136	18:17:24	60.14	6499	2883	2979
137	18:18:24	60.17	6499	2881	2977
138	18:19:24	60.11	6499	2878	2975
139	18:20:24	60.14	6499	2875	2973
140	18:21:24	60.15	6499	2872	2971
141	18:22:25	10.31	6499	2871	2970
142	18:22:35	60.11	6499	2869	2969
143	18:23:35	60.15	6499	2866	2967
144	18:24:35	60.16	6499	2862	2965
145	18:25:35	60.13	6499	2858	2963
146	18:26:35	60.15	6499	2854	2961
147	18:27:36	60.15	6499	2850	2959
148	18:28:36	48.97	6499	2847	2957
149	18:29:25	60.24	6499	2844	2955
150	18:30:25	60.17	6499	2841	2953
151	18:31:25	60.12	6499	2837	2951
152	18:32:25	10.29	6499	2835	2949
153	18:32:36	24.74	6499	2834	2949
154	18:33:00	51.31	6499	2833	2947
155	18:33:52	10.15	6499	2831	2946
156	18:34:02	60.40	6499	2829	2945
157	18:35:02	60.15	6499	2827	2943
158	18:36:02	60.16	6499	2824	2941
159	18:37:02	10.27	6499	2822	2940
160	18:37:13	60.43	6499	2820	2938
161	18:38:13	60.15	6499	2817	2936
162	18:39:13	60.11	6499	2814	2934
163	18:40:13	60.10	6499	2811	2932
164	18:41:14	60.11	6499	2808	2930
165	18:42:14	60.11	6499	2805	2928
166	18:43:14	60.12	6499	2802	2926
167	18:44:14	60.12	6499	2800	2924
168	18:45:14	60.12	6499	2797	2922
169	18:46:14	60.16	6499	2794	2920
170	18:47:14	60.12	6499	2791	2918
171	18:48:14	60.13	6499	2788	2916
172	18:49:15	60.11	6499	2785	2914
173	18:50:15	60.39	6499	2782	2912
174	18:51:15	60.20	6499	2779	2910
175	18:52:15	60.11	6499	2776	2908
176	18:53:15	46.41	6499	2774	2906
177	18:54:02	59.94	6499	2771	2905
178	18:55:02	46.51	6499	2769	2903
179	18:55:48	13.54	6499	2767	2902
180	18:56:02	60.22	6499	2765	2901
181	18:57:02	60.12	6499	2762	2899
182	18:58:02	60.17	6499	2760	2897
183	18:59:02	60.39	6499	2756	2895
184	19:00:03	60.15	6499	2754	2893
185	19:01:03	60.15	6499	2751	2891
186	19:02:03	60.15	6499	2748	2889
187	19:03:03	60.14	6499	2746	2887
188	19:04:03	60.17	6499	2743	2885
189	19:05:03	60.16	6499	2741	2883
190	19:06:04	60.16	6499	2738	2881
191	19:07:04	60.13	6499	2735	2880
192	19:08:04	60.14	6499	2733	2878
193	19:09:04	60.15	6499	2731	2876
194	19:10:04	60.13	6499	2728	2874
195	19:11:04	60.15	6499	2725	2872
196	19:12:04	60.17	6499	2723	2870
197	19:13:05	57.28	6499	2720	2868
198	19:14:02	60.23	6499	2718	2867
199	19:15:02	60.17	6499	2716	2865
200	19:16:02	60.13	6499	2713	2863
201	19:17:02	60.21	6499	2711	2861
202	19:18:03	60.11	6499	2709	2859
203	19:19:03	60.16	6499	2706	2857
204	19:20:03	60.15	6499	2704	2855
205	19:21:03	60.11	6499	2701	2853
206	19:22:03	60.12	6499	2699	2851
207	19:23:03	60.14	6499	2696	2849
208	19:24:03	60.14	6499	2694	2847
209	19:25:03	60.11	6499	2691	2845
210	19:26:04	60.13	6499	2689	2844
211	19:27:04	60.13	6499	2686	2842
212	19:28:04	60.11	6499	2684	2840
213	19:29:04	60.15	6499	2682	2838
214	19:30:04	60.11	6499	2679	2836
215	19:31:04	60.15	6499	2677	2834
216	19:32:04	60.15	6499	2674	2832
217	19:33:05	60.15	6499	2672	2830
218	19:34:05	33.68	6499	2670	2829
219	19:34:38	19.18	6499	109.7	115.6
220	19:34:58	23.76	6499	0	0
221	19:35:21	31.05	6499	0	0
222	19:35:52	60.47	6499	0	0
223	19:36:53	60.10	6499	0	0
224	19:37:53	60.16	6499	0	0
225	19:38:53	60.11	6499	0	0
226	19:39:53	60.11	6499	0	0
227	19:40:53	60.12	6501	0	0
228	19:41:53	60.13	6501	0	0
229	19:42:54	60.10	6501	0	0
230	19:43:54	60.12	6501	0	0
231	19:44:54	60.11	6483	0	0
232	19:45:54	26.53	6352	0	0
Created by AtlRunQuery on: 2018-11-29 17:14:28.679117
