LHC beam energy and intensities during run 349637:
(Begin/end of run: Sun May 06 2018 11:48:54 − Mon May 07, 02:18:06)

LB	   Start time
(CEST)	   Duration
(sec)	   Beam energy
(GeV)	   Intensity Beam-1
(1e11 protons)	   Intensity Beam-2
(1e11 protons)
1	11:48:54	60.12	450	63.11	13.72
2	11:49:54	60.37	450	121.7	104.9
3	11:50:55	60.10	450	121.7	221.5
4	11:51:55	58.36	450	282.4	285.1
5	11:52:53	10.28	450	284.8	285
6	11:53:04	60.13	450	428.9	285
7	11:54:04	10.29	450	446.5	284.9
8	11:54:14	60.11	450	581.6	318.1
9	11:55:14	60.16	450	673.8	447.2
10	11:56:14	60.12	450	717.5	447
11	11:57:14	60.17	450	717	446.8
12	11:58:15	60.12	450	716.5	528
13	11:59:15	60.12	450	859.4	638.1
14	12:00:15	60.11	450	982.6	720.2
15	12:01:15	60.11	450	1106	879.2
16	12:02:15	60.15	450	1229	1007
17	12:03:15	60.13	450	1364	1130
18	12:04:15	60.14	450	1463	1254
19	12:05:15	60.12	450	1582	1373
20	12:06:16	60.12	450	1631	1472
21	12:07:16	60.12	450	1630	1607
22	12:08:16	60.12	449	1629	1729
23	12:09:16	60.15	450	1628	1953
24	12:10:16	60.12	450	1627	2089
25	12:11:16	60.11	450	1625	2306
26	12:12:16	60.10	450	1624	2572
27	12:13:16	60.13	450	1728	2713
28	12:14:17	60.11	450	1850	2871
29	12:15:17	60.13	450	2092	2869
30	12:16:17	60.15	450	2304	2868
31	12:17:17	60.11	450	2528	2866
32	12:18:17	60.11	450	2537	2864
33	12:19:17	60.12	450	2534	2862
34	12:20:17	60.11	450	2568	2860
35	12:21:17	60.12	450	2790	2858
36	12:22:17	60.11	450	2852	2856
37	12:23:18	60.11	450	2849	2854
38	12:24:18	60.13	450	2845	2851
39	12:25:18	59.19	450	2841	2847
40	12:26:17	60.30	450	2824	2830
41	12:27:17	60.14	464	2822	2828
42	12:28:17	60.18	545	2821	2827
43	12:29:18	60.17	701	2821	2826
44	12:30:18	14.73	917	2821	2825
45	12:30:33	60.23	980	2821	2824
46	12:31:33	60.15	1281	2820	2824
47	12:32:33	60.13	1629	2820	2824
48	12:33:33	60.11	1976	2820	2823
49	12:34:33	60.15	2323	2820	2823
50	12:35:33	60.11	2671	2820	2823
51	12:36:33	60.11	3018	2820	2823
52	12:37:34	60.13	3371	2819	2823
53	12:38:34	60.12	3719	2819	2823
54	12:39:34	60.12	4066	2818	2823
55	12:40:34	60.15	4414	2818	2823
56	12:41:34	60.14	4761	2817	2823
57	12:42:34	60.12	5108	2817	2822
58	12:43:34	60.17	5456	2816	2822
59	12:44:34	60.11	5803	2815	2822
60	12:45:35	60.14	6156	2812	2821
61	12:46:35	28.80	6485	2808	2821
62	12:47:04	10.33	6499	2807	2821
63	12:47:14	60.12	6499	2807	2820
64	12:48:14	60.15	6499	2807	2820
65	12:49:14	60.11	6499	2807	2820
66	12:50:14	60.11	6499	2807	2819
67	12:51:14	60.16	6499	2806	2819
68	12:52:15	60.15	6499	2806	2819
69	12:53:15	60.11	6499	2805	2819
70	12:54:15	60.12	6499	2804	2819
71	12:55:15	60.11	6499	2803	2818
72	12:56:15	60.13	6499	2801	2818
73	12:57:15	60.14	6499	2799	2817
74	12:58:15	60.15	6499	2794	2817
75	12:59:15	60.13	6499	2791	2815
76	13:00:16	19.09	6499	2790	2814
77	13:00:35	60.37	6499	2790	2813
78	13:01:35	60.19	6499	2787	2812
79	13:02:35	60.11	6499	2783	2811
80	13:03:35	60.11	6499	2780	2809
81	13:04:35	60.16	6499	2776	2807
82	13:05:36	60.14	6499	2774	2805
83	13:06:36	60.17	6499	2771	2803
84	13:07:36	60.12	6499	2768	2801
85	13:08:36	38.35	6499	2766	2800
86	13:09:14	60.14	6499	2763	2798
87	13:10:15	60.15	6499	2761	2797
88	13:11:15	10.27	6499	2760	2795
89	13:11:25	41.02	6499	2759	2794
90	13:12:06	60.49	6499	2757	2793
91	13:13:06	60.10	6499	2754	2791
92	13:14:07	30.54	6499	2751	2789
93	13:14:37	31.04	6499	2750	2788
94	13:15:08	60.50	6499	2748	2786
95	13:16:09	60.14	6499	2745	2784
96	13:17:09	60.17	6499	2742	2782
97	13:18:09	60.15	6499	2739	2780
98	13:19:09	60.16	6499	2737	2777
99	13:20:09	59.25	6499	2734	2775
100	13:21:09	20.87	6499	2732	2774
101	13:21:29	60.44	6499	2731	2772
102	13:22:30	6.27	6499	2729	2771
103	13:22:36	12.99	6499	2729	2771
104	13:22:49	9.01	6499	2729	2771
105	13:22:58	8.81	6499	2728	2770
106	13:23:07	8.98	6499	2728	2770
107	13:23:16	9.12	6499	2728	2770
108	13:23:25	9.01	6499	2728	2770
109	13:23:34	8.83	6499	2727	2769
110	13:23:43	9.00	6499	2727	2769
111	13:23:52	9.13	6499	2727	2769
112	13:24:01	9.01	6499	2726	2768
113	13:24:10	8.82	6499	2726	2768
114	13:24:19	9.05	6499	2726	2768
115	13:24:28	8.83	6499	2725	2768
116	13:24:37	9.01	6499	2725	2767
117	13:24:46	9.12	6499	2725	2767
118	13:24:55	9.01	6499	2725	2767
119	13:25:04	9.12	6499	2724	2767
120	13:25:13	9.00	6499	2724	2766
121	13:25:22	24.07	6499	2724	2766
122	13:25:46	9.00	6499	2723	2766
123	13:25:55	8.51	6499	2723	2765
124	13:26:04	9.01	6499	2723	2765
125	13:26:13	8.53	6499	2722	2765
126	13:26:21	9.00	6499	2722	2764
127	13:26:30	8.23	6499	2722	2764
128	13:26:38	9.00	6499	2722	2764
129	13:26:47	8.52	6499	2721	2764
130	13:26:56	9.01	6499	2721	2763
131	13:27:05	8.52	6499	2721	2763
132	13:27:13	9.02	6499	2720	2763
133	13:27:22	8.53	6499	2720	2763
134	13:27:31	9.01	6499	2719	2763
135	13:27:40	8.51	6499	2719	2762
136	13:27:48	9.02	6499	2719	2762
137	13:27:57	8.52	6499	2718	2762
138	13:28:06	8.99	6499	2718	2762
139	13:28:15	8.51	6499	2718	2762
140	13:28:23	25.11	6499	2717	2761
141	13:28:49	60.20	6499	2715	2760
142	13:29:49	60.12	6499	2713	2758
143	13:30:49	60.15	6499	2710	2756
144	13:31:49	10.16	6499	2709	2754
145	13:31:59	60.50	6499	2707	2753
146	13:33:00	60.14	6499	2705	2751
147	13:34:00	60.37	6499	2702	2749
148	13:35:00	60.12	6499	2700	2747
149	13:36:00	33.99	6499	2698	2745
150	13:36:34	60.19	6499	2695	2744
151	13:37:35	10.27	6499	2694	2743
152	13:37:45	57.47	6499	2692	2741
153	13:38:42	60.50	6499	2689	2739
154	13:39:43	60.15	6499	2686	2737
155	13:40:43	60.11	6499	2684	2735
156	13:41:43	60.16	6499	2681	2733
157	13:42:43	60.12	6499	2678	2731
158	13:43:43	60.14	6499	2675	2729
159	13:44:43	60.12	6499	2672	2727
160	13:45:44	60.40	6499	2670	2725
161	13:46:44	60.15	6499	2667	2723
162	13:47:44	60.16	6499	2664	2721
163	13:48:44	60.16	6499	2661	2719
164	13:49:44	60.12	6499	2658	2717
165	13:50:45	60.15	6499	2656	2715
166	13:51:45	60.15	6499	2653	2713
167	13:52:45	60.11	6499	2651	2711
168	13:53:45	35.65	6499	2649	2709
169	13:54:21	60.04	6499	2647	2707
170	13:55:21	60.14	6499	2644	2705
171	13:56:21	60.16	6499	2642	2704
172	13:57:21	60.16	6499	2639	2702
173	13:58:21	60.16	6499	2637	2700
174	13:59:21	60.14	6499	2634	2698
175	14:00:21	60.11	6499	2632	2696
176	14:01:22	60.13	6499	2629	2694
177	14:02:22	60.16	6499	2627	2692
178	14:03:22	60.17	6499	2624	2690
179	14:04:22	60.36	6499	2622	2688
180	14:05:22	60.13	6499	2620	2686
181	14:06:23	51.80	6499	2617	2685
182	14:07:14	60.20	6499	2615	2683
183	14:08:15	60.13	6499	2613	2681
184	14:09:15	60.12	6499	2610	2679
185	14:10:15	60.12	6499	2608	2677
186	14:11:15	60.12	6499	2605	2675
187	14:12:15	60.36	6499	2603	2673
188	14:13:15	60.15	6499	2601	2672
189	14:14:16	60.14	6499	2598	2670
190	14:15:16	60.17	6499	2596	2668
191	14:16:16	60.16	6499	2593	2666
192	14:17:16	60.15	6499	2591	2664
193	14:18:16	60.12	6499	2589	2663
194	14:19:16	10.27	6499	2587	2662
195	14:19:27	60.42	6499	2586	2660
196	14:20:27	60.17	6499	2584	2659
197	14:21:27	60.13	6499	2581	2657
198	14:22:27	60.16	6499	2579	2655
199	14:23:27	60.18	6499	2576	2653
200	14:24:28	44.19	6499	2574	2652
201	14:25:12	31.70	6499	2573	2651
202	14:25:43	60.20	6499	2571	2649
203	14:26:44	60.15	6499	2569	2647
204	14:27:44	60.10	6499	2567	2646
205	14:28:44	60.15	6499	2564	2644
206	14:29:44	10.27	6499	2563	2643
207	14:29:54	60.12	6499	2562	2642
208	14:30:54	60.13	6499	2559	2640
209	14:31:55	60.15	6499	2557	2638
210	14:32:55	60.15	6499	2555	2637
211	14:33:55	60.11	6499	2553	2635
212	14:34:55	60.19	6499	2551	2633
213	14:35:55	60.14	6499	2548	2631
214	14:36:55	60.12	6499	2546	2630
215	14:37:55	60.17	6499	2544	2628
216	14:38:56	60.15	6499	2542	2626
217	14:39:56	60.15	6499	2539	2625
218	14:40:56	60.16	6499	2537	2623
219	14:41:56	26.11	6499	2536	2622
220	14:42:22	35.54	6499	2534	2621
221	14:42:58	14.86	6499	2534	2620
222	14:43:13	60.14	6499	2532	2619
223	14:44:13	60.17	6499	2530	2617
224	14:45:13	60.12	6499	2528	2615
225	14:46:13	60.13	6499	2526	2614
226	14:47:13	60.16	6499	2523	2612
227	14:48:13	60.14	6499	2521	2611
228	14:49:13	60.14	6499	2519	2609
229	14:50:14	60.15	6499	2517	2607
230	14:51:14	60.12	6499	2515	2606
231	14:52:14	60.12	6499	2513	2604
232	14:53:14	25.56	6499	2511	2603
233	14:53:39	60.11	6499	2510	2601
234	14:54:40	60.14	6499	2507	2600
235	14:55:40	60.15	6499	2505	2598
236	14:56:40	60.13	6499	2503	2597
237	14:57:40	60.12	6499	2501	2595
238	14:58:40	60.12	6499	2499	2593
239	14:59:40	60.13	6499	2497	2592
240	15:00:40	60.16	6499	2495	2590
241	15:01:41	60.15	6499	2493	2588
242	15:02:41	60.15	6499	2491	2587
243	15:03:41	60.15	6499	2488	2585
244	15:04:41	60.12	6499	2486	2583
245	15:05:41	60.11	6499	2484	2582
246	15:06:41	60.13	6499	2482	2580
247	15:07:41	60.12	6499	2480	2578
248	15:08:41	60.13	6499	2478	2577
249	15:09:42	60.16	6499	2476	2575
250	15:10:42	60.14	6499	2474	2574
251	15:11:42	60.40	6499	2471	2572
252	15:12:42	60.16	6499	2469	2570
253	15:13:42	60.15	6499	2467	2569
254	15:14:43	60.16	6499	2465	2567
255	15:15:43	60.41	6499	2463	2565
256	15:16:43	18.76	6499	2462	2564
257	15:17:02	60.42	6499	2460	2563
258	15:18:02	60.13	6499	2458	2562
259	15:19:02	60.15	6499	2456	2560
260	15:20:03	60.16	6499	2454	2559
261	15:21:03	60.15	6499	2452	2557
262	15:22:03	60.13	6499	2450	2555
263	15:23:03	60.12	6499	2448	2554
264	15:24:03	60.12	6499	2446	2552
265	15:25:03	60.12	6499	2444	2551
266	15:26:03	60.14	6499	2442	2549
267	15:27:04	60.12	6499	2440	2548
268	15:28:04	60.14	6499	2438	2546
269	15:29:04	60.17	6499	2436	2544
270	15:30:04	60.13	6499	2434	2543
271	15:31:04	60.15	6499	2432	2541
272	15:32:04	60.15	6499	2430	2540
273	15:33:04	60.16	6499	2428	2538
274	15:34:05	60.12	6499	2426	2537
275	15:35:05	33.54	6499	2424	2535
276	15:35:38	60.19	6499	2423	2534
277	15:36:38	11.97	6499	2422	2533
278	15:36:50	60.21	6499	2420	2532
279	15:37:51	60.14	6499	2418	2531
280	15:38:51	60.13	6499	2416	2529
281	15:39:51	60.15	6499	2415	2528
282	15:40:51	60.14	6499	2413	2526
283	15:41:51	60.11	6499	2411	2525
284	15:42:51	60.11	6499	2409	2523
285	15:43:51	60.15	6499	2407	2521
286	15:44:52	50.50	6499	2405	2520
287	15:45:42	60.48	6499	2403	2519
288	15:46:43	60.11	6499	2401	2517
289	15:47:43	60.15	6499	2399	2516
290	15:48:43	60.15	6499	2397	2514
291	15:49:43	60.11	6499	2395	2513
292	15:50:43	60.16	6499	2393	2511
293	15:51:43	60.11	6499	2391	2510
294	15:52:43	60.12	6499	2389	2508
295	15:53:43	60.12	6499	2387	2507
296	15:54:44	60.12	6499	2385	2505
297	15:55:44	60.10	6499	2383	2504
298	15:56:44	60.15	6499	2381	2502
299	15:57:44	60.15	6499	2379	2501
300	15:58:44	60.16	6499	2377	2499
301	15:59:44	60.15	6499	2376	2498
302	16:00:44	60.42	6499	2374	2496
303	16:01:45	60.13	6499	2372	2495
304	16:02:45	36.83	6499	2370	2494
305	16:03:22	60.13	6499	2369	2492
306	16:04:22	60.13	6499	2367	2491
307	16:05:22	60.14	6499	2365	2489
308	16:06:22	60.20	6499	2363	2488
309	16:07:22	60.16	6499	2361	2487
310	16:08:23	60.10	6499	2359	2485
311	16:09:23	60.14	6499	2357	2484
312	16:10:23	60.14	6499	2355	2482
313	16:11:23	60.12	6499	2354	2481
314	16:12:23	60.12	6499	2352	2479
315	16:13:23	60.13	6499	2350	2478
316	16:14:23	60.18	6499	2348	2476
317	16:15:23	60.15	6499	2346	2475
318	16:16:24	60.12	6499	2344	2473
319	16:17:24	60.12	6499	2342	2472
320	16:18:24	60.11	6499	2340	2470
321	16:19:24	60.15	6499	2339	2469
322	16:20:24	60.11	6499	2337	2468
323	16:21:24	60.13	6499	2335	2466
324	16:22:24	60.13	6499	2333	2465
325	16:23:24	60.11	6499	2331	2463
326	16:24:25	19.18	6499	2330	2462
327	16:24:44	60.56	6499	2329	2461
328	16:25:44	60.12	6499	2327	2460
329	16:26:44	60.15	6499	2325	2458
330	16:27:45	60.12	6499	2323	2457
331	16:28:45	60.16	6499	2322	2455
332	16:29:45	60.13	6499	2320	2454
333	16:30:45	60.15	6499	2318	2453
334	16:31:45	60.16	6499	2316	2451
335	16:32:45	60.12	6499	2314	2450
336	16:33:45	60.14	6499	2312	2448
337	16:34:46	60.16	6499	2311	2447
338	16:35:46	60.11	6499	2309	2445
339	16:36:46	60.14	6499	2307	2444
340	16:37:46	60.13	6499	2305	2442
341	16:38:46	60.15	6499	2303	2441
342	16:39:46	60.15	6499	2302	2440
343	16:40:46	60.12	6499	2300	2438
344	16:41:47	60.16	6499	2298	2437
345	16:42:47	60.14	6499	2296	2435
346	16:43:47	60.14	6499	2294	2434
347	16:44:47	60.16	6499	2293	2432
348	16:45:47	60.13	6499	2291	2431
349	16:46:47	60.13	6499	2289	2430
350	16:47:47	60.15	6499	2287	2428
351	16:48:48	60.15	6499	2285	2427
352	16:49:48	60.11	6499	2284	2425
353	16:50:48	60.19	6499	2282	2424
354	16:51:48	60.13	6499	2280	2422
355	16:52:48	60.12	6499	2278	2421
356	16:53:48	60.16	6499	2276	2420
357	16:54:48	60.11	6499	2275	2418
358	16:55:49	60.17	6499	2273	2417
359	16:56:49	60.13	6499	2271	2415
360	16:57:49	60.12	6499	2269	2414
361	16:58:49	60.12	6499	2267	2413
362	16:59:49	60.20	6499	2266	2411
363	17:00:49	60.14	6499	2264	2410
364	17:01:49	60.18	6499	2262	2408
365	17:02:50	60.11	6499	2260	2407
366	17:03:50	60.13	6499	2259	2405
367	17:04:50	60.13	6499	2257	2404
368	17:05:50	60.11	6499	2255	2403
369	17:06:50	60.15	6499	2254	2401
370	17:07:50	60.12	6499	2252	2400
371	17:08:50	60.14	6499	2250	2398
372	17:09:50	60.13	6499	2248	2397
373	17:10:51	60.10	6499	2247	2395
374	17:11:51	60.40	6499	2245	2394
375	17:12:51	60.15	6499	2243	2393
376	17:13:51	60.12	6499	2241	2391
377	17:14:51	11.35	6499	2240	2390
378	17:15:03	60.04	6499	2239	2389
379	17:16:03	60.37	6499	2237	2388
380	17:17:03	60.18	6499	2236	2387
381	17:18:03	60.14	6499	2234	2385
382	17:19:03	60.13	6499	2232	2384
383	17:20:04	60.15	6499	2231	2383
384	17:21:04	60.14	6499	2229	2381
385	17:22:04	30.64	6499	2228	2380
386	17:22:35	56.20	6499	2226	2379
387	17:23:31	60.06	6499	2225	2378
388	17:24:31	60.14	6499	2223	2376
389	17:25:31	60.12	6499	2221	2375
390	17:26:31	60.15	6499	2220	2373
391	17:27:31	60.15	6499	2218	2372
392	17:28:31	60.16	6499	2216	2370
393	17:29:31	60.13	6499	2214	2369
394	17:30:32	49.31	6499	2213	2368
395	17:31:21	60.21	6499	2211	2366
396	17:32:21	60.14	6499	2209	2365
397	17:33:21	60.11	6499	2207	2363
398	17:34:21	60.35	6499	2205	2362
399	17:35:22	11.35	6499	2204	2361
400	17:35:33	60.28	6499	2203	2360
401	17:36:33	60.12	6499	2201	2359
402	17:37:33	60.18	6499	2200	2357
403	17:38:34	60.12	6499	2198	2356
404	17:39:34	60.13	6499	2196	2354
405	17:40:34	60.16	6499	2194	2353
406	17:41:34	60.11	6499	2193	2352
407	17:42:34	60.12	6499	2191	2350
408	17:43:34	60.14	6499	2189	2349
409	17:44:34	60.13	6499	2188	2347
410	17:45:35	60.13	6499	2186	2346
411	17:46:35	60.14	6499	2184	2344
412	17:47:35	60.16	6499	2182	2343
413	17:48:35	60.14	6499	2181	2341
414	17:49:35	60.18	6499	2179	2340
415	17:50:35	60.35	6499	2177	2338
416	17:51:36	60.13	6499	2175	2337
417	17:52:36	60.15	6499	2174	2335
418	17:53:36	60.16	6499	2172	2334
419	17:54:36	60.13	6499	2170	2333
420	17:55:36	30.70	6499	2169	2332
421	17:56:07	60.53	6499	2168	2330
422	17:57:07	60.14	6499	2166	2329
423	17:58:08	60.15	6499	2164	2327
424	17:59:08	60.13	6499	2163	2326
425	18:00:08	60.16	6499	2161	2325
426	18:01:08	60.16	6499	2159	2323
427	18:02:08	12.90	6499	2158	2322
428	18:02:21	60.25	6499	2157	2321
429	18:03:21	60.14	6499	2155	2320
430	18:04:21	60.13	6499	2154	2319
431	18:05:22	60.12	6499	2152	2317
432	18:06:22	60.15	6499	2150	2316
433	18:07:22	60.13	6499	2148	2314
434	18:08:22	60.13	6499	2147	2313
435	18:09:22	60.15	6499	2145	2311
436	18:10:22	60.11	6499	2143	2310
437	18:11:22	60.16	6499	2142	2308
438	18:12:23	60.14	6499	2140	2307
439	18:13:23	60.12	6499	2138	2306
440	18:14:23	60.15	6499	2136	2304
441	18:15:23	60.16	6499	2135	2303
442	18:16:23	60.16	6499	2133	2301
443	18:17:23	60.12	6499	2131	2300
444	18:18:23	60.14	6499	2130	2299
445	18:19:24	60.36	6499	2128	2297
446	18:20:24	60.13	6499	2126	2296
447	18:21:24	60.11	6499	2125	2294
448	18:22:24	60.12	6499	2123	2293
449	18:23:24	60.17	6499	2121	2291
450	18:24:24	60.12	6499	2120	2290
451	18:25:25	60.14	6499	2118	2289
452	18:26:25	60.14	6499	2116	2287
453	18:27:25	60.12	6499	2114	2286
454	18:28:25	60.11	6499	2113	2284
455	18:29:25	60.17	6499	2111	2283
456	18:30:25	60.15	6499	2110	2282
457	18:31:25	60.13	6499	2108	2280
458	18:32:26	60.16	6499	2106	2279
459	18:33:26	60.11	6499	2104	2278
460	18:34:26	60.10	6499	2103	2276
461	18:35:26	60.14	6499	2101	2275
462	18:36:26	60.37	6499	2100	2273
463	18:37:26	60.16	6499	2098	2272
464	18:38:27	60.10	6499	2096	2271
465	18:39:27	60.12	6499	2095	2269
466	18:40:27	60.16	6499	2093	2268
467	18:41:27	60.14	6499	2091	2266
468	18:42:27	60.14	6499	2090	2265
469	18:43:27	60.16	6499	2088	2264
470	18:44:27	60.14	6499	2086	2262
471	18:45:28	60.52	6499	2085	2261
472	18:46:28	60.13	6499	2083	2259
473	18:47:28	60.17	6499	2082	2258
474	18:48:28	60.13	6499	2080	2257
475	18:49:28	60.15	6499	2078	2255
476	18:50:29	60.15	6499	2077	2254
477	18:51:29	60.19	6499	2075	2253
478	18:52:29	60.17	6499	2073	2251
479	18:53:29	60.11	6499	2072	2250
480	18:54:29	60.15	6499	2070	2248
481	18:55:29	60.14	6499	2069	2247
482	18:56:30	60.19	6499	2067	2246
483	18:57:30	60.14	6499	2065	2244
484	18:58:30	60.15	6499	2064	2243
485	18:59:30	60.13	6499	2062	2241
486	19:00:30	60.16	6499	2060	2240
487	19:01:30	60.11	6499	2059	2239
488	19:02:30	60.12	6499	2057	2237
489	19:03:31	60.12	6499	2056	2236
490	19:04:31	60.36	6499	2054	2234
491	19:05:31	60.13	6499	2052	2233
492	19:06:31	60.14	6499	2051	2232
493	19:07:31	60.17	6499	2049	2230
494	19:08:31	60.14	6499	2048	2229
495	19:09:32	60.14	6499	2046	2228
496	19:10:32	60.15	6499	2044	2226
497	19:11:32	60.13	6499	2043	2225
498	19:12:32	60.15	6499	2041	2224
499	19:13:32	60.13	6499	2040	2222
500	19:14:32	60.14	6499	2038	2221
501	19:15:32	60.14	6499	2036	2219
502	19:16:33	60.14	6499	2035	2218
503	19:17:33	60.12	6499	2033	2217
504	19:18:33	60.19	6499	2032	2215
505	19:19:33	60.11	6499	2030	2214
506	19:20:33	60.13	6499	2028	2213
507	19:21:33	60.15	6499	2027	2211
508	19:22:33	60.13	6499	2025	2210
509	19:23:34	60.11	6499	2023	2208
510	19:24:34	60.16	6499	2022	2207
511	19:25:34	60.16	6499	2020	2206
512	19:26:34	60.12	6499	2019	2205
513	19:27:34	60.12	6499	2017	2203
514	19:28:34	60.12	6499	2016	2202
515	19:29:34	60.12	6499	2014	2200
516	19:30:34	60.13	6499	2012	2199
517	19:31:35	60.34	6499	2011	2198
518	19:32:35	16.58	6499	2010	2197
519	19:32:52	60.31	6499	2009	2196
520	19:33:52	60.13	6499	2007	2195
521	19:34:52	60.13	6499	2006	2193
522	19:35:52	60.12	6499	2004	2192
523	19:36:52	60.17	6499	2002	2191
524	19:37:52	60.13	6499	2001	2189
525	19:38:52	60.12	6499	1999	2188
526	19:39:53	60.12	6499	1998	2187
527	19:40:53	60.12	6499	1996	2185
528	19:41:53	47.63	6499	1995	2184
529	19:42:40	57.75	6499	1993	2183
530	19:43:38	60.43	6499	1992	2182
531	19:44:39	60.43	6499	1990	2180
532	19:45:39	60.12	6499	1989	2179
533	19:46:39	60.15	6499	1987	2178
534	19:47:39	60.14	6499	1986	2176
535	19:48:40	60.10	6499	1984	2175
536	19:49:40	60.15	6499	1983	2173
537	19:50:40	60.17	6499	1981	2172
538	19:51:40	60.12	6499	1980	2171
539	19:52:40	60.13	6499	1978	2169
540	19:53:40	60.16	6499	1977	2168
541	19:54:40	60.11	6499	1975	2167
542	19:55:40	60.15	6499	1974	2166
543	19:56:41	60.14	6499	1972	2164
544	19:57:41	60.35	6499	1970	2163
545	19:58:41	60.15	6499	1969	2162
546	19:59:41	60.16	6499	1967	2160
547	20:00:41	60.12	6499	1966	2159
548	20:01:42	60.12	6499	1964	2158
549	20:02:42	60.15	6499	1963	2156
550	20:03:42	60.12	6499	1961	2155
551	20:04:42	60.15	6499	1960	2154
552	20:05:42	60.16	6499	1958	2152
553	20:06:42	60.15	6499	1957	2151
554	20:07:42	60.15	6499	1955	2150
555	20:08:43	60.16	6499	1954	2148
556	20:09:43	60.13	6499	1952	2147
557	20:10:43	60.11	6499	1951	2146
558	20:11:43	60.12	6499	1949	2144
559	20:12:43	60.12	6499	1947	2143
560	20:13:43	60.16	6499	1946	2142
561	20:14:43	28.12	6499	1945	2141
562	20:15:11	52.79	6499	1944	2140
563	20:16:04	60.14	6499	1942	2139
564	20:17:04	60.15	6499	1941	2137
565	20:18:05	60.36	6499	1939	2136
566	20:19:05	60.17	6499	1938	2135
567	20:20:05	60.13	6499	1936	2134
568	20:21:05	35.14	6499	1935	2133
569	20:21:40	60.03	6499	1934	2132
570	20:22:40	60.11	6499	1932	2130
571	20:23:40	60.10	6499	1931	2129
572	20:24:41	60.12	6499	1929	2128
573	20:25:41	60.13	6499	1928	2126
574	20:26:41	60.12	6499	1926	2125
575	20:27:41	60.16	6499	1925	2124
576	20:28:41	60.17	6499	1923	2122
577	20:29:41	60.13	6499	1922	2121
578	20:30:41	60.12	6499	1920	2120
579	20:31:42	60.12	6499	1919	2119
580	20:32:42	60.15	6499	1917	2117
581	20:33:42	60.13	6499	1916	2116
582	20:34:42	60.15	6499	1914	2115
583	20:35:42	60.12	6499	1913	2113
584	20:36:42	60.16	6499	1911	2112
585	20:37:42	60.15	6499	1909	2111
586	20:38:42	60.11	6499	1908	2109
587	20:39:43	60.11	6499	1907	2108
588	20:40:43	60.17	6499	1905	2107
589	20:41:43	60.12	6499	1903	2106
590	20:42:43	26.53	6499	1902	2105
591	20:43:10	60.46	6499	1901	2104
592	20:44:10	60.16	6499	1900	2103
593	20:45:10	60.12	6499	1898	2101
594	20:46:10	60.11	6499	1897	2100
595	20:47:10	60.12	6499	1895	2099
596	20:48:10	60.15	6499	1894	2097
597	20:49:11	60.20	6499	1893	2096
598	20:50:11	60.10	6499	1891	2095
599	20:51:11	60.15	6499	1890	2094
600	20:52:11	60.13	6499	1888	2092
601	20:53:11	60.11	6499	1887	2091
602	20:54:11	60.12	6499	1885	2090
603	20:55:11	60.13	6499	1884	2089
604	20:56:12	60.15	6499	1882	2087
605	20:57:12	60.15	6499	1881	2086
606	20:58:12	60.16	6499	1879	2085
607	20:59:12	60.11	6499	1878	2083
608	21:00:12	60.13	6499	1876	2082
609	21:01:12	60.15	6499	1875	2081
610	21:02:12	60.12	6499	1874	2080
611	21:03:13	60.11	6499	1872	2078
612	21:04:13	60.12	6499	1871	2077
613	21:05:13	60.12	6499	1869	2076
614	21:06:13	60.14	6499	1868	2075
615	21:07:13	60.19	6499	1866	2074
616	21:08:13	60.11	6499	1865	2072
617	21:09:13	60.13	6499	1863	2071
618	21:10:13	60.11	6499	1862	2070
619	21:11:14	60.16	6499	1861	2068
620	21:12:14	60.12	6499	1859	2067
621	21:13:14	60.15	6499	1858	2066
622	21:14:14	60.11	6499	1856	2065
623	21:15:14	60.15	6499	1855	2064
624	21:16:14	60.13	6499	1854	2062
625	21:17:14	60.15	6499	1852	2061
626	21:18:15	60.12	6499	1851	2060
627	21:19:15	60.15	6499	1849	2059
628	21:20:15	60.30	6499	1848	2057
629	21:21:15	60.10	6499	1847	2056
630	21:22:15	60.11	6499	1845	2055
631	21:23:15	60.12	6499	1844	2054
632	21:24:15	60.12	6499	1842	2053
633	21:25:16	60.12	6499	1841	2051
634	21:26:16	60.13	6499	1840	2050
635	21:27:16	60.15	6499	1838	2049
636	21:28:16	60.16	6499	1837	2048
637	21:29:16	60.12	6499	1835	2046
638	21:30:16	60.17	6499	1834	2045
639	21:31:16	60.13	6499	1833	2044
640	21:32:17	60.14	6499	1831	2043
641	21:33:17	60.14	6499	1830	2041
642	21:34:17	60.13	6499	1829	2040
643	21:35:17	60.12	6499	1827	2039
644	21:36:17	60.12	6499	1826	2038
645	21:37:17	60.38	6499	1824	2037
646	21:38:18	60.11	6499	1823	2035
647	21:39:18	60.13	6499	1822	2034
648	21:40:18	60.11	6499	1820	2033
649	21:41:18	60.13	6499	1819	2032
650	21:42:18	60.15	6499	1818	2031
651	21:43:18	60.12	6499	1816	2029
652	21:44:18	60.15	6499	1815	2028
653	21:45:18	60.12	6499	1814	2027
654	21:46:19	60.11	6499	1812	2026
655	21:47:19	60.11	6499	1811	2025
656	21:48:19	60.09	6499	1810	2023
657	21:49:19	60.12	6499	1808	2022
658	21:50:19	60.13	6499	1807	2021
659	21:51:19	60.13	6499	1805	2020
660	21:52:19	10.27	6499	1805	2019
661	21:52:30	60.59	6499	1804	2018
662	21:53:30	60.15	6499	1802	2017
663	21:54:30	60.17	6499	1801	2016
664	21:55:30	60.11	6499	1800	2015
665	21:56:31	60.12	6499	1798	2014
666	21:57:31	60.11	6499	1797	2012
667	21:58:31	60.11	6499	1796	2011
668	21:59:31	60.12	6499	1794	2010
669	22:00:31	60.13	6499	1793	2009
670	22:01:31	60.12	6499	1792	2008
671	22:02:31	60.12	6499	1790	2007
672	22:03:31	60.17	6499	1789	2005
673	22:04:32	60.10	6499	1788	2004
674	22:05:32	60.13	6499	1786	2003
675	22:06:32	60.12	6499	1785	2002
676	22:07:32	60.13	6499	1784	2001
677	22:08:32	60.11	6499	1782	2000
678	22:09:32	60.15	6499	1781	1998
679	22:10:32	60.13	6499	1780	1997
680	22:11:32	60.11	6499	1778	1996
681	22:12:33	60.09	6499	1777	1995
682	22:13:33	60.11	6499	1776	1994
683	22:14:33	60.12	6499	1774	1993
684	22:15:33	60.12	6499	1773	1992
685	22:16:33	60.12	6499	1772	1990
686	22:17:33	60.14	6499	1771	1989
687	22:18:33	60.16	6499	1769	1988
688	22:19:33	60.11	6499	1768	1987
689	22:20:34	60.12	6499	1767	1986
690	22:21:34	60.11	6499	1765	1985
691	22:22:34	60.11	6499	1764	1983
692	22:23:34	60.13	6499	1763	1982
693	22:24:34	60.14	6499	1762	1981
694	22:25:34	60.11	6499	1760	1980
695	22:26:34	60.12	6499	1759	1979
696	22:27:34	60.12	6499	1758	1978
697	22:28:35	60.12	6499	1756	1977
698	22:29:35	60.11	6499	1755	1975
699	22:30:35	15.10	6499	1754	1975
700	22:30:50	60.28	6499	1753	1974
701	22:31:50	22.77	6499	1753	1973
702	22:32:13	51.55	6499	1752	1973
703	22:33:04	60.23	6499	1751	1971
704	22:34:05	60.11	6499	1749	1970
705	22:35:05	60.13	6499	1748	1969
706	22:36:05	60.37	6499	1747	1968
707	22:37:05	60.14	6499	1745	1967
708	22:38:05	60.14	6499	1744	1966
709	22:39:06	60.11	6499	1743	1965
710	22:40:06	60.13	6499	1742	1964
711	22:41:06	60.16	6499	1740	1962
712	22:42:06	60.13	6499	1739	1961
713	22:43:06	60.18	6499	1738	1960
714	22:44:06	60.13	6499	1737	1959
715	22:45:06	60.14	6499	1735	1958
716	22:46:07	48.31	6499	1734	1957
717	22:46:55	60.14	6499	1733	1956
718	22:47:55	60.10	6499	1732	1955
719	22:48:55	60.13	6499	1731	1954
720	22:49:55	60.14	6499	1729	1953
721	22:50:55	60.11	6499	1728	1951
722	22:51:55	60.11	6499	1727	1950
723	22:52:56	60.12	6499	1725	1949
724	22:53:56	60.11	6499	1724	1948
725	22:54:56	60.14	6499	1723	1947
726	22:55:56	60.11	6499	1722	1946
727	22:56:56	60.12	6499	1720	1945
728	22:57:56	60.12	6499	1719	1944
729	22:58:56	60.14	6499	1718	1942
730	22:59:56	60.12	6499	1717	1941
731	23:00:57	60.14	6499	1716	1940
732	23:01:57	60.15	6499	1714	1939
733	23:02:57	22.42	6499	1714	1939
734	23:03:19	60.47	6499	1713	1938
735	23:04:20	60.13	6499	1711	1937
736	23:05:20	60.12	6499	1710	1936
737	23:06:20	60.15	6499	1709	1935
738	23:07:20	60.11	6499	1708	1934
739	23:08:20	60.37	6499	1706	1932
740	23:09:21	60.14	6499	1705	1931
741	23:10:21	60.14	6499	1704	1930
742	23:11:21	60.11	6499	1703	1929
743	23:12:21	60.14	6499	1702	1928
744	23:13:21	60.13	6499	1700	1927
745	23:14:21	60.11	6499	1699	1926
746	23:15:21	60.13	6499	1698	1925
747	23:16:22	60.18	6499	1697	1924
748	23:17:22	60.11	6499	1695	1923
749	23:18:22	60.13	6499	1694	1922
750	23:19:22	60.11	6499	1693	1921
751	23:20:22	60.12	6499	1692	1919
752	23:21:22	60.15	6499	1691	1918
753	23:22:22	60.15	6499	1689	1917
754	23:23:22	60.17	6499	1688	1916
755	23:24:23	60.14	6499	1687	1915
756	23:25:23	60.13	6499	1686	1914
757	23:26:23	60.11	6499	1685	1913
758	23:27:23	60.14	6499	1684	1912
759	23:28:23	60.15	6499	1682	1911
760	23:29:23	60.13	6499	1681	1910
761	23:30:23	60.12	6499	1680	1909
762	23:31:24	60.13	6499	1679	1908
763	23:32:24	60.12	6499	1678	1907
764	23:33:24	60.12	6499	1676	1906
765	23:34:24	60.11	6499	1675	1904
766	23:35:24	60.11	6499	1674	1903
767	23:36:24	60.14	6499	1673	1902
768	23:37:24	60.12	6499	1672	1901
769	23:38:24	60.36	6499	1671	1900
770	23:39:25	60.14	6499	1670	1899
771	23:40:25	60.40	6499	1668	1898
772	23:41:25	60.14	6499	1667	1897
773	23:42:25	60.12	6499	1666	1896
774	23:43:26	60.12	6499	1665	1895
775	23:44:26	60.12	6499	1664	1894
776	23:45:26	60.17	6499	1663	1893
777	23:46:26	60.13	6499	1661	1892
778	23:47:26	60.11	6499	1660	1891
779	23:48:26	60.10	6499	1659	1890
780	23:49:26	60.13	6499	1658	1889
781	23:50:26	60.12	6499	1657	1888
782	23:51:27	60.13	6499	1656	1886
783	23:52:27	60.12	6499	1655	1885
784	23:53:27	60.11	6499	1653	1884
785	23:54:27	60.13	6499	1652	1883
786	23:55:27	60.13	6499	1651	1882
787	23:56:27	60.15	6499	1650	1881
788	23:57:27	60.14	6499	1649	1880
789	23:58:27	60.14	6499	1647	1879
790	23:59:28	60.10	6499	1646	1878
791	00:00:28	60.18	6499	1645	1877
792	00:01:28	60.13	6499	1644	1876
793	00:02:28	60.12	6499	1643	1875
794	00:03:28	60.18	6499	1642	1874
795	00:04:28	60.35	6499	1641	1873
796	00:05:29	60.13	6499	1640	1872
797	00:06:29	60.10	6499	1638	1871
798	00:07:29	60.13	6499	1637	1870
799	00:08:29	60.35	6499	1636	1869
800	00:09:29	60.12	6499	1635	1868
801	00:10:29	60.13	6499	1634	1867
802	00:11:30	60.14	6499	1633	1866
803	00:12:30	60.11	6499	1632	1865
804	00:13:30	60.15	6499	1631	1864
805	00:14:30	60.13	6499	1629	1863
806	00:15:30	60.37	6499	1628	1862
807	00:16:31	60.13	6499	1627	1861
808	00:17:31	53.55	6499	1626	1860
809	00:18:24	60.21	6499	1625	1859
810	00:19:24	60.11	6499	1624	1858
811	00:20:25	60.12	6499	1623	1857
812	00:21:25	60.13	6499	1622	1856
813	00:22:25	60.15	6499	1621	1855
814	00:23:25	60.11	6499	1620	1854
815	00:24:25	60.18	6499	1618	1853
816	00:25:25	60.13	6499	1617	1852
817	00:26:25	60.11	6499	1616	1851
818	00:27:25	60.13	6499	1615	1850
819	00:28:26	60.11	6499	1614	1849
820	00:29:26	60.12	6499	1613	1848
821	00:30:26	60.35	6499	1612	1847
822	00:31:26	60.14	6499	1611	1846
823	00:32:26	60.11	6499	1610	1845
824	00:33:26	60.12	6499	1609	1844
825	00:34:27	60.12	6499	1608	1843
826	00:35:27	60.27	6499	1607	1842
827	00:36:27	60.12	6499	1605	1841
828	00:37:27	60.12	6499	1604	1840
829	00:38:27	60.12	6499	1603	1839
830	00:39:27	60.10	6499	1602	1838
831	00:40:27	60.11	6499	1601	1837
832	00:41:27	60.12	6499	1600	1835
833	00:42:28	60.12	6499	1599	1834
834	00:43:28	60.11	6499	1598	1832
835	00:44:28	60.35	6499	1597	1831
836	00:45:28	60.12	6499	1596	1830
837	00:46:28	60.14	6499	1595	1828
838	00:47:28	60.11	6499	1594	1827
839	00:48:29	60.11	6499	1592	1826
840	00:49:29	60.14	6499	1591	1825
841	00:50:29	60.37	6499	1590	1823
842	00:51:29	60.13	6499	1589	1822
843	00:52:29	60.12	6499	1588	1821
844	00:53:29	60.13	6499	1587	1820
845	00:54:30	60.12	6499	1586	1818
846	00:55:30	60.11	6499	1584	1817
847	00:56:30	60.12	6499	1583	1816
848	00:57:30	60.13	6499	1582	1815
849	00:58:30	60.13	6499	1581	1814
850	00:59:30	60.14	6499	1580	1813
851	01:00:30	60.11	6499	1578	1811
852	01:01:30	60.12	6499	1577	1810
853	01:02:31	60.13	6499	1576	1809
854	01:03:31	60.12	6499	1575	1808
855	01:04:31	60.11	6499	1574	1807
856	01:05:31	60.13	6499	1573	1806
857	01:06:31	60.12	6499	1572	1804
858	01:07:31	60.11	6499	1570	1803
859	01:08:31	60.11	6499	1569	1802
860	01:09:31	60.12	6499	1568	1801
861	01:10:31	51.44	6499	1567	1800
862	01:11:23	60.27	6499	1566	1799
863	01:12:23	60.13	6499	1565	1798
864	01:13:23	60.13	6499	1564	1797
865	01:14:23	60.12	6499	1562	1796
866	01:15:24	60.13	6499	1561	1794
867	01:16:24	60.35	6499	1560	1793
868	01:17:24	60.12	6499	1559	1792
869	01:18:24	60.11	6499	1558	1791
870	01:19:24	60.11	6499	1556	1789
871	01:20:24	60.14	6499	1555	1787
872	01:21:25	60.16	6499	1553	1785
873	01:22:25	60.13	6499	1552	1784
874	01:23:25	60.12	6499	1551	1782
875	01:24:25	60.11	6499	1549	1780
876	01:25:25	60.13	6499	1548	1779
877	01:26:25	60.12	6499	1546	1777
878	01:27:25	60.16	6499	1545	1775
879	01:28:25	60.37	6499	1544	1774
880	01:29:26	60.11	6499	1542	1772
881	01:30:26	60.11	6499	1541	1771
882	01:31:26	60.13	6499	1539	1769
883	01:32:26	60.11	6499	1538	1768
884	01:33:26	60.11	6499	1537	1766
885	01:34:26	10.30	6499	1536	1765
886	01:34:37	60.15	6499	1535	1764
887	01:35:37	60.15	6499	1534	1763
888	01:36:37	60.15	6499	1532	1761
889	01:37:37	60.15	6499	1531	1760
890	01:38:37	60.14	6499	1530	1758
891	01:39:37	60.14	6499	1528	1757
892	01:40:38	60.14	6499	1527	1755
893	01:41:38	60.13	6499	1525	1754
894	01:42:38	60.14	6499	1524	1752
895	01:43:38	60.12	6499	1523	1751
896	01:44:38	35.32	6499	1522	1750
897	01:45:13	12.92	6499	1521	1749
898	01:45:26	9.04	6499	1521	1749
899	01:45:35	8.53	6499	1521	1749
900	01:45:44	9.01	6499	1521	1749
901	01:45:53	8.49	6499	1521	1748
902	01:46:01	9.01	6499	1520	1748
903	01:46:10	8.81	6499	1520	1748
904	01:46:19	9.01	6499	1520	1748
905	01:46:28	8.82	6499	1520	1748
906	01:46:37	9.01	6499	1520	1748
907	01:46:46	8.82	6499	1519	1747
908	01:46:55	9.01	6499	1519	1747
909	01:47:04	9.13	6499	1519	1747
910	01:47:13	9.01	6499	1519	1747
911	01:47:22	8.81	6499	1519	1746
912	01:47:31	9.01	6499	1519	1746
913	01:47:40	8.83	6499	1519	1746
914	01:47:49	9.01	6499	1518	1746
915	01:47:58	23.75	6499	1518	1745
916	01:48:21	9.02	6499	1518	1745
917	01:48:30	8.51	6499	1517	1745
918	01:48:39	9.03	6499	1517	1745
919	01:48:48	8.53	6499	1517	1744
920	01:48:57	9.01	6499	1517	1744
921	01:49:06	7.92	6499	1517	1744
922	01:49:13	9.01	6499	1516	1744
923	01:49:22	8.52	6499	1516	1743
924	01:49:31	9.02	6499	1516	1743
925	01:49:40	8.53	6499	1516	1743
926	01:49:49	9.69	6499	1516	1743
927	01:49:58	8.22	6499	1515	1743
928	01:50:06	9.01	6499	1515	1743
929	01:50:15	8.22	6499	1515	1742
930	01:50:24	9.02	6499	1515	1742
931	01:50:33	8.25	6499	1515	1742
932	01:50:41	9.01	6499	1514	1742
933	01:50:50	8.48	6499	1514	1742
934	01:50:58	60.38	6499	1513	1741
935	01:51:59	60.10	6499	1512	1740
936	01:52:59	60.13	6499	1511	1739
937	01:53:59	60.13	6499	1510	1738
938	01:54:59	60.12	6499	1509	1736
939	01:55:59	60.11	6499	1507	1735
940	01:56:59	60.14	6499	1506	1734
941	01:58:00	60.12	6499	1505	1732
942	01:59:00	60.16	6499	1503	1731
943	02:00:00	60.35	6499	1502	1730
944	02:01:00	60.12	6499	1501	1728
945	02:02:00	60.13	6499	1499	1727
946	02:03:00	60.14	6499	1498	1726
947	02:04:01	60.11	6499	1497	1724
948	02:05:01	60.12	6499	1496	1723
949	02:06:01	60.13	6499	1494	1722
950	02:07:01	60.12	6499	1493	1720
951	02:08:01	60.11	6499	1492	1719
952	02:09:01	60.12	6499	1490	1718
953	02:10:01	60.10	6499	1489	1717
954	02:11:01	60.16	6499	1488	1715
955	02:12:02	60.11	6499	1487	1714
956	02:13:02	10.64	6499	1486	1713
957	02:13:12	60.48	6499	0.2051	0.5143
958	02:14:13	53.65	6499	0	0
959	02:15:06	60.12	6500	0	0
960	02:16:07	60.11	6501	0	0
961	02:17:07	59.65	6501	0	0
Created by AtlRunQuery on: 2018-11-29 17:41:34.983293
