LHC beam energy and intensities during run 350310:
(Begin/end of run: Tue May 15 2018 17:59:54 − Wed May 16, 00:05:38)

LB	   Start time
(CEST)	   Duration
(sec)	   Beam energy
(GeV)	   Intensity Beam-1
(1e11 protons)	   Intensity Beam-2
(1e11 protons)
1	17:59:54	60.16	450	128.4	129
2	18:00:54	60.11	450	128.3	129
3	18:01:54	10.27	450	128.2	274.6
4	18:02:04	53.94	450	205.9	286.9
5	18:02:58	44.99	450	286.4	287.7
6	18:03:43	10.33	450	286.4	287.9
7	18:03:53	60.11	450	286.3	287.9
8	18:04:54	17.57	450	286.2	287.8
9	18:05:11	10.27	450	286.1	287.8
10	18:05:21	32.59	450	286	287.7
11	18:05:54	60.20	450	285.9	287.6
12	18:06:54	60.12	450	285.7	287.5
13	18:07:54	60.11	450	285.5	287.4
14	18:08:54	60.17	450	285.3	287.2
15	18:09:55	60.10	450	286.1	287
16	18:10:55	60.12	450	286	286.9
17	18:11:55	60.14	450	285.7	286.7
18	18:12:55	20.23	450	285.6	286.6
19	18:13:15	60.47	450	285.4	286.5
20	18:14:16	10.28	450	359.5	286.4
21	18:14:26	22.24	450	390	286.3
22	18:14:48	60.56	450	431.2	379.4
23	18:15:49	30.62	450	548	391.7
24	18:16:19	60.34	450	548.4	391.5
25	18:17:20	60.11	450	644.7	439.1
26	18:18:20	10.32	450	653.2	549.6
27	18:18:30	60.44	450	789.3	549.8
28	18:19:31	21.90	450	811.6	550.5
29	18:19:52	31.13	450	812.3	550.4
30	18:20:24	60.45	450	840.2	643.3
31	18:21:24	60.17	450	921.2	757.8
32	18:22:24	60.36	450	1072	812.5
33	18:23:25	60.13	450	1072	925.2
34	18:24:25	60.10	450	1071	1076
35	18:25:25	60.11	450	1070	1075
36	18:26:25	60.12	450	1069	1074
37	18:27:25	60.11	450	1068	1074
38	18:28:25	60.13	450	1067	1073
39	18:29:25	60.12	450	1066	1072
40	18:30:25	60.13	450	1066	1072
41	18:31:25	60.17	450	1065	1071
42	18:32:26	60.12	450	1065	1071
43	18:33:26	60.13	462	1064	1070
44	18:34:26	60.44	542	1064	1070
45	18:35:26	60.11	693	1064	1069
46	18:36:26	14.68	906	1064	1069
47	18:36:41	60.23	969	1064	1069
48	18:37:41	60.17	1266	1064	1069
49	18:38:41	60.15	1613	1064	1068
50	18:39:42	60.14	1966	1064	1068
51	18:40:42	60.12	2314	1064	1068
52	18:41:42	60.42	2661	1063	1068
53	18:42:42	28.16	3009	1063	1068
54	18:43:10	37.41	3171	1051	1056
55	18:43:48	60.43	3391	1051	1056
56	18:44:48	60.11	3738	1051	1056
57	18:45:48	60.14	4085	1050	1056
58	18:46:49	60.16	4439	1050	1056
59	18:47:49	60.17	4786	1050	1056
60	18:48:49	60.11	5133	1050	1055
61	18:49:49	60.14	5481	1050	1055
62	18:50:49	60.13	5828	1049	1055
63	18:51:49	60.14	6176	1049	1055
64	18:52:49	24.38	6492	1047	1055
65	18:53:14	11.42	6499	1047	1055
66	18:53:25	60.42	6499	1047	1055
67	18:54:26	60.13	6499	1047	1055
68	18:55:26	60.11	6499	1047	1055
69	18:56:26	60.13	6499	1047	1055
70	18:57:26	60.13	6499	1047	1055
71	18:58:26	60.12	6499	1047	1055
72	18:59:26	60.12	6499	1047	1055
73	19:00:26	60.10	6499	1047	1055
74	19:01:26	60.38	6499	1046	1055
75	19:02:27	60.11	6499	1046	1055
76	19:03:27	60.12	6499	1046	1055
77	19:04:27	60.12	6499	1046	1055
78	19:05:27	60.11	6499	1045	1054
79	19:06:27	28.94	6499	1044	1054
80	19:06:56	60.48	6499	1044	1054
81	19:07:57	60.12	6499	1043	1054
82	19:08:57	60.13	6499	1042	1054
83	19:09:57	60.16	6499	1041	1053
84	19:10:57	60.11	6499	1040	1052
85	19:11:57	59.07	6499	1039	1052
86	19:12:56	60.21	6499	1038	1051
87	19:13:57	60.14	6499	1037	1050
88	19:14:57	60.13	6499	1035	1049
89	19:15:57	60.11	6499	1035	1049
90	19:16:57	60.12	6499	1034	1048
91	19:17:57	35.54	6499	1033	1047
92	19:18:33	24.83	6499	1033	1047
93	19:18:57	60.41	6499	1032	1047
94	19:19:58	60.12	6499	1031	1046
95	19:20:58	60.11	6499	1030	1045
96	19:21:58	60.11	6499	1030	1044
97	19:22:58	60.11	6499	1029	1044
98	19:23:58	10.27	6499	1028	1043
99	19:24:09	34.49	6499	1028	1043
100	19:24:43	45.48	6499	1027	1042
101	19:25:28	60.35	6499	1026	1042
102	19:26:29	30.70	6499	1025	1041
103	19:27:00	60.51	6499	1025	1040
104	19:28:00	60.16	6499	1024	1040
105	19:29:00	60.13	6499	1023	1039
106	19:30:00	60.11	6499	1022	1038
107	19:31:00	60.12	6499	1021	1037
108	19:32:01	60.12	6499	1020	1037
109	19:33:01	5.87	6499	1020	1036
110	19:33:07	12.95	6499	1020	1036
111	19:33:20	9.01	6499	1019	1036
112	19:33:29	8.82	6499	1019	1036
113	19:33:37	9.02	6499	1019	1036
114	19:33:46	8.51	6499	1019	1036
115	19:33:55	9.01	6499	1019	1036
116	19:34:04	8.82	6499	1019	1036
117	19:34:13	9.01	6499	1019	1036
118	19:34:22	8.82	6499	1019	1036
119	19:34:31	9.02	6499	1019	1035
120	19:34:40	8.82	6499	1018	1035
121	19:34:48	9.02	6499	1018	1035
122	19:34:57	8.54	6499	1018	1035
123	19:35:06	9.00	6499	1018	1035
124	19:35:15	3.08	6499	1018	1035
125	19:35:18	5.74	6499	1018	1035
126	19:35:24	7.72	6499	1018	1035
127	19:35:31	3.07	6499	1018	1035
128	19:35:35	7.05	6499	1018	1035
129	19:35:42	9.01	6499	1018	1035
130	19:35:51	24.07	6499	1017	1035
131	19:36:15	8.99	6499	1017	1034
132	19:36:24	8.23	6499	1017	1034
133	19:36:32	9.01	6499	1017	1034
134	19:36:41	7.93	6499	1017	1034
135	19:36:49	9.01	6499	1017	1034
136	19:36:58	8.23	6499	1017	1034
137	19:37:06	9.02	6499	1017	1034
138	19:37:15	8.23	6499	1017	1034
139	19:37:23	9.01	6499	1016	1034
140	19:37:32	8.23	6499	1016	1034
141	19:37:41	9.01	6499	1016	1034
142	19:37:50	8.23	6499	1016	1034
143	19:37:58	9.00	6499	1016	1033
144	19:38:07	8.23	6499	1016	1033
145	19:38:15	9.02	6499	1016	1033
146	19:38:24	8.22	6499	1015	1033
147	19:38:32	9.01	6499	1015	1033
148	19:38:41	8.68	6499	1015	1033
149	19:38:50	41.08	6499	1015	1033
150	19:39:31	60.48	6499	1014	1032
151	19:40:31	60.10	6499	1013	1032
152	19:41:32	60.12	6499	1013	1031
153	19:42:32	60.13	6499	1012	1030
154	19:43:32	60.11	6499	1011	1029
155	19:44:32	60.11	6499	1010	1029
156	19:45:32	60.13	6499	1010	1028
157	19:46:32	60.11	6499	1009	1027
158	19:47:32	60.14	6499	1008	1027
159	19:48:32	60.11	6499	1007	1026
160	19:49:33	60.13	6499	1007	1025
161	19:50:33	60.11	6499	1006	1025
162	19:51:33	60.10	6499	1005	1024
163	19:52:33	60.11	6499	1004	1023
164	19:53:33	60.11	6499	1004	1023
165	19:54:33	60.12	6499	1003	1022
166	19:55:33	48.51	6499	1002	1021
167	19:56:22	40.54	6499	1002	1021
168	19:57:02	60.41	6499	1001	1020
169	19:58:03	60.11	6499	1000	1020
170	19:59:03	60.10	6499	999.5	1019
171	20:00:03	60.36	6499	998.7	1018
172	20:01:03	60.13	6499	998	1018
173	20:02:03	60.16	6499	997.2	1017
174	20:03:04	60.12	6499	996.5	1016
175	20:04:04	60.16	6499	995.7	1016
176	20:05:04	60.12	6499	995	1015
177	20:06:04	60.10	6499	994.3	1014
178	20:07:04	60.11	6499	993.5	1014
179	20:08:04	60.12	6499	992.8	1013
180	20:09:04	60.11	6499	992.1	1012
181	20:10:04	60.12	6499	991.4	1012
182	20:11:05	60.11	6499	990.7	1011
183	20:12:05	60.16	6499	989.9	1010
184	20:13:05	60.13	6499	989.2	1010
185	20:14:05	60.12	6499	988.5	1009
186	20:15:05	60.15	6499	987.9	1009
187	20:16:05	60.12	6499	987.1	1008
188	20:17:05	60.12	6499	986.4	1007
189	20:18:05	60.12	6499	985.7	1007
190	20:19:06	60.10	6499	985	1006
191	20:20:06	60.12	6499	984.3	1005
192	20:21:06	60.10	6499	983.6	1005
193	20:22:06	60.10	6499	982.9	1004
194	20:23:06	60.10	6499	982.2	1004
195	20:24:06	60.11	6499	981.6	1003
196	20:25:06	60.17	6499	980.8	1002
197	20:26:06	45.73	6499	980.2	1002
198	20:26:52	60.21	6499	979.7	1001
199	20:27:52	60.12	6499	979	1001
200	20:28:52	60.11	6499	978.3	1000
201	20:29:53	60.11	6499	977.6	999.5
202	20:30:53	60.12	6499	977	998.9
203	20:31:53	60.16	6499	976.3	998.3
204	20:32:53	60.16	6499	975.6	997.7
205	20:33:53	60.12	6499	975	997.1
206	20:34:53	56.36	6499	974.3	996.6
207	20:35:50	60.19	6499	973.7	996
208	20:36:50	60.15	6499	973	995.4
209	20:37:50	60.12	6499	972.4	994.8
210	20:38:50	60.11	6499	971.7	994.2
211	20:39:50	60.12	6499	971.1	993.6
212	20:40:50	60.11	6499	970.4	993
213	20:41:50	60.13	6499	969.7	992.4
214	20:42:50	48.62	6499	969.2	991.9
215	20:43:39	24.50	6499	968.8	991.5
216	20:44:04	60.42	6499	968.3	991.1
217	20:45:04	60.12	6499	967.6	990.5
218	20:46:04	60.12	6499	967	989.9
219	20:47:04	60.16	6499	966.4	989.4
220	20:48:04	60.14	6499	965.7	988.8
221	20:49:05	60.12	6499	965.1	988.2
222	20:50:05	60.14	6499	964.4	987.6
223	20:51:05	60.12	6499	963.8	987
224	20:52:05	60.11	6499	963.2	986.5
225	20:53:05	60.11	6499	962.5	985.9
226	20:54:05	60.15	6499	961.9	985.3
227	20:55:05	60.13	6499	961.3	984.7
228	20:56:05	60.12	6499	960.6	984.2
229	20:57:06	60.13	6499	960	983.6
230	20:58:06	60.11	6499	959.4	983
231	20:59:06	60.13	6499	958.8	982.5
232	21:00:06	60.15	6499	958.1	981.9
233	21:01:06	60.12	6499	957.5	981.4
234	21:02:06	60.11	6499	956.9	980.8
235	21:03:06	60.35	6499	956.2	980.2
236	21:04:07	60.12	6499	955.6	979.6
237	21:05:07	60.11	6499	955	979.1
238	21:06:07	60.11	6499	954.4	978.6
239	21:07:07	60.12	6499	953.8	978
240	21:08:07	60.11	6499	953.2	977.5
241	21:09:07	60.11	6499	952.6	976.9
242	21:10:07	60.35	6499	951.9	976.3
243	21:11:08	60.11	6499	951.3	975.7
244	21:12:08	60.12	6499	950.7	975.2
245	21:13:08	60.12	6499	950.1	974.7
246	21:14:08	60.11	6499	949.5	974.1
247	21:15:08	60.15	6499	948.9	973.6
248	21:16:08	60.10	6499	948.4	973.1
249	21:17:08	60.13	6499	947.8	972.5
250	21:18:09	60.39	6499	947.2	972
251	21:19:09	60.12	6499	946.6	971.5
252	21:20:09	15.97	6499	946.2	971.1
253	21:20:25	60.24	6499	945.8	970.8
254	21:21:25	60.12	6499	945.3	970.3
255	21:22:25	60.36	6499	944.7	969.7
256	21:23:26	60.13	6499	944.1	969.1
257	21:24:26	60.11	6499	943.5	968.6
258	21:25:26	60.14	6499	942.9	968
259	21:26:26	26.53	6499	942.5	967.6
260	21:26:53	60.15	6499	942	967.2
261	21:27:53	60.13	6499	941.4	966.7
262	21:28:53	60.11	6499	940.8	966.1
263	21:29:53	10.28	6499	940.5	965.8
264	21:30:03	60.11	6499	940.1	965.4
265	21:31:03	60.12	6499	939.5	964.8
266	21:32:04	60.12	6499	938.9	964.2
267	21:33:04	60.14	6499	938.4	963.7
268	21:34:04	60.17	6499	937.7	963.3
269	21:35:04	60.11	6499	937.2	962.7
270	21:36:04	60.10	6499	936.6	962.2
271	21:37:04	60.12	6499	936	961.6
272	21:38:04	60.11	6499	935.4	961.1
273	21:39:04	60.12	6499	934.8	960.5
274	21:40:05	60.12	6499	934.2	960
275	21:41:05	60.12	6499	933.7	959.4
276	21:42:05	60.11	6499	933.1	958.9
277	21:43:05	60.13	6499	932.6	958.4
278	21:44:05	60.12	6499	932	957.8
279	21:45:05	60.11	6499	931.4	957.3
280	21:46:05	60.10	6499	930.8	956.7
281	21:47:05	60.35	6499	930.2	956.2
282	21:48:06	60.14	6499	929.6	955.6
283	21:49:06	60.11	6499	929	955.1
284	21:50:06	60.11	6499	928.5	954.5
285	21:51:06	60.15	6499	927.9	954
286	21:52:06	60.10	6499	927.3	953.5
287	21:53:06	60.12	6499	926.8	952.9
288	21:54:06	27.00	6499	926.4	952.5
289	21:54:33	31.85	6499	926.1	952.2
290	21:55:05	60.61	6499	925.7	951.8
291	21:56:06	60.12	6499	925.1	951.3
292	21:57:06	13.12	6499	924.8	951
293	21:57:19	60.26	6499	924.4	950.7
294	21:58:19	60.13	6499	923.9	950.1
295	21:59:20	60.11	6499	923.3	949.6
296	22:00:20	60.12	6499	922.7	949.1
297	22:01:20	60.10	6499	922.2	948.5
298	22:02:20	60.12	6499	921.6	948
299	22:03:20	60.12	6499	921	947.5
300	22:04:20	60.11	6499	920.5	946.9
301	22:05:20	60.36	6499	919.9	946.4
302	22:06:21	60.11	6499	919.4	945.9
303	22:07:21	60.12	6499	918.8	945.3
304	22:08:21	60.10	6499	918.3	944.8
305	22:09:21	60.13	6499	917.7	944.3
306	22:10:21	60.18	6499	917.2	943.8
307	22:11:21	60.13	6499	916.6	943.2
308	22:12:21	60.11	6499	916.1	942.7
309	22:13:21	60.14	6499	915.5	942.2
310	22:14:22	60.12	6499	915	941.7
311	22:15:22	60.12	6499	914.4	941.2
312	22:16:22	60.11	6499	913.9	940.7
313	22:17:22	60.11	6499	913.3	940.1
314	22:18:22	60.15	6499	912.8	939.6
315	22:19:22	60.34	6499	912.2	939.1
316	22:20:23	60.11	6499	911.7	938.6
317	22:21:23	60.12	6499	911.1	938.1
318	22:22:23	60.12	6499	910.6	937.6
319	22:23:23	60.16	6499	910	937.1
320	22:24:23	60.12	6499	909.5	936.6
321	22:25:23	60.13	6499	909	936.1
322	22:26:23	60.38	6499	908.4	935.5
323	22:27:24	60.11	6499	907.9	935
324	22:28:24	60.10	6499	907.3	934.5
325	22:29:24	60.12	6499	906.8	934
326	22:30:24	60.12	6499	906.3	933.5
327	22:31:24	60.12	6499	905.7	933
328	22:32:24	60.16	6499	905.2	932.5
329	22:33:24	60.35	6499	904.6	932
330	22:34:25	60.11	6499	904.1	931.5
331	22:35:25	60.12	6499	903.6	931
332	22:36:25	60.13	6499	903	930.5
333	22:37:25	60.11	6499	902.5	930
334	22:38:25	60.11	6499	901.9	929.5
335	22:39:25	60.12	6499	901.4	929
336	22:40:26	60.11	6499	900.9	928.4
337	22:41:26	60.12	6499	900.3	928
338	22:42:26	60.13	6499	899.8	927.4
339	22:43:26	60.12	6499	899.3	927
340	22:44:26	60.13	6499	898.8	926.4
341	22:45:26	60.12	6499	898.2	926
342	22:46:26	60.13	6499	897.7	925.4
343	22:47:26	60.10	6499	897.1	924.9
344	22:48:26	60.12	6499	896.6	924.5
345	22:49:27	23.46	6499	896.3	924.1
346	22:49:50	56.61	6499	895.9	923.8
347	22:50:47	60.22	6499	895.4	923.3
348	22:51:47	60.11	6499	894.9	922.8
349	22:52:47	60.10	6499	894.3	922.3
350	22:53:47	60.12	6499	893.8	921.8
351	22:54:47	60.16	6499	893.3	921.3
352	22:55:47	60.13	6499	892.8	920.8
353	22:56:47	60.12	6499	892.3	920.3
354	22:57:48	60.12	6499	891.8	919.8
355	22:58:48	60.13	6499	891.2	919.3
356	22:59:48	60.14	6499	890.7	918.8
357	23:00:48	60.10	6499	890.2	918.4
358	23:01:48	60.12	6499	889.7	917.9
359	23:02:48	37.63	6499	889.3	917.5
360	23:03:26	41.28	6499	888.9	917.2
361	23:04:07	60.44	6499	888.5	916.8
362	23:05:08	60.11	6499	888	916.2
363	23:06:08	60.11	6499	887.5	915.7
364	23:07:08	60.13	6499	887	915.2
365	23:08:08	60.12	6499	886.4	914.7
366	23:09:08	60.11	6499	885.9	914.3
367	23:10:08	60.12	6499	885.4	913.8
368	23:11:08	60.12	6499	884.9	913.3
369	23:12:08	29.84	6499	884.5	912.9
370	23:12:38	60.38	6499	884.2	912.6
371	23:13:39	60.13	6499	883.6	912.1
372	23:14:39	10.27	6499	883.3	911.8
373	23:14:49	60.41	6499	883	911.5
374	23:15:49	60.12	6499	882.5	911.1
375	23:16:50	60.10	6499	882	910.6
376	23:17:50	60.13	6499	881.5	910.1
377	23:18:50	60.15	6499	881	909.6
378	23:19:50	60.12	6499	880.5	909.2
379	23:20:50	60.11	6499	880	908.7
380	23:21:50	60.12	6499	879.5	908.2
381	23:22:50	60.12	6499	879	907.7
382	23:23:50	20.83	6499	878.7	907.5
383	23:24:11	60.59	6499	878.4	907.1
384	23:25:12	60.12	6499	877.9	906.6
385	23:26:12	60.11	6499	877.4	906.2
386	23:27:12	30.39	6499	877	905.8
387	23:27:42	31.02	6499	876.8	905.6
388	23:28:13	60.36	6499	876.4	905.2
389	23:29:14	60.16	6499	875.9	904.8
390	23:30:14	30.56	6499	875.5	904.4
391	23:30:45	31.02	6499	875.3	904.2
392	23:31:16	60.47	6499	874.9	903.8
393	23:32:16	60.11	6499	874.4	903.3
394	23:33:16	60.11	6499	873.9	902.9
395	23:34:16	60.13	6499	873.4	902.4
396	23:35:16	15.28	6499	873.1	902.1
397	23:35:32	13.13	6499	873	902
398	23:35:45	9.01	6499	872.9	902
399	23:35:54	8.54	6499	872.9	901.9
400	23:36:02	9.01	6499	872.9	901.9
401	23:36:11	8.49	6499	872.8	901.8
402	23:36:20	9.01	6499	872.7	901.8
403	23:36:29	8.52	6499	872.7	901.7
404	23:36:37	9.02	6499	872.6	901.7
405	23:36:46	8.52	6499	872.6	901.6
406	23:36:55	9.01	6499	872.5	901.5
407	23:37:04	8.82	6499	872.4	901.4
408	23:37:13	9.01	6499	872.3	901.4
409	23:37:22	8.82	6499	872.3	901.3
410	23:37:31	9.01	6499	872.2	901.3
411	23:37:40	8.83	6499	872.2	901.2
412	23:37:48	9.00	6499	872.1	901.1
413	23:37:57	8.83	6499	872.1	901.1
414	23:38:06	9.01	6499	872	901.1
415	23:38:15	24.08	6499	871.9	901
416	23:38:39	8.98	6499	871.8	900.9
417	23:38:48	8.23	6499	871.7	900.8
418	23:38:57	9.02	6499	871.7	900.8
419	23:39:06	8.52	6499	871.6	900.7
420	23:39:14	9.01	6499	871.6	900.7
421	23:39:23	8.23	6499	871.5	900.6
422	23:39:31	9.00	6499	871.5	900.6
423	23:39:40	8.23	6499	871.4	900.5
424	23:39:49	9.01	6499	871.3	900.5
425	23:39:58	8.22	6499	871.2	900.4
426	23:40:06	9.01	6499	871.1	900.3
427	23:40:15	8.22	6499	871.1	900.3
428	23:40:23	9.01	6499	871	900.2
429	23:40:32	8.23	6499	870.9	900.1
430	23:40:40	9.01	6499	870.9	900.1
431	23:40:49	8.22	6499	870.8	900
432	23:40:57	9.01	6499	870.8	900
433	23:41:06	8.48	6499	870.7	900
434	23:41:15	60.28	6499	870.5	899.8
435	23:42:15	10.27	6499	870.3	899.6
436	23:42:26	60.42	6499	870	899.3
437	23:43:26	60.10	6499	869.6	898.9
438	23:44:26	60.11	6499	869.2	898.6
439	23:45:26	60.16	6499	868.8	898.2
440	23:46:26	51.63	6499	868.4	897.9
441	23:47:18	60.34	6499	867.9	897.4
442	23:48:18	60.12	6499	867.5	897
443	23:49:18	60.12	6499	867	896.5
444	23:50:19	60.11	6499	866.5	896
445	23:51:19	40.70	6499	866.1	895.6
446	23:51:59	60.57	6499	13.1	13.69
447	23:53:00	60.15	6499	0	0
448	23:54:00	40.53	6499	0	0
449	23:54:41	60.19	6501	0	0
450	23:55:41	60.15	6501	0	0
451	23:56:41	60.16	6501	0	0
452	23:57:41	60.12	6501	0	0
453	23:58:41	60.14	6501	0	0
454	23:59:41	60.12	6451	0	0
455	00:00:41	60.16	6276	0	0
456	00:01:42	60.12	5969	0	0
457	00:02:42	60.11	5618	0	0
458	00:03:42	60.14	5264	0	0
459	00:04:42	56.12	4910	0	0
Created by AtlRunQuery on: 2018-11-29 21:02:37.963219
