LHC beam energy and intensities during run 350440:
(Begin/end of run: Wed May 16 2018 20:00:12 − Thu May 17, 07:11:08)

LB	   Start time
(CEST)	   Duration
(sec)	   Beam energy
(GeV)	   Intensity Beam-1
(1e11 protons)	   Intensity Beam-2
(1e11 protons)
1	20:00:12	60.12	450	0.08692	0.09093
2	20:01:12	60.11	450	3.594	0.09019
3	20:02:12	39.68	450	12.74	6.434
4	20:02:52	60.24	450	12.74	13.2
5	20:03:52	60.11	450	12.74	13.19
6	20:04:52	60.12	450	12.73	13.19
7	20:05:52	60.10	450	110.6	13.19
8	20:06:53	60.15	450	173.4	172.1
9	20:07:53	60.11	450	294.4	195.2
10	20:08:53	60.12	450	417.1	335.4
11	20:09:53	60.11	450	495	479.2
12	20:10:53	60.10	450	494.7	496.1
13	20:11:53	60.14	450	494.4	496.3
14	20:12:53	60.14	449	495	506.6
15	20:13:53	60.16	450	525.5	550.5
16	20:14:54	60.11	450	600.5	701.8
17	20:15:54	60.35	450	721.8	824.5
18	20:16:54	60.12	450	867	947.1
19	20:17:54	60.12	450	1004	1031
20	20:18:54	60.11	450	1027	1031
21	20:19:54	60.16	450	1047	1083
22	20:20:55	60.11	450	1102	1206
23	20:21:55	60.11	450	1239	1327
24	20:22:55	60.13	450	1384	1448
25	20:23:55	60.13	449	1506	1561
26	20:24:55	60.14	450	1558	1561
27	20:25:55	60.11	450	1568	1560
28	20:26:55	60.12	450	1611	1590
29	20:27:55	60.12	450	1764	1665
30	20:28:56	60.10	450	1884	1786
31	20:29:56	60.12	450	2005	1929
32	20:30:56	60.11	450	2087	2067
33	20:31:56	60.11	450	2085	2087
34	20:32:56	60.12	450	2083	2085
35	20:33:56	60.12	449	2081	2083
36	20:34:56	60.11	450	2081	2082
37	20:35:56	60.11	450	2080	2081
38	20:36:56	60.13	452	2078	2079
39	20:37:57	60.11	508	2078	2078
40	20:38:57	50.84	635	2078	2078
41	20:39:48	19.65	796	2078	2077
42	20:40:07	25.47	867	2062	2060
43	20:40:33	10.24	974	2062	2060
44	20:40:43	60.41	1018	2062	2060
45	20:41:43	46.49	1330	2062	2060
46	20:42:30	60.25	1602	2063	2062
47	20:43:30	60.11	1950	2063	2062
48	20:44:30	60.37	2297	2063	2062
49	20:45:31	60.13	2650	2063	2062
50	20:46:31	60.35	2998	2063	2062
51	20:47:31	60.12	3345	2063	2062
52	20:48:31	60.12	3693	2063	2062
53	20:49:31	60.11	4040	2063	2061
54	20:50:31	60.11	4387	2062	2061
55	20:51:31	60.13	4735	2062	2061
56	20:52:32	60.12	5088	2062	2061
57	20:53:32	60.14	5435	2061	2061
58	20:54:32	60.12	5783	2061	2061
59	20:55:32	60.11	6130	2060	2060
60	20:56:32	33.18	6470	2057	2060
61	20:57:05	10.15	6499	2056	2060
62	20:57:15	60.42	6499	2056	2059
63	20:58:16	60.11	6499	2056	2059
64	20:59:16	60.12	6499	2056	2059
65	21:00:16	60.12	6499	2056	2059
66	21:01:16	60.14	6499	2056	2059
67	21:02:16	60.11	6499	2056	2059
68	21:03:16	60.12	6499	2056	2059
69	21:04:17	60.13	6499	2055	2059
70	21:05:17	60.12	6499	2055	2059
71	21:06:17	60.12	6499	2054	2059
72	21:07:17	60.16	6499	2053	2058
73	21:08:17	60.12	6499	2051	2058
74	21:09:17	60.17	6499	2048	2057
75	21:10:17	51.36	6499	2046	2056
76	21:11:09	60.37	6499	2044	2056
77	21:12:09	60.12	6499	2042	2055
78	21:13:09	60.11	6499	2041	2055
79	21:14:09	60.11	6499	2039	2053
80	21:15:09	60.14	6499	2037	2051
81	21:16:10	60.11	6499	2035	2049
82	21:17:10	60.11	6499	2033	2047
83	21:18:10	60.11	6499	2032	2045
84	21:19:10	60.19	6499	2030	2044
85	21:20:10	23.47	6499	2029	2043
86	21:20:34	36.22	6499	2029	2042
87	21:21:10	60.56	6499	2027	2040
88	21:22:10	25.02	6499	2026	2039
89	21:22:35	60.21	6499	2025	2038
90	21:23:36	60.13	6499	2023	2036
91	21:24:36	60.11	6499	2021	2034
92	21:25:36	60.12	6499	2019	2031
93	21:26:36	18.28	6499	2018	2030
94	21:26:54	60.15	6499	2016	2029
95	21:27:54	60.15	6499	2014	2027
96	21:28:55	60.11	6499	2012	2025
97	21:29:55	46.47	6499	2010	2023
98	21:30:41	60.48	6499	2009	2021
99	21:31:42	39.60	6499	2007	2020
100	21:32:21	11.12	6499	2006	2019
101	21:32:32	9.00	6499	2006	2019
102	21:32:41	7.13	6499	2006	2018
103	21:32:48	8.99	6499	2006	2018
104	21:32:57	7.11	6499	2005	2018
105	21:33:05	9.01	6499	2005	2018
106	21:33:14	7.13	6499	2005	2018
107	21:33:21	9.00	6499	2005	2018
108	21:33:30	7.13	6499	2004	2017
109	21:33:37	9.02	6499	2004	2017
110	21:33:46	7.11	6499	2004	2017
111	21:33:53	9.01	6499	2004	2017
112	21:34:02	6.81	6499	2003	2016
113	21:34:09	9.01	6499	2003	2016
114	21:34:18	7.13	6499	2003	2016
115	21:34:25	9.01	6499	2003	2016
116	21:34:34	7.12	6499	2003	2016
117	21:34:41	9.01	6499	2002	2015
118	21:34:50	22.95	6499	2002	2015
119	21:35:13	9.01	6499	2001	2015
120	21:35:22	6.53	6499	2001	2015
121	21:35:29	9.01	6499	2001	2014
122	21:35:38	6.82	6499	2001	2014
123	21:35:44	9.01	6499	2001	2014
124	21:35:53	6.52	6499	2001	2014
125	21:36:00	9.01	6499	2000	2014
126	21:36:09	6.53	6499	2000	2014
127	21:36:15	9.01	6499	2000	2013
128	21:36:24	6.52	6499	1999	2013
129	21:36:31	9.02	6499	1999	2013
130	21:36:40	6.52	6499	1999	2013
131	21:36:47	9.01	6499	1999	2012
132	21:36:56	6.83	6499	1998	2012
133	21:37:02	9.01	6499	1998	2012
134	21:37:11	6.52	6499	1998	2012
135	21:37:18	9.01	6499	1998	2012
136	21:37:27	9.00	6499	1998	2012
137	21:37:36	36.51	6499	1997	2011
138	21:38:12	10.41	6499	1996	2010
139	21:38:23	20.78	6499	1996	2010
140	21:38:44	60.42	6499	1995	2009
141	21:39:44	17.83	6499	1993	2008
142	21:40:02	42.90	6499	1992	2007
143	21:40:45	60.47	6499	1991	2005
144	21:41:45	60.36	6499	1989	2004
145	21:42:46	60.11	6499	1987	2002
146	21:43:46	60.16	6499	1985	2000
147	21:44:46	60.12	6499	1983	1999
148	21:45:46	60.14	6499	1982	1997
149	21:46:46	60.14	6499	1980	1996
150	21:47:46	60.11	6499	1978	1994
151	21:48:46	60.12	6499	1976	1992
152	21:49:46	60.12	6499	1975	1991
153	21:50:47	60.11	6499	1973	1989
154	21:51:47	60.13	6499	1971	1988
155	21:52:47	54.60	6499	1970	1986
156	21:53:41	34.52	6499	1968	1985
157	21:54:16	60.51	6499	1967	1984
158	21:55:16	60.12	6499	1965	1982
159	21:56:17	60.12	6499	1964	1981
160	21:57:17	60.14	6499	1962	1979
161	21:58:17	60.10	6499	1961	1978
162	21:59:17	60.12	6499	1959	1977
163	22:00:17	60.13	6499	1958	1975
164	22:01:17	60.11	6499	1956	1974
165	22:02:17	60.11	6499	1955	1972
166	22:03:17	60.11	6499	1953	1971
167	22:04:18	60.11	6499	1951	1969
168	22:05:18	10.27	6499	1950	1969
169	22:05:28	45.35	6499	1949	1968
170	22:06:13	60.42	6499	1948	1967
171	22:07:14	60.18	6499	1946	1965
172	22:08:14	22.43	6499	1945	1964
173	22:08:36	60.09	6499	1944	1963
174	22:09:36	60.12	6499	1942	1962
175	22:10:37	60.13	6499	1940	1960
176	22:11:37	60.12	6499	1938	1959
177	22:12:37	60.12	6499	1936	1957
178	22:13:37	60.11	6499	1934	1956
179	22:14:37	31.29	6499	1933	1955
180	22:15:08	39.07	6499	1932	1954
181	22:15:47	60.62	6499	1930	1953
182	22:16:48	60.15	6499	1929	1951
183	22:17:48	60.11	6499	1927	1950
184	22:18:48	60.13	6499	1925	1948
185	22:19:48	60.11	6499	1923	1947
186	22:20:48	60.35	6499	1922	1945
187	22:21:49	60.15	6499	1920	1944
188	22:22:49	60.12	6499	1918	1943
189	22:23:49	10.28	6499	1917	1942
190	22:23:59	60.11	6499	1916	1941
191	22:24:59	60.11	6499	1915	1939
192	22:26:00	60.13	6499	1913	1938
193	22:27:00	60.11	6499	1911	1937
194	22:28:00	60.10	6499	1909	1935
195	22:29:00	60.12	6499	1908	1934
196	22:30:00	60.15	6499	1906	1932
197	22:31:00	51.89	6499	1904	1931
198	22:31:52	26.63	6499	1903	1930
199	22:32:19	60.56	6499	1902	1929
200	22:33:19	60.12	6499	1901	1928
201	22:34:19	60.11	6499	1899	1927
202	22:35:20	60.11	6499	1897	1925
203	22:36:20	60.13	6499	1896	1924
204	22:37:20	60.16	6499	1894	1922
205	22:38:20	60.12	6499	1892	1921
206	22:39:20	60.11	6499	1891	1920
207	22:40:20	60.12	6499	1889	1918
208	22:41:20	60.12	6499	1888	1917
209	22:42:20	60.14	6499	1886	1916
210	22:43:21	60.11	6499	1884	1914
211	22:44:21	60.13	6499	1883	1913
212	22:45:21	60.12	6499	1881	1912
213	22:46:21	41.63	6499	1880	1911
214	22:47:03	17.32	6499	1879	1910
215	22:47:20	60.31	6499	1878	1909
216	22:48:20	13.02	6499	1877	1908
217	22:48:33	60.13	6499	1876	1908
218	22:49:33	60.11	6499	1875	1906
219	22:50:33	10.29	6499	1874	1906
220	22:50:44	60.13	6499	1873	1905
221	22:51:44	32.40	6499	1872	1904
222	22:52:16	60.10	6499	1870	1903
223	22:53:16	60.16	6499	1869	1901
224	22:54:16	60.35	6499	1867	1900
225	22:55:17	60.12	6499	1866	1899
226	22:56:17	60.36	6499	1864	1898
227	22:57:17	60.15	6499	1863	1896
228	22:58:17	60.11	6499	1861	1895
229	22:59:18	60.11	6499	1860	1894
230	23:00:18	60.12	6499	1858	1892
231	23:01:18	60.12	6499	1857	1891
232	23:02:18	60.12	6499	1855	1890
233	23:03:18	60.12	6499	1854	1889
234	23:04:18	60.12	6499	1852	1887
235	23:05:18	60.12	6499	1851	1886
236	23:06:18	60.13	6499	1849	1885
237	23:07:19	60.14	6499	1848	1884
238	23:08:19	33.95	6499	1846	1883
239	23:08:53	39.42	6499	1846	1882
240	23:09:32	17.05	6499	1845	1881
241	23:09:49	10.11	6499	1845	1881
242	23:09:59	60.42	6499	1844	1880
243	23:11:00	60.35	6499	1842	1879
244	23:12:00	60.17	6499	1841	1878
245	23:13:00	60.17	6499	1839	1876
246	23:14:00	52.13	6499	1838	1875
247	23:14:52	60.57	6499	1837	1874
248	23:15:53	60.12	6499	1835	1873
249	23:16:53	60.35	6499	1834	1872
250	23:17:53	60.11	6499	1832	1870
251	23:18:54	60.12	6499	1831	1869
252	23:19:54	60.12	6499	1829	1868
253	23:20:54	60.12	6499	1828	1867
254	23:21:54	60.13	6499	1826	1865
255	23:22:54	60.11	6499	1825	1864
256	23:23:54	60.15	6499	1824	1863
257	23:24:54	60.12	6499	1822	1862
258	23:25:54	60.12	6499	1821	1861
259	23:26:55	60.11	6499	1819	1859
260	23:27:55	44.20	6499	1818	1858
261	23:28:39	60.47	6499	1817	1857
262	23:29:39	44.34	6499	1815	1856
263	23:30:24	60.43	6499	1814	1855
264	23:31:24	10.27	6499	1814	1855
265	23:31:34	60.10	6499	1813	1854
266	23:32:34	60.13	6499	1811	1853
267	23:33:35	20.22	6499	1810	1852
268	23:33:55	60.43	6499	1809	1851
269	23:34:55	10.28	6499	1809	1850
270	23:35:06	11.20	6499	1808	1850
271	23:35:17	10.11	6499	1808	1850
272	23:35:27	35.05	6499	1808	1850
273	23:36:02	60.14	6499	1807	1849
274	23:37:02	60.11	6499	1805	1847
275	23:38:02	60.12	6499	1804	1846
276	23:39:02	60.36	6499	1802	1845
277	23:40:03	60.10	6499	1801	1844
278	23:41:03	60.17	6499	1800	1842
279	23:42:03	60.12	6499	1798	1841
280	23:43:03	60.11	6499	1797	1840
281	23:44:03	60.13	6499	1796	1839
282	23:45:03	60.12	6499	1794	1838
283	23:46:03	60.14	6499	1793	1836
284	23:47:04	52.50	6499	1792	1835
285	23:47:56	60.47	6499	1790	1834
286	23:48:56	60.13	6499	1789	1833
287	23:49:57	60.11	6499	1788	1831
288	23:50:57	60.15	6499	1786	1830
289	23:51:57	28.02	6499	1785	1829
290	23:52:25	60.16	6499	1784	1829
291	23:53:25	60.12	6499	1783	1827
292	23:54:25	60.11	6499	1781	1826
293	23:55:25	60.11	6499	1780	1825
294	23:56:25	31.75	6499	1779	1824
295	23:56:57	60.44	6499	1778	1823
296	23:57:58	60.34	6499	1777	1822
297	23:58:58	60.12	6499	1775	1821
298	23:59:58	60.12	6499	1774	1819
299	00:00:58	60.12	6499	1773	1818
300	00:01:58	60.12	6499	1771	1817
301	00:02:58	60.13	6499	1770	1816
302	00:03:59	60.12	6499	1769	1815
303	00:04:59	60.11	6499	1767	1813
304	00:05:59	60.17	6499	1766	1812
305	00:06:59	60.13	6499	1765	1811
306	00:07:59	60.13	6499	1763	1810
307	00:08:59	60.13	6499	1762	1809
308	00:09:59	60.11	6499	1761	1808
309	00:10:59	60.14	6499	1759	1806
310	00:12:00	60.12	6499	1758	1805
311	00:13:00	58.53	6499	1757	1804
312	00:13:58	60.46	6499	1755	1803
313	00:14:59	43.95	6499	1754	1802
314	00:15:43	60.24	6499	1753	1801
315	00:16:43	60.17	6499	1752	1800
316	00:17:43	60.12	6499	1750	1798
317	00:18:43	60.12	6499	1749	1797
318	00:19:43	60.11	6499	1748	1796
319	00:20:43	60.15	6499	1747	1795
320	00:21:44	60.15	6499	1745	1794
321	00:22:44	60.11	6499	1744	1793
322	00:23:44	60.12	6499	1743	1791
323	00:24:44	60.11	6499	1741	1790
324	00:25:44	60.12	6499	1740	1789
325	00:26:44	60.12	6499	1739	1788
326	00:27:44	43.32	6499	1738	1787
327	00:28:28	60.11	6499	1736	1786
328	00:29:28	60.11	6499	1735	1785
329	00:30:28	60.11	6499	1734	1784
330	00:31:28	60.11	6499	1733	1783
331	00:32:28	60.11	6499	1731	1781
332	00:33:28	60.12	6499	1730	1780
333	00:34:28	60.15	6499	1729	1779
334	00:35:28	60.11	6499	1727	1778
335	00:36:29	60.10	6499	1726	1777
336	00:37:29	60.15	6499	1725	1776
337	00:38:29	60.36	6499	1724	1775
338	00:39:29	60.15	6499	1722	1773
339	00:40:29	60.12	6499	1721	1772
340	00:41:29	60.14	6499	1720	1771
341	00:42:30	60.10	6499	1718	1770
342	00:43:30	60.12	6499	1717	1769
343	00:44:30	60.13	6499	1716	1768
344	00:45:30	60.12	6499	1715	1767
345	00:46:30	42.77	6499	1714	1766
346	00:47:13	60.46	6499	1713	1765
347	00:48:13	60.16	6499	1711	1764
348	00:49:13	60.12	6499	1710	1762
349	00:50:14	60.13	6499	1709	1761
350	00:51:14	60.10	6499	1708	1760
351	00:52:14	60.16	6499	1706	1759
352	00:53:14	60.14	6499	1705	1758
353	00:54:14	60.14	6499	1704	1757
354	00:55:14	60.12	6499	1702	1756
355	00:56:14	60.12	6499	1701	1755
356	00:57:14	60.17	6499	1700	1753
357	00:58:15	60.11	6499	1699	1752
358	00:59:15	60.14	6499	1697	1751
359	01:00:15	60.12	6499	1696	1750
360	01:01:15	60.11	6499	1695	1749
361	01:02:15	60.12	6499	1694	1748
362	01:03:15	60.15	6499	1692	1747
363	01:04:15	60.12	6499	1691	1746
364	01:05:15	60.14	6499	1690	1745
365	01:06:16	60.12	6499	1689	1743
366	01:07:16	60.13	6499	1688	1742
367	01:08:16	60.15	6499	1686	1741
368	01:09:16	60.10	6499	1685	1740
369	01:10:16	60.12	6499	1684	1739
370	01:11:16	60.10	6499	1683	1738
371	01:12:16	60.10	6499	1681	1737
372	01:13:16	60.12	6499	1680	1736
373	01:14:17	60.11	6499	1679	1735
374	01:15:17	60.14	6499	1678	1734
375	01:16:17	10.27	6499	1677	1733
376	01:16:27	60.15	6499	1676	1732
377	01:17:27	60.12	6499	1675	1731
378	01:18:27	37.57	6499	1674	1730
379	01:19:05	60.37	6499	1673	1730
380	01:20:05	60.35	6499	1672	1728
381	01:21:06	60.11	6499	1671	1727
382	01:22:06	48.33	6499	1670	1726
383	01:22:54	49.85	6499	1669	1725
384	01:23:44	60.15	6499	1668	1724
385	01:24:44	60.12	6499	1666	1723
386	01:25:44	60.13	6499	1665	1722
387	01:26:44	60.13	6499	1664	1721
388	01:27:44	60.17	6499	1663	1720
389	01:28:45	60.12	6499	1662	1719
390	01:29:45	60.14	6499	1660	1718
391	01:30:45	60.12	6499	1659	1717
392	01:31:45	60.11	6499	1658	1716
393	01:32:45	60.15	6499	1657	1715
394	01:33:45	60.12	6499	1656	1714
395	01:34:45	60.11	6499	1655	1712
396	01:35:45	60.15	6499	1653	1711
397	01:36:46	60.15	6499	1652	1710
398	01:37:46	60.15	6499	1651	1709
399	01:38:46	60.11	6499	1650	1708
400	01:39:46	60.12	6499	1649	1707
401	01:40:46	60.15	6499	1647	1706
402	01:41:46	60.16	6499	1646	1705
403	01:42:46	60.11	6499	1645	1704
404	01:43:47	60.11	6499	1644	1703
405	01:44:47	60.17	6499	1643	1702
406	01:45:47	60.12	6499	1642	1701
407	01:46:47	60.13	6499	1640	1700
408	01:47:47	60.12	6499	1639	1699
409	01:48:47	60.12	6499	1638	1698
410	01:49:47	60.16	6499	1637	1696
411	01:50:48	60.11	6499	1636	1695
412	01:51:48	60.13	6499	1635	1694
413	01:52:48	10.42	6499	1634	1694
414	01:52:58	60.48	6499	1633	1693
415	01:53:59	54.89	6499	1632	1692
416	01:54:54	58.09	6499	1631	1691
417	01:55:52	60.15	6499	1630	1690
418	01:56:52	60.12	6499	1629	1689
419	01:57:52	60.12	6499	1628	1688
420	01:58:52	60.11	6499	1626	1687
421	01:59:52	60.11	6499	1625	1686
422	02:00:52	60.14	6499	1624	1685
423	02:01:52	60.12	6499	1623	1684
424	02:02:52	60.11	6499	1622	1682
425	02:03:53	60.13	6499	1621	1681
426	02:04:53	60.14	6499	1619	1680
427	02:05:53	60.17	6499	1618	1679
428	02:06:53	60.12	6499	1617	1678
429	02:07:53	60.16	6499	1616	1677
430	02:08:53	60.12	6499	1615	1676
431	02:09:53	60.09	6499	1614	1675
432	02:10:54	60.12	6499	1613	1674
433	02:11:54	60.11	6499	1611	1673
434	02:12:54	60.37	6499	1610	1672
435	02:13:54	38.37	6499	1609	1671
436	02:14:33	53.34	6499	1608	1670
437	02:15:26	60.13	6499	1607	1669
438	02:16:26	60.11	6499	1606	1668
439	02:17:26	60.12	6499	1605	1667
440	02:18:26	60.13	6499	1604	1666
441	02:19:26	60.35	6499	1603	1665
442	02:20:27	60.04	6499	1602	1664
443	02:21:27	60.11	6499	1601	1663
444	02:22:27	60.12	6499	1599	1662
445	02:23:27	60.11	6499	1598	1661
446	02:24:27	60.13	6499	1597	1660
447	02:25:27	60.11	6499	1596	1659
448	02:26:27	60.11	6499	1595	1658
449	02:27:27	60.11	6499	1594	1657
450	02:28:28	60.15	6499	1593	1656
451	02:29:28	60.17	6499	1592	1655
452	02:30:28	10.27	6499	1591	1654
453	02:30:38	60.14	6499	1590	1654
454	02:31:38	60.12	6499	1589	1653
455	02:32:38	60.10	6499	1588	1652
456	02:33:38	60.11	6499	1587	1651
457	02:34:39	10.26	6499	1586	1650
458	02:34:49	60.49	6499	1586	1650
459	02:35:49	60.11	6499	1585	1649
460	02:36:49	60.11	6499	1584	1648
461	02:37:50	60.10	6499	1582	1647
462	02:38:50	60.12	6499	1581	1646
463	02:39:50	60.14	6499	1580	1645
464	02:40:50	60.11	6499	1579	1644
465	02:41:50	60.17	6499	1578	1642
466	02:42:50	60.13	6499	1577	1642
467	02:43:50	60.11	6499	1576	1640
468	02:44:50	60.12	6499	1575	1639
469	02:45:51	60.14	6499	1574	1638
470	02:46:51	60.13	6499	1573	1637
471	02:47:51	60.12	6499	1571	1636
472	02:48:51	60.12	6499	1570	1635
473	02:49:51	60.11	6499	1569	1634
474	02:50:51	60.36	6499	1568	1633
475	02:51:52	60.11	6499	1567	1632
476	02:52:52	60.16	6499	1566	1631
477	02:53:52	60.11	6499	1565	1630
478	02:54:52	60.11	6499	1564	1629
479	02:55:52	60.11	6499	1563	1628
480	02:56:52	60.12	6499	1562	1627
481	02:57:52	60.11	6499	1560	1626
482	02:58:52	60.18	6499	1559	1625
483	02:59:53	60.11	6499	1558	1624
484	03:00:53	60.17	6499	1557	1623
485	03:01:53	60.11	6499	1556	1622
486	03:02:53	60.12	6499	1555	1622
487	03:03:53	60.11	6499	1554	1621
488	03:04:53	60.12	6499	1553	1620
489	03:05:53	60.14	6499	1552	1619
490	03:06:53	60.11	6499	1551	1618
491	03:07:54	60.36	6499	1550	1617
492	03:08:54	60.12	6499	1549	1616
493	03:09:54	60.11	6499	1548	1615
494	03:10:54	60.11	6499	1547	1614
495	03:11:54	60.11	6499	1546	1613
496	03:12:54	60.10	6499	1544	1612
497	03:13:54	60.13	6499	1543	1611
498	03:14:55	60.11	6499	1542	1610
499	03:15:55	60.11	6499	1541	1609
500	03:16:55	60.15	6499	1540	1608
501	03:17:55	60.12	6499	1539	1607
502	03:18:55	46.69	6499	1538	1606
503	03:19:42	60.50	6499	1537	1605
504	03:20:42	60.12	6499	1536	1604
505	03:21:42	60.11	6499	1535	1603
506	03:22:42	60.10	6499	1534	1602
507	03:23:43	60.11	6499	1533	1601
508	03:24:43	60.12	6499	1532	1600
509	03:25:43	60.12	6499	1531	1599
510	03:26:43	60.15	6499	1530	1598
511	03:27:43	60.12	6499	1529	1597
512	03:28:43	60.12	6499	1528	1596
513	03:29:43	60.10	6499	1527	1595
514	03:30:43	60.13	6499	1526	1594
515	03:31:44	60.11	6499	1525	1593
516	03:32:44	60.12	6499	1524	1592
517	03:33:44	60.11	6499	1522	1591
518	03:34:44	60.11	6499	1521	1590
519	03:35:44	60.10	6499	1520	1589
520	03:36:44	60.10	6499	1519	1588
521	03:37:44	60.12	6499	1518	1587
522	03:38:44	60.12	6499	1517	1586
523	03:39:44	60.11	6499	1516	1585
524	03:40:45	60.11	6499	1515	1584
525	03:41:45	60.13	6499	1514	1583
526	03:42:45	32.74	6499	1513	1583
527	03:43:18	60.20	6499	1512	1582
528	03:44:18	60.11	6499	1511	1581
529	03:45:18	60.13	6499	1510	1580
530	03:46:18	60.13	6499	1509	1579
531	03:47:18	60.11	6499	1508	1578
532	03:48:18	60.12	6499	1507	1577
533	03:49:18	60.11	6499	1506	1576
534	03:50:18	60.13	6499	1505	1575
535	03:51:19	60.11	6499	1504	1574
536	03:52:19	60.17	6499	1503	1573
537	03:53:19	60.14	6499	1502	1572
538	03:54:19	60.11	6499	1501	1572
539	03:55:19	60.13	6499	1500	1571
540	03:56:19	60.13	6499	1499	1570
541	03:57:19	60.12	6499	1498	1569
542	03:58:19	60.11	6499	1497	1568
543	03:59:20	60.13	6499	1496	1567
544	04:00:20	19.81	6499	1495	1566
545	04:00:40	60.60	6499	1494	1566
546	04:01:40	60.11	6499	1493	1565
547	04:02:40	60.12	6499	1492	1564
548	04:03:40	60.12	6499	1491	1563
549	04:04:40	60.16	6499	1490	1562
550	04:05:41	60.11	6499	1489	1561
551	04:06:41	60.11	6499	1488	1560
552	04:07:41	60.12	6499	1487	1559
553	04:08:41	60.11	6499	1486	1558
554	04:09:41	60.11	6499	1485	1557
555	04:10:41	60.12	6499	1484	1556
556	04:11:41	60.12	6499	1483	1555
557	04:12:41	60.17	6499	1482	1554
558	04:13:42	60.12	6499	1481	1553
559	04:14:42	60.12	6499	1480	1552
560	04:15:42	60.16	6499	1479	1551
561	04:16:42	60.12	6499	1478	1550
562	04:17:42	60.13	6499	1477	1549
563	04:18:42	60.10	6499	1476	1548
564	04:19:42	60.11	6499	1475	1547
565	04:20:42	60.10	6499	1474	1547
566	04:21:43	60.11	6499	1473	1546
567	04:22:43	60.12	6499	1472	1545
568	04:23:43	60.12	6499	1471	1544
569	04:24:43	60.16	6499	1470	1543
570	04:25:43	60.11	6499	1469	1542
571	04:26:43	60.11	6499	1468	1541
572	04:27:43	60.13	6499	1467	1540
573	04:28:43	60.12	6499	1466	1539
574	04:29:44	60.12	6499	1465	1538
575	04:30:44	60.11	6499	1464	1537
576	04:31:44	60.12	6499	1463	1536
577	04:32:44	60.11	6499	1462	1535
578	04:33:44	60.14	6499	1461	1534
579	04:34:44	60.12	6499	1460	1533
580	04:35:44	60.10	6499	1459	1532
581	04:36:44	60.14	6499	1458	1532
582	04:37:44	60.10	6499	1457	1531
583	04:38:45	60.11	6499	1456	1530
584	04:39:45	60.11	6499	1455	1529
585	04:40:45	60.11	6499	1454	1528
586	04:41:45	60.12	6499	1453	1527
587	04:42:45	60.11	6499	1452	1526
588	04:43:45	60.12	6499	1451	1525
589	04:44:45	10.27	6499	1451	1525
590	04:44:56	60.46	6499	1450	1524
591	04:45:56	60.15	6499	1449	1523
592	04:46:56	60.11	6499	1448	1522
593	04:47:56	60.13	6499	1447	1521
594	04:48:56	60.11	6499	1445	1520
595	04:49:57	60.11	6499	1444	1518
596	04:50:57	60.11	6499	1443	1517
597	04:51:57	60.12	6499	1442	1516
598	04:52:57	60.13	6499	1441	1515
599	04:53:57	60.11	6499	1439	1514
600	04:54:57	12.32	6499	1439	1514
601	04:55:09	60.57	6499	1438	1513
602	04:56:10	60.13	6499	1437	1512
603	04:57:10	60.39	6499	1436	1511
604	04:58:10	60.11	6499	1435	1510
605	04:59:11	60.16	6499	1433	1509
606	05:00:11	60.12	6499	1432	1508
607	05:01:11	60.11	6499	1431	1507
608	05:02:11	60.11	6499	1430	1506
609	05:03:11	60.13	6499	1429	1505
610	05:04:11	60.11	6499	1428	1504
611	05:05:11	60.35	6499	1426	1503
612	05:06:12	60.11	6499	1425	1502
613	05:07:12	60.13	6499	1424	1501
614	05:08:12	60.11	6499	1423	1500
615	05:09:12	60.16	6499	1422	1499
616	05:10:12	60.12	6499	1421	1498
617	05:11:12	60.11	6499	1419	1497
618	05:12:12	60.13	6499	1418	1496
619	05:13:13	60.11	6499	1417	1495
620	05:14:13	60.11	6499	1416	1494
621	05:15:13	60.12	6499	1415	1493
622	05:16:13	60.15	6499	1414	1492
623	05:17:13	60.11	6499	1413	1491
624	05:18:13	60.11	6499	1411	1490
625	05:19:13	60.11	6499	1410	1489
626	05:20:13	60.12	6499	1409	1488
627	05:21:14	60.11	6499	1408	1487
628	05:22:14	60.11	6499	1407	1486
629	05:23:14	60.14	6499	1406	1485
630	05:24:14	60.37	6499	1404	1484
631	05:25:14	60.11	6499	1403	1483
632	05:26:14	60.10	6499	1402	1482
633	05:27:14	60.11	6499	1400	1480
634	05:28:15	60.12	6499	1399	1479
635	05:29:15	60.13	6499	1397	1478
636	05:30:15	60.11	6499	1396	1477
637	05:31:15	60.35	6499	1395	1476
638	05:32:15	60.12	6499	1393	1475
639	05:33:15	60.14	6499	1392	1474
640	05:34:16	60.14	6499	1391	1472
641	05:35:16	60.11	6499	1389	1471
642	05:36:16	60.12	6499	1388	1470
643	05:37:16	60.12	6499	1387	1469
644	05:38:16	60.10	6499	1385	1468
645	05:39:16	60.17	6499	1384	1467
646	05:40:16	60.15	6499	1383	1466
647	05:41:16	35.90	6499	1382	1465
648	05:41:52	60.27	6499	1381	1464
649	05:42:53	60.11	6499	1379	1463
650	05:43:53	60.11	6499	1378	1462
651	05:44:53	60.10	6499	1377	1461
652	05:45:53	60.14	6499	1376	1460
653	05:46:53	60.11	6499	1374	1459
654	05:47:53	60.12	6499	1373	1458
655	05:48:53	60.12	6499	1372	1457
656	05:49:53	60.11	6499	1370	1456
657	05:50:54	60.11	6499	1369	1455
658	05:51:54	60.11	6499	1368	1454
659	05:52:54	60.17	6499	1367	1453
660	05:53:54	60.12	6499	1365	1452
661	05:54:54	60.11	6499	1364	1451
662	05:55:54	60.11	6499	1363	1450
663	05:56:54	60.14	6499	1362	1449
664	05:57:54	60.12	6499	1360	1448
665	05:58:55	60.10	6499	1359	1447
666	05:59:55	60.35	6499	1358	1446
667	06:00:55	60.12	6499	1357	1445
668	06:01:55	39.56	6499	1356	1444
669	06:02:35	60.22	6499	1355	1443
670	06:03:35	60.12	6499	1353	1442
671	06:04:35	47.33	6499	1352	1442
672	06:05:22	10.74	6499	1352	1441
673	06:05:33	9.02	6499	1352	1441
674	06:05:42	6.81	6499	1351	1441
675	06:05:49	9.02	6499	1351	1441
676	06:05:58	6.49	6499	1351	1441
677	06:06:04	9.00	6499	1351	1441
678	06:06:13	6.52	6499	1351	1440
679	06:06:20	9.02	6499	1351	1440
680	06:06:29	6.51	6499	1350	1440
681	06:06:35	9.01	6499	1350	1440
682	06:06:44	6.52	6499	1350	1440
683	06:06:51	9.01	6499	1350	1440
684	06:07:00	6.53	6499	1350	1440
685	06:07:07	9.01	6499	1350	1440
686	06:07:16	6.52	6499	1350	1440
687	06:07:22	9.00	6499	1349	1439
688	06:07:31	6.83	6499	1349	1439
689	06:07:38	9.01	6499	1349	1439
690	06:07:47	21.44	6499	1349	1439
691	06:08:08	9.01	6499	1349	1439
692	06:08:17	6.22	6499	1349	1439
693	06:08:24	9.00	6499	1348	1438
694	06:08:33	6.23	6499	1348	1438
695	06:08:39	9.01	6499	1348	1438
696	06:08:48	6.22	6499	1348	1438
697	06:08:54	9.02	6499	1348	1438
698	06:09:03	6.22	6499	1348	1438
699	06:09:09	9.01	6499	1347	1438
700	06:09:18	6.22	6499	1347	1438
701	06:09:25	9.00	6499	1347	1438
702	06:09:34	5.92	6499	1347	1437
703	06:09:39	9.01	6499	1347	1437
704	06:09:48	5.93	6499	1347	1437
705	06:09:54	9.00	6499	1347	1437
706	06:10:03	5.93	6499	1346	1437
707	06:10:09	9.00	6499	1346	1437
708	06:10:18	8.17	6499	1346	1437
709	06:10:26	60.46	6499	1346	1436
710	06:11:27	60.11	6499	1344	1436
711	06:12:27	60.13	6499	1343	1435
712	06:13:27	48.99	6499	1342	1434
713	06:14:16	60.49	6499	1341	1433
714	06:15:17	60.11	6499	1340	1432
715	06:16:17	60.12	6499	1339	1431
716	06:17:17	60.12	6499	1338	1431
717	06:18:17	60.11	6499	1337	1430
718	06:19:17	60.12	6499	1336	1429
719	06:20:17	60.11	6499	1334	1428
720	06:21:17	60.12	6499	1333	1427
721	06:22:17	60.10	6499	1332	1426
722	06:23:18	60.12	6499	1331	1425
723	06:24:18	60.12	6499	1330	1424
724	06:25:18	60.13	6499	1328	1423
725	06:26:18	60.12	6499	1327	1422
726	06:27:18	60.13	6499	1326	1421
727	06:28:18	60.11	6499	1325	1420
728	06:29:18	60.11	6499	1324	1419
729	06:30:18	60.11	6499	1323	1418
730	06:31:18	60.11	6499	1321	1417
731	06:32:19	60.10	6499	1320	1416
732	06:33:19	60.13	6499	1319	1415
733	06:34:19	60.12	6499	1318	1414
734	06:35:19	11.45	6499	1317	1414
735	06:35:30	60.21	6499	1316	1413
736	06:36:31	60.11	6499	1315	1412
737	06:37:31	60.12	6499	1314	1411
738	06:38:31	60.13	6499	1313	1410
739	06:39:31	60.11	6499	1312	1409
740	06:40:31	60.37	6499	1311	1409
741	06:41:31	60.11	6499	1309	1408
742	06:42:32	60.13	6499	1308	1407
743	06:43:32	60.13	6499	1307	1406
744	06:44:32	60.13	6499	1306	1405
745	06:45:32	60.12	6499	1305	1404
746	06:46:32	60.13	6499	1304	1403
747	06:47:32	48.53	6499	1303	1402
748	06:48:21	60.22	6499	1302	1401
749	06:49:21	60.11	6499	1301	1400
750	06:50:21	60.12	6499	1299	1400
751	06:51:21	55.63	6499	1298	1399
752	06:52:17	60.67	6499	1297	1398
753	06:53:17	60.13	6499	1296	1397
754	06:54:18	60.44	6499	1295	1396
755	06:55:18	60.12	6499	1294	1395
756	06:56:18	60.38	6499	1293	1394
757	06:57:19	60.14	6499	1292	1393
758	06:58:19	60.15	6499	1291	1392
759	06:59:19	60.11	6499	1289	1391
760	07:00:19	60.36	6499	1288	1391
761	07:01:19	60.10	6499	1287	1390
762	07:02:19	60.11	6499	1286	1389
763	07:03:20	60.12	6499	1285	1388
764	07:04:20	60.11	6499	1284	1387
765	07:05:20	31.74	6499	1283	1386
766	07:05:52	60.65	6499	16.51	15.07
767	07:06:52	60.12	6499	0	0
768	07:07:52	60.11	6499	0	0
769	07:08:52	60.13	6499	0	0
770	07:09:53	60.12	6501	0	0
771	07:10:53	15.53	6501	0	0
Created by AtlRunQuery on: 2018-11-29 21:08:33.049280
