LHC beam energy and intensities during run 351364:
(Begin/end of run: Tue May 29 2018 00:09:30 − 13:27:42)

LB	   Start time
(CEST)	   Duration
(sec)	   Beam energy
(GeV)	   Intensity Beam-1
(1e11 protons)	   Intensity Beam-2
(1e11 protons)
1	00:09:30	60.16	449	998.3	747.3
2	00:10:30	60.13	450	1118	866.1
3	00:11:31	10.31	450	1155	999.3
4	00:11:41	60.11	450	1155	1010
5	00:12:41	60.16	450	1225	1155
6	00:13:41	60.12	450	1332	1286
7	00:14:41	60.13	450	1412	1372
8	00:15:41	60.17	449	1564	1470
9	00:16:42	60.11	449	1681	1588
10	00:17:42	60.11	450	1797	1724
11	00:18:42	60.12	449	1915	1864
12	00:19:42	60.12	450	2031	1982
13	00:20:42	60.16	450	2130	2078
14	00:21:42	60.13	450	2253	2165
15	00:22:42	60.11	449	2283	2292
16	00:23:42	60.12	450	2330	2437
17	00:24:42	60.12	450	2446	2554
18	00:25:43	60.13	449	2588	2599
19	00:26:43	60.15	449	2717	2632
20	00:27:43	60.17	450	2739	2752
21	00:28:43	60.12	450	2738	2752
22	00:29:43	60.16	450	2737	2750
23	00:30:43	60.11	450	2735	2748
24	00:31:43	50.60	450	2734	2746
25	00:32:34	60.13	467	2720	2732
26	00:33:34	60.17	554	2719	2731
27	00:34:34	60.11	711	2719	2730
28	00:35:34	13.40	930	2719	2730
29	00:35:48	60.27	990	2719	2729
30	00:36:48	60.14	1294	2718	2729
31	00:37:48	60.15	1641	2718	2728
32	00:38:48	60.11	1989	2718	2728
33	00:39:49	60.11	2342	2718	2728
34	00:40:49	60.11	2689	2718	2728
35	00:41:49	60.11	3037	2718	2728
36	00:42:49	60.11	3384	2718	2728
37	00:43:49	60.12	3732	2717	2728
38	00:44:49	60.12	4079	2717	2728
39	00:45:49	60.15	4426	2717	2728
40	00:46:49	60.11	4774	2716	2728
41	00:47:49	60.11	5121	2716	2728
42	00:48:50	60.10	5474	2715	2728
43	00:49:50	60.12	5822	2714	2728
44	00:50:50	60.12	6169	2713	2727
45	00:51:50	31.59	6490	2709	2727
46	00:52:22	18.21	6499	2709	2727
47	00:52:40	60.44	6499	2709	2726
48	00:53:40	60.11	6499	2709	2726
49	00:54:40	36.28	6499	2709	2726
50	00:55:17	15.36	6499	2709	2726
51	00:55:32	10.28	6499	2709	2726
52	00:55:42	60.16	6499	2709	2726
53	00:56:42	60.12	6499	2709	2726
54	00:57:42	60.12	6499	2709	2726
55	00:58:43	60.12	6499	2709	2726
56	00:59:43	60.12	6499	2708	2726
57	01:00:43	60.11	6499	2708	2726
58	01:01:43	60.09	6499	2707	2726
59	01:02:43	60.11	6499	2707	2725
60	01:03:43	60.12	6499	2706	2725
61	01:04:43	60.12	6499	2705	2725
62	01:05:43	60.13	6499	2703	2724
63	01:06:44	57.35	6499	2701	2723
64	01:07:41	60.40	6499	2700	2723
65	01:08:41	15.95	6499	2699	2722
66	01:08:57	60.20	6499	2697	2722
67	01:09:57	60.11	6499	2694	2722
68	01:10:58	60.12	6499	2691	2720
69	01:11:58	60.15	6499	2689	2718
70	01:12:58	60.15	6499	2686	2716
71	01:13:58	60.18	6499	2684	2715
72	01:14:58	50.14	6499	2682	2713
73	01:15:48	10.50	6499	2681	2712
74	01:15:59	13.20	6499	2680	2712
75	01:16:12	60.42	6499	2679	2711
76	01:17:12	60.13	6499	2677	2709
77	01:18:13	60.11	6499	2675	2708
78	01:19:13	60.17	6499	2673	2706
79	01:20:13	60.10	6499	2670	2704
80	01:21:13	60.18	6499	2668	2702
81	01:22:13	60.13	6499	2666	2700
82	01:23:13	40.48	6499	2664	2698
83	01:23:54	19.61	6499	2663	2698
84	01:24:13	60.42	6499	2661	2696
85	01:25:14	60.11	6499	2659	2694
86	01:26:14	60.11	6499	2657	2692
87	01:27:14	34.75	6499	2655	2691
88	01:27:49	60.25	6499	2653	2689
89	01:28:49	60.12	6499	2651	2688
90	01:29:49	25.36	6499	2649	2686
91	01:30:14	60.56	6499	2648	2685
92	01:31:15	32.06	6499	2646	2683
93	01:31:47	10.82	6499	2646	2683
94	01:31:58	8.98	6499	2645	2683
95	01:32:07	6.86	6499	2645	2683
96	01:32:14	9.01	6499	2645	2682
97	01:32:23	6.79	6499	2645	2682
98	01:32:29	9.01	6499	2645	2682
99	01:32:39	6.82	6499	2644	2682
100	01:32:45	9.00	6499	2644	2682
101	01:32:54	6.53	6499	2644	2681
102	01:33:01	9.01	6499	2643	2681
103	01:33:10	6.82	6499	2643	2681
104	01:33:17	9.02	6499	2643	2681
105	01:33:26	6.82	6499	2643	2680
106	01:33:33	9.00	6499	2642	2680
107	01:33:42	6.83	6499	2642	2680
108	01:33:48	9.01	6499	2642	2680
109	01:33:57	6.52	6499	2642	2680
110	01:34:04	9.02	6499	2641	2680
111	01:34:13	22.04	6499	2641	2679
112	01:34:35	9.02	6499	2641	2679
113	01:34:44	6.24	6499	2640	2679
114	01:34:50	8.98	6499	2640	2679
115	01:34:59	6.26	6499	2640	2678
116	01:35:05	9.02	6499	2640	2678
117	01:35:14	6.52	6499	2640	2678
118	01:35:21	9.00	6499	2640	2678
119	01:35:30	6.53	6499	2639	2678
120	01:35:36	9.00	6499	2639	2677
121	01:35:45	6.23	6499	2639	2677
122	01:35:52	9.00	6499	2638	2677
123	01:36:01	6.22	6499	2638	2677
124	01:36:07	9.01	6499	2638	2677
125	01:36:16	6.53	6499	2637	2677
126	01:36:22	9.00	6499	2637	2676
127	01:36:31	6.23	6499	2637	2676
128	01:36:38	9.01	6499	2637	2676
129	01:36:47	8.71	6499	2636	2676
130	01:36:55	20.35	6499	2636	2676
131	01:37:16	60.52	6499	2635	2674
132	01:38:16	60.11	6499	2633	2673
133	01:39:16	60.12	6499	2631	2671
134	01:40:17	60.14	6499	2629	2669
135	01:41:17	60.11	6499	2627	2667
136	01:42:17	60.11	6499	2625	2666
137	01:43:17	60.15	6499	2623	2664
138	01:44:17	60.11	6499	2621	2662
139	01:45:17	60.13	6499	2619	2660
140	01:46:17	23.65	6499	2617	2659
141	01:46:41	60.32	6499	2616	2658
142	01:47:41	60.12	6499	2614	2656
143	01:48:41	60.11	6499	2613	2654
144	01:49:41	60.13	6499	2611	2652
145	01:50:42	60.12	6499	2609	2651
146	01:51:42	60.35	6499	2607	2649
147	01:52:42	60.12	6499	2605	2647
148	01:53:42	60.12	6499	2603	2645
149	01:54:42	60.12	6499	2601	2644
150	01:55:42	60.17	6499	2600	2642
151	01:56:43	15.20	6499	2599	2641
152	01:56:58	19.15	6499	2598	2640
153	01:57:17	60.43	6499	2597	2639
154	01:58:17	60.11	6499	2595	2637
155	01:59:17	60.12	6499	2593	2635
156	02:00:18	60.13	6499	2591	2634
157	02:01:18	60.12	6499	2589	2632
158	02:02:18	60.11	6499	2587	2630
159	02:03:18	60.12	6499	2585	2628
160	02:04:18	60.17	6499	2583	2627
161	02:05:18	60.36	6499	2581	2625
162	02:06:19	60.12	6499	2580	2623
163	02:07:19	60.12	6499	2578	2621
164	02:08:19	60.11	6499	2576	2620
165	02:09:19	60.12	6499	2574	2618
166	02:10:19	60.12	6499	2572	2616
167	02:11:19	60.16	6499	2570	2615
168	02:12:19	60.13	6499	2568	2613
169	02:13:20	60.11	6499	2566	2611
170	02:14:20	60.15	6499	2564	2610
171	02:15:20	60.17	6499	2563	2608
172	02:16:20	60.11	6499	2561	2606
173	02:17:20	60.11	6499	2559	2605
174	02:18:20	60.35	6499	2557	2603
175	02:19:21	60.12	6499	2555	2601
176	02:20:21	60.11	6499	2553	2600
177	02:21:21	60.12	6499	2551	2598
178	02:22:21	60.35	6499	2549	2596
179	02:23:21	60.13	6499	2548	2595
180	02:24:21	10.28	6499	2547	2593
181	02:24:32	60.10	6499	2546	2593
182	02:25:32	60.11	6499	2544	2591
183	02:26:32	19.85	6499	2543	2590
184	02:26:52	60.07	6499	2541	2589
185	02:27:52	60.11	6499	2540	2587
186	02:28:52	60.11	6499	2538	2586
187	02:29:52	32.22	6499	2536	2584
188	02:30:24	24.02	6499	2535	2583
189	02:30:48	60.43	6499	2534	2582
190	02:31:49	25.16	6499	2533	2581
191	02:32:14	60.26	6499	2531	2580
192	02:33:14	60.18	6499	2530	2578
193	02:34:14	60.11	6499	2528	2577
194	02:35:14	60.11	6499	2526	2575
195	02:36:14	60.12	6499	2524	2574
196	02:37:15	60.11	6499	2522	2572
197	02:38:15	60.13	6499	2520	2570
198	02:39:15	60.12	6499	2519	2569
199	02:40:15	60.11	6499	2517	2567
200	02:41:15	60.11	6499	2515	2565
201	02:42:15	60.12	6499	2513	2564
202	02:43:15	60.12	6499	2511	2562
203	02:44:15	60.12	6499	2510	2561
204	02:45:15	60.11	6499	2508	2559
205	02:46:16	17.61	6499	2507	2558
206	02:46:33	50.54	6499	2506	2557
207	02:47:24	25.53	6499	2504	2556
208	02:47:49	60.41	6499	2503	2555
209	02:48:50	60.11	6499	2502	2554
210	02:49:50	60.16	6499	2500	2552
211	02:50:50	60.12	6499	2499	2551
212	02:51:50	60.11	6499	2497	2550
213	02:52:50	60.12	6499	2496	2549
214	02:53:50	60.10	6499	2494	2547
215	02:54:50	60.16	6499	2492	2546
216	02:55:51	60.37	6499	2490	2544
217	02:56:51	60.11	6499	2488	2542
218	02:57:51	60.13	6499	2487	2541
219	02:58:51	33.63	6499	2485	2540
220	02:59:25	60.08	6499	2484	2538
221	03:00:25	60.36	6499	2482	2537
222	03:01:25	60.37	6499	2480	2535
223	03:02:26	60.11	6499	2478	2534
224	03:03:26	60.11	6499	2477	2532
225	03:04:26	60.11	6499	2475	2531
226	03:05:26	60.12	6499	2473	2529
227	03:06:26	60.37	6499	2471	2528
228	03:07:26	60.13	6499	2469	2526
229	03:08:27	60.15	6499	2467	2524
230	03:09:27	60.11	6499	2466	2523
231	03:10:27	60.14	6499	2464	2521
232	03:11:27	60.12	6499	2462	2520
233	03:12:27	44.94	6499	2460	2518
234	03:13:12	38.53	6499	2459	2517
235	03:13:51	60.37	6499	2458	2516
236	03:14:51	60.15	6499	2456	2514
237	03:15:51	60.12	6499	2454	2513
238	03:16:51	60.11	6499	2453	2511
239	03:17:51	60.36	6499	2451	2510
240	03:18:52	60.13	6499	2449	2508
241	03:19:52	60.17	6499	2447	2507
242	03:20:52	60.15	6499	2446	2505
243	03:21:52	60.11	6499	2444	2504
244	03:22:52	60.12	6499	2442	2502
245	03:23:52	60.11	6499	2440	2500
246	03:24:53	60.11	6499	2439	2499
247	03:25:53	60.11	6499	2437	2497
248	03:26:53	60.11	6499	2435	2496
249	03:27:53	60.15	6499	2433	2494
250	03:28:53	60.12	6499	2432	2493
251	03:29:53	60.11	6499	2430	2491
252	03:30:53	60.11	6499	2428	2490
253	03:31:53	60.10	6499	2426	2488
254	03:32:53	60.12	6499	2424	2487
255	03:33:54	10.06	6499	2423	2486
256	03:34:04	18.17	6499	2423	2485
257	03:34:22	60.55	6499	2422	2484
258	03:35:22	60.10	6499	2420	2483
259	03:36:22	60.12	6499	2418	2481
260	03:37:23	60.11	6499	2417	2480
261	03:38:23	60.12	6499	2415	2478
262	03:39:23	60.11	6499	2413	2477
263	03:40:23	60.12	6499	2412	2475
264	03:41:23	60.12	6499	2410	2474
265	03:42:23	60.12	6499	2408	2472
266	03:43:23	60.13	6499	2406	2471
267	03:44:23	10.04	6499	2406	2470
268	03:44:33	60.12	6499	2404	2469
269	03:45:34	60.12	6499	2403	2468
270	03:46:34	60.11	6499	2401	2466
271	03:47:34	60.13	6499	2399	2465
272	03:48:34	60.14	6499	2398	2463
273	03:49:34	60.11	6499	2396	2462
274	03:50:34	60.12	6499	2394	2460
275	03:51:34	60.10	6499	2392	2458
276	03:52:34	18.61	6499	2391	2458
277	03:52:53	60.31	6499	2390	2456
278	03:53:53	60.16	6499	2388	2455
279	03:54:53	60.12	6499	2387	2453
280	03:55:54	60.14	6499	2385	2452
281	03:56:54	57.53	6499	2383	2451
282	03:57:51	60.58	6499	2382	2449
283	03:58:52	60.10	6499	2380	2448
284	03:59:52	60.13	6499	2379	2446
285	04:00:52	60.11	6499	2377	2445
286	04:01:52	60.12	6499	2375	2443
287	04:02:52	60.11	6499	2373	2442
288	04:03:52	21.01	6499	2372	2441
289	04:04:13	60.15	6499	2371	2440
290	04:05:14	60.15	6499	2369	2438
291	04:06:14	60.36	6499	2368	2437
292	04:07:14	60.10	6499	2366	2435
293	04:08:14	60.35	6499	2364	2434
294	04:09:15	60.11	6499	2363	2432
295	04:10:15	60.12	6499	2361	2431
296	04:11:15	60.11	6499	2359	2429
297	04:12:15	60.12	6499	2358	2428
298	04:13:15	60.10	6499	2356	2427
299	04:14:15	60.12	6499	2354	2425
300	04:15:15	10.31	6499	2353	2424
301	04:15:25	60.43	6499	2352	2423
302	04:16:26	60.12	6499	2351	2422
303	04:17:26	19.09	6499	2350	2421
304	04:17:45	60.07	6499	2349	2420
305	04:18:45	60.13	6499	2347	2419
306	04:19:45	60.11	6499	2345	2417
307	04:20:45	60.12	6499	2344	2416
308	04:21:46	60.15	6499	2342	2414
309	04:22:46	38.51	6499	2340	2413
310	04:23:24	10.51	6499	2340	2412
311	04:23:35	60.17	6499	2339	2412
312	04:24:35	60.12	6499	2337	2410
313	04:25:35	60.12	6499	2335	2409
314	04:26:35	60.11	6499	2334	2407
315	04:27:35	60.12	6499	2332	2406
316	04:28:35	60.16	6499	2331	2404
317	04:29:36	60.13	6499	2329	2403
318	04:30:36	60.12	6499	2327	2402
319	04:31:36	60.12	6499	2326	2400
320	04:32:36	60.41	6499	2324	2399
321	04:33:36	60.12	6499	2322	2397
322	04:34:36	60.12	6499	2321	2396
323	04:35:37	60.12	6499	2319	2394
324	04:36:37	60.12	6499	2318	2393
325	04:37:37	60.11	6499	2316	2391
326	04:38:37	60.13	6499	2314	2390
327	04:39:37	60.12	6499	2313	2389
328	04:40:37	60.11	6499	2311	2387
329	04:41:37	20.47	6499	2310	2386
330	04:41:58	57.78	6499	2309	2385
331	04:42:55	60.52	6499	2307	2384
332	04:43:56	60.11	6499	2306	2382
333	04:44:56	60.13	6499	2304	2381
334	04:45:56	60.14	6499	2302	2380
335	04:46:56	60.11	6499	2301	2378
336	04:47:56	60.16	6499	2299	2377
337	04:48:57	60.15	6499	2298	2375
338	04:49:57	60.12	6499	2296	2374
339	04:50:57	60.12	6499	2294	2373
340	04:51:57	60.12	6499	2293	2371
341	04:52:57	60.12	6499	2291	2370
342	04:53:57	60.11	6499	2289	2368
343	04:54:57	60.16	6499	2288	2367
344	04:55:58	27.00	6499	2287	2366
345	04:56:25	60.22	6499	2286	2365
346	04:57:25	58.91	6499	2284	2363
347	04:58:24	33.12	6499	2283	2362
348	04:58:57	60.50	6499	2282	2361
349	04:59:57	60.11	6499	2280	2360
350	05:00:57	60.15	6499	2278	2358
351	05:01:58	60.11	6499	2277	2357
352	05:02:58	60.11	6499	2275	2356
353	05:03:58	60.13	6499	2274	2354
354	05:04:58	60.16	6499	2272	2353
355	05:05:58	60.36	6499	2270	2351
356	05:06:58	60.11	6499	2269	2350
357	05:07:59	60.12	6499	2267	2349
358	05:08:59	60.11	6499	2266	2347
359	05:09:59	60.13	6499	2264	2346
360	05:10:59	60.12	6499	2262	2344
361	05:11:59	60.13	6499	2261	2343
362	05:12:59	57.57	6499	2259	2342
363	05:13:57	60.19	6499	2258	2340
364	05:14:57	60.12	6499	2256	2339
365	05:15:57	60.17	6499	2255	2338
366	05:16:57	60.11	6499	2253	2336
367	05:17:57	60.36	6499	2252	2335
368	05:18:58	60.14	6499	2250	2333
369	05:19:58	60.11	6499	2248	2332
370	05:20:58	60.11	6499	2247	2331
371	05:21:58	60.14	6499	2245	2329
372	05:22:58	60.12	6499	2244	2328
373	05:23:58	60.11	6499	2242	2327
374	05:24:58	60.16	6499	2241	2325
375	05:25:59	60.14	6499	2239	2324
376	05:26:59	60.10	6499	2238	2322
377	05:27:59	60.35	6499	2236	2321
378	05:28:59	60.14	6499	2234	2320
379	05:29:59	60.11	6499	2233	2318
380	05:30:59	57.31	6499	2231	2317
381	05:31:57	31.25	6499	2230	2316
382	05:32:28	60.50	6499	2229	2315
383	05:33:28	60.11	6499	2228	2313
384	05:34:29	60.12	6499	2226	2312
385	05:35:29	30.58	6499	2225	2311
386	05:35:59	60.43	6499	2224	2310
387	05:37:00	60.12	6499	2222	2309
388	05:38:00	60.16	6499	2221	2307
389	05:39:00	60.12	6499	2219	2306
390	05:40:00	60.16	6499	2218	2305
391	05:41:00	60.12	6499	2216	2303
392	05:42:00	60.13	6499	2215	2302
393	05:43:00	60.12	6499	2213	2301
394	05:44:01	60.11	6499	2211	2299
395	05:45:01	60.10	6499	2210	2298
396	05:46:01	37.02	6499	2209	2297
397	05:46:38	60.20	6499	2208	2296
398	05:47:38	60.17	6499	2206	2294
399	05:48:38	60.12	6499	2204	2293
400	05:49:38	60.11	6499	2203	2292
401	05:50:38	60.16	6499	2201	2290
402	05:51:39	60.15	6499	2200	2289
403	05:52:39	60.10	6499	2198	2288
404	05:53:39	60.12	6499	2197	2286
405	05:54:39	60.12	6499	2195	2285
406	05:55:39	60.37	6499	2194	2284
407	05:56:39	60.12	6499	2192	2282
408	05:57:40	48.59	6499	2191	2281
409	05:58:28	60.43	6499	2190	2280
410	05:59:29	60.12	6499	2188	2278
411	06:00:29	60.11	6499	2187	2277
412	06:01:29	60.12	6499	2185	2276
413	06:02:29	60.11	6499	2184	2275
414	06:03:29	10.32	6499	2183	2274
415	06:03:39	60.12	6499	2182	2273
416	06:04:39	60.11	6499	2180	2272
417	06:05:40	60.14	6499	2179	2270
418	06:06:40	60.13	6499	2177	2269
419	06:07:40	60.16	6499	2176	2268
420	06:08:40	60.12	6499	2174	2266
421	06:09:40	60.11	6499	2173	2265
422	06:10:40	60.12	6499	2171	2264
423	06:11:40	60.12	6499	2170	2262
424	06:12:40	60.12	6499	2168	2261
425	06:13:41	60.12	6499	2167	2260
426	06:14:41	60.10	6499	2166	2258
427	06:15:41	60.12	6499	2164	2257
428	06:16:41	60.11	6499	2163	2256
429	06:17:41	60.12	6499	2161	2254
430	06:18:41	60.12	6499	2160	2253
431	06:19:41	60.11	6499	2158	2252
432	06:20:41	60.16	6499	2157	2250
433	06:21:42	60.13	6499	2155	2249
434	06:22:42	15.30	6499	2154	2248
435	06:22:57	60.15	6499	2153	2247
436	06:23:57	60.11	6499	2152	2246
437	06:24:57	60.13	6499	2150	2245
438	06:25:57	60.35	6499	2149	2244
439	06:26:58	60.17	6499	2147	2242
440	06:27:58	60.13	6499	2146	2241
441	06:28:58	24.85	6499	2145	2240
442	06:29:23	10.51	6499	2145	2240
443	06:29:33	60.11	6499	2144	2239
444	06:30:34	60.10	6499	2142	2238
445	06:31:34	60.12	6499	2141	2236
446	06:32:34	60.12	6499	2139	2235
447	06:33:34	60.16	6499	2138	2234
448	06:34:34	60.12	6499	2136	2233
449	06:35:34	60.12	6499	2135	2231
450	06:36:34	60.11	6499	2133	2230
451	06:37:34	60.15	6499	2132	2229
452	06:38:35	60.44	6499	2131	2227
453	06:39:35	60.12	6499	2129	2226
454	06:40:35	60.11	6499	2128	2225
455	06:41:35	60.12	6499	2126	2223
456	06:42:35	60.11	6499	2125	2222
457	06:43:35	60.11	6499	2123	2221
458	06:44:36	60.11	6499	2122	2220
459	06:45:36	60.10	6499	2120	2218
460	06:46:36	60.12	6499	2119	2217
461	06:47:36	60.11	6499	2118	2216
462	06:48:36	60.16	6499	2116	2214
463	06:49:36	60.16	6499	2115	2213
464	06:50:36	60.13	6499	2113	2212
465	06:51:36	60.11	6499	2112	2211
466	06:52:37	60.11	6499	2111	2209
467	06:53:37	60.11	6499	2109	2208
468	06:54:37	60.12	6499	2108	2207
469	06:55:37	60.17	6499	2106	2205
470	06:56:37	60.12	6499	2105	2204
471	06:57:37	60.12	6499	2104	2203
472	06:58:37	60.35	6499	2102	2202
473	06:59:38	60.12	6499	2101	2200
474	07:00:38	60.12	6499	2099	2199
475	07:01:38	60.11	6499	2098	2198
476	07:02:38	60.12	6499	2097	2196
477	07:03:38	60.14	6499	2095	2195
478	07:04:38	60.17	6499	2094	2194
479	07:05:38	10.26	6499	2093	2193
480	07:05:49	60.45	6499	2092	2192
481	07:06:49	60.11	6499	2091	2191
482	07:07:49	60.11	6499	2089	2190
483	07:08:49	60.11	6499	2088	2189
484	07:09:49	60.14	6499	2086	2187
485	07:10:50	60.11	6499	2085	2186
486	07:11:50	60.11	6499	2084	2185
487	07:12:50	60.37	6499	2082	2184
488	07:13:50	60.15	6499	2081	2182
489	07:14:50	60.12	6499	2079	2181
490	07:15:50	60.11	6499	2078	2180
491	07:16:51	60.11	6499	2077	2179
492	07:17:51	60.12	6499	2075	2177
493	07:18:51	60.17	6499	2074	2176
494	07:19:51	60.12	6499	2073	2175
495	07:20:51	60.14	6499	2071	2174
496	07:21:51	23.32	6499	2070	2173
497	07:22:15	60.09	6499	2069	2172
498	07:23:15	60.36	6499	2068	2171
499	07:24:15	60.12	6499	2067	2169
500	07:25:15	60.13	6499	2065	2168
501	07:26:15	60.11	6499	2064	2167
502	07:27:15	60.11	6499	2063	2166
503	07:28:16	60.11	6499	2061	2164
504	07:29:16	60.11	6499	2060	2163
505	07:30:16	60.13	6499	2058	2162
506	07:31:16	60.11	6499	2057	2161
507	07:32:16	60.15	6499	2056	2159
508	07:33:16	43.76	6499	2055	2158
509	07:34:00	60.43	6499	2053	2157
510	07:35:00	60.12	6499	2052	2156
511	07:36:00	60.12	6499	2051	2155
512	07:37:01	60.15	6499	2049	2153
513	07:38:01	60.13	6499	2048	2152
514	07:39:01	60.11	6499	2047	2151
515	07:40:01	60.14	6499	2045	2150
516	07:41:01	60.12	6499	2044	2148
517	07:42:01	60.15	6499	2043	2147
518	07:43:01	60.11	6499	2041	2146
519	07:44:01	60.10	6499	2040	2144
520	07:45:02	60.13	6499	2039	2143
521	07:46:02	60.12	6499	2037	2142
522	07:47:02	60.17	6499	2036	2141
523	07:48:02	60.10	6499	2035	2140
524	07:49:02	60.36	6499	2033	2138
525	07:50:02	60.12	6499	2032	2137
526	07:51:03	60.12	6499	2031	2136
527	07:52:03	60.12	6499	2029	2135
528	07:53:03	60.11	6499	2028	2134
529	07:54:03	60.14	6499	2026	2132
530	07:55:03	60.39	6499	2025	2131
531	07:56:03	60.10	6499	2024	2130
532	07:57:04	60.11	6499	2023	2129
533	07:58:04	60.11	6499	2021	2127
534	07:59:04	60.15	6499	2020	2126
535	08:00:04	60.13	6499	2019	2125
536	08:01:04	60.11	6499	2017	2124
537	08:02:04	60.13	6499	2016	2123
538	08:03:04	60.16	6499	2015	2121
539	08:04:04	60.12	6499	2013	2120
540	08:05:05	60.35	6499	2012	2119
541	08:06:05	60.16	6499	2011	2118
542	08:07:05	60.12	6499	2009	2116
543	08:08:05	10.27	6499	2009	2116
544	08:08:15	60.42	6499	2008	2115
545	08:09:16	60.16	6499	2007	2114
546	08:10:16	60.12	6499	2005	2113
547	08:11:16	60.14	6499	2004	2111
548	08:12:16	60.11	6499	2003	2110
549	08:13:16	60.12	6499	2001	2109
550	08:14:17	60.11	6499	2000	2108
551	08:15:17	60.17	6499	1999	2107
552	08:16:17	60.14	6499	1998	2105
553	08:17:17	60.12	6499	1996	2104
554	08:18:17	60.12	6499	1995	2103
555	08:19:17	60.12	6499	1994	2102
556	08:20:17	60.29	6499	1992	2100
557	08:21:18	60.14	6499	1991	2099
558	08:22:18	60.12	6499	1990	2098
559	08:23:18	60.35	6499	1988	2097
560	08:24:18	60.11	6499	1987	2096
561	08:25:18	60.11	6499	1986	2094
562	08:26:18	60.11	6499	1985	2093
563	08:27:19	60.11	6499	1983	2092
564	08:28:19	60.10	6499	1982	2091
565	08:29:19	60.13	6499	1981	2090
566	08:30:19	60.12	6499	1979	2088
567	08:31:19	60.12	6499	1978	2087
568	08:32:19	60.11	6499	1977	2086
569	08:33:19	60.11	6499	1976	2085
570	08:34:19	60.12	6499	1974	2084
571	08:35:19	60.16	6499	1973	2082
572	08:36:20	60.10	6499	1972	2081
573	08:37:20	60.16	6499	1971	2080
574	08:38:20	60.11	6499	1969	2079
575	08:39:20	10.28	6499	1969	2078
576	08:39:30	60.42	6499	1968	2077
577	08:40:31	60.11	6499	1966	2076
578	08:41:31	60.15	6499	1965	2075
579	08:42:31	60.11	6499	1964	2074
580	08:43:31	60.11	6499	1963	2072
581	08:44:31	60.10	6499	1961	2071
582	08:45:31	60.35	6499	1960	2070
583	08:46:32	60.11	6499	1959	2069
584	08:47:32	60.11	6499	1958	2068
585	08:48:32	60.12	6499	1956	2067
586	08:49:32	60.17	6499	1955	2065
587	08:50:32	60.14	6499	1954	2064
588	08:51:32	60.14	6499	1953	2063
589	08:52:32	60.11	6499	1952	2062
590	08:53:33	60.11	6499	1950	2061
591	08:54:33	60.12	6499	1949	2059
592	08:55:33	60.35	6499	1948	2058
593	08:56:33	60.17	6499	1947	2057
594	08:57:33	60.15	6499	1945	2056
595	08:58:33	60.11	6499	1944	2055
596	08:59:34	60.11	6499	1943	2054
597	09:00:34	60.11	6499	1942	2052
598	09:01:34	60.11	6499	1941	2051
599	09:02:34	60.11	6499	1939	2050
600	09:03:34	60.12	6499	1938	2049
601	09:04:34	60.11	6499	1937	2048
602	09:05:34	60.11	6499	1936	2046
603	09:06:34	60.11	6499	1934	2045
604	09:07:34	60.11	6499	1933	2044
605	09:08:35	60.13	6499	1932	2043
606	09:09:35	60.12	6499	1931	2042
607	09:10:35	60.11	6499	1930	2041
608	09:11:35	60.11	6499	1928	2039
609	09:12:35	60.11	6499	1927	2038
610	09:13:35	60.12	6499	1926	2037
611	09:14:35	60.13	6499	1925	2036
612	09:15:35	60.16	6499	1924	2035
613	09:16:36	10.27	6499	1923	2034
614	09:16:46	60.42	6499	1922	2033
615	09:17:46	60.14	6499	1921	2032
616	09:18:46	60.11	6499	1920	2031
617	09:19:46	60.17	6499	1919	2030
618	09:20:47	60.16	6499	1917	2029
619	09:21:47	60.11	6499	1916	2028
620	09:22:47	60.14	6499	1915	2027
621	09:23:47	60.11	6499	1914	2025
622	09:24:47	60.13	6499	1913	2024
623	09:25:47	60.12	6499	1911	2023
624	09:26:47	40.24	6499	1910	2022
625	09:27:28	10.12	6499	1910	2022
626	09:27:38	60.14	6499	1909	2021
627	09:28:38	60.15	6499	1908	2020
628	09:29:38	60.12	6499	1907	2019
629	09:30:38	60.14	6499	1906	2017
630	09:31:38	60.15	6499	1904	2016
631	09:32:38	60.14	6499	1903	2015
632	09:33:39	60.11	6499	1902	2014
633	09:34:39	60.10	6499	1901	2013
634	09:35:39	60.44	6499	1900	2012
635	09:36:39	60.11	6499	1898	2010
636	09:37:39	60.11	6499	1897	2009
637	09:38:39	60.12	6499	1896	2008
638	09:39:40	60.13	6499	1895	2007
639	09:40:40	60.12	6499	1894	2006
640	09:41:40	60.15	6499	1893	2005
641	09:42:40	60.12	6499	1891	2004
642	09:43:40	60.11	6499	1890	2002
643	09:44:40	60.17	6499	1889	2001
644	09:45:40	60.11	6499	1888	2000
645	09:46:41	60.12	6499	1887	1999
646	09:47:41	60.12	6499	1886	1998
647	09:48:41	60.12	6499	1884	1997
648	09:49:41	60.13	6499	1883	1996
649	09:50:41	60.11	6499	1882	1995
650	09:51:41	60.12	6499	1881	1993
651	09:52:41	60.12	6499	1880	1992
652	09:53:41	60.42	6499	1879	1991
653	09:54:42	60.36	6499	1877	1990
654	09:55:42	60.15	6499	1876	1989
655	09:56:42	60.11	6499	1875	1988
656	09:57:42	22.29	6499	1874	1987
657	09:58:05	60.43	6499	1874	1986
658	09:59:05	60.18	6499	1872	1985
659	10:00:05	60.13	6499	1871	1984
660	10:01:05	60.17	6499	1870	1983
661	10:02:06	60.17	6499	1869	1982
662	10:03:06	60.15	6499	1868	1980
663	10:04:06	60.14	6499	1867	1979
664	10:05:06	60.17	6499	1865	1978
665	10:06:06	60.11	6499	1864	1977
666	10:07:06	60.16	6499	1863	1976
667	10:08:07	60.13	6499	1862	1975
668	10:09:07	60.16	6499	1861	1974
669	10:10:07	60.16	6499	1860	1972
670	10:11:07	60.10	6499	1859	1971
671	10:12:07	60.12	6499	1858	1970
672	10:13:07	60.15	6499	1856	1969
673	10:14:07	60.11	6499	1855	1968
674	10:15:07	60.17	6499	1854	1967
675	10:16:08	60.12	6499	1853	1966
676	10:17:08	60.11	6499	1852	1965
677	10:18:08	60.11	6499	1851	1964
678	10:19:08	60.15	6499	1850	1962
679	10:20:08	60.17	6499	1849	1961
680	10:21:08	60.13	6499	1848	1960
681	10:22:08	60.14	6499	1846	1959
682	10:23:09	60.11	6499	1845	1958
683	10:24:09	60.11	6499	1844	1957
684	10:25:09	60.12	6499	1843	1956
685	10:26:09	60.11	6499	1842	1954
686	10:27:09	60.15	6499	1841	1953
687	10:28:09	60.12	6499	1840	1952
688	10:29:09	60.16	6499	1839	1951
689	10:30:09	60.14	6499	1838	1950
690	10:31:10	60.14	6499	1837	1949
691	10:32:10	60.16	6499	1835	1948
692	10:33:10	60.17	6499	1834	1947
693	10:34:10	60.15	6499	1833	1946
694	10:35:10	60.18	6499	1832	1945
695	10:36:10	60.12	6499	1831	1943
696	10:37:10	60.18	6499	1830	1942
697	10:38:11	60.12	6499	1829	1941
698	10:39:11	60.15	6499	1828	1940
699	10:40:11	60.16	6499	1827	1939
700	10:41:11	60.11	6499	1826	1938
701	10:42:11	60.11	6499	1825	1937
702	10:43:11	60.12	6499	1823	1936
703	10:44:11	60.14	6499	1822	1935
704	10:45:12	60.11	6499	1821	1934
705	10:46:12	60.11	6499	1820	1933
706	10:47:12	60.11	6499	1819	1931
707	10:48:12	60.12	6499	1818	1930
708	10:49:12	60.17	6499	1817	1929
709	10:50:12	60.12	6499	1816	1928
710	10:51:12	60.11	6499	1815	1927
711	10:52:12	60.10	6499	1814	1926
712	10:53:13	60.17	6499	1813	1925
713	10:54:13	60.15	6499	1812	1924
714	10:55:13	60.16	6499	1810	1923
715	10:56:13	60.15	6499	1809	1922
716	10:57:13	60.11	6499	1808	1920
717	10:58:13	60.12	6499	1807	1919
718	10:59:13	60.11	6499	1806	1918
719	11:00:13	60.14	6499	1805	1917
720	11:01:14	60.15	6499	1804	1916
721	11:02:14	60.13	6499	1803	1915
722	11:03:14	60.14	6499	1802	1914
723	11:04:14	60.14	6499	1801	1913
724	11:05:14	60.11	6499	1800	1912
725	11:06:14	60.16	6499	1799	1910
726	11:07:14	60.16	6499	1798	1909
727	11:08:15	60.35	6499	1797	1908
728	11:09:15	60.16	6499	1796	1907
729	11:10:15	60.14	6499	1794	1906
730	11:11:15	60.16	6499	1793	1905
731	11:12:15	60.13	6499	1792	1904
732	11:13:16	60.14	6499	1791	1903
733	11:14:16	60.11	6499	1790	1902
734	11:15:16	60.17	6499	1789	1901
735	11:16:16	60.16	6499	1788	1900
736	11:17:16	60.13	6499	1787	1899
737	11:18:16	60.11	6499	1786	1898
738	11:19:16	60.11	6499	1785	1896
739	11:20:16	60.11	6499	1784	1895
740	11:21:17	60.11	6499	1783	1894
741	11:22:17	60.44	6499	1782	1893
742	11:23:17	14.02	6499	1781	1893
743	11:23:31	60.56	6499	1781	1892
744	11:24:32	10.26	6499	1780	1891
745	11:24:42	60.41	6499	1779	1891
746	11:25:42	60.15	6499	1778	1890
747	11:26:43	60.11	6499	1777	1888
748	11:27:43	10.27	6499	1777	1888
749	11:27:53	60.42	6499	1776	1887
750	11:28:53	60.12	6499	1775	1886
751	11:29:53	60.12	6499	1774	1885
752	11:30:54	60.12	6499	1773	1884
753	11:31:54	60.12	6499	1772	1883
754	11:32:54	60.18	6499	1771	1882
755	11:33:54	60.11	6499	1770	1881
756	11:34:54	10.33	6499	1769	1880
757	11:35:04	51.37	6499	1769	1880
758	11:35:56	60.16	6499	1768	1879
759	11:36:56	60.12	6499	1766	1878
760	11:37:56	60.16	6499	1765	1876
761	11:38:56	60.14	6499	1764	1875
762	11:39:56	60.12	6499	1762	1874
763	11:40:56	60.38	6499	1761	1873
764	11:41:57	26.16	6499	1760	1872
765	11:42:23	60.48	6499	1759	1871
766	11:43:23	16.84	6499	1758	1870
767	11:43:40	60.33	6499	1757	1869
768	11:44:41	60.11	6499	1756	1868
769	11:45:41	60.11	6499	1755	1867
770	11:46:41	60.16	6499	1753	1866
771	11:47:41	60.16	6499	1752	1865
772	11:48:41	60.16	6499	1751	1863
773	11:49:41	60.12	6499	1749	1862
774	11:50:41	60.15	6499	1748	1861
775	11:51:42	60.12	6499	1747	1860
776	11:52:42	60.17	6499	1745	1859
777	11:53:42	60.12	6499	1744	1857
778	11:54:42	60.13	6499	1743	1856
779	11:55:42	60.13	6499	1742	1855
780	11:56:42	60.17	6499	1740	1854
781	11:57:42	60.12	6499	1739	1853
782	11:58:43	60.10	6499	1738	1851
783	11:59:43	60.15	6499	1736	1850
784	12:00:43	60.11	6499	1735	1849
785	12:01:43	60.14	6499	1734	1848
786	12:02:43	60.16	6499	1732	1847
787	12:03:43	60.17	6499	1731	1845
788	12:04:43	60.12	6499	1730	1844
789	12:05:44	60.41	6499	1729	1843
790	12:06:44	60.11	6499	1727	1842
791	12:07:44	60.11	6499	1726	1841
792	12:08:44	60.17	6499	1725	1840
793	12:09:44	60.10	6499	1724	1838
794	12:10:44	60.15	6499	1723	1837
795	12:11:45	60.11	6499	1721	1836
796	12:12:45	60.11	6499	1720	1835
797	12:13:45	60.17	6499	1719	1834
798	12:14:45	60.17	6499	1718	1833
799	12:15:45	60.37	6499	1717	1832
800	12:16:45	60.17	6499	1715	1830
801	12:17:46	60.16	6499	1714	1829
802	12:18:46	60.12	6499	1713	1828
803	12:19:46	60.14	6499	1712	1827
804	12:20:46	60.17	6499	1711	1826
805	12:21:46	60.11	6499	1709	1825
806	12:22:46	60.40	6499	1708	1824
807	12:23:47	60.12	6499	1707	1822
808	12:24:47	60.11	6499	1706	1821
809	12:25:47	60.11	6499	1705	1820
810	12:26:47	60.17	6499	1704	1819
811	12:27:47	60.17	6499	1702	1818
812	12:28:47	60.10	6499	1701	1816
813	12:29:48	60.16	6499	1699	1814
814	12:30:48	60.13	6499	1697	1813
815	12:31:48	60.12	6499	1696	1811
816	12:32:48	60.16	6499	1694	1809
817	12:33:48	60.16	6499	1692	1807
818	12:34:48	60.11	6499	1690	1806
819	12:35:48	60.10	6499	1688	1804
820	12:36:48	60.12	6499	1686	1803
821	12:37:49	60.18	6499	1685	1801
822	12:38:49	60.11	6499	1683	1799
823	12:39:49	60.15	6499	1681	1798
824	12:40:49	60.12	6499	1680	1796
825	12:41:49	60.12	6499	1678	1794
826	12:42:49	60.13	6499	1676	1793
827	12:43:49	60.11	6499	1674	1791
828	12:44:50	60.12	6499	1673	1790
829	12:45:50	60.12	6499	1671	1788
830	12:46:50	60.09	6499	1669	1787
831	12:47:50	60.34	6499	1668	1785
832	12:48:50	60.17	6499	1666	1784
833	12:49:50	60.11	6499	1665	1782
834	12:50:50	60.11	6499	1663	1781
835	12:51:51	32.58	6499	1662	1779
836	12:52:23	10.82	6499	1661	1779
837	12:52:34	9.01	6499	1661	1779
838	12:52:43	6.52	6499	1661	1779
839	12:52:50	9.01	6499	1660	1778
840	12:52:59	6.79	6499	1660	1778
841	12:53:05	9.01	6499	1660	1778
842	12:53:14	6.52	6499	1660	1778
843	12:53:21	9.00	6499	1659	1778
844	12:53:30	6.53	6499	1659	1778
845	12:53:36	9.00	6499	1659	1778
846	12:53:45	6.52	6499	1659	1777
847	12:53:52	9.01	6499	1659	1777
848	12:54:01	6.53	6499	1658	1777
849	12:54:07	9.00	6499	1658	1777
850	12:54:16	6.52	6499	1658	1777
851	12:54:23	9.05	6499	1658	1776
852	12:54:32	6.82	6499	1658	1776
853	12:54:39	9.01	6499	1658	1776
854	12:54:48	21.14	6499	1657	1776
855	12:55:09	9.01	6499	1657	1776
856	12:55:18	5.93	6499	1657	1775
857	12:55:24	9.00	6499	1656	1775
858	12:55:33	5.93	6499	1656	1775
859	12:55:39	9.01	6499	1656	1775
860	12:55:48	6.24	6499	1656	1775
861	12:55:54	8.99	6499	1656	1775
862	12:56:03	6.23	6499	1655	1774
863	12:56:09	9.01	6499	1655	1774
864	12:56:18	6.22	6499	1655	1774
865	12:56:25	9.01	6499	1655	1774
866	12:56:34	6.22	6499	1655	1774
867	12:56:40	9.01	6499	1654	1774
868	12:56:49	6.22	6499	1654	1773
869	12:56:55	9.02	6499	1654	1773
870	12:57:04	6.21	6499	1654	1773
871	12:57:10	9.00	6499	1654	1773
872	12:57:19	8.16	6499	1653	1773
873	12:57:27	60.32	6499	1653	1772
874	12:58:28	60.13	6499	1651	1771
875	12:59:28	60.11	6499	1649	1770
876	13:00:28	60.11	6499	1648	1768
877	13:01:28	60.11	6499	1646	1767
878	13:02:28	60.11	6499	1645	1766
879	13:03:28	60.16	6499	1643	1764
880	13:04:28	60.10	6499	1642	1763
881	13:05:29	60.12	6499	1640	1761
882	13:06:29	60.12	6499	1639	1760
883	13:07:29	60.37	6499	1637	1758
884	13:08:29	60.11	6499	1635	1757
885	13:09:29	60.17	6499	1634	1756
886	13:10:29	60.12	6499	1632	1754
887	13:11:30	60.11	6499	1631	1753
888	13:12:30	60.15	6499	1629	1751
889	13:13:30	60.11	6499	1628	1750
890	13:14:30	60.16	6499	1626	1749
891	13:15:30	60.34	6499	1625	1747
892	13:16:30	60.15	6499	1624	1746
893	13:17:31	50.57	6499	1622	1745
894	13:18:21	25.36	6499	1621	1743
895	13:18:47	60.42	6499	0	0
896	13:19:47	60.15	6499	0	0
897	13:20:47	60.16	6499	0	0
898	13:21:47	60.16	6501	0	0
899	13:22:47	60.11	6501	0	0
900	13:23:48	60.11	6501	0	0
901	13:24:48	60.13	6501	0	0
902	13:25:48	24.39	6464	0	0
903	13:26:12	60.31	6416	0	0
904	13:27:12	29.29	6207	0	0
Created by AtlRunQuery on: 2018-11-29 21:46:21.272000
