LHC beam energy and intensities during run 351832:
(Begin/end of run: Sun Jun 03 2018 13:28:59 − 19:35:10)

LB	   Start time
(CEST)	   Duration
(sec)	   Beam energy
(GeV)	   Intensity Beam-1
(1e11 protons)	   Intensity Beam-2
(1e11 protons)
1	13:28:59	60.12	3565	0	0
2	13:29:59	60.13	3565	0	0
3	13:30:59	26.74	3565	0	0
4	13:31:26	14.58	3556	0	0
5	13:31:41	60.21	3473	0	0
6	13:32:41	60.16	3116	0	0
7	13:33:41	60.12	2760	0	0
8	13:34:41	60.12	2403	0	0
9	13:35:41	60.12	2046	0	0
10	13:36:41	60.11	1690	0	0
11	13:37:41	60.11	1333	0	0
12	13:38:41	60.11	977	0	0
13	13:39:42	60.11	614	0	0
14	13:40:42	60.12	258	0	0
15	13:41:42	60.12	59	0	0
16	13:42:42	60.12	59	0	0
17	13:43:42	60.12	59	0	0
18	13:44:42	60.16	59	0	0
19	13:45:42	60.12	59	0	0
20	13:46:42	60.11	59	0	0
21	13:47:43	60.18	59	0	0
22	13:48:43	60.11	59	0	0
23	13:49:43	60.40	59	0	0
24	13:50:43	60.12	59	0	0
25	13:51:43	60.17	59	0	0
26	13:52:44	60.43	59	0	0
27	13:53:44	60.12	59	0	0
28	13:54:44	60.13	59	0	0
29	13:55:44	60.17	59	0	0
30	13:56:44	60.13	59	0	0
31	13:57:45	60.11	59	0	0
32	13:58:45	60.45	59	0	0
33	13:59:45	60.15	59	0	0
34	14:00:45	60.12	59	0	0
35	14:01:45	60.12	59	0	0
36	14:02:45	60.13	59	0	0
37	14:03:46	60.11	59	0	0
38	14:04:46	60.10	59	0	0
39	14:05:46	60.11	59	0	0
40	14:06:46	60.12	59	0	0
41	14:07:46	60.12	59	0	0
42	14:08:46	60.14	59	0	0
43	14:09:46	60.11	59	0	0
44	14:10:46	60.12	59	0	0
45	14:11:47	60.11	59	0	0
46	14:12:47	60.12	59	0	0
47	14:13:47	60.12	59	0	0
48	14:14:47	60.12	59	0	0
49	14:15:47	60.11	59	0	0
50	14:16:47	60.17	59	0	0
51	14:17:47	60.12	59	0	0
52	14:18:47	60.11	59	0	0
53	14:19:48	60.14	59	0	0
54	14:20:48	60.12	59	0	0
55	14:21:48	60.12	59	0	0
56	14:22:48	60.12	59	0	0
57	14:23:48	60.16	59	0	0
58	14:24:48	60.12	63	0	0
59	14:25:48	60.16	409	0	0
60	14:26:48	49.48	450	0	0
61	14:27:38	60.25	450	0	0
62	14:28:38	60.10	450	0	0
63	14:29:38	60.12	450	0	0
64	14:30:38	60.12	450	0	0
65	14:31:39	60.11	450	0	0.005373
66	14:32:39	60.11	450	0	0.09688
67	14:33:39	60.12	450	0	0.09685
68	14:34:39	60.12	450	0.03848	0.09683
69	14:35:39	60.18	450	0.04671	0.0968
70	14:36:39	60.12	450	0.04666	0.09676
71	14:37:39	60.12	450	0.04646	0.09382
72	14:38:39	60.16	450	0.04637	0.09369
73	14:39:40	60.10	450	0.02839	0.05742
74	14:40:40	60.11	450	0	0
75	14:41:40	60.11	450	0	0
76	14:42:40	60.12	450	0	0
77	14:43:40	60.36	450	0	0.01754
78	14:44:40	60.17	450	0.04381	0.05479
79	14:45:41	60.12	449	0.05652	0.05457
80	14:46:41	60.12	450	0.05602	0.05439
81	14:47:41	60.11	450	0.05555	0.05417
82	14:48:41	60.11	450	0.05521	0.05399
83	14:49:41	60.12	450	0.05511	0.05386
84	14:50:41	60.12	450	6.736	0.05358
85	14:51:41	60.16	450	13.35	12.34
86	14:52:41	60.12	450	13.34	13.15
87	14:53:42	60.15	450	13.34	13.15
88	14:54:42	60.11	450	13.33	13.14
89	14:55:42	60.12	449	13.33	13.13
90	14:56:42	60.13	450	13.32	13.12
91	14:57:42	60.11	450	13.32	13.12
92	14:58:42	60.13	450	13.31	13.11
93	14:59:42	60.11	450	13.3	13.1
94	15:00:42	60.11	450	13.3	13.09
95	15:01:42	60.17	450	17.59	13.07
96	15:02:43	60.12	450	26.68	23.09
97	15:03:43	60.11	450	26.67	26.19
98	15:04:43	60.13	450	26.66	26.17
99	15:05:43	60.13	450	26.66	26.16
100	15:06:43	60.12	450	26.65	26.14
101	15:07:43	60.13	450	26.64	26.13
102	15:08:43	60.11	450	26.63	26.11
103	15:09:43	60.12	450	26.62	26.1
104	15:10:44	60.35	450	26.61	26.08
105	15:11:44	60.13	450	26.6	26.06
106	15:12:44	60.13	450	26.59	26.04
107	15:13:44	60.12	450	26.58	26.03
108	15:14:44	60.11	450	26.57	26.01
109	15:15:44	60.11	449	26.56	25.99
110	15:16:45	60.10	449	26.55	25.97
111	15:17:45	60.12	450	26.54	25.96
112	15:18:45	60.11	450	26.53	25.94
113	15:19:45	60.17	450	26.52	25.92
114	15:20:45	60.12	450	26.51	25.91
115	15:21:45	60.11	450	26.5	25.89
116	15:22:45	60.15	450	26.49	25.87
117	15:23:45	60.12	450	26.48	25.86
118	15:24:46	60.37	450	26.47	25.84
119	15:25:46	60.12	450	26.46	25.82
120	15:26:46	60.13	450	26.45	25.81
121	15:27:46	60.12	450	26.44	25.79
122	15:28:46	60.12	450	26.43	25.77
123	15:29:46	60.11	450	26.42	25.76
124	15:30:47	60.11	450	26.41	25.74
125	15:31:47	60.12	450	26.4	25.73
126	15:32:47	60.11	450	26.39	25.71
127	15:33:47	60.12	450	26.38	25.69
128	15:34:47	60.11	450	26.37	25.68
129	15:35:47	60.38	450	26.36	25.66
130	15:36:47	60.16	450	26.35	25.65
131	15:37:48	60.12	450	26.34	25.63
132	15:38:48	60.12	450	26.33	25.62
133	15:39:48	60.12	450	26.32	25.6
134	15:40:48	60.13	450	26.31	25.59
135	15:41:48	60.14	450	26.3	25.57
136	15:42:48	60.16	450	22.05	21.44
137	15:43:48	60.10	450	0	0
138	15:44:49	60.11	450	0	0
139	15:45:49	60.11	450	0	0
140	15:46:49	60.16	449	0.04852	0.00931
141	15:47:49	60.12	450	0.06503	0.05006
142	15:48:49	60.12	450	0.06486	0.04984
143	15:49:49	60.16	450	0.0647	0.04963
144	15:50:49	60.13	450	0.06378	0.04643
145	15:51:49	60.11	450	0.06356	0.04596
146	15:52:50	60.11	450	0.06343	0.04574
147	15:53:50	60.16	450	0.06332	0.04551
148	15:54:50	60.12	450	0.06321	0.04527
149	15:55:50	60.16	450	0.06311	0.04504
150	15:56:50	60.12	450	0.06299	0.04482
151	15:57:50	60.16	450	0.06288	0.0446
152	15:58:50	60.11	450	0.06276	0.04438
153	15:59:51	60.11	450	0.06264	0.04415
154	16:00:51	60.34	450	0.06251	0.04391
155	16:01:51	60.12	450	0.06238	0.04369
156	16:02:51	60.11	450	0.06224	0.04346
157	16:03:51	60.12	450	0.06211	0.04323
158	16:04:51	60.13	450	0.06197	0.043
159	16:05:51	60.12	449	0.06182	0.04277
160	16:06:52	60.11	449	0.06168	0.04255
161	16:07:52	60.12	450	0.06153	0.04232
162	16:08:52	60.11	450	0.06138	0.04209
163	16:09:52	60.12	450	0.06123	0.04189
164	16:10:52	60.36	450	0.06108	0.04168
165	16:11:52	60.11	450	0.06093	0.04147
166	16:12:52	60.11	450	0.06078	0.04126
167	16:13:53	60.41	449	0.06062	0.04106
168	16:14:53	60.13	449	0.06047	0.04086
169	16:15:53	60.12	450	0.0603	0.04067
170	16:16:53	60.12	450	0.06016	0.04048
171	16:17:53	60.11	450	0.06001	0.04028
172	16:18:53	60.11	450	0.05985	0.04008
173	16:19:54	60.11	450	0.0597	0.03989
174	16:20:54	60.16	450	0.05954	0.03969
175	16:21:54	60.17	450	0.05938	0.03949
176	16:22:54	60.11	450	0.05921	0.03929
177	16:23:54	60.18	450	0.05904	0.03911
178	16:24:54	60.11	450	0.05888	0.03889
179	16:25:54	60.11	450	0.05871	0.03868
180	16:26:55	60.11	450	0.05855	0.03843
181	16:27:55	60.12	450	0.05838	0.03818
182	16:28:55	60.16	450	0.05822	0.03788
183	16:29:55	60.12	450	0.05805	0.03747
184	16:30:55	60.12	450	0.05788	0.03692
185	16:31:55	60.12	450	0.05772	0.03623
186	16:32:55	60.12	450	0.05756	0.03568
187	16:33:55	60.17	450	0.0574	0.03551
188	16:34:56	60.11	450	0.05724	0.03546
189	16:35:56	60.17	450	0.05708	0.03542
190	16:36:56	60.12	450	0.05692	0.0354
191	16:37:56	60.14	450	0.05675	0.03539
192	16:38:56	60.12	450	0.05658	0.03537
193	16:39:56	60.16	450	0.05642	0.03535
194	16:40:56	60.12	450	0.05625	0.03534
195	16:41:56	60.17	450	0.05608	0.03532
196	16:42:57	60.12	450	0.05591	0.03531
197	16:43:57	60.12	450	0.05575	0.03529
198	16:44:57	60.16	450	0.05557	0.03528
199	16:45:57	60.12	450	0.0554	0.03526
200	16:46:57	60.11	450	0.05523	0.03525
201	16:47:57	60.12	450	0.05507	0.03523
202	16:48:57	60.12	450	0.0549	0.03521
203	16:49:58	60.12	450	0.05474	0.03519
204	16:50:58	60.15	450	0.05457	0.03517
205	16:51:58	60.11	450	0.0544	0.03516
206	16:52:58	60.12	450	0.05422	0.03514
207	16:53:58	60.16	450	0.05406	0.03512
208	16:54:58	60.12	450	0.0539	0.0351
209	16:55:58	60.42	449	0.05373	0.03508
210	16:56:59	60.13	450	0.05356	0.03506
211	16:57:59	60.16	450	0.05339	0.03504
212	16:58:59	60.12	450	0.05321	0.03503
213	16:59:59	60.12	450	0.05304	0.03501
214	17:00:59	60.12	450	0.05288	0.03499
215	17:01:59	60.11	450	0.05271	0.03489
216	17:02:59	60.12	450	0.05227	1.102
217	17:04:00	60.11	449	0.05182	12.9
218	17:05:00	60.12	450	5.254	12.89
219	17:06:00	60.10	450	12.8	12.89
220	17:07:00	60.12	450	12.8	12.88
221	17:08:00	60.12	450	12.8	12.87
222	17:09:00	60.11	449	12.79	12.86
223	17:10:00	60.10	450	12.78	12.85
224	17:11:00	60.11	449	12.78	12.84
225	17:12:00	60.16	450	12.77	12.83
226	17:13:01	60.38	450	12.77	12.82
227	17:14:01	60.12	450	12.76	12.8
228	17:15:01	60.12	450	12.76	12.79
229	17:16:01	60.16	450	12.75	12.78
230	17:17:01	60.16	450	12.74	12.77
231	17:18:02	60.12	450	12.74	12.76
232	17:19:02	60.11	450	12.73	12.75
233	17:20:02	60.11	450	12.73	12.74
234	17:21:02	60.16	449	12.72	12.73
235	17:22:02	60.13	450	80.9	21.65
236	17:23:02	60.11	450	200.4	117.1
237	17:24:02	60.11	450	339.8	269.8
238	17:25:02	60.13	450	477.8	408
239	17:26:03	60.11	450	606.8	546.4
240	17:27:03	60.14	450	702.1	652.1
241	17:28:03	60.12	450	850	770.7
242	17:29:03	60.11	450	996.3	909.4
243	17:30:03	60.16	450	1135	1049
244	17:31:03	60.12	449	1273	1187
245	17:32:03	60.11	450	1379	1325
246	17:33:03	60.12	450	1495	1426
247	17:34:04	60.10	450	1632	1567
248	17:35:04	60.16	450	1768	1705
249	17:36:04	60.13	450	1907	1843
250	17:37:04	60.15	450	2045	1981
251	17:38:04	60.12	450	2149	2096
252	17:39:04	60.11	450	2287	2204
253	17:40:04	60.12	450	2424	2340
254	17:41:04	60.12	450	2561	2477
255	17:42:05	60.12	450	2697	2619
256	17:43:05	60.12	450	2769	2770
257	17:44:05	60.18	450	2768	2774
258	17:45:05	60.11	450	2766	2772
259	17:46:05	60.17	450	2764	2770
260	17:47:05	60.11	458	2762	2768
261	17:48:05	31.44	529	2761	2767
262	17:48:37	32.89	597	2749	2754
263	17:49:10	60.48	688	2749	2754
264	17:50:10	17.52	899	2748	2753
265	17:50:28	60.12	974	2748	2753
266	17:51:28	60.11	1274	2748	2752
267	17:52:28	60.12	1621	2748	2752
268	17:53:28	60.12	1968	2748	2751
269	17:54:28	60.10	2315	2748	2752
270	17:55:28	60.11	2663	2748	2752
271	17:56:28	60.11	3010	2748	2751
272	17:57:29	60.12	3363	2748	2751
273	17:58:29	60.12	3711	2747	2751
274	17:59:29	60.13	4058	2747	2751
275	18:00:29	60.12	4406	2747	2751
276	18:01:29	60.11	4753	2746	2751
277	18:02:29	60.12	5100	2746	2751
278	18:03:29	60.11	5448	2746	2750
279	18:04:29	60.12	5795	2745	2750
280	18:05:29	60.16	6143	2743	2750
281	18:06:30	33.25	6481	2740	2749
282	18:07:03	10.11	6499	2739	2749
283	18:07:13	60.43	6499	2739	2749
284	18:08:13	60.12	6499	2739	2748
285	18:09:14	60.12	6499	2739	2748
286	18:10:14	60.13	6499	2739	2748
287	18:11:14	60.12	6499	2739	2748
288	18:12:14	60.12	6499	2739	2748
289	18:13:14	60.10	6499	2739	2748
290	18:14:14	60.12	6499	2739	2748
291	18:15:14	60.17	6499	2738	2748
292	18:16:14	60.11	6499	2738	2748
293	18:17:15	60.13	6499	2737	2748
294	18:18:15	60.43	6499	2736	2747
295	18:19:15	60.15	6499	2736	2747
296	18:20:15	60.11	6499	2735	2747
297	18:21:15	60.35	6499	2733	2746
298	18:22:16	60.12	6499	2731	2745
299	18:23:16	56.78	6499	2729	2744
300	18:24:13	60.44	6499	2728	2744
301	18:25:13	60.11	6499	2727	2743
302	18:26:13	60.12	6499	2724	2743
303	18:27:13	60.16	6499	2721	2742
304	18:28:13	60.16	6499	2718	2740
305	18:29:14	60.12	6499	2716	2738
306	18:30:14	13.23	6499	2715	2737
307	18:30:27	60.23	6499	2713	2736
308	18:31:27	60.13	6499	2711	2734
309	18:32:27	60.11	6499	2708	2732
310	18:33:27	60.16	6499	2706	2729
311	18:34:28	60.17	6499	2703	2727
312	18:35:28	13.41	6499	2702	2726
313	18:35:41	12.74	6499	2701	2726
314	18:35:54	20.33	6499	2701	2725
315	18:36:14	60.55	6499	2699	2724
316	18:37:15	60.11	6499	2697	2721
317	18:38:15	60.14	6499	2694	2719
318	18:39:15	60.14	6499	2692	2717
319	18:40:15	41.26	6499	2690	2715
320	18:40:56	60.21	6499	2688	2714
321	18:41:57	18.67	6499	2686	2712
322	18:42:15	31.07	6499	2685	2712
323	18:42:46	41.17	6499	2684	2711
324	18:43:28	60.13	6499	2682	2709
325	18:44:28	60.12	6499	2680	2707
326	18:45:28	60.11	6499	2678	2706
327	18:46:28	50.51	6499	2676	2704
328	18:47:18	60.45	6499	2674	2703
329	18:48:19	60.11	6499	2672	2701
330	18:49:19	60.11	6499	2670	2699
331	18:50:19	60.15	6499	2668	2697
332	18:51:19	60.10	6499	2666	2695
333	18:52:19	60.17	6499	2664	2693
334	18:53:20	60.17	6499	2662	2691
335	18:54:20	60.12	6499	2659	2689
336	18:55:20	29.80	6499	2658	2688
337	18:55:50	60.16	6499	2656	2686
338	18:56:50	60.11	6499	2654	2685
339	18:57:50	60.11	6499	2652	2683
340	18:58:50	60.11	6499	2650	2681
341	18:59:50	60.14	6499	2647	2679
342	19:00:50	60.11	6499	2645	2677
343	19:01:50	60.11	6499	2643	2675
344	19:02:50	59.24	6499	2641	2673
345	19:03:50	60.53	6499	2639	2671
346	19:04:50	60.11	6499	2637	2669
347	19:05:50	60.12	6499	2635	2668
348	19:06:50	60.11	6499	2633	2666
349	19:07:51	60.14	6499	2630	2664
350	19:08:51	10.29	6499	2629	2662
351	19:09:01	60.11	6499	2628	2661
352	19:10:01	60.12	6499	2626	2660
353	19:11:01	60.15	6499	2624	2658
354	19:12:01	60.12	6499	2622	2656
355	19:13:02	38.52	6499	2620	2654
356	19:13:40	60.42	6499	2618	2653
357	19:14:40	60.15	6499	2617	2651
358	19:15:41	60.14	6499	2614	2649
359	19:16:41	60.12	6499	2612	2647
360	19:17:41	60.12	6499	2610	2645
361	19:18:41	60.11	6499	2608	2644
362	19:19:41	60.11	6499	2606	2642
363	19:20:41	60.12	6499	2604	2640
364	19:21:41	60.12	6499	2602	2638
365	19:22:41	60.11	6499	2600	2637
366	19:23:42	60.11	6499	2598	2635
367	19:24:42	60.14	6499	2596	2633
368	19:25:42	60.17	6499	2594	2631
369	19:26:42	60.11	6499	2592	2630
370	19:27:42	31.86	6499	2591	2624
371	19:28:14	18.83	6499	29.58	30.01
372	19:28:33	15.00	6499	0	0
373	19:28:48	31.11	6499	0	0
374	19:29:19	60.32	6499	0	0
375	19:30:19	60.12	6499	0	0
376	19:31:19	60.13	6499	0	0
377	19:32:19	60.11	6499	0	0
378	19:33:20	60.13	6499	0	0
379	19:34:20	50.05	6499	0	0
Created by AtlRunQuery on: 2018-11-29 22:00:48.454162
