LHC beam energy and intensities during run 351969:
(Begin/end of run: Mon Jun 04 2018 22:15:19 − Tue Jun 05, 13:39:34)

LB	   Start time
(CEST)	   Duration
(sec)	   Beam energy
(GeV)	   Intensity Beam-1
(1e11 protons)	   Intensity Beam-2
(1e11 protons)
1	22:15:19	60.12	59	0	0
2	22:16:19	60.11	59	0	0
3	22:17:19	60.10	59	0	0
4	22:18:19	60.16	59	0	0
5	22:19:19	48.62	59	0	0
6	22:20:08	60.23	59	0	0
7	22:21:08	60.15	59	0	0
8	22:22:08	60.13	59	0	0
9	22:23:08	60.12	59	0	0
10	22:24:08	60.17	59	0	0
11	22:25:09	60.11	59	0	0
12	22:26:09	60.18	59	0	0
13	22:27:09	60.43	59	0	0
14	22:28:09	60.12	59	0	0
15	22:29:09	60.37	59	0	0
16	22:30:10	60.12	59	0	0
17	22:31:10	60.17	225	0	0
18	22:32:10	60.13	581	0	0
19	22:33:10	60.11	938	0	0
20	22:34:10	60.11	1294	0	0
21	22:35:10	60.12	1651	0	0
22	22:36:11	60.12	2013	0	0
23	22:37:11	60.12	2370	0	0
24	22:38:11	60.12	2727	0	0
25	22:39:11	65.39	3083	0	0
26	22:40:16	60.36	3469	0	0
27	22:41:17	60.12	3565	0	0
28	22:42:17	60.11	3565	0	0
29	22:43:17	60.17	3565	0	0
30	22:44:17	60.11	3565	0	0
31	22:45:17	60.11	3565	0	0
32	22:46:17	60.16	3565	0	0
33	22:47:18	60.12	3565	0	0
34	22:48:18	60.11	3565	0	0
35	22:49:18	60.12	3565	0	0
36	22:50:18	60.12	3565	0	0
37	22:51:18	60.17	3352	0	0
38	22:52:18	60.11	2995	0	0
39	22:53:18	60.11	2639	0	0
40	22:54:18	60.11	2282	0	0
41	22:55:18	60.11	1926	0	0
42	22:56:19	60.12	1563	0	0
43	22:57:19	60.12	1207	0	0
44	22:58:19	60.12	850	0	0
45	22:59:19	60.11	493	0	0
46	23:00:19	60.11	137	0	0
47	23:01:19	60.11	59	0	0
48	23:02:19	60.12	59	0	0
49	23:03:19	60.11	59	0	0
50	23:04:20	60.12	59	0	0
51	23:05:20	60.12	59	0	0
52	23:06:20	60.12	59	0	0
53	23:07:20	60.12	59	0	0
54	23:08:20	60.10	59	0	0
55	23:09:20	60.12	59	0	0
56	23:10:20	60.13	59	0	0
57	23:11:20	60.14	59	0	0
58	23:12:20	60.12	59	0	0
59	23:13:21	60.17	59	0	0
60	23:14:21	60.11	59	0	0
61	23:15:21	60.11	59	0	0
62	23:16:21	60.11	59	0	0
63	23:17:21	60.12	59	0	0
64	23:18:21	60.12	59	0	0
65	23:19:21	60.12	245	0	0
66	23:20:21	60.11	449	0	0
67	23:21:22	60.11	449	0	0
68	23:22:22	33.81	450	0	0
69	23:22:56	60.19	450	0	0
70	23:23:56	60.12	450	0.03276	0
71	23:24:56	60.12	450	0.05647	0.03902
72	23:25:56	60.11	449	0	0
73	23:26:56	60.16	450	0.0617	0.0255
74	23:27:56	60.17	449	0.0639	0.07326
75	23:28:56	60.12	449	0.06382	0.07322
76	23:29:57	60.11	450	0.06365	0.07226
77	23:30:57	60.11	450	0.06349	0.07129
78	23:31:57	60.11	450	0.06346	0.07125
79	23:32:57	60.11	449	0.5577	0.07108
80	23:33:57	60.12	450	13.54	5.8
81	23:34:57	60.42	450	13.54	13.6
82	23:35:57	60.12	450	13.53	13.6
83	23:36:58	60.11	450	110.7	47.44
84	23:37:58	60.16	449	226.6	129.9
85	23:38:58	60.12	450	343.8	268.8
86	23:39:58	60.12	450	461.1	402.5
87	23:40:58	60.17	449	578.3	518.9
88	23:41:58	60.12	449	680.1	615.8
89	23:42:58	60.12	450	798.5	678.9
90	23:43:59	60.11	450	915	678.7
91	23:44:59	60.11	450	1032	818.1
92	23:45:59	60.12	450	1147	935.5
93	23:46:59	60.37	450	1293	1053
94	23:47:59	60.12	450	1376	1170
95	23:48:59	60.12	450	1483	1293
96	23:49:59	60.11	450	1599	1392
97	23:51:00	60.11	450	1715	1395
98	23:52:00	60.12	450	1852	1469
99	23:53:00	60.12	450	1985	1585
100	23:54:00	60.12	450	2068	1702
101	23:55:00	60.17	450	2164	1854
102	23:56:00	60.11	450	2255	1973
103	23:57:00	60.15	450	2254	2061
104	23:58:00	60.17	449	2394	2154
105	23:59:01	60.17	450	2510	2269
106	00:00:01	60.16	449	2625	2412
107	00:01:01	60.12	450	2708	2539
108	00:02:01	60.16	450	2706	2655
109	00:03:01	60.12	449	2704	2717
110	00:04:01	60.12	450	2702	2716
111	00:05:02	60.11	449	2700	2715
112	00:06:02	27.29	451	2697	2713
113	00:06:29	10.57	466	2682	2700
114	00:06:39	60.32	475	2682	2699
115	00:07:40	60.11	575	2682	2699
116	00:08:40	54.66	744	2682	2698
117	00:09:35	60.09	951	2682	2697
118	00:10:35	60.11	1243	2681	2697
119	00:11:35	60.12	1589	2681	2696
120	00:12:35	60.11	1936	2681	2696
121	00:13:35	60.11	2284	2681	2696
122	00:14:35	60.12	2631	2681	2697
123	00:15:35	60.45	2978	2681	2696
124	00:16:36	60.11	3332	2681	2696
125	00:17:36	60.14	3679	2681	2697
126	00:18:36	60.11	4026	2680	2696
127	00:19:36	60.11	4374	2680	2696
128	00:20:36	60.12	4721	2679	2696
129	00:21:36	60.16	5069	2679	2696
130	00:22:36	60.15	5416	2679	2696
131	00:23:37	60.17	5769	2678	2696
132	00:24:37	60.12	6117	2677	2696
133	00:25:37	35.92	6460	2674	2695
134	00:26:13	10.16	6499	2674	2695
135	00:26:23	60.43	6499	2674	2695
136	00:27:23	60.12	6499	2674	2695
137	00:28:23	60.16	6499	2674	2694
138	00:29:24	60.13	6499	2674	2694
139	00:30:24	60.11	6499	2674	2694
140	00:31:24	60.12	6499	2673	2694
141	00:32:24	60.41	6499	2673	2694
142	00:33:24	60.11	6499	2673	2694
143	00:34:25	60.04	6499	2672	2694
144	00:35:25	60.11	6499	2672	2694
145	00:36:25	60.11	6499	2671	2693
146	00:37:25	60.13	6499	2670	2693
147	00:38:25	60.17	6499	2668	2692
148	00:39:25	60.16	6499	2664	2690
149	00:40:25	22.44	6499	2662	2689
150	00:40:48	60.45	6499	2661	2688
151	00:41:48	60.12	6499	2659	2688
152	00:42:48	60.10	6499	2657	2687
153	00:43:48	60.16	6499	2655	2686
154	00:44:49	60.12	6499	2653	2684
155	00:45:49	60.11	6499	2651	2682
156	00:46:49	60.11	6499	2649	2681
157	00:47:49	14.28	6499	2648	2679
158	00:48:03	60.11	6499	2647	2678
159	00:49:03	54.42	6499	2645	2677
160	00:49:58	21.23	6499	2644	2676
161	00:50:19	60.49	6499	2642	2675
162	00:51:19	20.58	6499	2641	2674
163	00:51:40	40.25	6499	2640	2673
164	00:52:20	60.58	6499	2638	2672
165	00:53:21	60.12	6499	2636	2670
166	00:54:21	60.15	6499	2634	2669
167	00:55:21	60.12	6499	2632	2667
168	00:56:21	60.13	6499	2630	2665
169	00:57:21	47.59	6499	2628	2663
170	00:58:09	60.11	6499	2626	2662
171	00:59:09	22.31	6499	2624	2661
172	00:59:31	20.29	6499	2624	2660
173	00:59:52	60.53	6499	2622	2659
174	01:00:52	60.10	6499	2620	2657
175	01:01:52	10.34	6499	2619	2656
176	01:02:03	20.30	6499	2618	2655
177	01:02:23	31.16	6499	2617	2655
178	01:02:54	60.42	6499	2616	2653
179	01:03:54	30.05	6499	2614	2652
180	01:04:25	12.00	6499	2613	2652
181	01:04:37	9.01	6499	2613	2651
182	01:04:46	7.92	6499	2613	2651
183	01:04:53	9.01	6499	2613	2651
184	01:05:02	7.89	6499	2613	2651
185	01:05:10	9.00	6499	2612	2651
186	01:05:19	7.91	6499	2612	2650
187	01:05:27	9.01	6499	2612	2650
188	01:05:36	7.62	6499	2611	2650
189	01:05:44	9.05	6499	2611	2650
190	01:05:53	7.92	6499	2611	2650
191	01:06:01	9.01	6499	2611	2649
192	01:06:10	7.92	6499	2610	2649
193	01:06:18	9.01	6499	2610	2649
194	01:06:27	7.61	6499	2610	2649
195	01:06:34	9.01	6499	2610	2648
196	01:06:43	7.91	6499	2609	2648
197	01:06:51	9.01	6499	2609	2648
198	01:07:00	23.14	6499	2609	2648
199	01:07:24	9.01	6499	2608	2647
200	01:07:33	7.83	6499	2608	2647
201	01:07:40	8.81	6499	2608	2647
202	01:07:49	7.31	6499	2608	2647
203	01:07:56	9.01	6499	2608	2647
204	01:08:05	7.32	6499	2607	2646
205	01:08:13	9.00	6499	2607	2646
206	01:08:22	7.31	6499	2607	2646
207	01:08:29	9.02	6499	2606	2646
208	01:08:38	7.32	6499	2606	2646
209	01:08:45	9.00	6499	2606	2645
210	01:08:54	7.62	6499	2606	2645
211	01:09:02	9.02	6499	2605	2645
212	01:09:11	7.31	6499	2605	2645
213	01:09:18	9.01	6499	2605	2645
214	01:09:27	7.63	6499	2604	2645
215	01:09:35	9.01	6499	2604	2644
216	01:09:44	8.80	6499	2604	2644
217	01:09:53	60.56	6499	2603	2643
218	01:10:53	60.12	6499	2601	2642
219	01:11:54	60.11	6499	2599	2640
220	01:12:54	60.12	6499	2597	2638
221	01:13:54	60.12	6499	2595	2637
222	01:14:54	39.43	6499	2593	2635
223	01:15:33	60.55	6499	2592	2634
224	01:16:34	28.75	6499	2590	2632
225	01:17:03	60.21	6499	2588	2631
226	01:18:03	25.62	6499	2587	2630
227	01:18:28	60.12	6499	2585	2629
228	01:19:29	34.30	6499	2584	2627
229	01:20:03	60.17	6499	2582	2626
230	01:21:03	60.12	6499	2580	2624
231	01:22:03	60.15	6499	2578	2622
232	01:23:03	60.15	6499	2576	2620
233	01:24:03	60.11	6499	2574	2619
234	01:25:04	19.73	6499	2572	2617
235	01:25:23	60.20	6499	2571	2616
236	01:26:23	60.11	6499	2568	2614
237	01:27:24	60.11	6499	2566	2613
238	01:28:24	60.16	6499	2564	2611
239	01:29:24	60.09	6499	2562	2609
240	01:30:24	60.10	6499	2560	2607
241	01:31:24	60.12	6499	2557	2606
242	01:32:24	60.11	6499	2555	2604
243	01:33:24	60.12	6499	2553	2602
244	01:34:24	60.14	6499	2551	2600
245	01:35:25	60.11	6499	2549	2599
246	01:36:25	60.12	6499	2546	2597
247	01:37:25	60.14	6499	2544	2595
248	01:38:25	60.11	6499	2542	2594
249	01:39:25	60.14	6499	2540	2592
250	01:40:25	60.12	6499	2538	2590
251	01:41:25	22.89	6499	2537	2589
252	01:41:48	60.26	6499	2535	2588
253	01:42:48	60.16	6499	2533	2586
254	01:43:49	60.11	6499	2531	2585
255	01:44:49	60.12	6499	2529	2583
256	01:45:49	60.15	6499	2527	2581
257	01:46:49	60.11	6499	2525	2580
258	01:47:49	60.13	6499	2523	2578
259	01:48:49	60.10	6499	2521	2576
260	01:49:49	60.12	6499	2519	2575
261	01:50:49	60.16	6499	2516	2573
262	01:51:50	60.12	6499	2514	2571
263	01:52:50	29.43	6499	2513	2570
264	01:53:19	60.54	6499	2511	2569
265	01:54:20	60.12	6499	2509	2567
266	01:55:20	60.14	6499	2507	2566
267	01:56:20	60.11	6499	2505	2564
268	01:57:20	60.11	6499	2503	2562
269	01:58:20	60.10	6499	2501	2561
270	01:59:20	10.27	6499	2500	2560
271	01:59:30	60.12	6499	2499	2559
272	02:00:31	60.14	6499	2497	2557
273	02:01:31	60.12	6499	2495	2555
274	02:02:31	60.14	6499	2493	2554
275	02:03:31	60.15	6499	2491	2552
276	02:04:31	60.11	6499	2489	2551
277	02:05:31	60.15	6499	2487	2549
278	02:06:31	60.12	6499	2485	2547
279	02:07:32	60.11	6499	2483	2546
280	02:08:32	60.14	6499	2481	2544
281	02:09:32	60.11	6499	2479	2543
282	02:10:32	60.11	6499	2478	2541
283	02:11:32	60.12	6499	2476	2539
284	02:12:32	60.12	6499	2474	2538
285	02:13:32	60.11	6499	2472	2536
286	02:14:32	58.29	6499	2470	2535
287	02:15:31	60.45	6499	2468	2533
288	02:16:31	60.13	6499	2466	2531
289	02:17:31	60.17	6499	2464	2530
290	02:18:31	60.11	6499	2462	2528
291	02:19:31	60.11	6499	2460	2526
292	02:20:32	60.12	6499	2458	2525
293	02:21:32	31.21	6499	2457	2524
294	02:22:03	59.88	6499	2455	2522
295	02:23:03	60.25	6499	2453	2521
296	02:24:03	60.12	6499	2451	2519
297	02:25:03	60.15	6499	2450	2517
298	02:26:03	60.17	6499	2448	2516
299	02:27:04	60.10	6499	2446	2514
300	02:28:04	60.17	6499	2444	2513
301	02:29:04	60.11	6499	2442	2511
302	02:30:04	31.87	6499	2440	2510
303	02:30:36	60.57	6499	2439	2509
304	02:31:36	60.16	6499	2437	2507
305	02:32:36	60.12	6499	2435	2506
306	02:33:37	60.12	6499	2433	2504
307	02:34:37	60.12	6499	2431	2502
308	02:35:37	60.12	6499	2430	2501
309	02:36:37	60.15	6499	2428	2499
310	02:37:37	60.14	6499	2426	2498
311	02:38:37	60.11	6499	2424	2496
312	02:39:37	60.12	6499	2422	2494
313	02:40:37	60.11	6499	2420	2493
314	02:41:38	60.10	6499	2418	2491
315	02:42:38	60.16	6499	2417	2490
316	02:43:38	60.13	6499	2415	2488
317	02:44:38	60.36	6499	2413	2487
318	02:45:38	60.14	6499	2411	2485
319	02:46:38	60.14	6499	2409	2484
320	02:47:39	10.27	6499	2408	2483
321	02:47:49	60.45	6499	2407	2482
322	02:48:49	60.11	6499	2405	2480
323	02:49:49	60.10	6499	2403	2479
324	02:50:50	60.12	6499	2401	2477
325	02:51:50	60.12	6499	2400	2476
326	02:52:50	56.62	6499	2398	2474
327	02:53:46	60.15	6499	2396	2473
328	02:54:47	60.11	6499	2394	2471
329	02:55:47	60.13	6499	2392	2469
330	02:56:47	60.12	6499	2391	2468
331	02:57:47	60.11	6499	2389	2467
332	02:58:47	60.13	6499	2387	2465
333	02:59:47	60.12	6499	2385	2464
334	03:00:47	60.11	6499	2383	2462
335	03:01:47	60.14	6499	2382	2460
336	03:02:48	58.63	6499	2380	2459
337	03:03:46	60.10	6499	2378	2457
338	03:04:46	10.30	6499	2377	2457
339	03:04:57	60.16	6499	2376	2456
340	03:05:57	60.13	6499	2374	2454
341	03:06:57	60.16	6499	2372	2453
342	03:07:57	60.13	6499	2371	2451
343	03:08:57	60.13	6499	2369	2450
344	03:09:57	60.12	6499	2367	2448
345	03:10:57	60.12	6499	2365	2446
346	03:11:58	13.21	6499	2364	2446
347	03:12:11	60.44	6499	2363	2445
348	03:13:11	60.36	6499	2361	2443
349	03:14:12	60.11	6499	2359	2442
350	03:15:12	60.16	6499	2358	2440
351	03:16:12	60.11	6499	2356	2438
352	03:17:12	60.15	6499	2354	2437
353	03:18:12	60.13	6499	2352	2435
354	03:19:12	60.13	6499	2351	2434
355	03:20:12	60.17	6499	2349	2433
356	03:21:12	60.12	6499	2347	2431
357	03:22:13	60.10	6499	2345	2429
358	03:23:13	60.14	6499	2344	2428
359	03:24:13	60.12	6499	2342	2426
360	03:25:13	60.15	6499	2340	2425
361	03:26:13	60.15	6499	2338	2423
362	03:27:13	60.11	6499	2337	2422
363	03:28:13	60.17	6499	2335	2421
364	03:29:14	60.14	6499	2333	2419
365	03:30:14	60.11	6499	2331	2418
366	03:31:14	60.12	6499	2329	2416
367	03:32:14	60.12	6499	2328	2415
368	03:33:14	60.11	6499	2326	2413
369	03:34:14	47.13	6499	2324	2412
370	03:35:01	60.13	6499	2323	2410
371	03:36:01	60.15	6499	2321	2409
372	03:37:02	60.12	6499	2319	2407
373	03:38:02	60.11	6499	2318	2406
374	03:39:02	60.11	6499	2316	2405
375	03:40:02	60.11	6499	2314	2403
376	03:41:02	60.15	6499	2313	2402
377	03:42:02	60.12	6499	2311	2400
378	03:43:02	60.36	6499	2309	2399
379	03:44:03	60.11	6499	2307	2397
380	03:45:03	60.17	6499	2305	2396
381	03:46:03	60.15	6499	2304	2394
382	03:47:03	60.12	6499	2302	2393
383	03:48:03	60.16	6499	2300	2391
384	03:49:03	10.31	6499	2299	2391
385	03:49:14	60.43	6499	2298	2390
386	03:50:14	60.12	6499	2297	2388
387	03:51:14	60.16	6499	2295	2387
388	03:52:14	60.12	6499	2293	2385
389	03:53:14	60.11	6499	2291	2384
390	03:54:15	60.11	6499	2290	2382
391	03:55:15	60.10	6499	2288	2381
392	03:56:15	60.13	6499	2286	2379
393	03:57:15	60.12	6499	2285	2378
394	03:58:15	26.73	6499	2283	2377
395	03:58:42	60.48	6499	2282	2376
396	03:59:42	60.12	6499	2280	2374
397	04:00:42	60.12	6499	2279	2373
398	04:01:43	60.12	6499	2277	2372
399	04:02:43	60.15	6499	2275	2370
400	04:03:43	60.11	6499	2273	2369
401	04:04:43	60.16	6499	2272	2367
402	04:05:43	60.15	6499	2270	2366
403	04:06:43	60.11	6499	2268	2364
404	04:07:43	60.11	6499	2267	2363
405	04:08:43	60.11	6499	2265	2362
406	04:09:44	60.15	6499	2263	2360
407	04:10:44	60.12	6499	2262	2359
408	04:11:44	27.86	6499	2260	2358
409	04:12:12	60.59	6499	2259	2357
410	04:13:12	60.11	6499	2258	2355
411	04:14:12	60.11	6499	2256	2354
412	04:15:12	60.12	6499	2254	2352
413	04:16:13	60.13	6499	2252	2351
414	04:17:13	60.11	6499	2251	2349
415	04:18:13	60.12	6499	2249	2348
416	04:19:13	60.13	6499	2247	2347
417	04:20:13	60.10	6499	2246	2345
418	04:21:13	12.06	6499	2245	2344
419	04:21:25	60.32	6499	2244	2343
420	04:22:26	60.11	6499	2242	2342
421	04:23:26	60.17	6499	2241	2341
422	04:24:26	60.13	6499	2239	2339
423	04:25:26	27.51	6499	2238	2338
424	04:25:54	60.23	6499	2236	2337
425	04:26:54	60.11	6499	2235	2336
426	04:27:54	60.11	6499	2233	2334
427	04:28:54	60.42	6499	2231	2333
428	04:29:54	60.14	6499	2230	2332
429	04:30:55	60.14	6499	2228	2330
430	04:31:55	60.14	6499	2226	2329
431	04:32:55	60.15	6499	2225	2327
432	04:33:55	60.10	6499	2223	2326
433	04:34:55	54.60	6499	2222	2325
434	04:35:50	60.43	6499	2220	2323
435	04:36:50	60.18	6499	2218	2322
436	04:37:50	60.11	6499	2217	2321
437	04:38:50	60.12	6499	2215	2319
438	04:39:50	60.15	6499	2213	2318
439	04:40:51	60.10	6499	2212	2316
440	04:41:51	60.11	6499	2210	2315
441	04:42:51	60.12	6499	2208	2314
442	04:43:51	60.11	6499	2207	2312
443	04:44:51	60.14	6499	2205	2311
444	04:45:51	60.11	6499	2204	2309
445	04:46:51	60.15	6499	2202	2308
446	04:47:51	60.13	6499	2200	2307
447	04:48:52	60.12	6499	2199	2305
448	04:49:52	60.11	6499	2197	2304
449	04:50:52	60.16	6499	2195	2303
450	04:51:52	60.12	6499	2194	2301
451	04:52:52	60.16	6499	2192	2300
452	04:53:52	60.13	6499	2190	2299
453	04:54:52	60.12	6499	2189	2297
454	04:55:53	60.17	6499	2187	2296
455	04:56:53	60.11	6499	2186	2295
456	04:57:53	60.12	6499	2184	2293
457	04:58:53	60.16	6499	2182	2292
458	04:59:53	10.27	6499	2181	2291
459	05:00:03	60.43	6499	2180	2290
460	05:01:04	60.12	6499	2179	2289
461	05:02:04	60.13	6499	2177	2288
462	05:03:04	60.14	6499	2176	2286
463	05:04:04	60.43	6499	2174	2285
464	05:05:05	60.17	6499	2172	2284
465	05:06:05	60.11	6499	2171	2282
466	05:07:05	60.11	6499	2169	2281
467	05:08:05	60.11	6499	2168	2280
468	05:09:05	60.11	6499	2166	2278
469	05:10:05	60.11	6499	2164	2277
470	05:11:05	60.12	6499	2163	2276
471	05:12:05	10.31	6499	2162	2275
472	05:12:16	60.13	6499	2161	2274
473	05:13:16	60.11	6499	2160	2273
474	05:14:16	60.11	6499	2158	2271
475	05:15:16	60.12	6499	2156	2270
476	05:16:16	60.13	6499	2155	2269
477	05:17:16	60.13	6499	2153	2267
478	05:18:16	60.11	6499	2152	2266
479	05:19:17	60.15	6499	2150	2265
480	05:20:17	60.12	6499	2148	2263
481	05:21:17	60.17	6499	2147	2262
482	05:22:17	60.13	6499	2145	2260
483	05:23:17	60.11	6499	2144	2259
484	05:24:17	60.11	6499	2142	2258
485	05:25:17	60.36	6499	2141	2256
486	05:26:18	26.59	6499	2140	2255
487	05:26:44	60.12	6499	2138	2254
488	05:27:44	60.11	6499	2137	2253
489	05:28:45	60.11	6499	2135	2252
490	05:29:45	60.12	6499	2134	2250
491	05:30:45	60.11	6499	2132	2249
492	05:31:45	60.15	6499	2131	2248
493	05:32:45	60.10	6499	2129	2247
494	05:33:45	60.38	6499	2128	2245
495	05:34:46	60.11	6499	2126	2244
496	05:35:46	60.11	6499	2125	2243
497	05:36:46	60.12	6499	2123	2241
498	05:37:46	60.13	6499	2122	2240
499	05:38:46	60.36	6499	2120	2239
500	05:39:46	60.35	6499	2119	2237
501	05:40:47	60.12	6499	2117	2236
502	05:41:47	22.96	6499	2116	2235
503	05:42:10	60.45	6499	2115	2234
504	05:43:10	60.16	6499	2113	2233
505	05:44:10	60.39	6499	2112	2232
506	05:45:11	60.11	6499	2110	2230
507	05:46:11	60.11	6499	2109	2229
508	05:47:11	60.12	6499	2107	2228
509	05:48:11	60.11	6499	2106	2226
510	05:49:11	60.12	6499	2104	2225
511	05:50:11	60.11	6499	2103	2224
512	05:51:11	30.50	6499	2101	2223
513	05:51:42	60.22	6499	2100	2222
514	05:52:42	60.12	6499	2099	2220
515	05:53:42	60.12	6499	2097	2219
516	05:54:42	60.11	6499	2096	2218
517	05:55:43	60.17	6499	2094	2217
518	05:56:43	60.42	6499	2093	2215
519	05:57:43	60.15	6499	2091	2214
520	05:58:43	60.12	6499	2090	2213
521	05:59:43	60.13	6499	2088	2211
522	06:00:44	60.11	6499	2087	2210
523	06:01:44	60.13	6499	2085	2209
524	06:02:44	60.15	6499	2084	2208
525	06:03:44	60.11	6499	2082	2206
526	06:04:44	60.12	6499	2081	2205
527	06:05:44	60.15	6499	2079	2204
528	06:06:44	60.16	6499	2078	2202
529	06:07:44	60.12	6499	2076	2201
530	06:08:45	60.13	6499	2075	2200
531	06:09:45	60.11	6499	2073	2199
532	06:10:45	60.15	6499	2072	2197
533	06:11:45	60.13	6499	2070	2196
534	06:12:45	60.14	6499	2069	2195
535	06:13:45	60.13	6499	2067	2193
536	06:14:45	60.16	6499	2066	2192
537	06:15:46	60.12	6499	2064	2191
538	06:16:46	60.11	6499	2063	2190
539	06:17:46	60.11	6499	2061	2188
540	06:18:46	60.11	6499	2060	2187
541	06:19:46	60.12	6499	2058	2186
542	06:20:46	60.17	6499	2057	2184
543	06:21:46	59.10	6499	2055	2183
544	06:22:45	60.44	6499	2054	2182
545	06:23:46	60.12	6499	2053	2181
546	06:24:46	60.13	6499	2051	2179
547	06:25:46	60.12	6499	2050	2178
548	06:26:46	60.13	6499	2048	2177
549	06:27:46	60.10	6499	2047	2176
550	06:28:46	60.17	6499	2045	2174
551	06:29:47	60.12	6499	2044	2173
552	06:30:47	60.15	6499	2042	2172
553	06:31:47	60.09	6499	2041	2171
554	06:32:47	60.11	6499	2039	2169
555	06:33:47	60.11	6499	2038	2168
556	06:34:47	60.11	6499	2036	2167
557	06:35:47	60.17	6499	2035	2166
558	06:36:47	60.12	6499	2033	2164
559	06:37:48	60.11	6499	2032	2163
560	06:38:48	60.14	6499	2030	2162
561	06:39:48	60.11	6499	2029	2160
562	06:40:48	60.15	6499	2028	2159
563	06:41:48	60.15	6499	2026	2158
564	06:42:48	60.11	6499	2025	2157
565	06:43:48	60.10	6499	2023	2156
566	06:44:48	60.11	6499	2022	2154
567	06:45:49	60.11	6499	2020	2153
568	06:46:49	10.26	6499	2019	2152
569	06:46:59	60.44	6499	2019	2152
570	06:47:59	60.12	6499	2017	2150
571	06:48:59	60.12	6499	2016	2149
572	06:50:00	60.36	6499	2014	2148
573	06:51:00	60.15	6499	2013	2147
574	06:52:00	60.12	6499	2011	2145
575	06:53:00	60.11	6499	2010	2144
576	06:54:00	60.11	6499	2008	2143
577	06:55:00	60.17	6499	2007	2142
578	06:56:01	60.12	6499	2006	2141
579	06:57:01	42.08	6499	2004	2139
580	06:57:43	60.15	6499	2003	2138
581	06:58:43	60.11	6499	2002	2137
582	06:59:43	60.13	6499	2000	2136
583	07:00:43	60.11	6499	1999	2135
584	07:01:43	60.11	6499	1997	2134
585	07:02:43	60.11	6499	1996	2132
586	07:03:44	60.11	6499	1995	2131
587	07:04:44	60.12	6499	1993	2130
588	07:05:44	60.11	6499	1992	2129
589	07:06:44	60.11	6499	1990	2128
590	07:07:44	60.12	6499	1989	2126
591	07:08:44	60.41	6499	1987	2125
592	07:09:45	60.11	6499	1986	2124
593	07:10:45	60.18	6499	1984	2123
594	07:11:45	60.11	6499	1983	2122
595	07:12:45	60.12	6499	1982	2120
596	07:13:45	60.12	6499	1980	2119
597	07:14:45	60.11	6499	1979	2118
598	07:15:45	60.14	6499	1978	2117
599	07:16:45	60.11	6499	1976	2116
600	07:17:46	26.47	6499	1975	2115
601	07:18:12	60.46	6499	1974	2114
602	07:19:12	60.11	6499	1973	2113
603	07:20:13	60.13	6499	1971	2111
604	07:21:13	60.13	6499	1970	2110
605	07:22:13	60.12	6499	1969	2109
606	07:23:13	60.36	6499	1967	2108
607	07:24:13	60.11	6499	1966	2107
608	07:25:13	60.09	6499	1964	2106
609	07:26:14	60.10	6499	1963	2104
610	07:27:14	60.18	6499	1962	2103
611	07:28:14	60.11	6499	1960	2102
612	07:29:14	60.12	6499	1959	2101
613	07:30:14	60.13	6499	1958	2099
614	07:31:14	60.11	6499	1956	2098
615	07:32:14	60.11	6499	1955	2097
616	07:33:14	60.11	6499	1953	2096
617	07:34:14	60.11	6499	1952	2095
618	07:35:15	60.13	6499	1951	2093
619	07:36:15	60.15	6499	1949	2092
620	07:37:15	60.11	6499	1948	2091
621	07:38:15	60.11	6499	1946	2090
622	07:39:15	60.12	6499	1945	2089
623	07:40:15	60.12	6499	1944	2087
624	07:41:15	60.10	6499	1942	2086
625	07:42:15	60.15	6499	1941	2085
626	07:43:16	60.14	6499	1940	2084
627	07:44:16	60.16	6499	1938	2083
628	07:45:16	60.15	6499	1937	2082
629	07:46:16	60.13	6499	1936	2080
630	07:47:16	60.12	6499	1934	2079
631	07:48:16	60.12	6499	1933	2078
632	07:49:16	60.14	6499	1931	2077
633	07:50:17	60.17	6499	1930	2076
634	07:51:17	60.15	6499	1929	2074
635	07:52:17	60.14	6499	1927	2073
636	07:53:17	60.14	6499	1926	2072
637	07:54:17	60.12	6499	1925	2071
638	07:55:17	20.39	6499	1924	2070
639	07:55:38	60.32	6499	1923	2069
640	07:56:38	60.12	6499	1922	2068
641	07:57:38	60.15	6499	1920	2067
642	07:58:38	60.16	6499	1919	2066
643	07:59:38	60.13	6499	1917	2065
644	08:00:39	60.11	6499	1916	2064
645	08:01:39	60.11	6499	1915	2062
646	08:02:39	60.11	6499	1913	2061
647	08:03:39	60.36	6499	1912	2060
648	08:04:39	60.12	6499	1911	2059
649	08:05:39	60.36	6499	1909	2058
650	08:06:40	60.11	6499	1908	2057
651	08:07:40	60.35	6499	1906	2055
652	08:08:40	60.14	6499	1905	2054
653	08:09:40	60.11	6499	1904	2053
654	08:10:40	60.15	6499	1902	2052
655	08:11:41	60.11	6499	1901	2051
656	08:12:41	60.11	6499	1900	2050
657	08:13:41	60.14	6499	1899	2048
658	08:14:41	60.12	6499	1897	2047
659	08:15:41	60.14	6499	1896	2046
660	08:16:41	60.12	6499	1894	2045
661	08:17:41	60.16	6499	1893	2044
662	08:18:41	60.15	6499	1892	2043
663	08:19:42	60.12	6499	1890	2042
664	08:20:42	60.15	6499	1889	2041
665	08:21:42	60.12	6499	1888	2039
666	08:22:42	60.38	6499	1886	2038
667	08:23:42	60.12	6499	1885	2037
668	08:24:42	60.14	6499	1883	2036
669	08:25:43	60.11	6499	1881	2035
670	08:26:43	60.13	6499	1880	2033
671	08:27:43	60.18	6499	1879	2032
672	08:28:43	60.15	6499	1878	2031
673	08:29:43	60.13	6499	1876	2030
674	08:30:43	35.70	6499	1875	2029
675	08:31:19	60.54	6499	1874	2028
676	08:32:20	60.12	6499	1873	2027
677	08:33:20	60.11	6499	1872	2026
678	08:34:20	60.13	6499	1870	2025
679	08:35:20	60.12	6499	1869	2024
680	08:36:20	60.35	6499	1868	2023
681	08:37:20	60.14	6499	1866	2022
682	08:38:21	60.35	6499	1865	2021
683	08:39:21	60.38	6499	1864	2019
684	08:40:21	60.13	6499	1862	2018
685	08:41:21	60.11	6499	1861	2017
686	08:42:22	60.38	6499	1860	2016
687	08:43:22	60.12	6499	1859	2015
688	08:44:22	60.14	6499	1857	2014
689	08:45:22	60.17	6499	1856	2013
690	08:46:22	60.12	6499	1855	2012
691	08:47:22	60.11	6499	1853	2010
692	08:48:23	60.12	6499	1852	2009
693	08:49:23	60.13	6499	1851	2008
694	08:50:23	60.11	6499	1850	2007
695	08:51:23	60.14	6499	1848	2006
696	08:52:23	60.14	6499	1847	2005
697	08:53:23	60.12	6499	1846	2004
698	08:54:23	60.11	6499	1844	2003
699	08:55:23	60.11	6499	1843	2002
700	08:56:24	60.11	6499	1842	2001
701	08:57:24	60.14	6499	1840	1999
702	08:58:24	60.12	6499	1839	1998
703	08:59:24	60.13	6499	1838	1997
704	09:00:24	60.15	6499	1836	1996
705	09:01:24	60.15	6499	1835	1995
706	09:02:24	60.14	6499	1834	1994
707	09:03:24	60.11	6499	1833	1993
708	09:04:25	60.12	6499	1831	1992
709	09:05:25	60.11	6499	1830	1991
710	09:06:25	60.12	6499	1829	1990
711	09:07:25	60.12	6499	1828	1988
712	09:08:25	60.12	6499	1826	1987
713	09:09:25	60.12	6499	1825	1986
714	09:10:25	60.13	6499	1824	1985
715	09:11:25	56.78	6499	1822	1984
716	09:12:22	60.48	6499	1821	1983
717	09:13:23	60.10	6499	1820	1982
718	09:14:23	60.17	6499	1819	1981
719	09:15:23	60.12	6499	1818	1980
720	09:16:23	60.12	6499	1816	1979
721	09:17:23	60.16	6499	1815	1978
722	09:18:23	60.14	6499	1814	1976
723	09:19:23	60.12	6499	1812	1975
724	09:20:24	60.12	6499	1811	1974
725	09:21:24	60.12	6499	1810	1973
726	09:22:24	60.36	6499	1809	1972
727	09:23:24	60.13	6499	1807	1971
728	09:24:24	60.16	6499	1806	1970
729	09:25:24	60.16	6499	1805	1969
730	09:26:25	60.36	6499	1804	1968
731	09:27:25	60.14	6499	1802	1967
732	09:28:25	60.14	6499	1801	1966
733	09:29:25	60.10	6499	1800	1965
734	09:30:25	60.11	6499	1799	1964
735	09:31:25	60.11	6499	1798	1962
736	09:32:26	60.11	6499	1796	1961
737	09:33:26	60.17	6499	1795	1960
738	09:34:26	60.16	6499	1794	1959
739	09:35:26	60.11	6499	1793	1958
740	09:36:26	60.11	6499	1791	1957
741	09:37:26	60.15	6499	1790	1956
742	09:38:26	60.35	6499	1789	1955
743	09:39:27	60.15	6499	1788	1954
744	09:40:27	60.35	6499	1786	1953
745	09:41:27	60.11	6499	1785	1952
746	09:42:27	60.11	6499	1784	1950
747	09:43:27	60.12	6499	1783	1949
748	09:44:28	60.16	6499	1782	1948
749	09:45:28	60.13	6499	1780	1947
750	09:46:28	60.11	6499	1779	1946
751	09:47:28	60.11	6499	1778	1945
752	09:48:28	60.12	6499	1776	1944
753	09:49:28	60.12	6499	1775	1942
754	09:50:28	60.16	6499	1773	1941
755	09:51:29	60.13	6499	1772	1940
756	09:52:29	60.10	6499	1770	1938
757	09:53:29	60.12	6499	1769	1937
758	09:54:29	60.12	6499	1767	1936
759	09:55:29	60.12	6499	1766	1934
760	09:56:29	60.44	6499	1764	1933
761	09:57:30	60.15	6499	1762	1932
762	09:58:30	60.16	6499	1761	1931
763	09:59:30	60.11	6499	1759	1929
764	10:00:30	60.36	6499	1758	1928
765	10:01:30	60.17	6499	1756	1927
766	10:02:30	60.12	6499	1755	1925
767	10:03:31	60.11	6499	1754	1924
768	10:04:31	60.11	6499	1752	1923
769	10:05:31	60.11	6499	1751	1922
770	10:06:31	60.11	6499	1749	1920
771	10:07:31	60.11	6499	1748	1919
772	10:08:31	60.11	6499	1747	1918
773	10:09:31	60.12	6499	1745	1917
774	10:10:31	60.11	6499	1744	1915
775	10:11:32	60.15	6499	1742	1914
776	10:12:32	60.11	6499	1741	1913
777	10:13:32	60.37	6499	1739	1912
778	10:14:32	60.13	6499	1738	1911
779	10:15:32	60.13	6499	1736	1909
780	10:16:32	60.15	6499	1735	1908
781	10:17:33	60.11	6499	1734	1907
782	10:18:33	60.12	6499	1732	1906
783	10:19:33	60.11	6499	1731	1904
784	10:20:33	60.13	6499	1729	1903
785	10:21:33	60.11	6499	1728	1902
786	10:22:33	60.13	6499	1726	1901
787	10:23:33	60.14	6499	1725	1900
788	10:24:33	60.14	6499	1724	1898
789	10:25:34	60.16	6499	1722	1897
790	10:26:34	60.10	6499	1721	1896
791	10:27:34	60.10	6499	1719	1895
792	10:28:34	60.15	6499	1718	1894
793	10:29:34	60.16	6499	1716	1892
794	10:30:34	60.14	6499	1715	1891
795	10:31:34	60.11	6499	1714	1890
796	10:32:34	60.16	6499	1712	1889
797	10:33:35	60.12	6499	1711	1888
798	10:34:35	60.39	6499	1710	1887
799	10:35:35	60.14	6499	1708	1885
800	10:36:35	60.11	6499	1707	1884
801	10:37:35	60.13	6499	1705	1883
802	10:38:36	12.27	6499	1705	1882
803	10:38:48	60.46	6499	1704	1882
804	10:39:48	60.10	6499	1702	1880
805	10:40:48	60.15	6499	1701	1879
806	10:41:48	60.12	6499	1699	1878
807	10:42:49	60.11	6499	1698	1877
808	10:43:49	60.11	6499	1697	1876
809	10:44:49	60.11	6499	1695	1875
810	10:45:49	60.15	6499	1694	1874
811	10:46:49	60.41	6499	1693	1872
812	10:47:50	60.14	6499	1691	1871
813	10:48:50	60.13	6499	1690	1870
814	10:49:50	60.10	6499	1688	1869
815	10:50:50	60.15	6499	1687	1868
816	10:51:50	60.11	6499	1686	1867
817	10:52:50	60.12	6499	1684	1865
818	10:53:50	60.10	6499	1683	1864
819	10:54:50	60.12	6499	1682	1863
820	10:55:50	60.17	6499	1680	1862
821	10:56:51	60.11	6499	1679	1861
822	10:57:51	60.12	6499	1677	1860
823	10:58:51	60.13	6499	1676	1859
824	10:59:51	60.10	6499	1675	1857
825	11:00:51	60.15	6499	1673	1856
826	11:01:51	60.16	6499	1672	1855
827	11:02:51	60.15	6499	1671	1854
828	11:03:52	60.11	6499	1669	1853
829	11:04:52	60.15	6499	1668	1852
830	11:05:52	60.38	6499	1667	1851
831	11:06:52	60.17	6499	1665	1850
832	11:07:52	60.11	6499	1664	1848
833	11:08:53	60.12	6499	1663	1847
834	11:09:53	60.12	6499	1661	1846
835	11:10:53	60.11	6499	1660	1845
836	11:11:53	60.10	6499	1659	1844
837	11:12:53	60.17	6499	1657	1843
838	11:13:53	60.12	6499	1656	1842
839	11:14:53	60.12	6499	1655	1841
840	11:15:53	60.12	6499	1653	1840
841	11:16:53	60.12	6499	1652	1839
842	11:17:54	60.13	6499	1651	1837
843	11:18:54	60.12	6499	1649	1836
844	11:19:54	46.33	6499	1648	1835
845	11:20:40	60.46	6499	1647	1834
846	11:21:41	60.11	6499	1646	1833
847	11:22:41	60.12	6499	1644	1832
848	11:23:41	60.16	6499	1643	1831
849	11:24:41	60.12	6499	1642	1830
850	11:25:41	60.14	6499	1640	1829
851	11:26:41	60.16	6499	1639	1827
852	11:27:41	60.12	6499	1637	1825
853	11:28:42	60.11	6499	1636	1824
854	11:29:42	60.15	6499	1634	1823
855	11:30:42	60.11	6499	1632	1821
856	11:31:42	60.12	6499	1630	1820
857	11:32:42	60.13	6499	1628	1818
858	11:33:42	60.12	6499	1627	1817
859	11:34:42	60.26	6499	1625	1815
860	11:35:43	60.12	6499	1623	1813
861	11:36:43	60.16	6499	1622	1812
862	11:37:43	60.11	6499	1620	1811
863	11:38:43	60.11	6499	1619	1809
864	11:39:43	60.13	6499	1617	1808
865	11:40:43	60.15	6499	1615	1806
866	11:41:43	60.11	6499	1614	1805
867	11:42:43	60.11	6499	1612	1804
868	11:43:44	60.10	6499	1611	1802
869	11:44:44	60.43	6499	1609	1801
870	11:45:44	60.15	6499	1607	1800
871	11:46:44	60.11	6499	1606	1798
872	11:47:44	60.12	6499	1604	1797
873	11:48:44	60.16	6499	1602	1796
874	11:49:45	60.11	6499	1601	1795
875	11:50:45	60.16	6499	1599	1793
876	11:51:45	60.12	6499	1597	1792
877	11:52:45	60.13	6499	1596	1791
878	11:53:45	60.13	6499	1594	1789
879	11:54:45	60.11	6499	1593	1788
880	11:55:45	60.14	6499	1591	1787
881	11:56:46	60.36	6499	1590	1786
882	11:57:46	60.12	6499	1588	1784
883	11:58:46	60.12	6499	1586	1783
884	11:59:46	60.12	6499	1585	1782
885	12:00:46	60.12	6499	1583	1781
886	12:01:46	60.11	6499	1582	1779
887	12:02:46	60.11	6499	1580	1778
888	12:03:47	60.12	6499	1578	1777
889	12:04:47	60.12	6499	1577	1776
890	12:05:47	60.12	6499	1575	1774
891	12:06:47	60.11	6499	1574	1773
892	12:07:47	60.12	6499	1572	1772
893	12:08:47	60.13	6499	1570	1771
894	12:09:47	60.11	6499	1569	1770
895	12:10:47	60.11	6499	1567	1769
896	12:11:48	20.34	6499	1566	1768
897	12:12:08	60.37	6499	1565	1767
898	12:13:08	60.14	6499	1564	1766
899	12:14:08	60.13	6499	1562	1764
900	12:15:09	60.11	6499	1560	1763
901	12:16:09	60.10	6499	1559	1762
902	12:17:09	60.10	6499	1557	1761
903	12:18:09	60.11	6499	1556	1760
904	12:19:09	60.14	6499	1554	1759
905	12:20:09	60.15	6499	1553	1757
906	12:21:09	60.11	6499	1551	1756
907	12:22:09	60.14	6499	1550	1755
908	12:23:10	60.11	6499	1548	1754
909	12:24:10	60.12	6499	1547	1753
910	12:25:10	60.10	6499	1545	1752
911	12:26:10	60.11	6499	1544	1750
912	12:27:10	60.13	6499	1542	1749
913	12:28:10	60.15	6499	1540	1748
914	12:29:10	60.11	6499	1539	1747
915	12:30:10	60.11	6499	1537	1746
916	12:31:10	60.11	6499	1536	1744
917	12:32:11	60.13	6499	1534	1743
918	12:33:11	60.13	6499	1533	1742
919	12:34:11	60.10	6499	1531	1741
920	12:35:11	60.12	6499	1530	1740
921	12:36:11	60.13	6499	1528	1739
922	12:37:11	60.12	6499	1527	1738
923	12:38:11	60.11	6499	1525	1737
924	12:39:11	60.12	6499	1524	1735
925	12:40:12	60.12	6499	1522	1734
926	12:41:12	60.12	6499	1521	1733
927	12:42:12	60.12	6499	1519	1732
928	12:43:12	60.11	6499	1518	1731
929	12:44:12	60.11	6499	1517	1730
930	12:45:12	10.32	6499	1516	1729
931	12:45:22	60.42	6499	1515	1729
932	12:46:23	60.12	6499	1513	1728
933	12:47:23	60.11	6499	1512	1726
934	12:48:23	60.11	6499	1510	1725
935	12:49:23	60.14	6499	1509	1724
936	12:50:23	60.13	6499	1508	1723
937	12:51:23	60.13	6499	1506	1722
938	12:52:24	60.12	6499	1505	1721
939	12:53:24	60.34	6499	1503	1720
940	12:54:24	60.11	6499	1502	1719
941	12:55:24	60.17	6499	1500	1718
942	12:56:24	60.11	6499	1499	1717
943	12:57:24	60.12	6499	1497	1716
944	12:58:25	60.11	6499	1496	1714
945	12:59:25	60.11	6499	1495	1713
946	13:00:25	21.54	6499	1493	1713
947	13:00:46	19.83	6499	1493	1712
948	13:01:06	8.98	6499	1493	1712
949	13:01:15	7.94	6499	1493	1712
950	13:01:23	9.01	6499	1493	1712
951	13:01:32	7.89	6499	1492	1712
952	13:01:40	9.01	6499	1492	1712
953	13:01:49	7.62	6499	1492	1711
954	13:01:57	9.00	6499	1492	1711
955	13:02:06	7.92	6499	1492	1711
956	13:02:14	9.01	6499	1491	1711
957	13:02:23	7.92	6499	1491	1711
958	13:02:30	9.02	6499	1491	1711
959	13:02:39	7.93	6499	1491	1711
960	13:02:47	9.01	6499	1491	1710
961	13:02:56	7.61	6499	1490	1710
962	13:03:04	9.00	6499	1490	1710
963	13:03:13	7.92	6499	1490	1710
964	13:03:21	9.00	6499	1490	1710
965	13:03:30	23.58	6499	1490	1709
966	13:03:54	9.00	6499	1489	1709
967	13:04:03	7.32	6499	1489	1709
968	13:04:10	9.01	6499	1489	1709
969	13:04:19	7.32	6499	1489	1709
970	13:04:26	9.02	6499	1488	1709
971	13:04:35	7.30	6499	1488	1708
972	13:04:43	9.00	6499	1488	1708
973	13:04:52	7.02	6499	1488	1708
974	13:04:59	9.01	6499	1488	1708
975	13:05:08	7.32	6499	1487	1708
976	13:05:15	9.01	6499	1487	1708
977	13:05:24	7.32	6499	1487	1708
978	13:05:31	9.00	6499	1487	1708
979	13:05:40	7.32	6499	1487	1708
980	13:05:48	9.01	6499	1486	1707
981	13:05:57	7.32	6499	1486	1707
982	13:06:04	9.01	6499	1486	1707
983	13:06:13	8.20	6499	1486	1707
984	13:06:21	60.49	6499	1485	1706
985	13:07:22	60.12	6499	1484	1705
986	13:08:22	60.12	6499	1482	1704
987	13:09:22	60.11	6499	1481	1703
988	13:10:22	60.11	6499	1480	1702
989	13:11:22	60.12	6499	1478	1702
990	13:12:22	60.18	6499	1477	1700
991	13:13:22	60.12	6499	1476	1699
992	13:14:22	60.11	6499	1474	1698
993	13:15:23	60.15	6499	1473	1697
994	13:16:23	60.11	6499	1472	1696
995	13:17:23	60.12	6499	1470	1695
996	13:18:23	60.12	6499	1469	1694
997	13:19:23	60.10	6499	1468	1693
998	13:20:23	60.11	6499	1466	1692
999	13:21:23	60.12	6499	1465	1691
1000	13:22:23	60.11	6499	1463	1690
1001	13:23:23	60.11	6499	1462	1689
1002	13:24:24	60.12	6499	1460	1688
1003	13:25:24	60.12	6499	1459	1687
1004	13:26:24	60.36	6499	1458	1686
1005	13:27:24	60.16	6499	1456	1685
1006	13:28:24	60.10	6499	1455	1684
1007	13:29:24	60.11	6499	1453	1683
1008	13:30:25	60.17	6499	1452	1682
1009	13:31:25	10.27	6499	1451	1681
1010	13:31:35	60.44	6499	1450	1680
1011	13:32:35	43.60	6499	1445	1675
1012	13:33:19	60.35	6499	0	0
1013	13:34:19	60.16	6499	0	0
1014	13:35:20	60.17	6499	0	0
1015	13:36:20	60.11	6501	0	0
1016	13:37:20	60.17	6501	0	0
1017	13:38:20	60.11	6501	0	0
1018	13:39:20	14.07	6501	0	0
Created by AtlRunQuery on: 2018-11-29 22:05:00.591389
