LHC beam energy and intensities during run 352131:
(Begin/end of run: Wed Jun 06 2018 18:25:14 − 20:21:41)

LB	   Start time
(CEST)	   Duration
(sec)	   Beam energy
(GeV)	   Intensity Beam-1
(1e11 protons)	   Intensity Beam-2
(1e11 protons)
1	18:25:14	60.11	6499	1996	2137
2	18:26:14	49.69	6499	1995	2136
3	18:27:04	10.24	6499	1994	2135
4	18:27:14	15.21	6499	1994	2135
5	18:27:29	39.17	6499	1993	2135
6	18:28:08	60.18	6499	1992	2133
7	18:29:08	60.15	6499	1991	2132
8	18:30:09	60.15	6499	1989	2131
9	18:31:09	60.13	6499	1988	2130
10	18:32:09	60.11	6499	1986	2129
11	18:33:09	60.12	6499	1985	2128
12	18:34:09	60.12	6499	1984	2127
13	18:35:09	33.73	6499	1983	2126
14	18:35:43	60.44	6499	1982	2125
15	18:36:43	60.13	6499	1981	2125
16	18:37:44	60.11	6499	1980	2124
17	18:38:44	60.13	6499	1978	2123
18	18:39:44	60.38	6499	1977	2122
19	18:40:44	60.12	6499	1976	2121
20	18:41:44	60.14	6499	1975	2120
21	18:42:44	60.12	6499	1974	2119
22	18:43:45	48.66	6499	1973	2118
23	18:44:33	60.57	6499	1972	2118
24	18:45:34	11.26	6499	1971	2117
25	18:45:45	60.46	6499	1970	2117
26	18:46:46	60.12	6499	1969	2116
27	18:47:46	60.16	6499	1968	2115
28	18:48:46	60.17	6499	1967	2114
29	18:49:46	60.12	6499	1966	2113
30	18:50:46	32.55	6499	1965	2113
31	18:51:19	60.36	6499	1964	2112
32	18:52:19	32.61	6499	1963	2111
33	18:52:52	60.31	6499	1962	2111
34	18:53:52	17.23	6499	1962	2110
35	18:54:09	60.42	6499	1961	2109
36	18:55:10	60.12	6499	1960	2109
37	18:56:10	60.10	6499	1959	2108
38	18:57:10	60.15	6499	1958	2107
39	18:58:10	60.11	6499	1957	2106
40	18:59:10	60.12	6499	1955	2105
41	19:00:10	60.12	6499	1954	2104
42	19:01:10	60.37	6499	1953	2103
43	19:02:11	24.57	6499	1953	2103
44	19:02:35	60.36	6499	1952	2102
45	19:03:36	60.36	6499	1951	2101
46	19:04:36	60.12	6499	1949	2100
47	19:05:36	60.13	6499	1948	2100
48	19:06:36	10.03	6499	1948	2099
49	19:06:46	60.44	6499	1947	2099
50	19:07:47	60.12	6499	1946	2098
51	19:08:47	60.13	6499	1945	2097
52	19:09:47	60.12	6499	1944	2096
53	19:10:47	60.12	6499	1943	2095
54	19:11:47	60.10	6499	1941	2094
55	19:12:47	60.10	6499	1940	2093
56	19:13:47	60.11	6499	1939	2092
57	19:14:47	60.15	6499	1938	2092
58	19:15:48	60.13	6499	1937	2091
59	19:16:48	60.13	6499	1936	2090
60	19:17:48	60.16	6499	1935	2089
61	19:18:48	60.14	6499	1934	2088
62	19:19:48	60.12	6499	1933	2087
63	19:20:48	60.11	6499	1932	2086
64	19:21:48	60.12	6499	1931	2085
65	19:22:49	60.09	6499	1930	2085
66	19:23:49	60.11	6499	1929	2084
67	19:24:49	60.12	6499	1928	2083
68	19:25:49	60.12	6499	1927	2082
69	19:26:49	60.13	6499	1926	2081
70	19:27:49	60.16	6499	1924	2080
71	19:28:49	60.16	6499	1923	2079
72	19:29:49	60.11	6499	1922	2079
73	19:30:50	60.10	6499	1921	2078
74	19:31:50	60.11	6499	1920	2077
75	19:32:50	60.11	6499	1919	2076
76	19:33:50	60.12	6499	1918	2075
77	19:34:50	60.12	6499	1917	2074
78	19:35:50	60.11	6499	1916	2074
79	19:36:50	60.15	6499	1915	2073
80	19:37:50	60.14	6499	1914	2072
81	19:38:51	60.39	6499	1913	2071
82	19:39:51	60.11	6499	1912	2070
83	19:40:51	60.11	6499	1911	2069
84	19:41:51	60.12	6499	1910	2068
85	19:42:51	60.12	6499	1908	2067
86	19:43:51	60.16	6499	1907	2067
87	19:44:52	60.12	6499	1906	2066
88	19:45:52	60.12	6499	1905	2065
89	19:46:52	60.11	6499	1904	2064
90	19:47:52	60.12	6499	1903	2063
91	19:48:52	60.42	6499	1902	2062
92	19:49:52	60.35	6499	1901	2061
93	19:50:53	60.11	6499	1900	2061
94	19:51:53	60.11	6499	1899	2060
95	19:52:53	60.11	6499	1898	2059
96	19:53:53	29.57	6499	1897	2058
97	19:54:23	45.13	6499	1897	2058
98	19:55:08	10.20	6499	1896	2057
99	19:55:18	48.85	6499	1896	2057
100	19:56:07	60.20	6499	1895	2056
101	19:57:07	60.16	6499	1894	2055
102	19:58:07	60.11	6499	1892	2055
103	19:59:07	60.11	6499	1891	2054
104	20:00:07	60.16	6499	1890	2053
105	20:01:08	60.12	6499	1889	2052
106	20:02:08	60.11	6499	1888	2051
107	20:03:08	60.17	6499	1887	2050
108	20:04:08	25.66	6499	1887	2050
109	20:04:34	60.24	6499	1886	2049
110	20:05:34	60.09	6499	1885	2048
111	20:06:34	60.16	6499	1884	2048
112	20:07:34	60.12	6499	1883	2047
113	20:08:34	60.13	6499	1882	2046
114	20:09:34	60.11	6499	1881	2045
115	20:10:35	60.17	6499	1880	2044
116	20:11:35	60.11	6499	1879	2043
117	20:12:35	60.15	6499	1878	2043
118	20:13:35	60.12	6499	1877	2042
119	20:14:35	60.12	6499	1876	2041
120	20:15:35	60.11	6499	1875	2040
121	20:16:35	60.11	6499	1874	2039
122	20:17:35	60.11	6499	1873	2038
123	20:18:36	10.29	6499	1271	1385
124	20:18:46	60.43	6499	0	0
125	20:19:46	60.11	6499	0	0
126	20:20:46	54.41	6499	0	0
Created by AtlRunQuery on: 2018-11-30 10:09:58.424837
