LHC beam energy and intensities during run 352137:
(Begin/end of run: Wed Jun 06 2018 23:30:58 − Thu Jun 07, 10:21:52)

LB	   Start time
(CEST)	   Duration
(sec)	   Beam energy
(GeV)	   Intensity Beam-1
(1e11 protons)	   Intensity Beam-2
(1e11 protons)
1	23:30:58	60.12	450	0.07634	0.07082
2	23:31:58	60.16	450	0.07629	0.0296
3	23:32:58	60.12	450	0.07627	0.03638
4	23:33:58	60.12	450	0.07625	0.04703
5	23:34:58	23.71	450	0.07625	0
6	23:35:22	10.11	450	0.07624	0
7	23:35:32	11.37	450	0.07623	0
8	23:35:43	60.25	450	0.07622	0.05501
9	23:36:44	36.33	450	0.07615	0.06741
10	23:37:20	60.18	450	0.07551	0.06711
11	23:38:20	60.18	450	0.07501	0.06683
12	23:39:20	60.11	450	0.07464	0.06659
13	23:40:20	60.12	450	4.903	13.12
14	23:41:20	60.11	450	25.24	13.49
15	23:42:21	60.11	450	115.3	63.75
16	23:43:21	60.12	450	249	153.9
17	23:44:21	60.11	450	364.4	270.7
18	23:45:21	60.11	449	479.7	421.3
19	23:46:21	60.12	450	587.1	542.1
20	23:47:21	60.12	449	671.1	630.8
21	23:48:21	60.11	450	811.1	723.5
22	23:49:21	60.11	449	926.3	839.4
23	23:50:21	60.12	450	972.2	981.7
24	23:51:22	60.12	450	1004	1109
25	23:52:22	60.12	450	1123	1225
26	23:53:22	60.12	449	1271	1322
27	23:54:22	60.13	449	1348	1406
28	23:55:22	60.12	450	1450	1540
29	23:56:22	60.12	450	1565	1675
30	23:57:22	60.11	450	1678	1790
31	23:58:22	60.11	449	1825	1904
32	23:59:23	60.12	450	1944	2011
33	00:00:23	60.36	450	2030	2094
34	00:01:23	60.12	450	2121	2237
35	00:02:23	60.11	450	2235	2353
36	00:03:23	60.16	449	2374	2468
37	00:04:23	60.12	450	2499	2583
38	00:05:24	60.11	450	2612	2700
39	00:06:24	60.15	450	2669	2698
40	00:07:24	60.11	450	2666	2697
41	00:08:24	60.16	450	2663	2694
42	00:09:24	60.39	449	2659	2691
43	00:10:24	36.86	450	2656	2688
44	00:11:01	24.90	460	2641	2674
45	00:11:26	60.50	483	2641	2673
46	00:12:27	60.12	591	2641	2673
47	00:13:27	60.11	767	2640	2672
48	00:14:27	10.26	1003	2640	2672
49	00:14:37	60.13	1049	2640	2672
50	00:15:37	60.11	1369	2640	2672
51	00:16:37	60.12	1716	2640	2671
52	00:17:38	60.11	2069	2640	2671
53	00:18:38	60.11	2416	2640	2671
54	00:19:38	60.11	2764	2640	2671
55	00:20:38	60.10	3111	2640	2671
56	00:21:38	60.12	3459	2640	2671
57	00:22:38	60.12	3806	2639	2671
58	00:23:38	60.17	4154	2639	2671
59	00:24:38	60.12	4501	2639	2671
60	00:25:39	60.11	4854	2639	2671
61	00:26:39	60.11	5202	2639	2671
62	00:27:39	60.10	5549	2638	2670
63	00:28:39	60.11	5896	2638	2670
64	00:29:39	60.12	6244	2636	2670
65	00:30:39	16.28	6499	2635	2670
66	00:30:55	10.68	6499	2635	2670
67	00:31:06	60.67	6499	2635	2670
68	00:32:07	60.11	6499	2635	2669
69	00:33:07	60.11	6499	2634	2669
70	00:34:07	60.17	6499	2634	2669
71	00:35:07	60.12	6499	2634	2669
72	00:36:07	60.15	6499	2634	2669
73	00:37:07	60.11	6499	2633	2669
74	00:38:08	60.11	6499	2633	2669
75	00:39:08	60.12	6499	2633	2668
76	00:40:08	60.11	6499	2632	2668
77	00:41:08	60.12	6499	2630	2668
78	00:42:08	60.12	6499	2629	2668
79	00:43:08	60.15	6499	2628	2667
80	00:44:08	59.24	6499	2626	2666
81	00:45:07	60.47	6499	2626	2666
82	00:46:08	60.11	6499	2624	2665
83	00:47:08	60.13	6499	2622	2665
84	00:48:08	60.11	6499	2619	2663
85	00:49:08	60.12	6499	2617	2661
86	00:50:08	21.99	6499	2615	2660
87	00:50:30	60.19	6499	2613	2659
88	00:51:31	37.32	6499	2611	2657
89	00:52:08	55.43	6499	2609	2656
90	00:53:03	60.45	6499	2607	2654
91	00:54:04	43.70	6499	2605	2652
92	00:54:48	60.24	6499	2602	2650
93	00:55:48	60.11	6499	2600	2648
94	00:56:48	60.16	6499	2597	2646
95	00:57:48	60.11	6499	2594	2644
96	00:58:48	52.95	6499	2592	2642
97	00:59:41	45.46	6499	2590	2640
98	01:00:27	56.19	6499	2588	2639
99	01:01:23	60.17	6499	2585	2637
100	01:02:23	60.12	6499	2583	2635
101	01:03:23	54.29	6499	2580	2633
102	01:04:17	38.44	6499	2579	2632
103	01:04:56	60.29	6499	2577	2631
104	01:05:56	60.11	6499	2575	2630
105	01:06:56	16.56	6499	2574	2629
106	01:07:13	60.33	6499	2573	2628
107	01:08:13	60.14	6499	2571	2627
108	01:09:13	60.11	6499	2570	2626
109	01:10:13	60.17	6499	2568	2625
110	01:11:13	60.11	6499	2566	2624
111	01:12:14	60.12	6499	2565	2622
112	01:13:14	60.16	6499	2563	2621
113	01:14:14	60.15	6499	2561	2620
114	01:15:14	60.16	6499	2560	2619
115	01:16:14	60.12	6499	2558	2618
116	01:17:14	60.11	6499	2557	2617
117	01:18:14	60.11	6499	2555	2616
118	01:19:15	60.11	6499	2554	2614
119	01:20:15	60.12	6499	2552	2613
120	01:21:15	60.11	6499	2550	2612
121	01:22:15	60.12	6499	2549	2611
122	01:23:15	60.11	6499	2547	2610
123	01:24:15	60.12	6499	2546	2609
124	01:25:15	60.17	6499	2544	2608
125	01:26:15	60.11	6499	2543	2606
126	01:27:15	60.13	6499	2541	2605
127	01:28:16	60.37	6499	2540	2604
128	01:29:16	60.15	6499	2539	2603
129	01:30:16	60.19	6499	2537	2602
130	01:31:16	60.13	6499	2536	2601
131	01:32:16	60.12	6499	2534	2600
132	01:33:17	60.13	6499	2533	2599
133	01:34:17	60.12	6499	2531	2597
134	01:35:17	60.12	6499	2530	2596
135	01:36:17	60.12	6499	2528	2595
136	01:37:17	60.11	6499	2527	2594
137	01:38:17	60.12	6499	2525	2593
138	01:39:17	60.10	6499	2524	2592
139	01:40:17	60.15	6499	2523	2591
140	01:41:18	60.12	6499	2521	2590
141	01:42:18	60.12	6499	2520	2589
142	01:43:18	60.13	6499	2519	2589
143	01:44:18	60.16	6499	2518	2588
144	01:45:18	60.12	6499	2517	2587
145	01:46:18	60.14	6499	2515	2586
146	01:47:18	60.15	6499	2514	2585
147	01:48:18	52.56	6499	2513	2584
148	01:49:11	60.20	6499	2511	2583
149	01:50:11	60.11	6499	2510	2582
150	01:51:11	60.11	6499	2508	2581
151	01:52:11	60.35	6499	2507	2580
152	01:53:12	60.13	6499	2505	2579
153	01:54:12	60.12	6499	2504	2578
154	01:55:12	60.11	6499	2503	2577
155	01:56:12	60.13	6499	2501	2575
156	01:57:12	60.14	6499	2500	2574
157	01:58:12	60.11	6499	2498	2573
158	01:59:13	60.14	6499	2497	2572
159	02:00:13	60.11	6499	2496	2571
160	02:01:13	60.12	6499	2494	2570
161	02:02:13	60.12	6499	2493	2569
162	02:03:13	60.12	6499	2491	2568
163	02:04:13	60.37	6499	2490	2567
164	02:05:14	60.15	6499	2489	2566
165	02:06:14	60.13	6499	2487	2565
166	02:07:14	60.10	6499	2486	2564
167	02:08:14	60.13	6499	2485	2562
168	02:09:14	60.11	6499	2483	2561
169	02:10:14	60.12	6499	2482	2560
170	02:11:14	60.11	6499	2480	2559
171	02:12:14	60.15	6499	2479	2558
172	02:13:15	60.11	6499	2478	2557
173	02:14:15	60.11	6499	2476	2556
174	02:15:15	60.13	6499	2475	2555
175	02:16:15	60.42	6499	2474	2554
176	02:17:15	60.13	6499	2472	2553
177	02:18:15	60.15	6499	2471	2552
178	02:19:16	60.11	6499	2469	2551
179	02:20:16	60.13	6499	2468	2550
180	02:21:16	60.15	6499	2467	2549
181	02:22:16	60.11	6499	2465	2548
182	02:23:16	60.11	6499	2464	2547
183	02:24:16	60.17	6499	2463	2546
184	02:25:16	60.11	6499	2461	2545
185	02:26:16	60.12	6499	2460	2544
186	02:27:17	60.13	6499	2458	2542
187	02:28:17	60.12	6499	2457	2541
188	02:29:17	60.13	6499	2456	2540
189	02:30:17	60.17	6499	2454	2539
190	02:31:17	60.15	6499	2453	2538
191	02:32:17	60.14	6499	2452	2537
192	02:33:17	60.14	6499	2450	2536
193	02:34:18	60.17	6499	2449	2535
194	02:35:18	60.12	6499	2448	2534
195	02:36:18	60.12	6499	2446	2533
196	02:37:18	60.11	6499	2445	2532
197	02:38:18	60.36	6499	2444	2531
198	02:39:18	60.11	6499	2442	2530
199	02:40:19	60.12	6499	2441	2529
200	02:41:19	60.12	6499	2440	2528
201	02:42:19	60.11	6499	2438	2527
202	02:43:19	60.17	6499	2437	2526
203	02:44:19	60.12	6499	2436	2525
204	02:45:19	60.12	6499	2435	2524
205	02:46:19	10.27	6499	2434	2523
206	02:46:30	10.72	6499	2434	2523
207	02:46:40	60.19	6499	2433	2522
208	02:47:41	60.11	6499	2432	2521
209	02:48:41	60.12	6499	2430	2520
210	02:49:41	13.69	6499	2429	2520
211	02:49:54	60.44	6499	2429	2519
212	02:50:55	60.13	6499	2427	2518
213	02:51:55	60.12	6499	2426	2517
214	02:52:55	60.12	6499	2425	2516
215	02:53:55	60.11	6499	2424	2515
216	02:54:55	60.13	6499	2422	2514
217	02:55:55	60.11	6499	2421	2513
218	02:56:56	60.11	6499	2420	2512
219	02:57:56	60.11	6499	2418	2511
220	02:58:56	60.12	6499	2417	2510
221	02:59:56	60.11	6499	2416	2509
222	03:00:56	60.13	6499	2414	2508
223	03:01:56	14.35	6499	2414	2507
224	03:02:11	60.05	6499	2413	2507
225	03:03:11	60.11	6499	2411	2506
226	03:04:11	60.12	6499	2410	2505
227	03:05:11	60.11	6499	2409	2504
228	03:06:11	60.13	6499	2407	2503
229	03:07:11	60.12	6499	2406	2502
230	03:08:11	60.12	6499	2405	2501
231	03:09:11	60.35	6499	2404	2500
232	03:10:12	60.15	6499	2402	2499
233	03:11:12	60.16	6499	2401	2498
234	03:12:12	60.14	6499	2400	2497
235	03:13:12	60.13	6499	2399	2496
236	03:14:12	60.12	6499	2397	2495
237	03:15:12	60.11	6499	2396	2494
238	03:16:12	60.36	6499	2395	2493
239	03:17:13	60.17	6499	2394	2492
240	03:18:13	60.12	6499	2392	2491
241	03:19:13	60.17	6499	2391	2490
242	03:20:13	60.15	6499	2390	2489
243	03:21:13	60.14	6499	2389	2488
244	03:22:14	60.11	6499	2387	2486
245	03:23:14	60.17	6499	2386	2485
246	03:24:14	54.29	6499	2385	2484
247	03:25:08	60.47	6499	2384	2484
248	03:26:09	60.13	6499	2382	2483
249	03:27:09	60.11	6499	2381	2482
250	03:28:09	60.11	6499	2380	2480
251	03:29:09	60.12	6499	2379	2479
252	03:30:09	60.14	6499	2378	2478
253	03:31:09	60.37	6499	2376	2477
254	03:32:10	60.11	6499	2375	2476
255	03:33:10	60.10	6499	2374	2476
256	03:34:10	60.12	6499	2373	2475
257	03:35:10	60.16	6499	2371	2474
258	03:36:10	60.16	6499	2370	2473
259	03:37:10	60.39	6499	2369	2472
260	03:38:11	60.11	6499	2368	2471
261	03:39:11	60.43	6499	2367	2470
262	03:40:11	60.11	6499	2365	2469
263	03:41:11	60.13	6499	2364	2468
264	03:42:11	60.12	6499	2363	2467
265	03:43:12	60.35	6499	2362	2466
266	03:44:12	60.13	6499	2361	2465
267	03:45:12	60.11	6499	2359	2464
268	03:46:12	60.17	6499	2358	2463
269	03:47:12	60.15	6499	2357	2462
270	03:48:12	10.52	6499	2356	2461
271	03:48:23	60.12	6499	2355	2460
272	03:49:23	60.13	6499	2354	2460
273	03:50:23	60.12	6499	2353	2458
274	03:51:23	60.12	6499	2352	2457
275	03:52:23	60.12	6499	2351	2456
276	03:53:24	60.11	6499	2349	2456
277	03:54:24	60.12	6499	2348	2454
278	03:55:24	60.35	6499	2347	2454
279	03:56:24	60.11	6499	2346	2453
280	03:57:24	60.35	6499	2345	2452
281	03:58:25	60.12	6499	2343	2451
282	03:59:25	60.11	6499	2342	2450
283	04:00:25	60.11	6499	2341	2449
284	04:01:25	60.11	6499	2340	2448
285	04:02:25	60.12	6499	2339	2447
286	04:03:25	60.16	6499	2337	2446
287	04:04:25	60.17	6499	2336	2445
288	04:05:26	60.12	6499	2335	2444
289	04:06:26	60.11	6499	2334	2443
290	04:07:26	60.17	6499	2333	2442
291	04:08:26	60.12	6499	2332	2441
292	04:09:26	60.11	6499	2330	2440
293	04:10:26	60.15	6499	2329	2439
294	04:11:26	60.11	6499	2328	2438
295	04:12:26	60.11	6499	2327	2437
296	04:13:27	60.12	6499	2326	2436
297	04:14:27	60.16	6499	2324	2435
298	04:15:27	60.11	6499	2323	2434
299	04:16:27	60.14	6499	2322	2433
300	04:17:27	60.11	6499	2321	2432
301	04:18:27	60.12	6499	2320	2431
302	04:19:27	60.13	6499	2319	2430
303	04:20:27	60.12	6499	2317	2429
304	04:21:28	60.12	6499	2316	2428
305	04:22:28	60.17	6499	2315	2428
306	04:23:28	60.12	6499	2314	2427
307	04:24:28	60.11	6499	2313	2426
308	04:25:28	60.12	6499	2312	2425
309	04:26:28	60.16	6499	2310	2424
310	04:27:28	60.16	6499	2309	2423
311	04:28:28	60.11	6499	2308	2422
312	04:29:29	60.17	6499	2307	2421
313	04:30:29	60.11	6499	2306	2420
314	04:31:29	60.16	6499	2305	2419
315	04:32:29	60.11	6499	2304	2418
316	04:33:29	60.14	6499	2302	2417
317	04:34:29	60.16	6499	2301	2416
318	04:35:29	60.12	6499	2300	2415
319	04:36:30	60.11	6499	2299	2414
320	04:37:30	60.15	6499	2298	2413
321	04:38:30	60.10	6499	2297	2412
322	04:39:30	60.38	6499	2295	2411
323	04:40:30	60.12	6499	2294	2410
324	04:41:30	60.13	6499	2293	2410
325	04:42:31	60.13	6499	2292	2409
326	04:43:31	60.40	6499	2291	2408
327	04:44:31	60.16	6499	2290	2407
328	04:45:31	60.12	6499	2288	2406
329	04:46:31	60.11	6499	2287	2405
330	04:47:31	60.12	6499	2286	2404
331	04:48:32	60.12	6499	2285	2403
332	04:49:32	60.11	6499	2284	2402
333	04:50:32	60.12	6499	2283	2401
334	04:51:32	60.16	6499	2282	2400
335	04:52:32	60.11	6499	2281	2399
336	04:53:32	60.15	6499	2279	2398
337	04:54:32	60.14	6499	2278	2397
338	04:55:33	60.13	6499	2277	2396
339	04:56:33	60.11	6499	2276	2395
340	04:57:33	60.14	6499	2275	2394
341	04:58:33	60.12	6499	2274	2393
342	04:59:33	60.14	6499	2273	2393
343	05:00:33	60.15	6499	2272	2392
344	05:01:33	60.12	6499	2270	2391
345	05:02:33	60.12	6499	2269	2390
346	05:03:34	60.11	6499	2268	2389
347	05:04:34	60.12	6499	2267	2388
348	05:05:34	60.12	6499	2266	2387
349	05:06:34	60.13	6499	2265	2386
350	05:07:34	60.12	6499	2264	2385
351	05:08:34	60.15	6499	2263	2384
352	05:09:34	60.11	6499	2262	2383
353	05:10:34	60.12	6499	2260	2382
354	05:11:35	60.11	6499	2259	2382
355	05:12:35	60.11	6499	2258	2381
356	05:13:35	60.12	6499	2257	2380
357	05:14:35	60.13	6499	2256	2379
358	05:15:35	60.35	6499	2255	2378
359	05:16:35	60.10	6499	2254	2377
360	05:17:35	60.12	6499	2252	2376
361	05:18:36	60.12	6499	2251	2375
362	05:19:36	60.15	6499	2250	2374
363	05:20:36	60.13	6499	2249	2373
364	05:21:36	60.10	6499	2248	2372
365	05:22:36	60.12	6499	2247	2371
366	05:23:36	60.13	6499	2246	2370
367	05:24:36	60.12	6499	2245	2370
368	05:25:36	60.15	6499	2244	2369
369	05:26:37	60.12	6499	2242	2368
370	05:27:37	60.39	6499	2241	2367
371	05:28:37	60.11	6499	2240	2366
372	05:29:37	60.11	6499	2239	2365
373	05:30:37	60.11	6499	2238	2364
374	05:31:37	60.36	6499	2237	2363
375	05:32:38	60.12	6499	2236	2362
376	05:33:38	60.12	6499	2235	2361
377	05:34:38	60.12	6499	2234	2360
378	05:35:38	60.12	6499	2233	2360
379	05:36:38	60.11	6499	2232	2359
380	05:37:38	60.17	6499	2231	2358
381	05:38:39	60.14	6499	2229	2357
382	05:39:39	60.13	6499	2228	2356
383	05:40:39	60.10	6499	2227	2355
384	05:41:39	60.40	6499	2226	2354
385	05:42:39	60.13	6499	2225	2353
386	05:43:39	60.12	6499	2224	2352
387	05:44:40	60.12	6499	2223	2351
388	05:45:40	60.16	6499	2222	2350
389	05:46:40	60.12	6499	2221	2350
390	05:47:40	60.12	6499	2220	2348
391	05:48:40	60.11	6499	2219	2348
392	05:49:40	60.15	6499	2218	2347
393	05:50:40	60.10	6499	2217	2346
394	05:51:41	60.11	6499	2216	2345
395	05:52:41	60.11	6499	2215	2344
396	05:53:41	60.11	6499	2213	2343
397	05:54:41	60.11	6499	2212	2342
398	05:55:41	60.17	6499	2211	2342
399	05:56:41	60.12	6499	2210	2340
400	05:57:41	60.15	6499	2209	2340
401	05:58:41	60.14	6499	2208	2339
402	05:59:42	60.11	6499	2207	2338
403	06:00:42	60.12	6499	2206	2337
404	06:01:42	60.13	6499	2205	2336
405	06:02:42	60.13	6499	2204	2335
406	06:03:42	60.11	6499	2203	2334
407	06:04:42	60.12	6499	2202	2333
408	06:05:42	60.16	6499	2201	2332
409	06:06:42	60.12	6499	2200	2331
410	06:07:43	60.11	6499	2199	2331
411	06:08:43	60.10	6499	2198	2330
412	06:09:43	60.12	6499	2197	2329
413	06:10:43	60.11	6499	2196	2328
414	06:11:43	60.11	6499	2194	2327
415	06:12:43	60.14	6499	2193	2326
416	06:13:43	60.15	6499	2192	2325
417	06:14:43	60.11	6499	2191	2324
418	06:15:43	60.13	6499	2190	2324
419	06:16:44	60.10	6499	2189	2323
420	06:17:44	60.41	6499	2188	2322
421	06:18:44	60.15	6499	2187	2321
422	06:19:44	60.12	6499	2186	2320
423	06:20:44	60.11	6499	2185	2319
424	06:21:44	60.17	6499	2184	2318
425	06:22:45	60.15	6499	2183	2317
426	06:23:45	60.18	6499	2182	2316
427	06:24:45	60.12	6499	2181	2316
428	06:25:45	60.16	6499	2180	2315
429	06:26:45	60.13	6499	2179	2314
430	06:27:45	60.15	6499	2178	2313
431	06:28:46	60.12	6499	2176	2312
432	06:29:46	60.12	6499	2175	2311
433	06:30:46	60.12	6499	2174	2310
434	06:31:46	60.12	6499	2173	2309
435	06:32:46	60.12	6499	2172	2308
436	06:33:46	60.12	6499	2171	2307
437	06:34:46	60.12	6499	2170	2307
438	06:35:46	60.13	6499	2169	2306
439	06:36:47	60.12	6499	2168	2305
440	06:37:47	60.13	6499	2167	2304
441	06:38:47	60.11	6499	2166	2303
442	06:39:47	60.15	6499	2165	2302
443	06:40:47	60.12	6499	2164	2301
444	06:41:47	60.15	6499	2163	2300
445	06:42:47	60.11	6499	2162	2300
446	06:43:47	60.11	6499	2161	2298
447	06:44:48	60.12	6499	2160	2298
448	06:45:48	60.14	6499	2159	2297
449	06:46:48	60.12	6499	2158	2296
450	06:47:48	60.12	6499	2156	2295
451	06:48:48	60.14	6499	2155	2294
452	06:49:48	60.12	6499	2154	2293
453	06:50:48	60.15	6499	2153	2292
454	06:51:48	60.13	6499	2152	2291
455	06:52:49	60.12	6499	2151	2290
456	06:53:49	60.16	6499	2150	2289
457	06:54:49	60.11	6499	2149	2288
458	06:55:49	60.15	6499	2148	2288
459	06:56:49	60.11	6499	2147	2287
460	06:57:49	60.10	6499	2146	2286
461	06:58:49	60.10	6499	2144	2285
462	06:59:49	60.12	6499	2143	2284
463	07:00:49	60.12	6499	2142	2283
464	07:01:50	60.12	6499	2141	2282
465	07:02:50	60.14	6499	2140	2281
466	07:03:50	60.12	6499	2139	2280
467	07:04:50	60.16	6499	2138	2279
468	07:05:50	60.16	6499	2137	2278
469	07:06:50	60.10	6499	2136	2278
470	07:07:50	60.17	6499	2135	2277
471	07:08:51	60.09	6499	2133	2276
472	07:09:51	60.11	6499	2132	2275
473	07:10:51	60.10	6499	2131	2274
474	07:11:51	60.11	6499	2130	2273
475	07:12:51	60.14	6499	2129	2272
476	07:13:51	60.12	6499	2128	2271
477	07:14:51	60.11	6499	2127	2270
478	07:15:51	60.11	6499	2126	2269
479	07:16:51	60.11	6499	2125	2268
480	07:17:52	60.15	6499	2124	2267
481	07:18:52	60.16	6499	2123	2267
482	07:19:52	60.14	6499	2122	2266
483	07:20:52	60.17	6499	2121	2265
484	07:21:52	60.12	6499	2120	2264
485	07:22:52	60.11	6499	2119	2263
486	07:23:52	60.12	6499	2118	2262
487	07:24:53	60.11	6499	2116	2261
488	07:25:53	60.12	6499	2115	2260
489	07:26:53	60.15	6499	2114	2259
490	07:27:53	60.35	6499	2113	2258
491	07:28:53	60.13	6499	2112	2257
492	07:29:53	60.16	6499	2111	2256
493	07:30:54	60.11	6499	2110	2256
494	07:31:54	60.35	6499	2109	2255
495	07:32:54	60.11	6499	2108	2254
496	07:33:54	60.12	6499	2107	2253
497	07:34:54	60.11	6499	2106	2252
498	07:35:54	60.12	6499	2105	2251
499	07:36:54	60.15	6499	2104	2250
500	07:37:55	60.12	6499	2103	2249
501	07:38:55	60.12	6499	2102	2248
502	07:39:55	60.14	6499	2100	2247
503	07:40:55	60.11	6499	2099	2246
504	07:41:55	60.11	6499	2098	2245
505	07:42:55	60.16	6499	2097	2244
506	07:43:55	60.15	6499	2096	2243
507	07:44:56	60.11	6499	2095	2243
508	07:45:56	60.14	6499	2094	2242
509	07:46:56	60.12	6499	2093	2241
510	07:47:56	60.13	6499	2092	2240
511	07:48:56	60.14	6499	2091	2239
512	07:49:56	60.11	6499	2090	2238
513	07:50:56	60.11	6499	2089	2237
514	07:51:56	60.16	6499	2088	2236
515	07:52:57	60.16	6499	2086	2235
516	07:53:57	60.13	6499	2085	2234
517	07:54:57	60.15	6499	2084	2233
518	07:55:57	60.14	6499	2083	2233
519	07:56:57	60.10	6499	2082	2232
520	07:57:57	60.15	6499	2081	2231
521	07:58:57	60.14	6499	2080	2230
522	07:59:58	60.12	6499	2079	2229
523	08:00:58	60.14	6499	2078	2228
524	08:01:58	60.13	6499	2077	2227
525	08:02:58	60.17	6499	2076	2226
526	08:03:58	60.11	6499	2075	2225
527	08:04:58	60.17	6499	2074	2224
528	08:05:58	60.35	6499	2073	2223
529	08:06:59	60.11	6499	2072	2222
530	08:07:59	60.17	6499	2071	2222
531	08:08:59	60.13	6499	2070	2221
532	08:09:59	60.13	6499	2068	2220
533	08:10:59	60.13	6499	2067	2219
534	08:11:59	60.16	6499	2066	2218
535	08:13:00	60.11	6499	2065	2217
536	08:14:00	60.20	6499	2064	2216
537	08:15:00	60.12	6499	2063	2215
538	08:16:00	60.12	6499	2062	2214
539	08:17:00	60.18	6499	2061	2213
540	08:18:00	60.13	6499	2060	2213
541	08:19:00	60.11	6499	2059	2212
542	08:20:01	60.18	6499	2058	2211
543	08:21:01	60.13	6499	2057	2210
544	08:22:01	60.13	6499	2056	2209
545	08:23:01	60.12	6499	2055	2208
546	08:24:01	60.13	6499	2054	2207
547	08:25:01	60.13	6499	2053	2206
548	08:26:01	60.15	6499	2052	2206
549	08:27:01	60.14	6499	2050	2205
550	08:28:02	60.11	6499	2049	2204
551	08:29:02	60.16	6499	2048	2203
552	08:30:02	60.16	6499	2047	2202
553	08:31:02	60.12	6499	2046	2201
554	08:32:02	60.13	6499	2045	2200
555	08:33:02	60.13	6499	2044	2199
556	08:34:02	60.13	6499	2043	2198
557	08:35:03	60.14	6499	2042	2197
558	08:36:03	60.16	6499	2041	2197
559	08:37:03	60.15	6499	2040	2196
560	08:38:03	60.15	6499	2039	2195
561	08:39:03	60.12	6499	2038	2194
562	08:40:03	60.16	6499	2037	2193
563	08:41:03	60.13	6499	2036	2192
564	08:42:04	60.14	6499	2035	2191
565	08:43:04	60.12	6499	2034	2190
566	08:44:04	60.12	6499	2033	2189
567	08:45:04	60.12	6499	2032	2188
568	08:46:04	60.13	6499	2031	2187
569	08:47:04	60.13	6499	2030	2187
570	08:48:04	60.17	6499	2028	2186
571	08:49:04	60.14	6499	2027	2185
572	08:50:05	60.13	6499	2026	2184
573	08:51:05	60.15	6499	2025	2183
574	08:52:05	60.11	6499	2024	2182
575	08:53:05	60.13	6499	2023	2181
576	08:54:05	60.16	6499	2022	2180
577	08:55:05	60.12	6499	2021	2179
578	08:56:05	60.16	6499	2020	2178
579	08:57:06	60.14	6499	2019	2178
580	08:58:06	60.16	6499	2018	2177
581	08:59:06	51.64	6499	2017	2176
582	08:59:58	60.10	6499	2016	2175
583	09:00:58	60.12	6499	2015	2174
584	09:01:58	60.14	6499	2014	2173
585	09:02:58	60.12	6499	2013	2172
586	09:03:58	60.36	6499	2012	2172
587	09:04:58	60.15	6499	2011	2170
588	09:05:59	60.11	6499	2010	2170
589	09:06:59	60.11	6499	2009	2169
590	09:07:59	60.12	6499	2008	2168
591	09:08:59	60.12	6499	2007	2167
592	09:09:59	60.12	6499	2005	2166
593	09:10:59	60.12	6499	2004	2165
594	09:11:59	44.32	6499	2004	2164
595	09:12:44	60.18	6499	2003	2164
596	09:13:44	60.14	6499	2002	2163
597	09:14:44	60.16	6499	2001	2162
598	09:15:44	60.12	6499	1999	2161
599	09:16:44	60.12	6499	1998	2160
600	09:17:44	60.11	6499	1997	2159
601	09:18:44	60.12	6499	1996	2158
602	09:19:45	60.14	6499	1995	2157
603	09:20:45	60.13	6499	1994	2156
604	09:21:45	60.12	6499	1993	2156
605	09:22:45	60.17	6499	1992	2155
606	09:23:45	60.12	6499	1991	2154
607	09:24:45	60.15	6499	1990	2153
608	09:25:45	60.11	6499	1989	2152
609	09:26:45	60.12	6499	1988	2151
610	09:27:46	60.11	6499	1987	2150
611	09:28:46	60.12	6499	1986	2149
612	09:29:46	60.16	6499	1985	2148
613	09:30:46	60.15	6499	1977	2148
614	09:31:46	60.17	6499	1971	2147
615	09:32:46	60.13	6499	1968	2146
616	09:33:46	60.35	6499	1967	2145
617	09:34:47	60.12	6499	1966	2144
618	09:35:47	60.11	6499	1965	2143
619	09:36:47	60.11	6499	1964	2142
620	09:37:47	60.12	6499	1962	2141
621	09:38:47	60.18	6499	1961	2141
622	09:39:47	60.12	6499	1960	2140
623	09:40:48	60.16	6499	1959	2139
624	09:41:48	60.12	6499	1958	2138
625	09:42:48	60.13	6499	1957	2137
626	09:43:48	60.16	6499	1956	2136
627	09:44:48	60.14	6499	1955	2135
628	09:45:48	60.12	6499	1952	2135
629	09:46:48	60.16	6499	1949	2134
630	09:47:49	60.14	6499	1947	2133
631	09:48:49	60.12	6499	1946	2132
632	09:49:49	60.11	6499	1945	2131
633	09:50:49	60.16	6499	1944	2130
634	09:51:49	60.17	6499	1943	2129
635	09:52:49	60.14	6499	1942	2128
636	09:53:49	60.36	6499	1941	2128
637	09:54:50	60.12	6499	1939	2127
638	09:55:50	12.30	6499	1939	2126
639	09:56:02	60.32	6499	1938	2126
640	09:57:02	60.11	6499	1937	2125
641	09:58:03	60.45	6499	1936	2124
642	09:59:03	60.11	6499	1935	2123
643	10:00:03	60.37	6499	1934	2122
644	10:01:04	60.11	6499	1933	2121
645	10:02:04	60.16	6499	1932	2120
646	10:03:04	60.12	6499	1931	2120
647	10:04:04	60.35	6499	1930	2119
648	10:05:04	60.11	6499	1929	2118
649	10:06:04	60.12	6499	1928	2117
650	10:07:04	60.13	6499	1927	2116
651	10:08:05	39.17	6499	1926	2116
652	10:08:44	60.10	6499	1925	2115
653	10:09:44	60.17	6499	1924	2114
654	10:10:44	19.75	6499	1923	2113
655	10:11:04	60.21	6499	1923	2113
656	10:12:04	60.14	6499	1922	2112
657	10:13:04	60.14	6499	1921	2111
658	10:14:04	38.52	6499	1911	2100
659	10:14:43	60.44	6499	0	0
660	10:15:43	60.13	6499	0	0
661	10:16:43	60.11	6499	0	0
662	10:17:44	60.13	6499	0	0
663	10:18:44	60.13	6499	0	0
664	10:19:44	60.12	6501	0	0
665	10:20:44	67.76	6501	0	0
Created by AtlRunQuery on: 2018-11-30 10:11:45.533048
