LHC beam energy and intensities during run 352448:
(Begin/end of run: Sun Jun 10 2018 22:40:04 − Mon Jun 11, 14:06:52)

LB	   Start time
(CEST)	   Duration
(sec)	   Beam energy
(GeV)	   Intensity Beam-1
(1e11 protons)	   Intensity Beam-2
(1e11 protons)
1	22:40:04	60.12	450	3.836	0.07221
2	22:41:04	45.50	450	13.04	7.484
3	22:41:49	57.86	450	30.48	13.08
4	22:42:47	60.29	450	122.1	71.67
5	22:43:47	60.12	449	270.9	170.6
6	22:44:47	60.13	450	394.1	294.8
7	22:45:48	60.11	450	517.3	446.7
8	22:46:48	60.17	450	630	583
9	22:47:48	60.11	450	714.6	675.4
10	22:48:48	60.12	450	871.8	777.3
11	22:49:48	60.12	450	996.1	901.2
12	22:50:48	60.13	449	1118	1045
13	22:51:48	60.11	450	1240	1189
14	22:52:48	60.11	450	1361	1312
15	22:53:49	60.11	449	1466	1413
16	22:54:49	60.17	450	1592	1503
17	22:55:49	60.12	450	1713	1639
18	22:56:49	60.12	450	1835	1790
19	22:57:49	60.12	450	1955	1913
20	22:58:49	60.18	450	2103	2035
21	22:59:49	60.11	450	2189	2144
22	23:00:49	60.12	450	2298	2226
23	23:01:50	60.16	450	2418	2382
24	23:02:50	60.12	450	2519	2383
25	23:03:50	60.11	450	2514	2379
26	23:04:50	60.12	449	2510	2376
27	23:05:50	60.12	449	2505	2479
28	23:06:50	60.39	450	2501	2533
29	23:07:51	60.12	450	2497	2558
30	23:08:51	60.16	450	2583	2689
31	23:09:51	60.12	450	2703	2841
32	23:10:51	60.11	450	2811	2848
33	23:11:51	60.12	449	2809	2846
34	23:12:51	60.16	450	2806	2843
35	23:13:51	60.11	449	2803	2839
36	23:14:51	35.05	479	2800	2837
37	23:15:27	11.95	531	2787	2824
38	23:15:38	60.57	552	2787	2823
39	23:16:39	60.17	713	2787	2821
40	23:17:39	10.27	932	2787	2820
41	23:17:49	60.11	975	2787	2820
42	23:18:50	60.12	1280	2786	2819
43	23:19:50	60.11	1627	2786	2819
44	23:20:50	60.38	1974	2786	2819
45	23:21:50	60.11	2322	2786	2819
46	23:22:50	60.13	2669	2786	2819
47	23:23:50	60.11	3016	2785	2819
48	23:24:51	60.11	3370	2785	2819
49	23:25:51	60.11	3717	2785	2818
50	23:26:51	60.11	4064	2784	2818
51	23:27:51	60.12	4412	2783	2818
52	23:28:51	60.12	4759	2783	2817
53	23:29:51	60.11	5107	2782	2817
54	23:30:51	60.11	5454	2781	2817
55	23:31:51	60.11	5802	2780	2816
56	23:32:51	60.11	6149	2777	2816
57	23:33:52	20.88	6484	2772	2816
58	23:34:12	10.46	6499	2771	2815
59	23:34:23	60.11	6499	2771	2814
60	23:35:23	60.12	6499	2771	2814
61	23:36:23	60.16	6499	2771	2813
62	23:37:23	60.13	6499	2771	2813
63	23:38:23	60.12	6499	2771	2813
64	23:39:24	60.12	6499	2770	2813
65	23:40:24	60.12	6499	2770	2813
66	23:41:24	60.14	6499	2770	2813
67	23:42:24	60.11	6499	2769	2813
68	23:43:24	60.16	6499	2767	2812
69	23:44:24	60.13	6499	2766	2812
70	23:45:24	60.11	6499	2765	2812
71	23:46:24	60.10	6499	2763	2811
72	23:47:25	60.11	6499	2761	2811
73	23:48:25	60.10	6499	2759	2810
74	23:49:25	48.82	6499	2756	2808
75	23:50:14	60.41	6499	2754	2807
76	23:51:14	60.16	6499	2750	2806
77	23:52:14	60.12	6499	2746	2805
78	23:53:14	60.11	6499	2743	2802
79	23:54:14	60.11	6499	2740	2800
80	23:55:14	60.15	6499	2738	2798
81	23:56:15	60.12	6499	2735	2796
82	23:57:15	16.60	6499	2733	2795
83	23:57:31	14.10	6499	2732	2794
84	23:57:45	60.26	6499	2731	2793
85	23:58:46	60.12	6499	2728	2791
86	23:59:46	60.14	6499	2725	2789
87	00:00:46	10.27	6499	2723	2788
88	00:00:56	60.43	6499	2722	2786
89	00:01:57	60.11	6499	2719	2784
90	00:02:57	19.20	6499	2717	2783
91	00:03:16	60.52	6499	2715	2782
92	00:04:16	60.11	6499	2713	2780
93	00:05:17	16.76	6499	2711	2779
94	00:05:33	10.29	6499	2711	2778
95	00:05:44	10.27	6499	2710	2778
96	00:05:54	60.11	6499	2709	2776
97	00:06:54	60.12	6499	2706	2775
98	00:07:54	60.11	6499	2704	2773
99	00:08:54	47.34	6499	2702	2771
100	00:09:42	60.10	6499	2700	2769
101	00:10:42	60.11	6499	2698	2767
102	00:11:42	41.67	6499	2696	2766
103	00:12:23	31.99	6499	2694	2765
104	00:12:55	43.23	6499	2693	2763
105	00:13:39	9.01	6499	2692	2763
106	00:13:48	7.92	6499	2692	2763
107	00:13:56	9.01	6499	2692	2762
108	00:14:05	7.89	6499	2691	2762
109	00:14:13	3.81	6499	2691	2762
110	00:14:16	5.20	6499	2691	2762
111	00:14:22	7.90	6499	2691	2762
112	00:14:29	9.01	6499	2690	2762
113	00:14:38	7.91	6499	2690	2761
114	00:14:46	9.00	6499	2690	2761
115	00:14:55	7.92	6499	2689	2761
116	00:15:03	9.00	6499	2689	2760
117	00:15:12	7.62	6499	2689	2760
118	00:15:20	9.00	6499	2688	2760
119	00:15:29	7.93	6499	2688	2760
120	00:15:37	9.00	6499	2688	2760
121	00:15:46	7.92	6499	2688	2760
122	00:15:54	9.01	6499	2687	2759
123	00:16:03	23.14	6499	2687	2759
124	00:16:26	9.01	6499	2686	2758
125	00:16:35	7.62	6499	2686	2758
126	00:16:43	9.02	6499	2686	2758
127	00:16:52	7.63	6499	2686	2758
128	00:16:59	8.99	6499	2686	2758
129	00:17:08	7.32	6499	2685	2758
130	00:17:16	9.01	6499	2685	2758
131	00:17:25	7.32	6499	2685	2757
132	00:17:32	9.01	6499	2684	2757
133	00:17:41	7.32	6499	2684	2757
134	00:17:48	9.00	6499	2684	2756
135	00:17:57	7.32	6499	2683	2756
136	00:18:04	9.01	6499	2683	2756
137	00:18:13	7.31	6499	2682	2756
138	00:18:21	9.01	6499	2682	2756
139	00:18:30	7.32	6499	2682	2755
140	00:18:37	9.01	6499	2682	2755
141	00:18:46	8.74	6499	2681	2755
142	00:18:55	60.52	6499	2680	2754
143	00:19:55	60.12	6499	2678	2752
144	00:20:56	25.48	6499	2677	2751
145	00:21:21	60.43	6499	2675	2750
146	00:22:21	60.17	6499	2673	2748
147	00:23:22	60.17	6499	2670	2746
148	00:24:22	60.14	6499	2668	2744
149	00:25:22	33.40	6499	2667	2742
150	00:25:55	60.04	6499	2665	2741
151	00:26:55	60.11	6499	2663	2739
152	00:27:55	60.17	6499	2661	2737
153	00:28:56	60.15	6499	2659	2735
154	00:29:56	60.14	6499	2656	2734
155	00:30:56	60.11	6499	2654	2732
156	00:31:56	35.90	6499	2653	2730
157	00:32:32	60.33	6499	2651	2729
158	00:33:32	27.24	6499	2650	2728
159	00:33:59	60.43	6499	2648	2726
160	00:35:00	34.31	6499	2646	2725
161	00:35:34	15.26	6499	2646	2724
162	00:35:49	11.15	6499	2645	2724
163	00:36:01	33.35	6499	2644	2723
164	00:36:34	60.24	6499	2643	2722
165	00:37:34	60.12	6499	2641	2720
166	00:38:34	60.12	6499	2639	2718
167	00:39:34	60.16	6499	2636	2716
168	00:40:35	60.12	6499	2634	2715
169	00:41:35	60.11	6499	2632	2713
170	00:42:35	60.11	6499	2630	2711
171	00:43:35	60.16	6499	2628	2710
172	00:44:35	46.84	6499	2627	2708
173	00:45:22	15.50	6499	2626	2708
174	00:45:37	60.26	6499	2624	2707
175	00:46:38	60.12	6499	2623	2705
176	00:47:38	60.15	6499	2621	2704
177	00:48:38	60.15	6499	2619	2702
178	00:49:38	60.11	6499	2617	2701
179	00:50:38	60.17	6499	2615	2699
180	00:51:38	60.11	6499	2613	2697
181	00:52:39	60.11	6499	2611	2695
182	00:53:39	10.30	6499	2610	2694
183	00:53:49	60.67	6499	2609	2693
184	00:54:50	60.16	6499	2607	2692
185	00:55:50	60.12	6499	2605	2690
186	00:56:50	60.12	6499	2603	2688
187	00:57:50	60.12	6499	2601	2686
188	00:58:50	60.10	6499	2599	2684
189	00:59:50	60.11	6499	2597	2683
190	01:00:50	60.11	6499	2595	2681
191	01:01:50	60.15	6499	2593	2679
192	01:02:51	60.10	6499	2591	2678
193	01:03:51	60.12	6499	2589	2676
194	01:04:51	60.14	6499	2587	2674
195	01:05:51	60.11	6499	2585	2673
196	01:06:51	60.14	6499	2583	2671
197	01:07:51	60.11	6499	2581	2669
198	01:08:51	60.16	6499	2579	2667
199	01:09:51	60.12	6499	2577	2666
200	01:10:52	60.16	6499	2575	2664
201	01:11:52	55.50	6499	2573	2662
202	01:12:47	15.69	6499	2572	2661
203	01:13:03	14.00	6499	2571	2661
204	01:13:17	60.45	6499	2570	2660
205	01:14:17	60.12	6499	2568	2658
206	01:15:18	60.11	6499	2566	2657
207	01:16:18	60.14	6499	2565	2655
208	01:17:18	60.14	6499	2563	2653
209	01:18:18	60.17	6499	2561	2652
210	01:19:18	60.12	6499	2559	2650
211	01:20:18	60.11	6499	2557	2648
212	01:21:18	60.11	6499	2555	2647
213	01:22:18	60.16	6499	2553	2645
214	01:23:19	60.11	6499	2551	2643
215	01:24:19	60.13	6499	2549	2642
216	01:25:19	60.12	6499	2547	2640
217	01:26:19	60.14	6499	2545	2638
218	01:27:19	55.56	6499	2543	2637
219	01:28:15	60.43	6499	2542	2635
220	01:29:15	60.11	6499	2540	2634
221	01:30:15	60.11	6499	2538	2632
222	01:31:15	60.11	6499	2536	2630
223	01:32:15	60.12	6499	2534	2629
224	01:33:16	60.12	6499	2532	2627
225	01:34:16	60.14	6499	2530	2625
226	01:35:16	60.17	6499	2528	2624
227	01:36:16	60.12	6499	2527	2622
228	01:37:16	60.12	6499	2525	2620
229	01:38:16	60.11	6499	2523	2619
230	01:39:16	60.11	6499	2521	2617
231	01:40:16	60.12	6499	2519	2616
232	01:41:17	60.14	6499	2517	2614
233	01:42:17	60.11	6499	2515	2612
234	01:43:17	60.12	6499	2513	2611
235	01:44:17	60.15	6499	2512	2609
236	01:45:17	60.11	6499	2510	2608
237	01:46:17	60.15	6499	2508	2606
238	01:47:17	60.17	6499	2506	2604
239	01:48:17	21.26	6499	2505	2603
240	01:48:39	60.20	6499	2504	2602
241	01:49:39	60.11	6499	2502	2601
242	01:50:39	60.11	6499	2500	2599
243	01:51:39	60.12	6499	2498	2597
244	01:52:39	60.11	6499	2496	2596
245	01:53:39	60.36	6499	2494	2594
246	01:54:40	60.37	6499	2492	2592
247	01:55:40	60.11	6499	2491	2591
248	01:56:40	32.71	6499	2489	2590
249	01:57:13	60.48	6499	2488	2588
250	01:58:13	60.11	6499	2486	2587
251	01:59:14	60.11	6499	2484	2585
252	02:00:14	60.10	6499	2482	2584
253	02:01:14	60.17	6499	2480	2582
254	02:02:14	60.11	6499	2478	2580
255	02:03:14	60.11	6499	2477	2579
256	02:04:14	60.17	6499	2475	2577
257	02:05:14	60.11	6499	2473	2576
258	02:06:14	60.12	6499	2471	2574
259	02:07:15	60.11	6499	2469	2572
260	02:08:15	60.12	6499	2468	2571
261	02:09:15	60.12	6499	2466	2569
262	02:10:15	60.13	6499	2464	2568
263	02:11:15	60.11	6499	2462	2566
264	02:12:15	60.13	6499	2460	2565
265	02:13:15	60.14	6499	2458	2563
266	02:14:15	22.62	6499	2457	2562
267	02:14:38	60.28	6499	2456	2561
268	02:15:38	19.98	6499	2455	2560
269	02:15:58	10.49	6499	2454	2560
270	02:16:09	14.13	6499	2454	2559
271	02:16:23	60.05	6499	2453	2558
272	02:17:23	60.12	6499	2451	2557
273	02:18:23	60.13	6499	2449	2555
274	02:19:23	60.17	6499	2447	2553
275	02:20:23	60.12	6499	2446	2552
276	02:21:23	60.11	6499	2444	2550
277	02:22:24	60.09	6499	2442	2549
278	02:23:24	10.27	6499	2441	2548
279	02:23:34	60.13	6499	2440	2547
280	02:24:34	60.12	6499	2438	2545
281	02:25:34	60.12	6499	2436	2544
282	02:26:34	60.10	6499	2435	2542
283	02:27:34	60.42	6499	2433	2541
284	02:28:35	60.11	6499	2431	2539
285	02:29:35	60.12	6499	2429	2538
286	02:30:35	60.17	6499	2427	2536
287	02:31:35	60.13	6499	2426	2535
288	02:32:35	39.93	6499	2424	2533
289	02:33:15	31.20	6499	2423	2532
290	02:33:46	60.46	6499	2422	2531
291	02:34:47	60.11	6499	2420	2530
292	02:35:47	60.17	6499	2418	2528
293	02:36:47	10.27	6499	2417	2527
294	02:36:57	60.42	6499	2416	2526
295	02:37:58	60.38	6499	2414	2525
296	02:38:58	60.11	6499	2413	2523
297	02:39:58	60.17	6499	2411	2522
298	02:40:59	60.17	6499	2409	2520
299	02:41:59	60.15	6499	2407	2519
300	02:42:59	60.11	6499	2406	2517
301	02:43:59	60.35	6499	2404	2516
302	02:44:59	60.14	6499	2402	2514
303	02:45:59	60.12	6499	2401	2513
304	02:47:00	60.17	6499	2399	2511
305	02:48:00	60.11	6499	2397	2510
306	02:49:00	60.17	6499	2395	2508
307	02:50:00	27.07	6499	2394	2507
308	02:50:27	22.80	6499	2393	2507
309	02:50:50	60.21	6499	2392	2506
310	02:51:50	60.11	6499	2390	2504
311	02:52:50	60.15	6499	2389	2503
312	02:53:50	60.38	6499	2387	2501
313	02:54:51	60.16	6499	2385	2499
314	02:55:51	10.27	6499	2384	2499
315	02:56:01	60.12	6499	2383	2498
316	02:57:01	60.18	6499	2382	2496
317	02:58:01	17.61	6499	2380	2495
318	02:58:19	60.55	6499	2379	2494
319	02:59:20	60.10	6499	2378	2493
320	03:00:20	60.12	6499	2376	2491
321	03:01:20	60.15	6499	2374	2490
322	03:02:20	60.13	6499	2372	2488
323	03:03:20	60.15	6499	2371	2487
324	03:04:20	60.14	6499	2369	2486
325	03:05:20	60.11	6499	2367	2484
326	03:06:21	60.12	6499	2365	2483
327	03:07:21	60.15	6499	2364	2481
328	03:08:21	60.17	6499	2362	2480
329	03:09:21	60.12	6499	2360	2478
330	03:10:21	60.11	6499	2359	2477
331	03:11:21	60.12	6499	2357	2475
332	03:12:21	60.11	6499	2355	2474
333	03:13:21	56.58	6499	2354	2472
334	03:14:18	60.22	6499	2352	2471
335	03:15:18	60.15	6499	2350	2469
336	03:16:18	60.12	6499	2348	2468
337	03:17:19	60.16	6499	2347	2467
338	03:18:19	60.12	6499	2345	2465
339	03:19:19	60.11	6499	2343	2464
340	03:20:19	10.27	6499	2342	2463
341	03:20:29	18.98	6499	2342	2462
342	03:20:48	60.23	6499	2341	2462
343	03:21:48	60.14	6499	2339	2460
344	03:22:49	60.12	6499	2338	2459
345	03:23:49	60.12	6499	2336	2457
346	03:24:49	60.11	6499	2334	2456
347	03:25:49	60.14	6499	2333	2454
348	03:26:49	60.12	6499	2331	2453
349	03:27:49	60.16	6499	2329	2451
350	03:28:49	60.12	6499	2328	2450
351	03:29:49	60.10	6499	2326	2449
352	03:30:50	60.16	6499	2324	2447
353	03:31:50	60.13	6499	2323	2446
354	03:32:50	60.11	6499	2321	2444
355	03:33:50	60.12	6499	2319	2443
356	03:34:50	60.35	6499	2318	2441
357	03:35:50	60.12	6499	2316	2440
358	03:36:51	60.11	6499	2314	2439
359	03:37:51	60.16	6499	2313	2437
360	03:38:51	60.12	6499	2311	2436
361	03:39:51	60.12	6499	2309	2434
362	03:40:51	60.12	6499	2308	2433
363	03:41:51	60.15	6499	2306	2431
364	03:42:51	23.69	6499	2305	2430
365	03:43:15	60.48	6499	2304	2429
366	03:44:15	60.10	6499	2302	2428
367	03:45:16	60.13	6499	2300	2427
368	03:46:16	60.11	6499	2299	2425
369	03:47:16	60.11	6499	2297	2424
370	03:48:16	17.23	6499	2296	2423
371	03:48:33	60.19	6499	2295	2422
372	03:49:33	60.17	6499	2294	2420
373	03:50:34	60.12	6499	2292	2419
374	03:51:34	60.14	6499	2290	2418
375	03:52:34	60.12	6499	2289	2416
376	03:53:34	60.35	6499	2287	2415
377	03:54:34	56.51	6499	2285	2413
378	03:55:31	60.24	6499	2284	2412
379	03:56:31	60.11	6499	2282	2411
380	03:57:31	60.17	6499	2281	2409
381	03:58:31	60.12	6499	2279	2408
382	03:59:31	60.13	6499	2277	2406
383	04:00:32	60.12	6499	2276	2405
384	04:01:32	60.11	6499	2274	2404
385	04:02:32	60.16	6499	2272	2402
386	04:03:32	60.17	6499	2271	2401
387	04:04:32	60.18	6499	2269	2399
388	04:05:32	10.29	6499	2268	2399
389	04:05:43	60.43	6499	2267	2398
390	04:06:43	17.04	6499	2267	2397
391	04:07:00	60.09	6499	2265	2396
392	04:08:00	60.15	6499	2264	2395
393	04:09:00	60.15	6499	2262	2393
394	04:10:00	60.16	6499	2260	2392
395	04:11:01	60.12	6499	2259	2390
396	04:12:01	60.11	6499	2257	2389
397	04:13:01	60.11	6499	2256	2388
398	04:14:01	60.12	6499	2254	2386
399	04:15:01	60.11	6499	2253	2385
400	04:16:01	60.36	6499	2251	2384
401	04:17:02	60.13	6499	2249	2382
402	04:18:02	60.11	6499	2248	2381
403	04:19:02	60.12	6499	2246	2379
404	04:20:02	60.12	6499	2245	2378
405	04:21:02	60.09	6499	2243	2376
406	04:22:02	60.12	6499	2241	2375
407	04:23:02	60.12	6499	2240	2374
408	04:24:02	60.12	6499	2238	2372
409	04:25:02	60.14	6499	2237	2371
410	04:26:03	60.12	6499	2235	2369
411	04:27:03	60.12	6499	2234	2368
412	04:28:03	60.44	6499	2232	2367
413	04:29:03	60.10	6499	2230	2365
414	04:30:03	60.10	6499	2229	2364
415	04:31:03	60.41	6499	2227	2362
416	04:32:04	60.14	6499	2226	2361
417	04:33:04	60.12	6499	2224	2360
418	04:34:04	60.11	6499	2223	2358
419	04:35:04	60.12	6499	2221	2357
420	04:36:04	60.12	6499	2219	2356
421	04:37:04	60.15	6499	2218	2354
422	04:38:05	60.13	6499	2216	2353
423	04:39:05	60.16	6499	2215	2351
424	04:40:05	60.12	6499	2213	2350
425	04:41:05	60.11	6499	2212	2349
426	04:42:05	60.13	6499	2210	2347
427	04:43:05	60.13	6499	2208	2346
428	04:44:05	60.15	6499	2207	2344
429	04:45:06	60.11	6499	2205	2343
430	04:46:06	60.34	6499	2204	2342
431	04:47:06	60.13	6499	2202	2340
432	04:48:06	60.17	6499	2201	2339
433	04:49:06	60.12	6499	2199	2338
434	04:50:06	60.10	6499	2198	2336
435	04:51:07	60.13	6499	2196	2335
436	04:52:07	60.16	6499	2195	2334
437	04:53:07	27.60	6499	2193	2333
438	04:53:34	60.33	6499	2192	2332
439	04:54:35	60.11	6499	2191	2330
440	04:55:35	60.11	6499	2189	2329
441	04:56:35	59.27	6499	2188	2328
442	04:57:34	60.20	6499	2186	2326
443	04:58:34	60.11	6499	2185	2325
444	04:59:35	60.11	6499	2183	2323
445	05:00:35	50.48	6499	2182	2322
446	05:01:25	60.23	6499	2180	2321
447	05:02:25	60.10	6499	2179	2320
448	05:03:25	60.10	6499	2177	2318
449	05:04:26	60.11	6499	2176	2317
450	05:05:26	60.15	6499	2174	2316
451	05:06:26	60.11	6499	2173	2314
452	05:07:26	60.11	6499	2171	2313
453	05:08:26	60.11	6499	2170	2312
454	05:09:26	60.12	6499	2168	2310
455	05:10:26	60.11	6499	2167	2309
456	05:11:26	60.13	6499	2165	2308
457	05:12:27	60.43	6499	2164	2306
458	05:13:27	60.16	6499	2162	2305
459	05:14:27	60.39	6499	2161	2304
460	05:15:27	60.17	6499	2159	2302
461	05:16:28	60.15	6499	2157	2301
462	05:17:28	60.11	6499	2156	2300
463	05:18:28	60.14	6499	2154	2298
464	05:19:28	10.27	6499	2154	2298
465	05:19:38	60.45	6499	2153	2297
466	05:20:39	60.12	6499	2151	2295
467	05:21:39	60.12	6499	2150	2294
468	05:22:39	60.13	6499	2148	2293
469	05:23:39	60.11	6499	2147	2291
470	05:24:39	60.11	6499	2145	2290
471	05:25:39	60.11	6499	2144	2289
472	05:26:39	60.36	6499	2142	2287
473	05:27:40	60.11	6499	2141	2286
474	05:28:40	60.11	6499	2139	2285
475	05:29:40	60.17	6499	2138	2284
476	05:30:40	60.16	6499	2136	2282
477	05:31:40	60.12	6499	2135	2281
478	05:32:41	60.17	6499	2133	2280
479	05:33:41	60.13	6499	2132	2278
480	05:34:41	60.11	6499	2130	2277
481	05:35:41	60.13	6499	2129	2276
482	05:36:41	60.12	6499	2127	2274
483	05:37:41	60.11	6499	2126	2273
484	05:38:41	60.16	6499	2124	2272
485	05:39:41	60.12	6499	2123	2271
486	05:40:42	60.13	6499	2121	2269
487	05:41:42	60.11	6499	2120	2268
488	05:42:42	60.12	6499	2118	2267
489	05:43:42	60.14	6499	2117	2265
490	05:44:42	60.13	6499	2116	2264
491	05:45:42	60.16	6499	2114	2263
492	05:46:42	60.15	6499	2113	2262
493	05:47:43	60.15	6499	2111	2260
494	05:48:43	60.13	6499	2110	2259
495	05:49:43	60.16	6499	2108	2258
496	05:50:43	60.12	6499	2107	2256
497	05:51:43	60.12	6499	2105	2255
498	05:52:43	60.16	6499	2104	2254
499	05:53:43	10.27	6499	2103	2253
500	05:53:54	60.42	6499	2102	2252
501	05:54:54	60.12	6499	2101	2251
502	05:55:54	60.12	6499	2099	2250
503	05:56:54	60.11	6499	2098	2248
504	05:57:54	60.11	6499	2096	2247
505	05:58:55	60.35	6499	2095	2246
506	05:59:55	60.12	6499	2093	2245
507	06:00:55	60.12	6499	2092	2243
508	06:01:55	60.12	6499	2090	2242
509	06:02:55	60.15	6499	2089	2241
510	06:03:55	60.11	6499	2088	2240
511	06:04:55	60.11	6499	2086	2238
512	06:05:56	60.12	6499	2085	2237
513	06:06:56	60.11	6499	2083	2236
514	06:07:56	60.16	6499	2082	2235
515	06:08:56	60.12	6499	2080	2233
516	06:09:56	60.36	6499	2079	2232
517	06:10:56	60.11	6499	2077	2231
518	06:11:57	60.11	6499	2076	2230
519	06:12:57	60.11	6499	2075	2228
520	06:13:57	60.12	6499	2073	2227
521	06:14:57	60.13	6499	2072	2226
522	06:15:57	60.16	6499	2070	2225
523	06:16:57	60.13	6499	2069	2223
524	06:17:57	60.12	6499	2067	2222
525	06:18:57	60.11	6499	2066	2221
526	06:19:58	60.12	6499	2064	2220
527	06:20:58	60.17	6499	2063	2219
528	06:21:58	60.11	6499	2062	2217
529	06:22:58	60.10	6499	2060	2216
530	06:23:58	60.11	6499	2059	2215
531	06:24:58	60.12	6499	2057	2213
532	06:25:58	60.11	6499	2055	2212
533	06:26:58	60.12	6499	2053	2211
534	06:27:59	60.16	6499	2052	2210
535	06:28:59	60.12	6499	2050	2209
536	06:29:59	60.12	6499	2049	2207
537	06:30:59	24.76	6499	2048	2206
538	06:31:24	60.43	6499	2047	2206
539	06:32:24	60.11	6499	2045	2204
540	06:33:24	60.12	6499	2044	2203
541	06:34:24	60.13	6499	2042	2202
542	06:35:24	60.18	6499	2041	2201
543	06:36:25	60.12	6499	2039	2200
544	06:37:25	60.35	6499	2038	2198
545	06:38:25	60.14	6499	2036	2197
546	06:39:25	60.10	6499	2035	2196
547	06:40:25	60.11	6499	2034	2195
548	06:41:25	60.11	6499	2032	2193
549	06:42:26	60.16	6499	2031	2192
550	06:43:26	60.12	6499	2029	2191
551	06:44:26	60.16	6499	2028	2190
552	06:45:26	60.13	6499	2026	2189
553	06:46:26	60.16	6499	2025	2187
554	06:47:26	60.11	6499	2023	2186
555	06:48:26	60.16	6499	2022	2185
556	06:49:27	60.15	6499	2020	2184
557	06:50:27	60.13	6499	2019	2182
558	06:51:27	15.34	6499	2018	2182
559	06:51:42	60.54	6499	2017	2181
560	06:52:43	60.15	6499	2015	2180
561	06:53:43	60.12	6499	2014	2178
562	06:54:43	60.13	6499	2013	2177
563	06:55:43	60.13	6499	2011	2176
564	06:56:43	60.16	6499	2010	2175
565	06:57:43	60.13	6499	2008	2174
566	06:58:44	60.11	6499	2007	2173
567	06:59:44	60.12	6499	2005	2172
568	07:00:44	60.16	6499	2004	2170
569	07:01:44	60.12	6499	2002	2169
570	07:02:44	60.11	6499	2001	2168
571	07:03:44	60.11	6499	1999	2167
572	07:04:44	60.11	6499	1998	2165
573	07:05:44	60.12	6499	1997	2164
574	07:06:45	60.12	6499	1995	2163
575	07:07:45	60.12	6499	1994	2162
576	07:08:45	60.12	6499	1992	2161
577	07:09:45	60.12	6499	1991	2159
578	07:10:45	60.14	6499	1989	2158
579	07:11:45	60.11	6499	1988	2157
580	07:12:45	60.11	6499	1986	2156
581	07:13:45	60.12	6499	1985	2155
582	07:14:45	60.12	6499	1983	2153
583	07:15:46	60.41	6499	1982	2152
584	07:16:46	60.11	6499	1981	2151
585	07:17:46	60.18	6499	1979	2150
586	07:18:46	60.10	6499	1978	2149
587	07:19:46	60.12	6499	1976	2147
588	07:20:46	60.12	6499	1975	2146
589	07:21:47	60.15	6499	1973	2145
590	07:22:47	60.11	6499	1972	2144
591	07:23:47	60.13	6499	1971	2143
592	07:24:47	60.11	6499	1969	2142
593	07:25:47	60.13	6499	1968	2140
594	07:26:47	60.11	6499	1966	2139
595	07:27:47	60.12	6499	1965	2138
596	07:28:47	60.12	6499	1964	2137
597	07:29:48	35.81	6499	1962	2136
598	07:30:23	60.51	6499	1961	2135
599	07:31:24	60.12	6499	1960	2134
600	07:32:24	60.36	6499	1958	2133
601	07:33:24	60.12	6499	1957	2131
602	07:34:25	60.12	6499	1956	2130
603	07:35:25	60.12	6499	1954	2129
604	07:36:25	60.39	6499	1953	2128
605	07:37:25	60.12	6499	1951	2127
606	07:38:25	60.11	6499	1950	2126
607	07:39:25	60.11	6499	1949	2125
608	07:40:26	60.11	6499	1947	2123
609	07:41:26	60.12	6499	1946	2122
610	07:42:26	60.16	6499	1944	2121
611	07:43:26	10.32	6499	1944	2120
612	07:43:36	60.11	6499	1943	2120
613	07:44:36	60.15	6499	1941	2119
614	07:45:36	60.16	6499	1940	2117
615	07:46:37	60.13	6499	1939	2116
616	07:47:37	60.13	6499	1937	2115
617	07:48:37	60.11	6499	1936	2114
618	07:49:37	60.16	6499	1934	2113
619	07:50:37	60.12	6499	1933	2112
620	07:51:37	60.12	6499	1932	2110
621	07:52:37	60.13	6499	1930	2109
622	07:53:38	60.12	6499	1929	2108
623	07:54:38	60.11	6499	1928	2107
624	07:55:38	60.12	6499	1926	2106
625	07:56:38	60.11	6499	1925	2105
626	07:57:38	60.12	6499	1923	2104
627	07:58:38	60.11	6499	1922	2102
628	07:59:38	60.11	6499	1920	2101
629	08:00:38	60.14	6499	1919	2100
630	08:01:38	60.16	6499	1918	2099
631	08:02:39	60.11	6499	1916	2098
632	08:03:39	60.12	6499	1915	2097
633	08:04:39	60.11	6499	1914	2095
634	08:05:39	60.10	6499	1912	2094
635	08:06:39	60.12	6499	1911	2093
636	08:07:39	60.11	6499	1909	2092
637	08:08:39	60.11	6499	1908	2091
638	08:09:39	60.12	6499	1907	2090
639	08:10:40	60.10	6499	1905	2089
640	08:11:40	60.15	6499	1904	2087
641	08:12:40	60.11	6499	1903	2086
642	08:13:40	60.12	6499	1901	2085
643	08:14:40	60.12	6499	1900	2084
644	08:15:40	60.12	6499	1899	2083
645	08:16:40	60.11	6499	1897	2082
646	08:17:40	60.11	6499	1896	2081
647	08:18:40	60.11	6499	1894	2080
648	08:19:41	60.11	6499	1893	2078
649	08:20:41	60.15	6499	1892	2077
650	08:21:41	60.17	6499	1890	2076
651	08:22:41	60.11	6499	1889	2075
652	08:23:41	59.34	6499	1888	2074
653	08:24:40	60.43	6499	1886	2073
654	08:25:41	60.20	6499	1885	2072
655	08:26:41	60.16	6499	1883	2071
656	08:27:41	60.12	6499	1882	2069
657	08:28:41	60.36	6499	1881	2068
658	08:29:42	60.12	6499	1879	2067
659	08:30:42	60.11	6499	1878	2066
660	08:31:42	60.16	6499	1877	2065
661	08:32:42	60.36	6499	1875	2064
662	08:33:42	60.16	6499	1874	2063
663	08:34:43	60.17	6499	1872	2062
664	08:35:43	60.17	6499	1871	2060
665	08:36:43	60.11	6499	1870	2059
666	08:37:43	60.13	6499	1868	2058
667	08:38:43	60.11	6499	1867	2057
668	08:39:43	60.12	6499	1866	2056
669	08:40:43	60.10	6499	1864	2055
670	08:41:44	60.10	6499	1863	2054
671	08:42:44	60.13	6499	1862	2053
672	08:43:44	60.11	6499	1860	2052
673	08:44:44	60.12	6499	1859	2051
674	08:45:44	60.15	6499	1858	2049
675	08:46:44	60.11	6499	1856	2048
676	08:47:44	60.11	6499	1855	2047
677	08:48:44	44.73	6499	1854	2046
678	08:49:29	60.22	6499	1853	2045
679	08:50:29	60.15	6499	1851	2044
680	08:51:29	60.16	6499	1850	2043
681	08:52:30	60.12	6499	1848	2042
682	08:53:30	14.56	6499	1848	2041
683	08:53:44	60.37	6499	1847	2041
684	08:54:45	60.12	6499	1846	2040
685	08:55:45	60.12	6499	1844	2038
686	08:56:45	60.15	6499	1843	2037
687	08:57:45	60.11	6499	1841	2036
688	08:58:45	60.11	6499	1840	2035
689	08:59:45	60.13	6499	1839	2034
690	09:00:45	60.12	6499	1837	2033
691	09:01:46	60.11	6499	1836	2032
692	09:02:46	60.11	6499	1835	2031
693	09:03:46	42.88	6499	1834	2030
694	09:04:29	60.17	6499	1832	2029
695	09:05:29	60.11	6499	1831	2028
696	09:06:29	60.13	6499	1830	2027
697	09:07:29	60.12	6499	1828	2026
698	09:08:29	60.12	6499	1827	2024
699	09:09:29	60.15	6499	1826	2023
700	09:10:29	60.12	6499	1824	2022
701	09:11:30	60.11	6499	1823	2021
702	09:12:30	60.12	6499	1822	2020
703	09:13:30	60.11	6499	1820	2019
704	09:14:30	60.12	6499	1819	2018
705	09:15:30	60.12	6499	1818	2017
706	09:16:30	60.17	6499	1817	2016
707	09:17:30	60.12	6499	1815	2015
708	09:18:30	60.15	6499	1814	2014
709	09:19:31	60.11	6499	1813	2013
710	09:20:31	60.14	6499	1811	2012
711	09:21:31	60.14	6499	1810	2011
712	09:22:31	60.37	6499	1809	2009
713	09:23:31	60.11	6499	1807	2008
714	09:24:31	60.11	6499	1806	2007
715	09:25:32	60.14	6499	1805	2006
716	09:26:32	60.16	6499	1803	2005
717	09:27:32	60.12	6499	1802	2004
718	09:28:32	60.14	6499	1801	2003
719	09:29:32	60.16	6499	1799	2002
720	09:30:32	11.81	6499	1799	2001
721	09:30:44	60.58	6499	1798	2000
722	09:31:45	60.11	6499	1797	1999
723	09:32:45	60.11	6499	1795	1998
724	09:33:45	60.14	6499	1794	1997
725	09:34:45	60.12	6499	1793	1996
726	09:35:45	60.12	6499	1791	1995
727	09:36:45	60.35	6499	1790	1994
728	09:37:46	43.65	6499	1789	1993
729	09:38:29	60.33	6499	1788	1992
730	09:39:30	60.17	6499	1787	1991
731	09:40:30	60.11	6499	1785	1990
732	09:41:30	60.16	6499	1784	1989
733	09:42:30	60.12	6499	1783	1988
734	09:43:30	60.16	6499	1781	1987
735	09:44:30	60.12	6499	1780	1985
736	09:45:30	60.13	6499	1779	1984
737	09:46:31	60.12	6499	1778	1983
738	09:47:31	60.11	6499	1776	1982
739	09:48:31	60.11	6499	1775	1981
740	09:49:31	60.11	6499	1774	1980
741	09:50:31	60.11	6499	1772	1979
742	09:51:31	60.17	6499	1771	1978
743	09:52:31	60.16	6499	1770	1977
744	09:53:31	60.11	6499	1768	1976
745	09:54:32	60.11	6499	1767	1975
746	09:55:32	60.12	6499	1766	1974
747	09:56:32	60.12	6499	1765	1972
748	09:57:32	60.11	6499	1763	1971
749	09:58:32	60.12	6499	1761	1970
750	09:59:32	36.90	6499	1760	1969
751	10:00:09	60.57	6499	1759	1968
752	10:01:10	60.10	6499	1757	1967
753	10:02:10	60.12	6499	1756	1965
754	10:03:10	60.12	6499	1754	1964
755	10:04:10	60.15	6499	1753	1963
756	10:05:10	30.93	6499	1752	1962
757	10:05:41	60.23	6499	1751	1961
758	10:06:41	60.14	6499	1749	1960
759	10:07:41	60.16	6499	1748	1959
760	10:08:42	60.13	6499	1746	1957
761	10:09:42	60.12	6499	1745	1956
762	10:10:42	60.12	6499	1743	1955
763	10:11:42	60.43	6499	1742	1954
764	10:12:42	60.11	6499	1741	1952
765	10:13:42	60.14	6499	1739	1951
766	10:14:43	60.11	6499	1738	1950
767	10:15:43	60.35	6499	1736	1949
768	10:16:43	60.15	6499	1735	1948
769	10:17:43	60.11	6499	1733	1947
770	10:18:43	60.11	6499	1732	1945
771	10:19:43	60.15	6499	1731	1944
772	10:20:44	60.15	6499	1729	1943
773	10:21:44	60.15	6499	1728	1942
774	10:22:44	38.41	6499	1727	1941
775	10:23:22	60.57	6499	1726	1940
776	10:24:23	60.11	6499	1724	1939
777	10:25:23	60.15	6499	1723	1937
778	10:26:23	60.12	6499	1721	1936
779	10:27:23	60.16	6499	1720	1935
780	10:28:23	60.11	6499	1718	1934
781	10:29:23	60.14	6499	1717	1933
782	10:30:24	60.12	6499	1716	1932
783	10:31:24	60.11	6499	1714	1930
784	10:32:24	60.16	6499	1713	1929
785	10:33:24	60.16	6499	1711	1928
786	10:34:24	60.13	6499	1710	1927
787	10:35:24	60.14	6499	1709	1926
788	10:36:24	60.11	6499	1707	1924
789	10:37:25	60.15	6499	1706	1923
790	10:38:25	60.12	6499	1705	1922
791	10:39:25	60.09	6499	1703	1921
792	10:40:25	60.10	6499	1702	1920
793	10:41:25	60.11	6499	1700	1919
794	10:42:25	60.12	6499	1699	1918
795	10:43:25	60.11	6499	1698	1916
796	10:44:25	60.11	6499	1696	1915
797	10:45:25	60.16	6499	1695	1914
798	10:46:26	60.11	6499	1694	1913
799	10:47:26	60.12	6499	1692	1912
800	10:48:26	60.11	6499	1691	1911
801	10:49:26	60.11	6499	1690	1909
802	10:50:26	60.11	6499	1688	1908
803	10:51:26	60.12	6499	1687	1907
804	10:52:26	60.11	6499	1686	1906
805	10:53:26	60.12	6499	1684	1905
806	10:54:27	60.16	6499	1683	1904
807	10:55:27	60.15	6499	1682	1903
808	10:56:27	60.17	6499	1680	1902
809	10:57:27	60.11	6499	1679	1900
810	10:58:27	60.12	6499	1677	1899
811	10:59:27	60.11	6499	1676	1898
812	11:00:27	60.16	6499	1675	1897
813	11:01:28	60.15	6499	1673	1896
814	11:02:28	60.41	6499	1672	1895
815	11:03:28	60.38	6499	1671	1894
816	11:04:28	22.71	6499	1670	1893
817	11:04:51	14.54	6499	1670	1893
818	11:05:06	60.43	6499	1669	1892
819	11:06:06	60.12	6499	1668	1891
820	11:07:06	60.12	6499	1666	1890
821	11:08:06	60.11	6499	1665	1889
822	11:09:06	60.14	6499	1663	1888
823	11:10:07	60.11	6499	1662	1886
824	11:11:07	60.13	6499	1661	1885
825	11:12:07	60.13	6499	1659	1884
826	11:13:07	60.38	6499	1658	1883
827	11:14:07	60.11	6499	1656	1882
828	11:15:07	60.11	6499	1655	1881
829	11:16:08	60.12	6499	1654	1880
830	11:17:08	60.13	6499	1652	1879
831	11:18:08	60.11	6499	1651	1878
832	11:19:08	60.14	6499	1650	1877
833	11:20:08	60.12	6499	1649	1875
834	11:21:08	60.12	6499	1647	1874
835	11:22:08	60.10	6499	1646	1873
836	11:23:08	60.16	6499	1644	1871
837	11:24:09	11.59	6499	1643	1871
838	11:24:20	60.08	6499	1642	1870
839	11:25:20	60.12	6499	1641	1868
840	11:26:20	60.12	6499	1639	1867
841	11:27:21	33.26	6499	1638	1866
842	11:27:54	10.11	6499	1637	1865
843	11:28:04	60.11	6499	1636	1864
844	11:29:04	60.13	6499	1635	1863
845	11:30:04	60.11	6499	1633	1862
846	11:31:04	60.13	6499	1632	1860
847	11:32:04	60.12	6499	1630	1859
848	11:33:04	60.13	6499	1629	1858
849	11:34:05	60.41	6499	1627	1856
850	11:35:05	60.16	6499	1626	1855
851	11:36:05	60.16	6499	1624	1854
852	11:37:05	60.12	6499	1623	1852
853	11:38:05	60.12	6499	1621	1851
854	11:39:06	60.35	6499	1619	1849
855	11:40:06	60.13	6499	1618	1848
856	11:41:06	60.11	6499	1617	1847
857	11:42:06	60.14	6499	1615	1845
858	11:43:06	60.37	6499	1614	1844
859	11:44:07	60.13	6499	1612	1843
860	11:45:07	60.11	6499	1611	1842
861	11:46:07	60.11	6499	1609	1840
862	11:47:07	60.12	6499	1608	1839
863	11:48:07	60.13	6499	1606	1838
864	11:49:07	60.36	6499	1605	1836
865	11:50:08	60.12	6499	1603	1835
866	11:51:08	60.10	6499	1602	1834
867	11:52:08	60.11	6499	1600	1833
868	11:53:08	60.11	6499	1599	1831
869	11:54:08	60.12	6499	1598	1830
870	11:55:08	60.11	6499	1596	1829
871	11:56:08	60.11	6499	1595	1828
872	11:57:08	60.11	6499	1593	1826
873	11:58:09	60.12	6499	1592	1825
874	11:59:09	60.17	6499	1590	1824
875	12:00:09	60.11	6499	1589	1822
876	12:01:09	60.13	6499	1588	1821
877	12:02:09	60.11	6499	1586	1820
878	12:03:09	60.13	6499	1585	1819
879	12:04:09	60.12	6499	1583	1818
880	12:05:09	60.39	6499	1582	1816
881	12:06:10	60.12	6499	1580	1815
882	12:07:10	60.11	6499	1579	1814
883	12:08:10	60.13	6499	1578	1813
884	12:09:10	60.14	6499	1576	1812
885	12:10:10	60.13	6499	1575	1810
886	12:11:10	60.17	6499	1573	1809
887	12:12:11	60.16	6499	1572	1808
888	12:13:11	60.12	6499	1571	1807
889	12:14:11	60.12	6499	1569	1806
890	12:15:11	60.12	6499	1568	1804
891	12:16:11	49.79	6499	1567	1803
892	12:17:01	60.18	6499	1565	1802
893	12:18:01	60.13	6499	1564	1801
894	12:19:01	60.11	6499	1562	1800
895	12:20:01	60.15	6499	1561	1799
896	12:21:02	60.35	6499	1560	1798
897	12:22:02	60.11	6499	1558	1796
898	12:23:02	60.12	6499	1557	1795
899	12:24:02	60.10	6499	1556	1794
900	12:25:02	60.14	6499	1554	1793
901	12:26:02	60.16	6499	1553	1792
902	12:27:03	60.11	6499	1552	1791
903	12:28:03	60.11	6499	1550	1790
904	12:29:03	29.20	6499	1549	1789
905	12:29:32	60.32	6499	1548	1788
906	12:30:32	60.16	6499	1547	1787
907	12:31:32	60.12	6499	1546	1786
908	12:32:33	60.12	6499	1544	1785
909	12:33:33	60.16	6499	1543	1783
910	12:34:33	60.11	6499	1541	1782
911	12:35:33	60.11	6499	1539	1781
912	12:36:33	60.16	6499	1538	1780
913	12:37:33	60.12	6499	1536	1779
914	12:38:33	60.12	6499	1535	1778
915	12:39:33	60.10	6499	1533	1777
916	12:40:34	60.15	6499	1532	1776
917	12:41:34	60.11	6499	1530	1775
918	12:42:34	60.12	6499	1529	1774
919	12:43:34	60.11	6499	1527	1772
920	12:44:34	60.13	6499	1526	1771
921	12:45:34	60.15	6499	1525	1770
922	12:46:34	60.13	6499	1523	1769
923	12:47:34	60.16	6499	1522	1768
924	12:48:35	60.12	6499	1520	1767
925	12:49:35	60.14	6499	1519	1766
926	12:50:35	60.17	6499	1518	1765
927	12:51:35	60.12	6499	1516	1764
928	12:52:35	60.11	6499	1515	1763
929	12:53:35	20.86	6499	1514	1762
930	12:53:56	60.55	6499	1513	1761
931	12:54:57	60.11	6499	1512	1760
932	12:55:57	60.11	6499	1510	1759
933	12:56:57	60.11	6499	1509	1758
934	12:57:57	60.12	6499	1508	1757
935	12:58:57	60.15	6499	1506	1756
936	12:59:57	60.14	6499	1505	1755
937	13:00:57	60.15	6499	1504	1754
938	13:01:58	60.10	6499	1502	1753
939	13:02:58	60.14	6499	1501	1752
940	13:03:58	60.12	6499	1500	1751
941	13:04:58	60.13	6499	1498	1749
942	13:05:58	60.12	6499	1497	1748
943	13:06:58	60.15	6499	1496	1747
944	13:07:58	60.37	6499	1494	1746
945	13:08:59	60.12	6499	1493	1745
946	13:09:59	60.10	6499	1492	1744
947	13:10:59	60.15	6499	1490	1743
948	13:11:59	60.17	6499	1489	1742
949	13:12:59	60.12	6499	1488	1741
950	13:13:59	60.35	6499	1486	1740
951	13:15:00	60.15	6499	1485	1739
952	13:16:00	60.17	6499	1484	1738
953	13:17:00	60.12	6499	1482	1737
954	13:18:00	60.14	6499	1481	1736
955	13:19:00	60.13	6499	1480	1735
956	13:20:00	60.15	6499	1478	1734
957	13:21:01	60.11	6499	1477	1733
958	13:22:01	60.12	6499	1476	1732
959	13:23:01	60.11	6499	1475	1731
960	13:24:01	60.12	6499	1473	1730
961	13:25:01	60.11	6499	1472	1729
962	13:26:01	60.17	6499	1471	1728
963	13:27:01	60.11	6499	1469	1727
964	13:28:01	60.15	6499	1468	1726
965	13:29:02	60.11	6499	1467	1725
966	13:30:02	28.09	6499	1466	1724
967	13:30:30	60.12	6499	1465	1723
968	13:31:30	60.12	6499	1464	1722
969	13:32:30	60.11	6499	1462	1721
970	13:33:30	60.12	6499	1461	1720
971	13:34:30	60.35	6499	1460	1719
972	13:35:31	60.14	6499	1459	1718
973	13:36:31	60.13	6499	1457	1717
974	13:37:31	60.16	6499	1456	1716
975	13:38:31	10.30	6499	1455	1715
976	13:38:41	60.44	6499	1455	1715
977	13:39:42	60.12	6499	1453	1714
978	13:40:42	60.16	6499	1452	1713
979	13:41:42	15.03	6499	1451	1712
980	13:41:57	11.79	6499	1451	1712
981	13:42:09	9.02	6499	1451	1712
982	13:42:18	7.61	6499	1451	1712
983	13:42:25	9.01	6499	1451	1712
984	13:42:34	7.89	6499	1450	1712
985	13:42:42	9.01	6499	1450	1711
986	13:42:51	7.61	6499	1450	1711
987	13:42:59	9.01	6499	1450	1711
988	13:43:08	7.91	6499	1450	1711
989	13:43:16	9.01	6499	1450	1711
990	13:43:25	7.62	6499	1449	1711
991	13:43:33	9.01	6499	1449	1711
992	13:43:42	7.92	6499	1449	1711
993	13:43:49	9.01	6499	1449	1710
994	13:43:58	7.62	6499	1449	1710
995	13:44:06	9.00	6499	1449	1710
996	13:44:15	7.92	6499	1449	1710
997	13:44:23	9.00	6499	1448	1710
998	13:44:32	22.54	6499	1448	1710
999	13:44:55	9.01	6499	1448	1709
1000	13:45:04	7.32	6499	1448	1709
1001	13:45:11	9.01	6499	1448	1709
1002	13:45:20	7.02	6499	1447	1709
1003	13:45:27	9.01	6499	1447	1709
1004	13:45:36	7.01	6499	1447	1709
1005	13:45:43	9.01	6499	1447	1709
1006	13:45:52	7.02	6499	1447	1708
1007	13:45:59	9.00	6499	1447	1708
1008	13:46:08	7.32	6499	1447	1708
1009	13:46:15	9.01	6499	1446	1708
1010	13:46:24	7.31	6499	1446	1708
1011	13:46:32	9.02	6499	1446	1708
1012	13:46:41	7.32	6499	1446	1708
1013	13:46:48	9.00	6499	1446	1708
1014	13:46:57	7.02	6499	1445	1708
1015	13:47:04	9.01	6499	1445	1708
1016	13:47:13	8.55	6499	1445	1707
1017	13:47:22	60.39	6499	1444	1707
1018	13:48:22	60.12	6499	1443	1706
1019	13:49:22	60.11	6499	1442	1705
1020	13:50:22	60.12	6499	1441	1704
1021	13:51:22	60.10	6499	1440	1703
1022	13:52:22	60.11	6499	1439	1703
1023	13:53:22	60.12	6499	1438	1702
1024	13:54:23	60.16	6499	1437	1701
1025	13:55:23	60.17	6499	1436	1700
1026	13:56:23	60.16	6499	1435	1699
1027	13:57:23	60.14	6499	1433	1698
1028	13:58:23	60.11	6499	1432	1697
1029	13:59:23	60.12	6499	1431	1696
1030	14:00:23	60.16	6499	1429	1695
1031	14:01:24	60.10	6499	1428	1694
1032	14:02:24	14.93	6499	1427	1693
1033	14:02:39	60.48	6499	0	0
1034	14:03:39	45.31	6499	0	0
1035	14:04:24	60.24	6500	0	0
1036	14:05:25	60.12	6501	0	0
1037	14:06:25	27.14	6501	0	0
Created by AtlRunQuery on: 2018-11-30 10:51:12.260862
