LHC beam energy and intensities during run 354107:
(Begin/end of run: Mon Jun 25 2018 21:14:41 − 22:57:08)

LB	   Start time
(CEST)	   Duration
(sec)	   Beam energy
(GeV)	   Intensity Beam-1
(1e11 protons)	   Intensity Beam-2
(1e11 protons)
1	21:14:41	60.15	6499	3.31	3.312
2	21:15:42	19.64	6499	3.31	3.312
3	21:16:01	36.72	6499	3.31	3.312
4	21:16:38	11.63	6499	2.221	2.212
5	21:16:50	60.27	6499	2.221	2.212
6	21:17:50	60.12	6499	2.221	2.212
7	21:18:50	60.12	6499	2.22	2.212
8	21:19:50	60.16	6499	2.217	2.211
9	21:20:50	60.11	6499	2.214	2.208
10	21:21:50	60.11	6499	2.21	2.205
11	21:22:50	60.12	6499	2.207	2.202
12	21:23:51	60.11	6499	2.204	2.199
13	21:24:51	60.11	6499	2.201	2.196
14	21:25:51	60.12	6499	2.198	2.194
15	21:26:51	60.12	6499	2.195	2.191
16	21:27:51	60.12	6499	2.192	2.189
17	21:28:51	60.13	6499	2.189	2.186
18	21:29:51	60.15	6499	2.187	2.184
19	21:30:51	20.88	6499	2.185	2.183
20	21:31:12	60.26	6499	2.184	2.181
21	21:32:13	60.16	6499	2.181	2.179
22	21:33:13	60.12	6499	2.179	2.177
23	21:34:13	60.12	6499	2.177	2.175
24	21:35:13	60.11	6499	2.175	2.173
25	21:36:13	60.18	6499	2.173	2.171
26	21:37:13	60.11	6499	2.171	2.169
27	21:38:13	60.13	6499	2.169	2.167
28	21:39:14	60.10	6499	2.167	2.166
29	21:40:14	60.14	6499	2.165	2.164
30	21:41:14	60.12	6499	2.164	2.163
31	21:42:14	60.12	6499	2.161	2.16
32	21:43:14	60.13	6499	2.159	2.158
33	21:44:14	60.12	6499	2.157	2.157
34	21:45:14	60.11	6499	2.155	2.155
35	21:46:14	60.13	6499	2.153	2.153
36	21:47:14	60.10	6499	2.151	2.151
37	21:48:15	60.11	6499	2.149	2.149
38	21:49:15	60.12	6499	2.148	2.147
39	21:50:15	60.12	6499	2.146	2.145
40	21:51:15	60.12	6499	2.144	2.144
41	21:52:15	60.12	6499	2.143	2.142
42	21:53:15	60.12	6499	2.142	2.142
43	21:54:15	60.11	6499	2.14	2.141
44	21:55:15	60.11	6499	2.139	2.139
45	21:56:15	60.16	6499	2.137	2.137
46	21:57:16	60.12	6499	2.135	2.135
47	21:58:16	60.11	6499	2.133	2.134
48	21:59:16	60.12	6499	2.131	2.132
49	22:00:16	60.16	6499	2.13	2.13
50	22:01:16	60.12	6499	2.128	2.128
51	22:02:16	60.10	6499	2.126	2.127
52	22:03:16	60.11	6499	2.124	2.125
53	22:04:16	60.17	6499	2.123	2.123
54	22:05:17	60.11	6499	2.121	2.122
55	22:06:17	60.17	6499	2.119	2.12
56	22:07:17	60.12	6499	2.117	2.118
57	22:08:17	60.18	6499	2.116	2.117
58	22:09:17	60.12	6499	2.114	2.115
59	22:10:17	60.11	6499	2.112	2.113
60	22:11:17	60.12	6499	2.111	2.112
61	22:12:18	60.18	6499	2.109	2.111
62	22:13:18	60.17	6499	2.108	2.109
63	22:14:18	60.11	6499	2.107	2.108
64	22:15:18	60.11	6499	2.106	2.107
65	22:16:18	60.13	6499	2.104	2.106
66	22:17:18	60.11	6499	2.103	2.105
67	22:18:18	60.11	6499	2.102	2.103
68	22:19:19	60.11	6499	2.101	2.102
69	22:20:19	60.12	6499	2.1	2.101
70	22:21:19	60.14	6499	2.099	2.1
71	22:22:19	60.12	6499	2.098	2.1
72	22:23:19	60.16	6499	2.097	2.099
73	22:24:19	60.12	6499	2.096	2.098
74	22:25:19	60.16	6499	2.095	2.097
75	22:26:19	60.11	6499	2.094	2.096
76	22:27:20	60.11	6499	2.093	2.095
77	22:28:20	60.12	6499	2.092	2.094
78	22:29:20	60.11	6499	2.091	2.093
79	22:30:20	60.13	6499	2.09	2.092
80	22:31:20	60.16	6499	2.089	2.092
81	22:32:20	60.11	6499	2.088	2.091
82	22:33:20	60.13	6499	2.088	2.09
83	22:34:20	60.12	6499	2.087	2.089
84	22:35:21	60.12	6499	2.086	2.088
85	22:36:21	60.11	6499	2.085	2.087
86	22:37:21	60.12	6499	2.084	2.086
87	22:38:21	60.16	6499	2.083	2.086
88	22:39:21	60.12	6499	2.082	2.085
89	22:40:21	60.11	6499	2.081	2.084
90	22:41:21	60.10	6499	2.08	2.083
91	22:42:21	60.12	6499	2.079	2.082
92	22:43:22	60.11	6499	2.078	2.081
93	22:44:22	60.11	6499	2.077	2.08
94	22:45:22	60.15	6499	2.076	2.079
95	22:46:22	60.16	6499	2.076	2.079
96	22:47:22	60.12	6499	2.075	2.078
97	22:48:22	60.12	6499	2.074	2.077
98	22:49:22	60.12	6499	2.073	2.076
99	22:50:22	60.12	6499	2.072	2.075
100	22:51:23	60.11	6499	2.071	2.074
101	22:52:23	60.11	6499	2.07	2.073
102	22:53:23	60.40	6499	2.069	2.073
103	22:54:23	54.56	6499	2.068	2.072
104	22:55:18	60.46	6499	0.04519	0.0458
105	22:56:18	49.58	6499	0	0
Created by AtlRunQuery on: 2018-11-30 19:39:26.722004
