LHC beam energy and intensities during run 354359:
(Begin/end of run: Thu Jun 28 2018 13:10:17 − 20:08:08)

LB	   Start time
(CEST)	   Duration
(sec)	   Beam energy
(GeV)	   Intensity Beam-1
(1e11 protons)	   Intensity Beam-2
(1e11 protons)
1	13:10:17	60.11	450	0.06177	0.06201
2	13:11:17	60.34	450	0.06155	0.06179
3	13:12:17	12.36	450	0.06147	0.0617
4	13:12:29	10.18	450	0.06145	0.06167
5	13:12:39	60.12	450	0.06138	0.0616
6	13:13:40	60.13	450	0.06128	0.06148
7	13:14:40	60.12	450	0.06118	0.06137
8	13:15:40	60.11	450	0.06108	0.06126
9	13:16:40	60.10	450	0.06097	0.06113
10	13:17:40	60.12	449	0.06087	0.06102
11	13:18:40	60.17	450	0.06076	0.0609
12	13:19:40	60.12	450	0.06064	0.06078
13	13:20:40	60.11	450	0.06051	0.06065
14	13:21:41	60.11	450	0.06039	0.06053
15	13:22:41	60.16	450	0.06026	6.685
16	13:23:41	60.12	450	3.741	12.51
17	13:24:41	60.12	450	12.68	12.51
18	13:25:41	60.11	450	12.66	12.51
19	13:26:41	60.13	449	12.65	12.5
20	13:27:41	60.12	450	12.64	12.49
21	13:28:41	60.13	450	12.62	12.49
22	13:29:42	60.10	450	12.61	12.48
23	13:30:42	60.11	450	12.6	12.47
24	13:31:42	60.11	450	12.59	12.46
25	13:32:42	60.12	449	14.43	12.45
26	13:33:42	60.12	450	176.9	77.47
27	13:34:42	60.11	450	302.9	201.5
28	13:35:42	60.11	450	426.8	340.1
29	13:36:42	60.13	450	533.1	489.8
30	13:37:43	60.11	450	618.2	576.2
31	13:38:43	60.12	450	770	682.7
32	13:39:43	60.13	449	901.9	807.7
33	13:40:43	60.12	449	1024	938.3
34	13:41:43	60.11	450	1146	1096
35	13:42:43	60.16	450	1261	1221
36	13:43:43	60.11	450	1355	1318
37	13:44:43	60.13	450	1495	1414
38	13:45:43	60.11	450	1615	1536
39	13:46:44	60.12	449	1670	1535
40	13:47:44	60.12	450	1667	1534
41	13:48:44	60.11	450	1664	1533
42	13:49:44	60.12	450	1661	1532
43	13:50:44	60.14	450	1658	1531
44	13:51:44	60.13	449	1654	1529
45	13:52:44	60.13	450	1651	1528
46	13:53:44	60.11	450	1648	1527
47	13:54:45	60.13	449	1645	1526
48	13:55:45	60.42	450	1641	1524
49	13:56:45	60.12	450	1638	1523
50	13:57:45	60.16	450	1635	1521
51	13:58:45	60.12	450	1631	1520
52	13:59:46	60.12	450	860.8	803.1
53	14:00:46	60.11	449	0	0
54	14:01:46	60.16	450	0	0
55	14:02:46	60.11	450	0	0
56	14:03:46	60.11	450	0	0
57	14:04:46	60.11	450	0	0
58	14:05:46	60.15	450	0	0
59	14:06:46	60.11	450	0	0
60	14:07:46	60.12	450	0	0
61	14:08:47	60.11	450	0	0
62	14:09:47	60.12	450	0	0
63	14:10:47	60.41	450	0	0
64	14:11:47	60.11	450	0	0
65	14:12:47	60.11	450	0	0
66	14:13:47	60.11	450	0	0
67	14:14:48	60.35	449	0	0
68	14:15:48	60.11	450	0	0
69	14:16:48	60.16	450	0	0
70	14:17:48	60.10	450	0	0
71	14:18:48	60.12	450	0	0
72	14:19:48	60.13	449	0	0
73	14:20:49	60.11	450	0	0
74	14:21:49	60.11	450	0	0
75	14:22:49	60.12	449	0	0
76	14:23:49	60.35	450	0	0
77	14:24:49	60.11	450	0	0
78	14:25:49	60.12	450	0	0
79	14:26:49	60.41	450	0	0
80	14:27:50	60.12	450	0	0
81	14:28:50	60.11	450	0	0
82	14:29:50	60.12	450	0	0
83	14:30:50	60.17	449	0	0
84	14:31:50	60.10	450	0	0
85	14:32:51	60.10	450	0	0
86	14:33:51	60.10	449	0	0
87	14:34:51	60.12	450	0	0
88	14:35:51	60.11	450	0	0
89	14:36:51	60.11	450	0	0
90	14:37:51	60.11	450	0	0
91	14:38:51	60.12	450	0	0
92	14:39:51	60.12	450	0	0
93	14:40:51	60.12	450	0	0
94	14:41:52	60.42	450	0	0
95	14:42:52	60.16	450	0	0
96	14:43:52	60.13	450	0	0
97	14:44:52	60.17	450	0	0
98	14:45:52	60.10	450	0	0
99	14:46:53	60.12	450	0	0
100	14:47:53	60.12	450	0	0
101	14:48:53	60.11	450	0	0
102	14:49:53	60.11	450	0	0
103	14:50:53	60.13	450	0	0
104	14:51:53	60.12	450	0	0
105	14:52:53	60.11	450	0	0
106	14:53:53	60.10	450	0	0
107	14:54:53	60.12	450	0	0
108	14:55:54	60.16	450	0	0
109	14:56:54	60.13	450	0	0
110	14:57:54	60.10	450	0	0
111	14:58:54	60.12	450	0	0
112	14:59:54	60.12	450	0	0
113	15:00:54	60.12	450	0	0
114	15:01:54	60.15	450	0	0
115	15:02:54	60.13	450	0	0
116	15:03:55	60.17	449	0	0
117	15:04:55	60.11	450	0	0
118	15:05:55	60.12	450	0	0
119	15:06:55	60.12	450	0	0
120	15:07:55	60.11	450	0	0
121	15:08:55	60.12	450	0	0
122	15:09:55	60.12	450	0	0
123	15:10:55	60.11	450	0	0
124	15:11:56	60.11	450	0	0
125	15:12:56	60.11	450	0	0
126	15:13:56	60.12	449	0	0
127	15:14:56	60.15	450	0	0
128	15:15:56	60.38	449	0	0
129	15:16:56	60.16	450	0	0
130	15:17:57	60.12	450	0	0
131	15:18:57	60.12	450	0	0
132	15:19:57	60.12	450	0	0
133	15:20:57	60.12	450	0	0
134	15:21:57	60.10	450	0	0
135	15:22:57	60.12	450	0	0
136	15:23:57	60.11	449	0	0
137	15:24:57	60.11	450	0	0
138	15:25:58	60.12	450	0	0
139	15:26:58	60.12	450	0	0
140	15:27:58	60.17	450	0	0
141	15:28:58	60.11	450	0	0
142	15:29:58	60.11	450	0	0
143	15:30:58	60.12	450	0	0
144	15:31:58	28.65	450	0	0
145	15:32:27	60.26	449	0	0
146	15:33:27	60.11	450	0	0
147	15:34:27	10.26	450	0	0
148	15:34:38	60.09	450	0	0
149	15:35:38	60.16	450	0	0
150	15:36:38	60.17	450	0	0
151	15:37:38	60.12	450	0	0
152	15:38:38	60.12	450	0	0
153	15:39:38	60.11	450	0	0
154	15:40:38	60.13	450	0	0
155	15:41:38	60.11	450	0	0
156	15:42:39	60.11	450	0	0
157	15:43:39	60.12	450	0	0
158	15:44:39	60.11	450	0	0
159	15:45:39	60.12	450	0	0
160	15:46:39	60.12	450	0	0
161	15:47:39	60.12	450	0	0
162	15:48:39	60.12	450	0	0
163	15:49:39	60.11	449	0	0
164	15:50:39	60.12	450	0	0
165	15:51:40	60.12	450	0	0
166	15:52:40	60.15	450	0	0
167	15:53:40	60.11	450	0.02278	0
168	15:54:40	60.11	450	0.06744	0.006102
169	15:55:40	60.12	450	0.06739	0.06216
170	15:56:40	60.12	450	0.06734	0.06212
171	15:57:40	60.11	449	0.06729	0.06209
172	15:58:40	60.11	450	0.06724	0.06205
173	15:59:41	60.17	450	0.0672	0.06201
174	16:00:41	60.11	450	0.06713	0.06193
175	16:01:41	60.16	450	0.06681	0.0614
176	16:02:41	60.12	450	0.06661	0.06104
177	16:03:41	60.13	449	4.156	0.06076
178	16:04:41	60.12	450	12.81	9.309
179	16:05:41	60.11	450	12.79	13.23
180	16:06:42	60.14	450	12.77	13.22
181	16:07:42	60.12	450	12.75	13.21
182	16:08:42	60.11	450	12.73	13.2
183	16:09:42	60.11	450	12.7	13.18
184	16:10:42	60.11	450	12.68	13.16
185	16:11:42	60.11	450	12.67	13.14
186	16:12:42	60.16	449	12.65	13.12
187	16:13:42	60.13	449	12.63	13.1
188	16:14:43	60.11	450	12.62	13.08
189	16:15:43	60.11	450	12.6	13.06
190	16:16:43	60.12	450	12.58	13.04
191	16:17:43	60.11	450	12.57	13.02
192	16:18:43	60.11	450	12.56	13
193	16:19:43	60.12	450	12.54	12.97
194	16:20:43	60.12	450	12.53	12.95
195	16:21:43	60.12	450	12.51	12.93
196	16:22:43	60.12	450	12.49	138.9
197	16:23:44	60.11	450	98.3	178.4
198	16:24:44	60.17	450	177.2	178.3
199	16:25:44	60.13	450	285.8	178.2
200	16:26:44	60.11	450	339.8	178
201	16:27:44	60.12	450	370.2	177.9
202	16:28:44	60.12	450	502.2	273.2
203	16:29:44	60.10	450	605	398.3
204	16:30:44	60.12	450	609.2	509
205	16:31:45	60.16	450	608.3	508.7
206	16:32:45	60.11	450	607.3	603.1
207	16:33:45	60.11	450	606.5	618.2
208	16:34:45	60.12	450	605.7	617.8
209	16:35:45	60.13	450	604.8	617.2
210	16:36:45	60.12	450	603.9	616.7
211	16:37:45	60.09	449	603	616.1
212	16:38:45	60.10	449	602.1	615.4
213	16:39:45	60.11	449	601.2	686.2
214	16:40:46	60.12	450	600.3	812.4
215	16:41:46	60.12	450	599.2	944.6
216	16:42:46	60.12	450	598.2	1102
217	16:43:46	60.16	450	597	1229
218	16:44:46	60.12	450	595.8	1328
219	16:45:46	60.13	450	594.6	1384
220	16:46:46	60.11	450	593.5	1384
221	16:47:46	60.13	450	592.5	1609
222	16:48:47	60.35	449	591.4	1863
223	16:49:47	60.12	450	678.7	2039
224	16:50:47	60.11	450	801.9	2138
225	16:51:47	60.12	450	924.5	2258
226	16:52:47	60.16	450	1077	2382
227	16:53:47	60.12	450	1211	2506
228	16:54:48	60.12	450	1301	2636
229	16:55:48	60.12	450	1402	2793
230	16:56:48	60.11	450	1646	2796
231	16:57:48	60.11	450	1914	2793
232	16:58:48	60.17	450	2133	2790
233	16:59:48	60.14	450	2373	2787
234	17:00:48	60.42	450	2658	2784
235	17:01:49	60.12	450	2755	2782
236	17:02:49	60.10	450	2753	2780
237	17:03:49	60.14	450	2750	2776
238	17:04:49	60.13	450	2748	2772
239	17:05:49	60.12	450	2744	2768
240	17:06:49	60.11	478	2743	2765
241	17:07:49	60.11	579	2742	2764
242	17:08:50	38.48	753	2742	2763
243	17:09:28	19.81	892	2730	2750
244	17:09:48	10.11	975	2730	2750
245	17:09:58	60.43	1020	2730	2750
246	17:10:58	60.11	1332	2730	2749
247	17:11:59	60.11	1685	2730	2749
248	17:12:59	60.39	2033	2730	2749
249	17:13:59	60.11	2380	2729	2749
250	17:14:59	60.12	2728	2729	2749
251	17:15:59	60.17	3075	2729	2749
252	17:16:59	60.10	3422	2728	2748
253	17:18:00	60.16	3776	2728	2748
254	17:19:00	60.13	4123	2727	2748
255	17:20:00	60.11	4470	2726	2747
256	17:21:00	60.12	4818	2726	2747
257	17:22:00	60.12	5165	2725	2747
258	17:23:00	60.12	5513	2725	2746
259	17:24:00	60.12	5860	2723	2746
260	17:25:00	60.13	6207	2719	2745
261	17:26:01	17.97	6499	2714	2744
262	17:26:18	10.10	6499	2714	2744
263	17:26:29	60.40	6499	2714	2743
264	17:27:29	60.16	6499	2714	2743
265	17:28:29	60.12	6499	2714	2743
266	17:29:29	60.17	6499	2714	2742
267	17:30:29	60.11	6499	2714	2742
268	17:31:30	60.11	6499	2714	2742
269	17:32:30	60.12	6499	2713	2742
270	17:33:30	60.12	6499	2713	2742
271	17:34:30	60.11	6499	2712	2742
272	17:35:30	60.11	6499	2710	2742
273	17:36:30	60.15	6499	2708	2742
274	17:37:30	60.11	6499	2707	2742
275	17:38:30	60.11	6499	2706	2742
276	17:39:31	60.16	6499	2704	2741
277	17:40:31	60.13	6499	2702	2741
278	17:41:31	60.12	6499	2701	2741
279	17:42:31	58.69	6499	2699	2740
280	17:43:30	60.55	6499	2697	2740
281	17:44:30	60.12	6499	2695	2739
282	17:45:30	60.15	6499	2691	2738
283	17:46:30	60.12	6499	2686	2737
284	17:47:31	60.11	6499	2683	2734
285	17:48:31	60.11	6499	2679	2732
286	17:49:31	44.40	6499	2677	2730
287	17:50:15	16.70	6499	2675	2729
288	17:50:32	60.23	6499	2673	2727
289	17:51:32	10.27	6499	2671	2726
290	17:51:42	60.43	6499	2669	2725
291	17:52:43	60.14	6499	2666	2722
292	17:53:43	60.35	6499	2663	2720
293	17:54:43	60.14	6499	2661	2717
294	17:55:43	60.12	6499	2658	2715
295	17:56:44	28.61	6499	2656	2713
296	17:57:12	60.55	6499	2654	2712
297	17:58:13	60.16	6499	2651	2710
298	17:59:13	16.60	6499	2649	2708
299	17:59:29	60.55	6499	2647	2707
300	18:00:30	60.11	6499	2645	2705
301	18:01:30	60.13	6499	2643	2703
302	18:02:30	60.12	6499	2641	2701
303	18:03:30	60.16	6499	2638	2700
304	18:04:31	26.13	6499	2637	2698
305	18:04:57	60.26	6499	2635	2697
306	18:05:57	60.12	6499	2633	2695
307	18:06:57	60.16	6499	2630	2693
308	18:07:57	60.12	6499	2628	2691
309	18:08:57	60.11	6499	2625	2689
310	18:09:57	60.11	6499	2623	2687
311	18:10:58	60.12	6499	2620	2685
312	18:11:58	23.80	6499	2618	2683
313	18:12:21	60.10	6499	2617	2682
314	18:13:22	60.12	6499	2614	2680
315	18:14:22	60.16	6499	2612	2678
316	18:15:22	60.12	6499	2610	2676
317	18:16:22	38.70	6499	2608	2675
318	18:17:01	60.24	6499	2606	2673
319	18:18:01	60.16	6499	2604	2671
320	18:19:01	60.15	6499	2601	2669
321	18:20:01	60.12	6499	2599	2667
322	18:21:01	60.12	6499	2597	2666
323	18:22:01	60.13	6499	2595	2664
324	18:23:02	35.26	6499	2593	2662
325	18:23:37	60.14	6499	2591	2661
326	18:24:37	60.13	6499	2589	2659
327	18:25:37	60.12	6499	2587	2657
328	18:26:37	60.11	6499	2585	2656
329	18:27:37	60.15	6499	2582	2654
330	18:28:37	60.12	6499	2580	2652
331	18:29:38	60.10	6499	2578	2650
332	18:30:38	60.11	6499	2576	2648
333	18:31:38	60.16	6499	2574	2646
334	18:32:38	60.12	6499	2571	2644
335	18:33:38	60.12	6499	2569	2643
336	18:34:38	60.12	6499	2567	2641
337	18:35:38	60.14	6499	2565	2639
338	18:36:38	60.13	6499	2563	2637
339	18:37:39	60.45	6499	2560	2636
340	18:38:39	15.49	6499	2559	2635
341	18:38:55	60.41	6499	2558	2634
342	18:39:55	60.11	6499	2556	2632
343	18:40:55	60.14	6499	2553	2630
344	18:41:55	60.12	6499	2551	2628
345	18:42:55	60.36	6499	2549	2627
346	18:43:56	60.12	6499	2547	2625
347	18:44:56	60.10	6499	2545	2623
348	18:45:56	60.13	6499	2543	2621
349	18:46:56	60.12	6499	2541	2620
350	18:47:56	60.11	6499	2539	2618
351	18:48:56	60.12	6499	2536	2616
352	18:49:56	60.13	6499	2534	2615
353	18:50:56	42.60	6499	2533	2613
354	18:51:39	60.09	6499	2531	2612
355	18:52:39	60.15	6499	2529	2610
356	18:53:39	60.12	6499	2527	2609
357	18:54:39	20.04	6499	2525	2607
358	18:54:59	12.83	6499	2525	2607
359	18:55:12	9.01	6499	2524	2607
360	18:55:21	8.12	6499	2524	2607
361	18:55:29	9.00	6499	2524	2607
362	18:55:38	7.81	6499	2524	2606
363	18:55:46	9.01	6499	2524	2606
364	18:55:55	7.52	6499	2524	2606
365	18:56:03	9.01	6499	2523	2606
366	18:56:12	8.12	6499	2523	2606
367	18:56:20	9.01	6499	2523	2606
368	18:56:29	7.83	6499	2523	2606
369	18:56:37	9.01	6499	2522	2605
370	18:56:46	7.52	6499	2522	2605
371	18:56:53	9.00	6499	2522	2605
372	18:57:02	7.52	6499	2521	2605
373	18:57:10	9.02	6499	2521	2604
374	18:57:19	7.52	6499	2521	2604
375	18:57:26	9.01	6499	2521	2604
376	18:57:35	7.81	6499	2520	2604
377	18:57:43	9.02	6499	2520	2604
378	18:57:52	7.83	6499	2520	2604
379	18:58:00	9.00	6499	2520	2603
380	18:58:09	7.83	6499	2520	2603
381	18:58:17	9.00	6499	2519	2603
382	18:58:26	7.84	6499	2519	2603
383	18:58:34	9.01	6499	2519	2603
384	18:58:43	26.65	6499	2518	2602
385	18:59:09	9.02	6499	2518	2602
386	18:59:18	7.52	6499	2518	2602
387	18:59:26	9.01	6499	2518	2602
388	18:59:35	7.51	6499	2517	2602
389	18:59:42	9.01	6499	2517	2602
390	18:59:51	7.53	6499	2517	2601
391	18:59:59	9.01	6499	2517	2601
392	19:00:08	7.82	6499	2517	2601
393	19:00:16	9.01	6499	2516	2601
394	19:00:25	7.53	6499	2516	2601
395	19:00:32	9.00	6499	2516	2601
396	19:00:41	7.53	6499	2516	2601
397	19:00:49	9.01	6499	2515	2600
398	19:00:58	7.52	6499	2515	2600
399	19:01:05	9.01	6499	2515	2600
400	19:01:14	7.52	6499	2515	2600
401	19:01:22	9.01	6499	2514	2600
402	19:01:31	7.52	6499	2514	2600
403	19:01:38	9.00	6499	2513	2599
404	19:01:47	7.52	6499	2513	2599
405	19:01:55	9.00	6499	2513	2599
406	19:02:04	7.83	6499	2513	2599
407	19:02:12	9.02	6499	2513	2599
408	19:02:21	7.52	6499	2513	2599
409	19:02:28	9.02	6499	2512	2599
410	19:02:37	10.83	6499	2512	2598
411	19:02:48	60.38	6499	2511	2598
412	19:03:49	60.11	6499	2510	2596
413	19:04:49	60.12	6499	2508	2594
414	19:05:49	60.14	6499	2506	2593
415	19:06:49	60.16	6499	2504	2591
416	19:07:49	34.29	6499	2503	2590
417	19:08:23	60.44	6499	2501	2589
418	19:09:24	60.14	6499	2499	2587
419	19:10:24	60.14	6499	2497	2586
420	19:11:24	50.14	6499	2495	2584
421	19:12:14	22.45	6499	2494	2583
422	19:12:37	7.23	6499	2493	2583
423	19:12:44	16.99	6499	2493	2582
424	19:13:01	8.04	6499	2493	2582
425	19:13:09	6.91	6499	2492	2582
426	19:13:16	31.03	6499	2492	2581
427	19:13:47	6.63	6499	2491	2581
428	19:13:54	39.04	6499	2491	2580
429	19:14:33	6.63	6499	2490	2580
430	19:14:39	52.06	6499	2489	2579
431	19:15:31	6.63	6499	2489	2579
432	19:15:38	77.12	6499	2488	2578
433	19:16:55	6.93	6499	2487	2577
434	19:17:02	109.11	6499	2485	2576
435	19:18:51	6.93	6499	2484	2575
436	19:18:58	119.10	6499	2483	2575
437	19:20:57	6.34	6499	2481	2574
438	19:21:03	129.13	6499	2480	2572
439	19:23:13	6.32	6499	2478	2572
440	19:23:19	113.00	6499	2477	2571
441	19:25:12	26.15	6499	2475	2570
442	19:25:38	6.31	6499	2475	2569
443	19:25:44	82.92	6499	2474	2569
444	19:27:07	66.22	6499	2473	2568
445	19:28:13	7.53	6499	2472	2567
446	19:28:21	119.16	6499	2470	2566
447	19:30:20	7.19	6499	2469	2565
448	19:30:27	59.07	6499	2468	2565
449	19:31:26	7.52	6499	2468	2565
450	19:31:34	116.23	6499	2466	2564
451	19:33:30	3.20	6499	2465	2563
452	19:33:33	6.02	6499	2465	2563
453	19:33:39	179.16	6499	2463	2562
454	19:36:39	7.23	6499	2461	2561
455	19:36:46	86.86	6499	2460	2560
456	19:38:13	62.28	6499	2458	2559
457	19:39:15	6.32	6499	2458	2558
458	19:39:21	10.19	6499	2458	2558
459	19:39:31	128.96	6499	2456	2557
460	19:41:40	6.02	6499	2455	2556
461	19:41:46	129.13	6499	2453	2555
462	19:43:56	6.33	6499	2452	2554
463	19:44:02	109.11	6499	2450	2553
464	19:45:51	6.32	6499	2449	2553
465	19:45:57	99.10	6499	2448	2552
466	19:47:36	6.93	6499	2447	2551
467	19:47:43	62.07	6499	2446	2550
468	19:48:45	6.62	6499	2445	2550
469	19:48:52	44.06	6499	2445	2549
470	19:49:36	6.31	6499	2444	2549
471	19:49:42	35.04	6499	2444	2548
472	19:50:17	6.62	6499	2443	2548
473	19:50:24	27.02	6499	2443	2548
474	19:50:51	7.83	6499	2442	2547
475	19:50:59	23.02	6499	2442	2547
476	19:51:22	4.45	6499	2441	2547
477	19:51:26	60.08	6499	2440	2546
478	19:52:26	60.11	6499	2438	2544
479	19:53:27	60.12	6499	2436	2543
480	19:54:27	60.17	6499	2435	2541
481	19:55:27	60.11	6499	2433	2540
482	19:56:27	60.12	6499	2431	2538
483	19:57:27	60.11	6499	2429	2537
484	19:58:27	60.11	6499	2426	2535
485	19:59:27	60.11	6499	2424	2533
486	20:00:27	10.27	6499	2423	2533
487	20:00:38	60.13	6499	2422	2532
488	20:01:38	60.20	6499	2421	2531
489	20:02:38	60.11	6499	2420	2530
490	20:03:38	60.12	6499	2418	2530
491	20:04:38	60.16	6499	2417	2529
492	20:05:38	60.17	6499	2415	2528
493	20:06:39	60.12	6499	2414	2527
494	20:07:39	29.77	6499	2412	2525
Created by AtlRunQuery on: 2018-11-30 19:55:19.536796
