LHC beam energy and intensities during run 354311:
(Begin/end of run: Thu Jun 28 2018 02:03:08 − 03:02:33)

LB	   Start time
(CEST)	   Duration
(sec)	   Beam energy
(GeV)	   Intensity Beam-1
(1e11 protons)	   Intensity Beam-2
(1e11 protons)
1	02:03:08	60.10	6499	1210	1214
2	02:04:09	17.44	6499	1209	1213
3	02:04:26	10.11	6499	1209	1213
4	02:04:36	18.12	6499	1209	1213
5	02:04:54	18.37	6499	1209	1213
6	02:05:13	60.30	6499	1209	1213
7	02:06:13	60.12	6499	1208	1212
8	02:07:13	51.29	6499	1208	1212
9	02:08:04	60.44	6499	1207	1212
10	02:09:05	36.06	6499	1207	1211
11	02:09:41	60.10	6499	1207	1211
12	02:10:41	60.37	6499	1206	1211
13	02:11:41	60.12	6499	1206	1210
14	02:12:41	60.12	6499	1205	1210
15	02:13:41	56.72	6499	1202	1207
16	02:14:38	60.51	6499	0	0
17	02:15:39	60.11	6499	0	0
18	02:16:39	60.11	6499	0	0
19	02:17:39	60.13	6499	0	0
20	02:18:39	60.43	6499	0	0
21	02:19:39	60.53	6501	0	0
22	02:20:40	60.44	6501	0	0
23	02:21:40	60.12	6501	0	0
24	02:22:41	60.12	6501	0	0
25	02:23:41	60.13	6491	0	0
26	02:24:41	60.11	6379	0	0
27	02:25:41	60.11	6141	0	0
28	02:26:41	60.12	5799	0	0
29	02:27:41	60.11	5447	0	0
30	02:28:41	60.15	5093	0	0
31	02:29:41	60.13	4738	0	0
32	02:30:42	60.10	4377	0	0
33	02:31:42	60.12	4021	0	0
34	02:32:42	60.11	3665	0	0
35	02:33:42	60.11	3308	0	0
36	02:34:42	60.12	2952	0	0
37	02:35:42	60.11	2595	0	0
38	02:36:42	60.13	2239	0	0
39	02:37:42	60.13	1882	0	0
40	02:38:42	60.12	1525	0	0
41	02:39:43	60.10	1163	0	0
42	02:40:43	60.16	806	0	0
43	02:41:43	60.16	455	0	0
44	02:42:43	60.12	200	0	0
45	02:43:43	60.12	74	0	0
46	02:44:43	60.13	59	0	0
47	02:45:43	60.12	59	0	0
48	02:46:44	60.11	59	0	0
49	02:47:44	60.12	59	0	0
50	02:48:44	60.12	59	0	0
51	02:49:44	60.12	59	0	0
52	02:50:44	60.11	59	0	0
53	02:51:44	60.13	59	0	0
54	02:52:44	60.11	59	0	0
55	02:53:44	60.11	59	0	0
56	02:54:44	60.12	59	0	0
57	02:55:45	60.12	59	0	0
58	02:56:45	60.11	59	0	0
59	02:57:45	60.12	59	0	0
60	02:58:45	60.12	59	0	0
61	02:59:45	60.12	59	0	0
62	03:00:45	60.16	59	0	0
63	03:01:45	47.42	59	0	0
Created by AtlRunQuery on: 2018-11-30 19:52:10.430038
