LHC beam energy and intensities during run 354476:
(Begin/end of run: Fri Jun 29 2018 15:52:28 − Sat Jun 30, 05:46:03)

LB	   Start time
(CEST)	   Duration
(sec)	   Beam energy
(GeV)	   Intensity Beam-1
(1e11 protons)	   Intensity Beam-2
(1e11 protons)
1	15:52:28	60.11	59	0	0
2	15:53:28	22.89	59	0	0
3	15:53:51	60.31	59	0	0
4	15:54:51	60.13	59	0	0
5	15:55:51	60.11	59	0	0
6	15:56:51	60.12	59	0	0
7	15:57:52	60.10	59	0	0
8	15:58:52	60.11	59	0	0
9	15:59:52	60.12	59	0	0
10	16:00:52	60.12	59	0	0
11	16:01:52	60.16	59	0	0
12	16:02:52	60.11	59	0	0
13	16:03:52	60.15	59	0	0
14	16:04:52	60.13	59	0	0
15	16:05:53	60.12	59	0	0
16	16:06:53	60.12	59	0	0
17	16:07:53	60.12	59	0	0
18	16:08:53	60.11	59	0	0
19	16:09:53	60.13	59	0	0
20	16:10:53	60.11	59	0	0
21	16:11:53	60.11	59	0	0
22	16:12:53	60.12	362	0	0
23	16:13:53	60.12	450	0	0
24	16:14:54	60.11	449	0	0
25	16:15:54	60.17	450	0	0
26	16:16:54	60.10	450	0	0
27	16:17:54	60.11	449	0	0
28	16:18:54	60.13	449	0	0
29	16:19:54	60.12	449	0	0
30	16:20:54	60.17	449	0	0
31	16:21:55	60.12	450	0	0
32	16:22:55	60.12	449	0	0
33	16:23:55	60.11	450	0	0
34	16:24:55	60.11	449	0	0
35	16:25:55	60.16	450	0	0
36	16:26:55	60.12	449	0	0
37	16:27:55	60.11	450	0	0
38	16:28:55	60.11	449	0	0
39	16:29:55	60.12	449	0	0
40	16:30:56	60.11	450	0	0
41	16:31:56	60.16	449	0	0
42	16:32:56	60.17	450	0	0
43	16:33:56	60.44	449	0	0
44	16:34:56	60.10	450	0	0
45	16:35:57	60.10	450	0	0
46	16:36:57	60.11	450	0	0
47	16:37:57	60.16	450	0	0
48	16:38:57	60.12	450	0	0
49	16:39:57	60.16	450	0	0
50	16:40:57	60.13	449	0	0
51	16:41:57	60.12	450	0	0
52	16:42:57	60.11	449	0	0
53	16:43:58	60.11	450	0	0
54	16:44:58	60.12	450	0	0
55	16:45:58	60.18	449	0	0
56	16:46:58	60.11	450	0	0
57	16:47:58	60.12	450	0	0
58	16:48:58	60.12	450	0	0
59	16:49:58	60.12	450	0	0
60	16:50:58	60.13	450	0.01804	0
61	16:51:59	60.11	450	0.05165	0.04772
62	16:52:59	60.10	450	0.05161	0.06539
63	16:53:59	60.13	449	0.05156	0.0653
64	16:54:59	60.13	449	0.03882	0.04934
65	16:55:59	60.11	450	0	0
66	16:56:59	60.16	449	0.05024	0.01081
67	16:57:59	60.11	449	0.06398	0.06614
68	16:58:59	60.11	449	0.06386	0.06609
69	17:00:00	60.11	450	0.06374	0.06604
70	17:01:00	60.13	449	0.06362	0.06599
71	17:02:00	60.13	449	0.0635	0.06593
72	17:03:00	60.12	450	0.06338	0.06588
73	17:04:00	60.12	450	0.06327	0.06584
74	17:05:00	60.12	449	0.06316	0.06579
75	17:06:00	60.11	449	0.06305	0.06574
76	17:07:00	60.12	450	0.06295	0.0657
77	17:08:01	60.11	449	0.06284	0.06565
78	17:09:01	60.35	450	0.06274	0.06559
79	17:10:01	60.11	449	0.06263	0.06554
80	17:11:01	60.13	449	0.06253	0.06549
81	17:12:01	60.11	450	0.06243	0.06542
82	17:13:01	60.10	450	0.06218	0.06488
83	17:14:01	60.12	450	0.06209	0.06482
84	17:15:02	60.11	450	0.06201	0.06476
85	17:16:02	60.12	450	0.06192	0.06469
86	17:17:02	60.17	449	0.06184	0.06463
87	17:18:02	60.11	449	0.06174	0.06457
88	17:19:02	60.12	449	0.06164	0.06451
89	17:20:02	60.13	449	0.06153	0.06445
90	17:21:02	60.12	449	0.06143	0.06439
91	17:22:02	60.11	449	0.06133	0.06433
92	17:23:03	60.11	450	0.06123	0.06428
93	17:24:03	60.10	450	0.06113	0.06422
94	17:25:03	60.11	449	0.06102	0.06416
95	17:26:03	60.12	450	0.06092	0.0641
96	17:27:03	60.13	450	0.06081	0.06404
97	17:28:03	60.12	449	0.06071	0.06398
98	17:29:03	60.12	450	0.0606	0.06391
99	17:30:03	60.12	449	0.0605	0.06385
100	17:31:03	60.11	450	0.06039	0.06378
101	17:32:04	60.12	450	0.06029	0.06372
102	17:33:04	60.12	450	0.0602	0.06365
103	17:34:04	60.11	450	0.06009	0.06359
104	17:35:04	60.11	450	0.05999	0.06352
105	17:36:04	60.13	449	0.05988	0.06345
106	17:37:04	60.12	450	0.05977	0.06338
107	17:38:04	60.12	450	0.05966	0.0633
108	17:39:04	60.11	449	0.05956	0.06323
109	17:40:05	60.11	450	0.05946	0.06316
110	17:41:05	60.35	450	0.05935	0.06308
111	17:42:05	60.11	450	0.05924	0.06301
112	17:43:05	60.13	450	0.05913	0.06293
113	17:44:05	60.13	450	0.05903	0.06285
114	17:45:05	60.12	450	0.05892	0.06278
115	17:46:05	60.13	449	0.05882	0.0627
116	17:47:06	60.11	450	0.05871	0.06262
117	17:48:06	60.11	450	0.05861	0.06253
118	17:49:06	60.11	449	0.05849	0.06243
119	17:50:06	60.11	449	0.05838	0.06234
120	17:51:06	60.12	450	0.05828	0.06225
121	17:52:06	60.11	450	0.05817	0.06217
122	17:53:06	60.13	449	0.05807	0.06208
123	17:54:06	60.16	449	0.4954	0.062
124	17:55:07	60.12	449	3.702	1.843
125	17:56:07	60.11	450	4.601	3.644
126	17:57:07	60.12	449	7.163	5.989
127	17:58:07	60.12	450	7.162	7.242
128	17:59:07	60.11	450	7.161	7.241
129	18:00:07	60.13	450	9.117	7.24
130	18:01:07	60.12	449	11.26	10.57
131	18:02:07	60.12	449	12.77	13.32
132	18:03:07	60.11	449	16.13	16.08
133	18:04:08	60.12	450	19.12	18.85
134	18:05:08	60.12	449	21.88	21.68
135	18:06:08	60.11	450	24.63	25.31
136	18:07:08	60.11	450	27.35	28.11
137	18:08:08	60.13	450	30.53	29.97
138	18:09:08	60.11	449	33.73	31.83
139	18:10:08	60.12	449	36.51	34.59
140	18:11:08	60.12	449	39.29	38.11
141	18:12:09	60.11	449	42.03	41.08
142	18:13:09	60.11	450	44.92	43.84
143	18:14:09	60.16	450	48.28	46.57
144	18:15:09	60.12	450	49.79	49.16
145	18:16:09	60.11	449	51.15	50.76
146	18:17:09	60.12	450	52.89	52.32
147	18:18:09	60.11	450	55.7	54.82
148	18:19:09	60.11	449	59.23	57.62
149	18:20:09	60.13	450	61.97	60.37
150	18:21:10	60.11	450	62.85	63.47
151	18:22:10	60.10	449	62.85	63.46
152	18:23:10	60.11	450	62.84	63.46
153	18:24:10	60.12	450	62.83	63.45
154	18:25:10	60.17	450	62.8	63.45
155	18:26:10	60.12	450	62.77	63.44
156	18:27:10	60.12	450	62.76	63.43
157	18:28:10	60.16	450	62.73	63.43
158	18:29:11	60.12	500	62.72	63.42
159	18:30:11	60.12	621	62.71	63.42
160	18:31:11	44.43	810	62.71	63.42
161	18:31:55	10.16	985	51.87	52.65
162	18:32:05	11.93	1030	51.87	52.65
163	18:32:17	60.54	1087	51.87	52.65
164	18:33:18	60.11	1421	51.87	52.65
165	18:34:18	60.12	1768	51.87	52.66
166	18:35:18	60.11	2116	51.86	52.65
167	18:36:18	60.12	2463	51.84	52.65
168	18:37:18	60.13	2811	51.81	52.65
169	18:38:19	60.11	3164	51.81	52.64
170	18:39:19	60.11	3511	51.8	52.64
171	18:40:19	60.12	3859	51.79	52.64
172	18:41:19	60.11	4206	51.76	52.64
173	18:42:19	60.11	4554	51.74	52.64
174	18:43:19	60.35	4901	51.7	52.64
175	18:44:19	60.11	5248	51.65	52.64
176	18:45:20	60.11	5602	51.59	52.63
177	18:46:20	60.12	5949	51.52	52.63
178	18:47:20	60.17	6297	51.48	52.62
179	18:48:20	10.27	6499	51.46	52.62
180	18:48:30	10.07	6499	51.46	52.62
181	18:48:40	60.42	6499	51.46	52.62
182	18:49:41	60.13	6499	51.45	52.61
183	18:50:41	52.19	6499	51.42	52.61
184	18:51:33	60.32	6499	51.41	52.61
185	18:52:33	60.12	6499	51.41	52.61
186	18:53:33	60.11	6499	51.41	52.61
187	18:54:34	60.11	6499	51.41	52.6
188	18:55:34	60.12	6499	51.4	52.57
189	18:56:34	60.11	6499	51.4	52.57
190	18:57:34	60.11	6499	51.4	52.57
191	18:58:34	60.12	6499	51.4	52.57
192	18:59:34	60.10	6499	51.39	52.56
193	19:00:34	60.11	6499	51.39	52.56
194	19:01:34	60.10	6499	51.39	52.56
195	19:02:34	60.11	6499	51.38	52.55
196	19:03:35	60.13	6499	51.38	52.55
197	19:04:35	60.16	6499	51.38	52.55
198	19:05:35	60.12	6499	51.38	52.55
199	19:06:35	60.11	6499	51.37	52.55
200	19:07:35	60.12	6499	51.37	52.55
201	19:08:35	60.13	6499	51.37	52.54
202	19:09:35	60.11	6499	51.37	52.54
203	19:10:35	60.10	6499	51.36	52.54
204	19:11:36	60.12	6499	51.36	52.54
205	19:12:36	60.12	6499	51.36	52.54
206	19:13:36	60.17	6499	51.36	52.54
207	19:14:36	60.12	6499	51.35	52.53
208	19:15:36	60.13	6499	51.35	52.53
209	19:16:36	60.15	6499	51.35	52.53
210	19:17:36	56.62	6499	51.34	52.53
211	19:18:33	60.44	6499	51.34	52.53
212	19:19:33	60.11	6499	51.34	52.53
213	19:20:34	60.14	6499	51.33	52.53
214	19:21:34	60.12	6499	51.33	52.52
215	19:22:34	60.11	6499	51.33	52.52
216	19:23:34	60.11	6499	51.33	52.52
217	19:24:34	60.12	6499	51.32	52.52
218	19:25:34	60.12	6499	51.32	52.52
219	19:26:34	60.11	6499	51.32	52.51
220	19:27:34	60.11	6499	51.32	52.52
221	19:28:34	60.15	6499	51.31	52.51
222	19:29:35	60.12	6499	51.31	52.51
223	19:30:35	10.27	6499	51.31	52.51
224	19:30:45	60.44	6499	51.31	52.51
225	19:31:45	60.15	6499	51.3	52.51
226	19:32:46	60.11	6499	51.3	52.51
227	19:33:46	10.27	6499	51.3	52.51
228	19:33:56	60.42	6499	51.3	52.5
229	19:34:56	60.16	6499	51.29	52.5
230	19:35:57	60.11	6499	51.29	52.5
231	19:36:57	60.12	6499	51.29	52.5
232	19:37:57	60.11	6499	51.29	52.5
233	19:38:57	60.17	6499	51.29	52.5
234	19:39:57	60.13	6499	51.28	52.5
235	19:40:57	60.13	6499	51.28	52.49
236	19:41:57	60.12	6499	51.28	52.49
237	19:42:57	60.11	6499	51.28	52.49
238	19:43:58	60.11	6499	51.27	52.49
239	19:44:58	60.12	6499	51.27	52.49
240	19:45:58	60.13	6499	51.27	52.48
241	19:46:58	60.12	6499	51.27	52.48
242	19:47:58	60.12	6499	51.26	52.48
243	19:48:58	60.12	6499	51.26	52.48
244	19:49:58	60.12	6499	51.26	52.48
245	19:50:58	60.17	6499	51.25	52.48
246	19:51:59	60.11	6499	51.25	52.48
247	19:52:59	60.12	6499	51.25	52.47
248	19:53:59	60.12	6499	51.25	52.47
249	19:54:59	60.15	6499	51.24	52.47
250	19:55:59	60.12	6499	51.24	52.47
251	19:56:59	60.11	6499	51.24	52.47
252	19:57:59	60.12	6499	51.23	52.47
253	19:58:59	60.14	6499	51.23	52.47
254	20:00:00	60.17	6499	51.22	52.47
255	20:01:00	60.12	6499	51.22	52.46
256	20:02:00	60.13	6499	51.22	52.46
257	20:03:00	60.12	6499	51.22	52.46
258	20:04:00	60.12	6499	51.21	52.46
259	20:05:00	60.12	6499	51.21	52.45
260	20:06:00	60.11	6499	51.21	52.45
261	20:07:00	60.15	6499	51.2	52.45
262	20:08:01	60.44	6499	51.2	52.45
263	20:09:01	60.11	6499	51.2	52.45
264	20:10:01	60.11	6499	51.19	52.44
265	20:11:01	60.11	6499	51.19	52.44
266	20:12:01	60.11	6499	51.18	52.44
267	20:13:01	60.11	6499	51.18	52.44
268	20:14:02	60.13	6499	51.18	52.44
269	20:15:02	60.17	6499	51.17	52.44
270	20:16:02	60.12	6499	51.17	52.43
271	20:17:02	60.12	6499	51.17	52.43
272	20:18:02	60.12	6499	51.17	52.43
273	20:19:02	60.11	6499	51.16	52.43
274	20:20:02	60.12	6499	51.16	52.43
275	20:21:02	60.12	6499	51.16	52.42
276	20:22:03	60.12	6499	51.16	52.42
277	20:23:03	60.12	6499	51.15	52.42
278	20:24:03	60.12	6499	51.15	52.42
279	20:25:03	60.13	6499	51.15	52.42
280	20:26:03	60.13	6499	51.15	52.42
281	20:27:03	60.13	6499	51.15	52.42
282	20:28:03	20.35	6499	51.14	52.42
283	20:28:24	20.29	6499	51.14	52.41
284	20:28:44	20.28	6499	51.14	52.41
285	20:29:04	20.03	6499	51.14	52.41
286	20:29:24	20.29	6499	51.14	52.41
287	20:29:45	20.29	6499	51.14	52.41
288	20:30:05	20.03	6499	51.14	52.41
289	20:30:25	20.29	6499	51.14	52.41
290	20:30:45	20.29	6499	51.14	52.41
291	20:31:05	20.28	6499	51.14	52.41
292	20:31:26	20.34	6499	51.14	52.41
293	20:31:46	20.09	6499	51.14	52.41
294	20:32:06	20.09	6499	51.14	52.41
295	20:32:26	16.60	6499	51.14	52.41
296	20:32:43	20.50	6499	51.13	52.41
297	20:33:03	20.03	6499	51.13	52.4
298	20:33:23	20.31	6499	51.13	52.4
299	20:33:44	20.04	6499	51.13	52.4
300	20:34:04	20.28	6499	51.13	52.4
301	20:34:24	20.04	6499	51.13	52.4
302	20:34:44	20.29	6499	51.13	52.4
303	20:35:04	20.28	6499	51.13	52.4
304	20:35:25	20.28	6499	51.13	52.4
305	20:35:45	20.03	6499	51.13	52.4
306	20:36:05	20.10	6499	51.13	52.4
307	20:36:25	20.28	6499	51.13	52.4
308	20:36:45	20.28	6499	51.13	52.4
309	20:37:06	20.28	6499	51.12	52.4
310	20:37:26	20.29	6499	51.12	52.4
311	20:37:46	20.28	6499	51.12	52.4
312	20:38:06	20.29	6499	51.12	52.4
313	20:38:27	20.29	6499	51.12	52.4
314	20:38:47	20.29	6499	51.12	52.4
315	20:39:07	20.28	6499	51.12	52.39
316	20:39:28	20.04	6499	51.12	52.39
317	20:39:48	20.28	6499	51.12	52.39
318	20:40:08	20.09	6499	51.12	52.39
319	20:40:28	20.28	6499	51.11	52.39
320	20:40:48	20.03	6499	51.11	52.39
321	20:41:08	5.76	6499	51.11	52.39
322	20:41:14	28.49	6499	51.11	52.39
323	20:41:43	73.84	6499	51.11	52.39
324	20:42:56	29.02	6499	51.1	52.39
325	20:43:25	22.53	6499	51.1	52.39
326	20:43:48	29.10	6499	51.1	52.39
327	20:44:17	30.24	6499	51.1	52.39
328	20:44:47	29.04	6499	51.1	52.39
329	20:45:16	34.52	6499	51.09	52.38
330	20:45:51	29.03	6499	51.09	52.38
331	20:46:20	30.47	6499	51.09	52.38
332	20:46:50	29.02	6499	51.08	52.38
333	20:47:19	30.63	6499	51.08	52.38
334	20:47:50	29.03	6499	51.08	52.38
335	20:48:19	33.94	6499	51.08	52.38
336	20:48:53	29.02	6499	51.08	52.37
337	20:49:22	30.32	6499	51.07	52.37
338	20:49:52	29.03	6499	51.07	52.37
339	20:50:21	30.64	6499	51.07	52.37
340	20:50:52	29.03	6499	51.07	52.37
341	20:51:21	33.93	6499	51.07	52.37
342	20:51:55	29.03	6499	51.06	52.37
343	20:52:24	30.92	6499	51.06	52.37
344	20:52:55	29.07	6499	51.06	52.36
345	20:53:24	31.49	6499	51.06	52.36
346	20:53:55	29.03	6499	51.05	52.36
347	20:54:24	33.92	6499	51.05	52.36
348	20:54:58	29.03	6499	51.05	52.36
349	20:55:27	31.53	6499	51.05	52.36
350	20:55:59	29.02	6499	51.04	52.36
351	20:56:28	22.93	6499	51.04	52.35
352	20:56:51	28.92	6499	51.04	52.35
353	20:57:20	138.54	6499	51.04	52.35
354	20:59:38	29.04	6499	51.03	52.35
355	21:00:07	11.20	6499	51.03	52.35
356	21:00:19	20.28	6499	51.02	52.34
357	21:00:39	20.29	6499	51.02	52.34
358	21:00:59	20.29	6499	51.02	52.34
359	21:01:19	20.29	6499	51.02	52.34
360	21:01:40	20.28	6499	51.02	52.34
361	21:02:00	20.29	6499	51.02	52.34
362	21:02:20	20.10	6499	51.02	52.34
363	21:02:40	20.34	6499	51.02	52.34
364	21:03:01	20.28	6499	51.02	52.34
365	21:03:21	20.28	6499	51.02	52.34
366	21:03:41	20.29	6499	51.02	52.34
367	21:04:02	20.03	6499	51.02	52.34
368	21:04:22	20.29	6499	51.02	52.34
369	21:04:42	20.29	6499	51.01	52.34
370	21:05:02	20.33	6499	51.01	52.33
371	21:05:23	20.28	6499	51.01	52.33
372	21:05:43	10.32	6499	51.01	52.33
373	21:05:53	20.36	6499	51.01	52.33
374	21:06:14	20.29	6499	51.01	52.33
375	21:06:34	20.09	6499	51.01	52.33
376	21:06:54	20.29	6499	51.01	52.33
377	21:07:14	20.29	6499	51.01	52.33
378	21:07:34	20.28	6499	51	52.33
379	21:07:55	20.29	6499	51	52.33
380	21:08:15	20.28	6499	51	52.33
381	21:08:35	9.27	6499	51	52.33
382	21:08:45	28.52	6499	51	52.33
383	21:09:13	85.84	6499	51	52.32
384	21:10:39	29.03	6499	50.99	52.32
385	21:11:08	25.53	6499	50.99	52.32
386	21:11:34	29.03	6499	50.99	52.32
387	21:12:03	34.83	6499	50.99	52.32
388	21:12:37	29.03	6499	50.98	52.32
389	21:13:06	35.13	6499	50.98	52.32
390	21:13:42	29.02	6499	50.98	52.32
391	21:14:11	34.82	6499	50.98	52.31
392	21:14:45	29.02	6499	50.98	52.31
393	21:15:14	35.12	6499	50.97	52.31
394	21:15:50	29.06	6499	50.97	52.31
395	21:16:19	34.79	6499	50.97	52.31
396	21:16:53	29.03	6499	50.97	52.31
397	21:17:22	35.12	6499	50.97	52.31
398	21:17:58	29.03	6499	50.96	52.31
399	21:18:27	34.82	6499	50.96	52.3
400	21:19:01	29.03	6499	50.96	52.3
401	21:19:30	35.13	6499	50.96	52.3
402	21:20:06	29.02	6499	50.96	52.3
403	21:20:35	34.82	6499	50.96	52.3
404	21:21:09	29.03	6499	50.96	52.3
405	21:21:38	35.42	6499	50.95	52.29
406	21:22:14	29.03	6499	50.95	52.3
407	21:22:43	35.73	6499	50.95	52.29
408	21:23:19	29.03	6499	50.95	52.29
409	21:23:48	35.71	6499	50.95	52.29
410	21:24:23	29.04	6499	50.94	52.29
411	21:24:52	25.52	6499	50.94	52.29
412	21:25:18	29.03	6499	50.94	52.29
413	21:25:47	146.35	6499	50.93	52.29
414	21:28:13	29.02	6499	50.93	52.28
415	21:28:42	11.36	6499	50.92	52.28
416	21:28:54	20.29	6499	50.92	52.28
417	21:29:14	20.29	6499	50.92	52.28
418	21:29:34	20.29	6499	50.92	52.28
419	21:29:54	20.33	6499	50.92	52.28
420	21:30:15	20.11	6499	50.92	52.27
421	21:30:35	20.28	6499	50.92	52.27
422	21:30:55	20.29	6499	50.92	52.27
423	21:31:16	20.28	6499	50.92	52.27
424	21:31:36	20.29	6499	50.91	52.27
425	21:31:56	20.30	6499	50.91	52.27
426	21:32:16	20.28	6499	50.91	52.27
427	21:32:37	20.29	6499	50.91	52.27
428	21:32:57	11.77	6499	50.91	52.27
429	21:33:09	28.52	6499	50.91	52.27
430	21:33:37	82.64	6499	50.9	52.27
431	21:35:00	28.92	6499	50.9	52.26
432	21:35:29	24.02	6499	50.89	52.26
433	21:35:53	29.02	6499	50.89	52.26
434	21:36:22	33.92	6499	50.89	52.26
435	21:36:56	29.03	6499	50.89	52.26
436	21:37:25	33.62	6499	50.89	52.26
437	21:37:58	29.06	6499	50.88	52.25
438	21:38:27	33.89	6499	50.88	52.25
439	21:39:01	29.03	6499	50.88	52.25
440	21:39:30	33.62	6499	50.88	52.25
441	21:40:04	29.06	6499	50.87	52.25
442	21:40:33	33.93	6499	50.87	52.25
443	21:41:07	29.03	6499	50.87	52.25
444	21:41:36	33.92	6499	50.86	52.25
445	21:42:10	29.02	6499	50.86	52.24
446	21:42:39	33.91	6499	50.86	52.24
447	21:43:13	29.03	6499	50.86	52.24
448	21:43:42	33.93	6499	50.86	52.24
449	21:44:16	29.02	6499	50.85	52.24
450	21:44:45	33.92	6499	50.85	52.24
451	21:45:19	29.02	6499	50.85	52.24
452	21:45:48	34.22	6499	50.84	52.23
453	21:46:22	29.03	6499	50.84	52.23
454	21:46:51	34.23	6499	50.84	52.23
455	21:47:25	29.02	6499	50.83	52.23
456	21:47:54	34.53	6499	50.83	52.23
457	21:48:29	29.03	6499	50.82	52.23
458	21:48:58	24.92	6499	50.82	52.23
459	21:49:23	29.04	6499	50.82	52.23
460	21:49:52	84.02	6499	50.81	52.22
461	21:51:16	29.03	6499	50.81	52.22
462	21:51:45	11.23	6499	50.81	52.22
463	21:51:56	20.28	6499	50.81	52.22
464	21:52:16	20.28	6499	50.81	52.22
465	21:52:37	20.29	6499	50.81	52.22
466	21:52:57	20.28	6499	50.81	52.22
467	21:53:17	20.04	6499	50.81	52.22
468	21:53:37	20.29	6499	50.8	52.22
469	21:53:58	20.04	6499	50.8	52.22
470	21:54:18	20.29	6499	50.8	52.21
471	21:54:38	20.29	6499	50.8	52.21
472	21:54:58	20.28	6499	50.8	52.21
473	21:55:18	14.27	6499	50.8	52.21
474	21:55:33	28.31	6499	50.8	52.21
475	21:56:01	77.44	6499	50.8	52.21
476	21:57:18	29.03	6499	50.8	52.21
477	21:57:47	22.87	6499	50.79	52.21
478	21:58:10	29.03	6499	50.79	52.2
479	21:58:39	31.81	6499	50.79	52.2
480	21:59:11	29.04	6499	50.79	52.2
481	21:59:40	35.73	6499	50.79	52.2
482	22:00:16	29.02	6499	50.79	52.2
483	22:00:45	31.82	6499	50.78	52.2
484	22:01:17	29.03	6499	50.78	52.2
485	22:01:46	44.18	6499	50.78	52.19
486	22:02:30	29.04	6499	50.78	52.19
487	22:02:59	35.99	6499	50.78	52.19
488	22:03:35	29.03	6499	50.77	52.19
489	22:04:04	31.83	6499	50.77	52.19
490	22:04:36	29.03	6499	50.77	52.19
491	22:05:05	32.13	6499	50.77	52.18
492	22:05:37	29.02	6499	50.76	52.18
493	22:06:06	34.82	6499	50.76	52.18
494	22:06:41	29.03	6499	50.76	52.18
495	22:07:10	32.14	6499	50.76	52.18
496	22:07:42	29.01	6499	50.75	52.18
497	22:08:11	32.73	6499	50.75	52.17
498	22:08:44	29.02	6499	50.75	52.17
499	22:09:13	35.12	6499	50.74	52.17
500	22:09:48	29.04	6499	50.74	52.17
501	22:10:17	32.42	6499	50.74	52.17
502	22:10:49	29.03	6499	50.74	52.17
503	22:11:18	23.42	6499	50.73	52.17
504	22:11:42	29.03	6499	50.73	52.16
505	22:12:11	79.53	6499	50.73	52.16
506	22:13:30	29.03	6499	50.72	52.16
507	22:13:59	11.22	6499	50.72	52.16
508	22:14:11	20.05	6499	50.72	52.16
509	22:14:31	20.03	6499	50.72	52.16
510	22:14:51	20.10	6499	50.72	52.16
511	22:15:11	20.29	6499	50.72	52.15
512	22:15:31	20.29	6499	50.72	52.15
513	22:15:51	20.04	6499	50.72	52.15
514	22:16:11	20.06	6499	50.71	52.15
515	22:16:32	20.28	6499	50.71	52.15
516	22:16:52	20.29	6499	50.71	52.15
517	22:17:12	20.28	6499	50.71	52.15
518	22:17:32	20.28	6499	50.71	52.15
519	22:17:53	20.28	6499	50.71	52.15
520	22:18:13	20.04	6499	50.71	52.15
521	22:18:33	20.29	6499	50.71	52.15
522	22:18:53	20.09	6499	50.71	52.15
523	22:19:13	20.28	6499	50.71	52.15
524	22:19:34	20.09	6499	50.71	52.15
525	22:19:54	20.28	6499	50.7	52.14
526	22:20:14	51.12	6499	50.7	52.14
527	22:21:05	60.34	6499	50.7	52.14
528	22:22:05	60.12	6499	50.69	52.14
529	22:23:06	60.12	6499	50.69	52.14
530	22:24:06	60.12	6499	50.68	52.13
531	22:25:06	60.12	6499	50.68	52.13
532	22:26:06	60.11	6499	50.68	52.12
533	22:27:06	60.12	6499	50.67	52.12
534	22:28:06	60.12	6499	50.67	52.12
535	22:29:06	60.11	6499	50.66	52.12
536	22:30:06	60.12	6499	50.66	52.11
537	22:31:07	60.44	6499	50.66	52.11
538	22:32:07	60.12	6499	50.65	52.11
539	22:33:07	60.12	6499	50.65	52.11
540	22:34:07	60.12	6499	50.65	52.11
541	22:35:07	60.13	6499	50.65	52.1
542	22:36:07	60.16	6499	50.64	52.1
543	22:37:08	60.11	6499	50.64	52.1
544	22:38:08	60.12	6499	50.64	52.1
545	22:39:08	60.11	6499	50.63	52.1
546	22:40:08	60.11	6499	50.63	52.09
547	22:41:08	60.12	6499	50.62	52.09
548	22:42:08	60.12	6499	50.62	52.09
549	22:43:08	60.11	6499	50.62	52.08
550	22:44:08	60.11	6499	50.62	52.08
551	22:45:09	60.11	6499	50.61	52.08
552	22:46:09	60.44	6499	50.61	52.08
553	22:47:09	60.15	6499	50.61	52.07
554	22:48:09	60.11	6499	50.6	52.07
555	22:49:09	60.12	6499	50.6	52.07
556	22:50:09	60.11	6499	50.6	52.07
557	22:51:10	60.12	6499	50.6	52.07
558	22:52:10	60.13	6499	50.59	52.06
559	22:53:10	60.09	6499	50.59	52.06
560	22:54:10	60.12	6499	50.58	52.06
561	22:55:10	60.13	6499	50.58	52.05
562	22:56:10	60.12	6499	50.58	52.05
563	22:57:10	60.11	6499	50.57	52.05
564	22:58:10	60.11	6499	50.57	52.05
565	22:59:10	60.10	6499	50.57	52.04
566	23:00:11	60.11	6499	50.56	52.04
567	23:01:11	60.13	6499	50.56	52.04
568	23:02:11	60.11	6499	50.56	52.04
569	23:03:11	60.18	6499	50.55	52.03
570	23:04:11	60.12	6499	50.55	52.03
571	23:05:11	60.15	6499	50.55	52.03
572	23:06:11	60.11	6499	50.54	52.02
573	23:07:11	60.12	6499	50.54	52.02
574	23:08:12	60.11	6499	50.54	52.02
575	23:09:12	60.11	6499	50.53	52.02
576	23:10:12	60.10	6499	50.53	52.02
577	23:11:12	60.12	6499	50.53	52.01
578	23:12:12	60.11	6499	50.53	52.01
579	23:13:12	60.12	6499	50.52	52.01
580	23:14:12	60.13	6499	50.52	52
581	23:15:12	60.17	6499	50.52	52
582	23:16:13	60.17	6499	50.52	52
583	23:17:13	60.11	6499	50.51	52
584	23:18:13	60.11	6499	50.51	51.99
585	23:19:13	60.10	6499	50.51	51.99
586	23:20:13	60.11	6499	50.5	51.99
587	23:21:13	60.11	6499	50.49	51.99
588	23:22:13	60.11	6499	50.49	51.99
589	23:23:13	60.13	6499	50.49	51.98
590	23:24:14	60.11	6499	50.49	51.98
591	23:25:14	60.11	6499	50.48	51.98
592	23:26:14	60.12	6499	50.48	51.97
593	23:27:14	60.11	6499	50.48	51.97
594	23:28:14	60.15	6499	50.47	51.97
595	23:29:14	60.13	6499	50.47	51.97
596	23:30:14	60.12	6499	50.47	51.97
597	23:31:14	60.11	6499	50.47	51.96
598	23:32:14	60.11	6499	50.46	51.96
599	23:33:15	60.12	6499	50.46	51.96
600	23:34:15	60.11	6499	50.46	51.96
601	23:35:15	60.11	6499	50.46	51.96
602	23:36:15	60.11	6499	50.45	51.95
603	23:37:15	60.13	6499	50.45	51.95
604	23:38:15	60.13	6499	50.45	51.95
605	23:39:15	60.14	6499	50.45	51.94
606	23:40:15	60.17	6499	50.44	51.94
607	23:41:16	60.12	6499	50.44	51.94
608	23:42:16	60.13	6499	50.43	51.93
609	23:43:16	60.13	6499	50.43	51.93
610	23:44:16	60.11	6499	50.43	51.93
611	23:45:16	60.17	6499	50.42	51.92
612	23:46:16	60.11	6499	50.42	51.92
613	23:47:16	60.10	6499	50.42	51.92
614	23:48:16	60.11	6499	50.42	51.92
615	23:49:17	60.12	6499	50.41	51.92
616	23:50:17	60.11	6499	50.41	51.91
617	23:51:17	60.14	6499	50.41	51.91
618	23:52:17	60.12	6499	50.4	51.91
619	23:53:17	60.12	6499	50.4	51.91
620	23:54:17	60.12	6499	50.4	51.9
621	23:55:17	60.18	6499	50.39	51.9
622	23:56:17	60.12	6499	50.39	51.9
623	23:57:18	60.11	6499	50.38	51.89
624	23:58:18	60.11	6499	50.38	51.89
625	23:59:18	60.17	6499	50.38	51.89
626	00:00:18	60.12	6499	50.38	51.89
627	00:01:18	60.12	6499	50.37	51.88
628	00:02:18	60.13	6499	50.37	51.88
629	00:03:18	60.12	6499	50.37	51.88
630	00:04:18	60.12	6499	50.36	51.87
631	00:05:19	60.11	6499	50.36	51.87
632	00:06:19	60.12	6499	50.36	51.87
633	00:07:19	60.11	6499	50.35	51.87
634	00:08:19	60.12	6499	50.35	51.86
635	00:09:19	60.12	6499	50.35	51.86
636	00:10:19	60.13	6499	50.34	51.86
637	00:11:19	60.11	6499	50.34	51.86
638	00:12:19	60.12	6499	50.34	51.85
639	00:13:20	60.11	6499	50.34	51.85
640	00:14:20	60.12	6499	50.33	51.85
641	00:15:20	60.17	6499	50.33	51.84
642	00:16:20	60.12	6499	50.33	51.84
643	00:17:20	60.10	6499	50.32	51.84
644	00:18:20	60.12	6499	50.32	51.84
645	00:19:20	60.12	6499	50.32	51.83
646	00:20:20	60.12	6499	50.32	51.83
647	00:21:21	60.13	6499	50.31	51.83
648	00:22:21	60.13	6499	50.31	51.83
649	00:23:21	60.11	6499	50.31	51.82
650	00:24:21	60.12	6499	50.3	51.82
651	00:25:21	60.13	6499	50.3	51.82
652	00:26:21	60.13	6499	50.3	51.82
653	00:27:21	60.11	6499	50.3	51.81
654	00:28:21	60.12	6499	50.3	51.81
655	00:29:21	60.11	6499	50.29	51.81
656	00:30:22	60.11	6499	50.29	51.81
657	00:31:22	60.12	6499	50.29	51.8
658	00:32:22	60.16	6499	50.29	51.8
659	00:33:22	60.12	6499	50.28	51.8
660	00:34:22	60.12	6499	50.28	51.8
661	00:35:22	60.12	6499	50.28	51.8
662	00:36:22	60.12	6499	50.28	51.79
663	00:37:22	60.11	6499	50.27	51.79
664	00:38:23	60.15	6499	50.27	51.79
665	00:39:23	60.17	6499	50.27	51.79
666	00:40:23	60.12	6499	50.26	51.78
667	00:41:23	60.15	6499	50.26	51.78
668	00:42:23	60.44	6499	50.26	51.78
669	00:43:24	60.11	6499	50.25	51.78
670	00:44:24	60.12	6499	50.25	51.77
671	00:45:24	60.11	6499	50.25	51.77
672	00:46:24	60.11	6499	50.24	51.77
673	00:47:24	60.11	6499	50.24	51.77
674	00:48:24	60.13	6499	50.24	51.76
675	00:49:24	60.12	6499	50.23	51.76
676	00:50:24	60.13	6499	50.23	51.76
677	00:51:25	60.12	6499	50.23	51.75
678	00:52:25	60.12	6499	50.22	51.75
679	00:53:25	60.11	6499	50.22	51.75
680	00:54:25	60.12	6499	50.22	51.75
681	00:55:25	60.11	6499	50.22	51.75
682	00:56:25	60.11	6499	50.21	51.74
683	00:57:25	60.12	6499	50.21	51.74
684	00:58:25	60.36	6499	50.21	51.74
685	00:59:26	60.16	6499	50.21	51.73
686	01:00:26	60.11	6499	50.2	51.73
687	01:01:26	60.12	6499	50.2	51.73
688	01:02:26	60.12	6499	50.2	51.73
689	01:03:26	60.12	6499	50.2	51.72
690	01:04:26	60.16	6499	50.19	51.72
691	01:05:27	60.12	6499	50.19	51.72
692	01:06:27	60.12	6499	50.18	51.72
693	01:07:27	60.11	6499	50.17	51.71
694	01:08:27	60.43	6499	50.16	51.71
695	01:09:27	60.11	6499	50.16	51.71
696	01:10:27	60.12	6499	50.15	51.7
697	01:11:28	60.11	6499	50.15	51.7
698	01:12:28	60.12	6499	50.14	51.69
699	01:13:28	60.11	6499	50.13	51.69
700	01:14:28	60.11	6499	50.13	51.69
701	01:15:28	60.12	6499	50.12	51.68
702	01:16:28	60.17	6499	50.12	51.68
703	01:17:28	60.12	6499	50.11	51.68
704	01:18:28	60.11	6499	50.11	51.68
705	01:19:29	60.12	6499	50.11	51.67
706	01:20:29	60.10	6499	50.1	51.67
707	01:21:29	60.11	6499	50.09	51.66
708	01:22:29	60.12	6499	50.09	51.66
709	01:23:29	60.11	6499	50.08	51.66
710	01:24:29	60.13	6499	50.08	51.66
711	01:25:29	60.10	6499	50.08	51.65
712	01:26:29	60.11	6499	50.07	51.65
713	01:27:29	60.12	6499	50.07	51.65
714	01:28:30	60.12	6499	50.06	51.65
715	01:29:30	60.12	6499	50.06	51.65
716	01:30:30	60.10	6499	50.05	51.64
717	01:31:30	60.12	6499	50.05	51.64
718	01:32:30	60.13	6499	50.05	51.64
719	01:33:30	60.12	6499	50.04	51.64
720	01:34:30	60.12	6499	50.04	51.63
721	01:35:30	60.11	6499	50.04	51.63
722	01:36:30	60.11	6499	50.03	51.63
723	01:37:31	60.11	6499	50.03	51.62
724	01:38:31	60.13	6499	50.02	51.62
725	01:39:31	60.17	6499	50.02	51.62
726	01:40:31	60.11	6499	50.01	51.61
727	01:41:31	60.12	6499	50.01	51.61
728	01:42:31	60.43	6499	50	51.61
729	01:43:32	60.12	6499	50	51.61
730	01:44:32	60.11	6499	49.99	51.61
731	01:45:32	60.13	6499	49.99	51.6
732	01:46:32	60.12	6499	49.99	51.6
733	01:47:32	60.12	6499	49.98	51.6
734	01:48:32	60.12	6499	49.98	51.59
735	01:49:32	60.17	6499	49.97	51.59
736	01:50:33	60.11	6499	49.97	51.59
737	01:51:33	60.12	6499	49.97	51.59
738	01:52:33	60.12	6499	49.96	51.58
739	01:53:33	60.11	6499	49.96	51.58
740	01:54:33	60.13	6499	49.95	51.58
741	01:55:33	60.11	6499	49.95	51.57
742	01:56:33	60.11	6499	49.95	51.57
743	01:57:33	60.15	6499	49.95	51.57
744	01:58:33	60.11	6499	49.94	51.57
745	01:59:34	60.15	6499	49.94	51.56
746	02:00:34	60.12	6499	49.93	51.56
747	02:01:34	60.11	6499	49.93	51.56
748	02:02:34	60.44	6499	49.92	51.55
749	02:03:34	60.16	6499	49.92	51.55
750	02:04:35	60.17	6499	49.91	51.55
751	02:05:35	60.11	6499	49.91	51.54
752	02:06:35	60.10	6499	49.9	51.54
753	02:07:35	60.11	6499	49.9	51.54
754	02:08:35	60.12	6499	49.9	51.53
755	02:09:35	60.12	6499	49.89	51.53
756	02:10:35	60.12	6499	49.89	51.53
757	02:11:35	60.11	6499	49.89	51.53
758	02:12:36	60.12	6499	49.88	51.53
759	02:13:36	60.11	6499	49.88	51.52
760	02:14:36	60.13	6499	49.87	51.52
761	02:15:36	60.13	6499	49.87	51.52
762	02:16:36	60.15	6499	49.87	51.52
763	02:17:36	60.11	6499	49.86	51.51
764	02:18:36	60.11	6499	49.86	51.51
765	02:19:36	60.14	6499	49.86	51.51
766	02:20:37	60.11	6499	49.85	51.51
767	02:21:37	60.11	6499	49.85	51.5
768	02:22:37	60.11	6499	49.84	51.5
769	02:23:37	60.12	6499	49.84	51.5
770	02:24:37	60.10	6499	49.83	51.5
771	02:25:37	60.11	6499	49.83	51.49
772	02:26:37	60.12	6499	49.83	51.49
773	02:27:37	60.10	6499	49.83	51.49
774	02:28:37	60.12	6499	49.82	51.49
775	02:29:38	60.12	6499	49.82	51.48
776	02:30:38	60.11	6499	49.81	51.48
777	02:31:38	60.11	6499	49.81	51.48
778	02:32:38	60.12	6499	49.8	51.48
779	02:33:38	60.11	6499	49.8	51.47
780	02:34:38	60.12	6499	49.8	51.47
781	02:35:38	60.12	6499	49.79	51.47
782	02:36:38	60.11	6499	49.79	51.46
783	02:37:38	60.12	6499	49.78	51.46
784	02:38:39	60.39	6499	49.78	51.46
785	02:39:39	60.18	6499	49.78	51.45
786	02:40:39	60.12	6499	49.77	51.45
787	02:41:39	60.16	6499	49.77	51.45
788	02:42:39	60.11	6499	49.77	51.45
789	02:43:40	60.11	6499	49.76	51.44
790	02:44:40	60.12	6499	49.76	51.44
791	02:45:40	60.11	6499	49.75	51.44
792	02:46:40	60.12	6499	49.74	51.44
793	02:47:40	60.12	6499	49.74	51.43
794	02:48:40	60.12	6499	49.74	51.43
795	02:49:40	60.09	6499	49.73	51.43
796	02:50:40	60.11	6499	49.73	51.43
797	02:51:40	60.11	6499	49.73	51.43
798	02:52:41	60.13	6499	49.72	51.42
799	02:53:41	60.12	6499	49.72	51.42
800	02:54:41	60.12	6499	49.71	51.42
801	02:55:41	60.12	6499	49.71	51.42
802	02:56:41	60.11	6499	49.7	51.41
803	02:57:41	60.12	6499	49.7	51.41
804	02:58:41	60.10	6499	49.69	51.41
805	02:59:41	60.12	6499	49.68	51.41
806	03:00:41	60.10	6499	49.68	51.4
807	03:01:42	60.13	6499	49.67	51.4
808	03:02:42	60.11	6499	49.66	51.4
809	03:03:42	60.17	6499	49.66	51.4
810	03:04:42	60.16	6499	49.65	51.4
811	03:05:42	60.12	6499	49.65	51.39
812	03:06:42	60.12	6499	49.64	51.39
813	03:07:42	60.12	6499	49.64	51.39
814	03:08:43	60.11	6499	49.64	51.39
815	03:09:43	60.14	6499	49.63	51.38
816	03:10:43	60.11	6499	49.63	51.38
817	03:11:43	60.13	6499	49.63	51.38
818	03:12:43	60.12	6499	49.62	51.38
819	03:13:43	60.13	6499	49.62	51.37
820	03:14:43	60.12	6499	49.61	51.37
821	03:15:43	60.11	6499	49.61	51.37
822	03:16:43	60.11	6499	49.6	51.37
823	03:17:44	60.10	6499	49.6	51.36
824	03:18:44	60.12	6499	49.59	51.36
825	03:19:44	60.12	6499	49.59	51.36
826	03:20:44	60.13	6499	49.58	51.35
827	03:21:44	60.12	6499	49.58	51.35
828	03:22:44	60.10	6499	49.57	51.35
829	03:23:44	60.12	6499	49.57	51.35
830	03:24:44	60.12	6499	49.56	51.35
831	03:25:45	60.12	6499	49.56	51.34
832	03:26:45	60.11	6499	49.55	51.34
833	03:27:45	60.12	6499	49.55	51.34
834	03:28:45	60.11	6499	49.54	51.34
835	03:29:45	60.10	6499	49.53	51.33
836	03:30:45	60.11	6499	49.53	51.33
837	03:31:45	60.11	6499	49.52	51.33
838	03:32:45	60.11	6499	49.52	51.33
839	03:33:45	60.11	6499	49.52	51.33
840	03:34:45	60.11	6499	49.51	51.32
841	03:35:46	60.11	6499	49.51	51.32
842	03:36:46	60.12	6499	49.5	51.32
843	03:37:46	60.11	6499	49.5	51.32
844	03:38:46	60.13	6499	49.49	51.32
845	03:39:46	60.17	6499	49.49	51.31
846	03:40:46	60.12	6499	49.49	51.31
847	03:41:46	60.12	6499	49.48	51.31
848	03:42:46	60.11	6499	49.48	51.31
849	03:43:47	60.11	6499	49.47	51.31
850	03:44:47	60.12	6499	49.47	51.3
851	03:45:47	60.11	6499	49.47	51.3
852	03:46:47	60.12	6499	49.46	51.3
853	03:47:47	60.11	6499	49.46	51.3
854	03:48:47	60.15	6499	49.45	51.3
855	03:49:47	60.12	6499	49.45	51.29
856	03:50:47	60.12	6499	49.44	51.29
857	03:51:48	60.16	6499	49.44	51.29
858	03:52:48	60.12	6499	49.43	51.29
859	03:53:48	60.13	6499	49.43	51.29
860	03:54:48	60.17	6499	49.43	51.28
861	03:55:48	60.12	6499	49.42	51.28
862	03:56:48	60.11	6499	49.41	51.28
863	03:57:48	60.11	6499	49.41	51.27
864	03:58:48	60.12	6499	49.4	51.27
865	03:59:49	60.41	6499	49.39	51.27
866	04:00:49	60.13	6499	49.39	51.27
867	04:01:49	60.12	6499	49.38	51.27
868	04:02:49	60.12	6499	49.38	51.26
869	04:03:49	60.14	6499	49.37	51.26
870	04:04:50	60.13	6499	49.37	51.26
871	04:05:50	60.15	6499	49.36	51.26
872	04:06:50	60.10	6499	49.36	51.25
873	04:07:50	60.12	6499	49.35	51.25
874	04:08:50	60.11	6499	49.35	51.25
875	04:09:50	60.15	6499	49.35	51.25
876	04:10:50	60.10	6499	49.34	51.24
877	04:11:50	60.11	6499	49.34	51.24
878	04:12:51	60.13	6499	49.33	51.23
879	04:13:51	60.11	6499	49.33	51.23
880	04:14:51	60.11	6499	49.33	51.23
881	04:15:51	60.10	6499	49.32	51.23
882	04:16:51	60.17	6499	49.32	51.22
883	04:17:51	60.13	6499	49.31	51.22
884	04:18:51	60.17	6499	49.31	51.22
885	04:19:51	60.10	6499	49.31	51.22
886	04:20:52	60.11	6499	49.31	51.21
887	04:21:52	60.11	6499	49.3	51.21
888	04:22:52	60.13	6499	49.3	51.21
889	04:23:52	60.12	6499	49.29	51.21
890	04:24:52	60.12	6499	49.29	51.2
891	04:25:52	60.12	6499	49.29	51.2
892	04:26:52	60.12	6499	49.28	51.2
893	04:27:52	60.12	6499	49.28	51.2
894	04:28:52	60.16	6499	49.28	51.19
895	04:29:53	60.10	6499	49.27	51.19
896	04:30:53	60.12	6499	49.27	51.19
897	04:31:53	60.10	6499	49.26	51.19
898	04:32:53	60.12	6499	49.26	51.19
899	04:33:53	60.11	6499	49.26	51.19
900	04:34:53	60.12	6499	49.25	51.18
901	04:35:53	60.12	6499	49.25	51.18
902	04:36:53	60.11	6499	49.25	51.18
903	04:37:54	60.11	6499	49.24	51.18
904	04:38:54	60.12	6499	49.24	51.17
905	04:39:54	60.16	6499	49.24	51.17
906	04:40:54	60.12	6499	49.23	51.17
907	04:41:54	60.10	6499	49.23	51.17
908	04:42:54	60.12	6499	49.23	51.17
909	04:43:54	60.12	6499	49.23	51.16
910	04:44:54	60.10	6499	49.22	51.16
911	04:45:54	60.10	6499	49.22	51.16
912	04:46:55	60.12	6499	49.22	51.16
913	04:47:55	60.12	6499	49.21	51.16
914	04:48:55	60.12	6499	49.21	51.15
915	04:49:55	60.11	6499	49.21	51.15
916	04:50:55	60.11	6499	49.2	51.15
917	04:51:55	60.12	6499	49.2	51.15
918	04:52:55	60.11	6499	49.2	51.15
919	04:53:55	60.13	6499	49.19	51.14
920	04:54:56	60.44	6499	49.19	51.14
921	04:55:56	60.10	6499	49.19	51.14
922	04:56:56	60.12	6499	49.18	51.14
923	04:57:56	60.13	6499	49.18	51.14
924	04:58:56	60.11	6499	49.18	51.13
925	04:59:56	14.66	6499	49.18	51.13
926	05:00:11	60.55	6499	0.417	0.428
927	05:01:12	60.11	6499	0	0
928	05:02:12	60.42	6499	0	0
929	05:03:12	60.12	6501	0	0
930	05:04:12	60.11	6501	0	0
931	05:05:12	60.10	6501	0	0
932	05:06:12	60.12	6501	0	0
933	05:07:13	60.36	6501	0	0
934	05:08:13	60.12	6473	0	0
935	05:09:13	60.12	6326	0	0
936	05:10:13	60.12	6053	0	0
937	05:11:13	60.12	5702	0	0
938	05:12:13	60.11	5349	0	0
939	05:13:14	60.13	4989	0	0
940	05:14:14	60.11	4634	0	0
941	05:15:14	60.11	4279	0	0
942	05:16:14	60.15	3923	0	0
943	05:17:14	60.12	3566	0	0
944	05:18:14	60.13	3210	0	0
945	05:19:14	60.11	2853	0	0
946	05:20:14	60.12	2497	0	0
947	05:21:15	60.11	2134	0	0
948	05:22:15	60.11	1778	0	0
949	05:23:15	60.11	1421	0	0
950	05:24:15	60.10	1064	0	0
951	05:25:15	60.11	708	0	0
952	05:26:15	60.12	372	0	0
953	05:27:15	60.43	153	0	0
954	05:28:16	60.12	61	0	0
955	05:29:16	60.12	59	0	0
956	05:30:16	60.11	59	0	0
957	05:31:16	60.12	59	0	0
958	05:32:16	60.13	59	0	0
959	05:33:16	60.11	59	0	0
960	05:34:16	60.11	59	0	0
961	05:35:16	60.12	59	0	0
962	05:36:17	60.11	59	0	0
963	05:37:17	60.13	59	0	0
964	05:38:17	60.13	59	0	0
965	05:39:17	60.12	59	0	0
966	05:40:17	60.10	59	0	0
967	05:41:17	60.12	71	0	0
968	05:42:17	60.11	424	0	0
969	05:43:17	60.34	449	0	0
970	05:44:18	60.17	449	0	0
971	05:45:18	45.16	449	0	0
Created by AtlRunQuery on: 2018-11-30 19:58:55.358703
