LHC beam energy and intensities during run 355224:
(Begin/end of run: Sat Jul 07 2018 01:13:43 − 14:03:57)

LB	   Start time
(CEST)	   Duration
(sec)	   Beam energy
(GeV)	   Intensity Beam-1
(1e11 protons)	   Intensity Beam-2
(1e11 protons)
1	01:13:43	60.12	449	110.8	111.8
2	01:14:43	16.35	450	110.7	111.8
3	01:14:59	20.32	450	110.7	111.8
4	01:15:20	60.31	450	238.8	111.8
5	01:16:20	44.16	450	316.9	159.7
6	01:17:04	60.29	450	385.1	214.6
7	01:18:04	60.11	449	450.9	316.6
8	01:19:04	60.12	450	521.9	383.1
9	01:20:05	60.12	449	619.7	449.3
10	01:21:05	60.15	450	686.3	525.1
11	01:22:05	60.39	450	752.4	619.5
12	01:23:05	60.15	450	830.4	686
13	01:24:05	60.11	450	921.3	751.9
14	01:25:06	60.11	450	987.2	834
15	01:26:06	60.42	449	1035	922.4
16	01:27:06	60.12	450	1035	988.7
17	01:28:06	60.12	450	1035	1041
18	01:29:06	60.11	449	1034	1040
19	01:30:06	60.11	449	1034	1040
20	01:31:07	60.16	461	1034	1040
21	01:32:07	10.27	537	1034	1040
22	01:32:17	10.30	557	0	0
23	01:32:27	60.44	579	1032	1038
24	01:33:28	56.15	753	1032	1038
25	01:34:24	60.05	967	1032	1038
26	01:35:24	60.12	1265	1032	1038
27	01:36:24	60.10	1612	1032	1038
28	01:37:24	60.11	1959	1032	1038
29	01:38:24	60.11	2306	1032	1038
30	01:39:24	60.11	2654	1032	1038
31	01:40:24	60.12	3001	1032	1038
32	01:41:25	60.12	3354	1032	1038
33	01:42:25	60.12	3702	1032	1038
34	01:43:25	60.12	4049	1032	1038
35	01:44:25	60.16	4396	1032	1038
36	01:45:25	60.12	4744	1032	1038
37	01:46:25	60.12	5091	1032	1038
38	01:47:25	60.11	5439	1032	1038
39	01:48:25	60.12	5786	1031	1038
40	01:49:26	60.11	6139	1031	1038
41	01:50:26	33.72	6476	1031	1038
42	01:50:59	10.40	6499	1031	1038
43	01:51:10	60.17	6499	1031	1038
44	01:52:10	60.15	6499	1031	1038
45	01:53:10	60.13	6499	1031	1038
46	01:54:10	60.11	6499	1031	1038
47	01:55:10	60.12	6499	1031	1038
48	01:56:10	60.36	6499	1031	1038
49	01:57:11	60.16	6499	1031	1038
50	01:58:11	60.11	6499	1031	1038
51	01:59:11	60.11	6499	1031	1038
52	02:00:11	60.11	6499	1031	1038
53	02:01:11	60.11	6499	1031	1038
54	02:02:11	60.11	6499	1031	1038
55	02:03:12	60.12	6499	1031	1038
56	02:04:12	60.12	6499	1031	1038
57	02:05:12	60.11	6499	1031	1038
58	02:06:12	60.12	6499	1031	1038
59	02:07:12	60.14	6499	1031	1038
60	02:08:12	60.11	6499	1031	1037
61	02:09:12	60.12	6499	1031	1037
62	02:10:12	60.11	6499	1031	1037
63	02:11:13	60.11	6499	1031	1037
64	02:12:13	60.11	6499	1031	1037
65	02:13:13	60.12	6499	1031	1037
66	02:14:13	60.11	6499	1031	1037
67	02:15:13	60.12	6499	1031	1037
68	02:16:13	60.14	6499	1031	1037
69	02:17:13	60.12	6499	1031	1037
70	02:18:13	60.12	6499	1031	1037
71	02:19:13	60.16	6499	1031	1037
72	02:20:14	60.11	6499	1031	1037
73	02:21:14	60.11	6499	1031	1037
74	02:22:14	60.12	6499	1031	1037
75	02:23:14	60.17	6499	1031	1037
76	02:24:14	60.12	6499	1031	1037
77	02:25:14	60.11	6499	1031	1037
78	02:26:14	60.11	6499	1031	1037
79	02:27:14	60.11	6499	1031	1037
80	02:28:15	60.11	6499	1031	1037
81	02:29:15	60.11	6499	1031	1037
82	02:30:15	60.11	6499	1030	1037
83	02:31:15	60.12	6499	1030	1037
84	02:32:15	60.14	6499	1030	1037
85	02:33:15	60.11	6499	1030	1037
86	02:34:15	60.12	6499	1030	1037
87	02:35:15	60.12	6499	1030	1037
88	02:36:16	60.12	6499	1030	1037
89	02:37:16	14.93	6499	1030	1037
90	02:37:31	60.47	6499	1030	1037
91	02:38:31	60.16	6499	1030	1037
92	02:39:31	60.10	6499	1030	1037
93	02:40:31	60.17	6499	1029	1036
94	02:41:31	60.11	6499	1028	1036
95	02:42:32	60.17	6499	1027	1035
96	02:43:32	60.11	6499	1027	1035
97	02:44:32	56.03	6499	1026	1035
98	02:45:28	60.56	6499	1026	1035
99	02:46:28	60.19	6499	1026	1034
100	02:47:29	60.37	6499	1025	1034
101	02:48:29	16.57	6499	1025	1034
102	02:48:46	60.44	6499	1025	1034
103	02:49:46	60.10	6499	1024	1034
104	02:50:46	60.14	6499	1024	1033
105	02:51:46	60.11	6499	1023	1033
106	02:52:46	30.20	6499	1023	1033
107	02:53:17	31.54	6499	1023	1033
108	02:53:48	12.80	6499	1023	1033
109	02:54:01	60.22	6499	1023	1033
110	02:55:01	39.33	6499	1022	1032
111	02:55:40	23.90	6499	1022	1032
112	02:56:04	9.03	6499	1022	1032
113	02:56:13	11.12	6499	1022	1032
114	02:56:25	9.01	6499	1022	1032
115	02:56:34	11.41	6499	1022	1032
116	02:56:45	9.01	6499	1022	1032
117	02:56:54	11.42	6499	1022	1032
118	02:57:05	9.00	6499	1022	1032
119	02:57:14	11.42	6499	1022	1032
120	02:57:26	9.01	6499	1022	1032
121	02:57:35	11.12	6499	1022	1032
122	02:57:46	9.02	6499	1021	1032
123	02:57:55	11.43	6499	1021	1032
124	02:58:06	9.02	6499	1021	1032
125	02:58:15	11.42	6499	1021	1032
126	02:58:27	9.00	6499	1021	1032
127	02:58:36	11.42	6499	1021	1032
128	02:58:47	9.02	6499	1021	1032
129	02:58:56	83.65	6499	1021	1031
130	03:00:20	9.01	6499	1021	1031
131	03:00:29	4.88	6499	1021	1031
132	03:00:34	12.54	6499	1021	1031
133	03:00:46	9.01	6499	1021	1031
134	03:00:55	17.48	6499	1021	1031
135	03:01:13	9.00	6499	1020	1031
136	03:01:22	17.73	6499	1020	1031
137	03:01:40	9.01	6499	1020	1031
138	03:01:49	17.43	6499	1020	1031
139	03:02:06	9.00	6499	1020	1031
140	03:02:15	17.44	6499	1020	1031
141	03:02:32	9.00	6499	1020	1031
142	03:02:41	17.43	6499	1020	1031
143	03:02:59	9.01	6499	1020	1031
144	03:03:08	17.42	6499	1020	1031
145	03:03:25	9.01	6499	1020	1031
146	03:03:34	17.43	6499	1020	1031
147	03:03:52	9.01	6499	1019	1031
148	03:04:01	56.22	6499	1019	1031
149	03:04:57	60.29	6499	1019	1031
150	03:05:57	60.14	6499	1019	1030
151	03:06:57	60.18	6499	1019	1030
152	03:07:58	60.14	6499	1018	1030
153	03:08:58	60.12	6499	1018	1030
154	03:09:58	60.15	6499	1018	1030
155	03:10:58	60.21	6499	1018	1029
156	03:11:58	60.16	6499	1017	1029
157	03:12:58	60.11	6499	1017	1029
158	03:13:58	60.14	6499	1017	1029
159	03:14:59	60.13	6499	1017	1029
160	03:15:59	60.10	6499	1017	1029
161	03:16:59	60.16	6499	1016	1029
162	03:17:59	60.17	6499	1016	1028
163	03:18:59	60.13	6499	1016	1028
164	03:19:59	60.16	6499	1016	1028
165	03:20:59	60.16	6499	1016	1028
166	03:22:00	60.25	6499	1016	1028
167	03:23:00	60.17	6499	1015	1028
168	03:24:00	60.36	6499	1015	1028
169	03:25:00	60.20	6499	1015	1027
170	03:26:01	60.20	6499	1015	1027
171	03:27:01	60.16	6499	1015	1027
172	03:28:01	60.15	6499	1015	1027
173	03:29:01	60.15	6499	1014	1027
174	03:30:01	60.18	6499	1014	1027
175	03:31:01	60.12	6499	1014	1027
176	03:32:02	60.16	6499	1014	1027
177	03:33:02	60.14	6499	1014	1026
178	03:34:02	60.15	6499	1014	1026
179	03:35:02	60.20	6499	1014	1026
180	03:36:02	60.12	6499	1013	1026
181	03:37:02	60.13	6499	1013	1026
182	03:38:02	60.17	6499	1013	1026
183	03:39:03	60.12	6499	1013	1026
184	03:40:03	60.16	6499	1013	1026
185	03:41:03	60.15	6499	1013	1025
186	03:42:03	60.16	6499	1013	1025
187	03:43:03	60.12	6499	1013	1025
188	03:44:03	10.32	6499	1012	1025
189	03:44:14	60.10	6499	1012	1025
190	03:45:14	60.15	6499	1012	1025
191	03:46:14	60.15	6499	1012	1025
192	03:47:14	60.12	6499	1012	1025
193	03:48:14	60.17	6499	1012	1025
194	03:49:14	60.13	6499	1012	1025
195	03:50:14	60.12	6499	1012	1024
196	03:51:15	60.17	6499	1012	1024
197	03:52:15	60.17	6499	1011	1024
198	03:53:15	60.11	6499	1011	1024
199	03:54:15	60.12	6499	1011	1024
200	03:55:15	60.16	6499	1011	1024
201	03:56:15	60.17	6499	1011	1024
202	03:57:15	60.17	6499	1011	1024
203	03:58:16	60.15	6499	1011	1023
204	03:59:16	60.11	6499	1011	1023
205	04:00:16	60.15	6499	1010	1023
206	04:01:16	60.20	6499	1010	1023
207	04:02:16	60.15	6499	1010	1023
208	04:03:16	60.10	6499	1010	1023
209	04:04:16	60.19	6499	1010	1023
210	04:05:17	60.16	6499	1010	1023
211	04:06:17	60.17	6499	1010	1022
212	04:07:17	60.15	6499	1010	1022
213	04:08:17	60.15	6499	1010	1022
214	04:09:17	60.15	6499	1010	1022
215	04:10:17	60.12	6499	1009	1022
216	04:11:18	60.14	6499	1009	1022
217	04:12:18	60.17	6499	1009	1022
218	04:13:18	60.15	6499	1009	1021
219	04:14:18	60.13	6499	1009	1021
220	04:15:18	60.18	6499	1009	1021
221	04:16:18	60.11	6499	1009	1021
222	04:17:18	60.17	6499	1009	1021
223	04:18:19	60.20	6499	1009	1021
224	04:19:19	60.16	6499	1009	1021
225	04:20:19	60.12	6499	1008	1021
226	04:21:19	60.13	6499	1008	1020
227	04:22:19	60.11	6499	1008	1020
228	04:23:19	60.10	6499	1008	1020
229	04:24:19	60.10	6499	1008	1020
230	04:25:20	60.16	6499	1008	1020
231	04:26:20	60.16	6499	1008	1020
232	04:27:20	60.15	6499	1008	1020
233	04:28:20	60.17	6499	1008	1020
234	04:29:20	60.14	6499	1008	1019
235	04:30:20	60.17	6499	1007	1019
236	04:31:21	60.11	6499	1007	1019
237	04:32:21	60.12	6499	1007	1019
238	04:33:21	60.14	6499	1007	1019
239	04:34:21	60.15	6499	1007	1019
240	04:35:21	54.84	6499	1007	1019
241	04:36:16	60.46	6499	1007	1019
242	04:37:16	60.11	6499	1007	1018
243	04:38:16	60.11	6499	1007	1018
244	04:39:17	60.14	6499	1007	1018
245	04:40:17	60.14	6499	1007	1018
246	04:41:17	60.18	6499	1007	1018
247	04:42:17	60.13	6499	1007	1018
248	04:43:17	60.40	6499	1007	1018
249	04:44:18	60.11	6499	1006	1018
250	04:45:18	60.19	6499	1006	1018
251	04:46:18	60.17	6499	1006	1018
252	04:47:18	60.15	6499	1006	1017
253	04:48:18	60.15	6499	1006	1017
254	04:49:18	60.11	6499	1006	1017
255	04:50:18	60.16	6499	1006	1017
256	04:51:19	60.18	6499	1006	1017
257	04:52:19	60.14	6499	1006	1017
258	04:53:19	60.16	6499	1006	1017
259	04:54:19	60.44	6499	1006	1016
260	04:55:20	60.17	6499	1006	1016
261	04:56:20	60.13	6499	1006	1016
262	04:57:20	60.10	6499	1005	1016
263	04:58:20	60.19	6499	1005	1016
264	04:59:20	60.12	6499	1005	1016
265	05:00:20	60.17	6499	1005	1016
266	05:01:20	60.17	6499	1005	1016
267	05:02:21	60.11	6499	1005	1015
268	05:03:21	60.12	6499	1005	1015
269	05:04:21	60.14	6499	1005	1015
270	05:05:21	60.11	6499	1005	1015
271	05:06:21	60.11	6499	1005	1015
272	05:07:21	60.13	6499	1005	1015
273	05:08:21	60.19	6499	1004	1014
274	05:09:21	60.14	6499	1004	1014
275	05:10:22	60.18	6499	1004	1014
276	05:11:22	60.12	6499	1004	1014
277	05:12:22	60.17	6499	1004	1014
278	05:13:22	60.18	6499	1004	1014
279	05:14:22	56.79	6499	1004	1014
280	05:15:19	60.22	6499	1004	1013
281	05:16:19	60.12	6499	1004	1013
282	05:17:19	60.38	6499	1004	1013
283	05:18:20	60.16	6499	1003	1013
284	05:19:20	60.13	6499	1003	1013
285	05:20:20	60.15	6499	1003	1013
286	05:21:20	60.42	6499	1003	1013
287	05:22:21	60.14	6499	1003	1012
288	05:23:21	60.16	6499	1003	1012
289	05:24:21	48.93	6499	1003	1012
290	05:25:10	60.26	6499	1003	1012
291	05:26:10	60.22	6499	1003	1012
292	05:27:10	60.18	6499	1002	1012
293	05:28:11	60.16	6499	1002	1012
294	05:29:11	60.18	6499	1002	1011
295	05:30:11	60.16	6499	1002	1011
296	05:31:11	60.18	6499	1002	1011
297	05:32:11	60.11	6499	1002	1011
298	05:33:11	60.17	6499	1002	1011
299	05:34:11	60.10	6499	1001	1010
300	05:35:12	60.15	6499	1001	1010
301	05:36:12	60.11	6499	1001	1010
302	05:37:12	60.17	6499	1001	1010
303	05:38:12	32.39	6499	1001	1010
304	05:38:44	60.15	6499	1001	1010
305	05:39:45	60.12	6499	1001	1010
306	05:40:45	60.12	6499	1001	1009
307	05:41:45	60.12	6499	1001	1009
308	05:42:45	60.41	6499	1000	1009
309	05:43:45	60.16	6499	1000	1009
310	05:44:45	60.21	6499	1000	1009
311	05:45:46	60.13	6499	1000	1009
312	05:46:46	60.17	6499	1000	1008
313	05:47:46	60.11	6499	999.9	1008
314	05:48:46	60.19	6499	999.7	1008
315	05:49:46	60.17	6499	999.6	1008
316	05:50:46	60.13	6499	999.6	1008
317	05:51:47	60.12	6499	999.5	1008
318	05:52:47	60.12	6499	999.4	1008
319	05:53:47	60.16	6499	999.2	1007
320	05:54:47	60.18	6499	999.1	1007
321	05:55:47	60.11	6499	999	1007
322	05:56:47	60.11	6499	998.9	1007
323	05:57:47	60.16	6499	998.7	1007
324	05:58:48	60.21	6499	998.6	1007
325	05:59:48	60.15	6499	998.5	1007
326	06:00:48	60.17	6499	998.4	1006
327	06:01:48	60.18	6499	998.2	1006
328	06:02:48	60.43	6499	998.1	1006
329	06:03:49	60.14	6499	998	1006
330	06:04:49	60.20	6499	997.9	1006
331	06:05:49	13.75	6499	997.8	1006
332	06:06:03	60.45	6499	997.7	1006
333	06:07:03	60.16	6499	997.6	1006
334	06:08:03	60.12	6499	997.5	1005
335	06:09:04	60.15	6499	997.4	1005
336	06:10:04	60.19	6499	997.2	1005
337	06:11:04	60.15	6499	997.1	1005
338	06:12:04	60.15	6499	997	1005
339	06:13:04	60.20	6499	996.9	1005
340	06:14:04	60.14	6499	996.7	1004
341	06:15:04	60.11	6499	996.6	1004
342	06:16:05	60.11	6499	996.5	1004
343	06:17:05	60.14	6499	996.4	1004
344	06:18:05	60.16	6499	996.2	1004
345	06:19:05	60.16	6499	996.1	1004
346	06:20:05	60.14	6499	996	1004
347	06:21:05	60.17	6499	995.9	1003
348	06:22:05	60.13	6499	995.8	1003
349	06:23:06	60.17	6499	995.6	1003
350	06:24:06	60.11	6499	995.5	1003
351	06:25:06	60.12	6499	995.4	1003
352	06:26:06	60.10	6499	995.2	1003
353	06:27:06	60.19	6499	995.1	1003
354	06:28:06	60.19	6499	995	1002
355	06:29:06	60.14	6499	994.8	1002
356	06:30:07	60.10	6499	994.7	1002
357	06:31:07	60.12	6499	994.5	1002
358	06:32:07	60.18	6499	994.4	1002
359	06:33:07	60.17	6499	994.3	1002
360	06:34:07	60.12	6499	994.1	1002
361	06:35:07	60.12	6499	994	1002
362	06:36:07	60.14	6499	993.9	1001
363	06:37:08	60.15	6499	993.8	1001
364	06:38:08	60.11	6499	993.6	1001
365	06:39:08	60.15	6499	993.5	1001
366	06:40:08	60.14	6499	993.4	1001
367	06:41:08	60.15	6499	993.3	1001
368	06:42:08	60.15	6499	993.1	1001
369	06:43:08	60.17	6499	993	1001
370	06:44:09	60.16	6499	992.9	1000
371	06:45:09	60.18	6499	992.7	1000
372	06:46:09	60.39	6499	992.6	1000
373	06:47:09	60.17	6499	992.5	999.9
374	06:48:09	60.13	6499	992.4	999.8
375	06:49:10	60.10	6499	992.3	999.7
376	06:50:10	60.16	6499	992.2	999.6
377	06:51:10	60.38	6499	992.1	999.4
378	06:52:10	60.14	6499	992	999.3
379	06:53:10	60.12	6499	991.8	999.2
380	06:54:11	60.15	6499	991.7	999
381	06:55:11	60.17	6499	991.5	998.9
382	06:56:11	60.11	6499	991.4	998.8
383	06:57:11	60.16	6499	991.3	998.6
384	06:58:11	60.15	6499	991.1	998.5
385	06:59:11	60.11	6499	991	998.3
386	07:00:11	60.11	6499	990.9	998.2
387	07:01:11	60.15	6499	990.7	998.1
388	07:02:12	60.13	6499	990.6	997.9
389	07:03:12	60.17	6499	990.4	997.8
390	07:04:12	60.15	6499	990.3	997.7
391	07:05:12	60.15	6499	990.2	997.6
392	07:06:12	60.15	6499	990.1	997.5
393	07:07:12	60.11	6499	990	997.3
394	07:08:12	60.18	6499	989.8	997.2
395	07:09:13	60.16	6499	989.7	997.1
396	07:10:13	60.19	6499	989.5	996.9
397	07:11:13	60.17	6499	989.4	996.8
398	07:12:13	60.14	6499	989.3	996.7
399	07:13:13	60.16	6499	989.2	996.6
400	07:14:13	60.17	6499	989.1	996.5
401	07:15:14	60.15	6499	988.9	996.4
402	07:16:14	60.12	6499	988.8	996.2
403	07:17:14	60.17	6499	988.7	996.1
404	07:18:14	60.16	6499	988.6	996
405	07:19:14	60.11	6499	988.4	995.9
406	07:20:14	60.15	6499	988.3	995.7
407	07:21:15	60.17	6499	988.2	995.6
408	07:22:15	60.11	6499	988	995.5
409	07:23:15	60.11	6499	987.9	995.4
410	07:24:15	60.13	6499	987.8	995.2
411	07:25:15	60.18	6499	987.7	995.1
412	07:26:15	60.43	6499	987.5	995
413	07:27:16	60.12	6499	987.4	994.9
414	07:28:16	60.13	6499	987.3	994.8
415	07:29:16	60.15	6499	987.1	994.6
416	07:30:16	60.20	6499	987	994.5
417	07:31:16	60.18	6499	986.9	994.4
418	07:32:16	60.16	6499	986.8	994.2
419	07:33:17	60.16	6499	986.6	994.2
420	07:34:17	60.12	6499	986.5	994
421	07:35:17	60.42	6499	986.4	993.9
422	07:36:17	60.11	6499	986.3	993.8
423	07:37:17	60.13	6499	986.2	993.7
424	07:38:18	60.10	6499	986	993.5
425	07:39:18	60.14	6499	985.9	993.4
426	07:40:18	60.15	6499	985.8	993.3
427	07:41:18	60.17	6499	985.7	993.2
428	07:42:18	60.13	6499	985.6	993.1
429	07:43:18	60.16	6499	985.5	993
430	07:44:18	60.15	6499	985.3	992.9
431	07:45:19	60.13	6499	985.2	992.7
432	07:46:19	60.16	6499	985.1	992.6
433	07:47:19	60.18	6499	985	992.5
434	07:48:19	60.21	6499	984.9	992.4
435	07:49:19	60.17	6499	984.7	992.3
436	07:50:19	60.12	6499	984.6	992.2
437	07:51:19	60.13	6499	984.5	992
438	07:52:20	60.16	6499	984.4	991.9
439	07:53:20	60.12	6499	984.3	991.8
440	07:54:20	60.14	6499	984.1	991.7
441	07:55:20	60.16	6499	984	991.6
442	07:56:20	60.16	6499	983.9	991.4
443	07:57:20	60.13	6499	983.8	991.3
444	07:58:21	26.53	6499	983.7	991.3
445	07:58:47	60.20	6499	983.6	991.2
446	07:59:47	60.15	6499	983.5	991.1
447	08:00:47	60.23	6499	983.4	990.9
448	08:01:48	60.14	6499	983.2	990.8
449	08:02:48	60.12	6499	983.1	990.7
450	08:03:48	60.19	6499	983	990.6
451	08:04:48	60.14	6499	982.9	990.5
452	08:05:48	60.13	6499	982.8	990.4
453	08:06:48	60.13	6499	982.6	990.2
454	08:07:48	60.11	6499	982.5	990.1
455	08:08:49	60.12	6499	982.4	990.1
456	08:09:49	60.37	6499	982.3	989.9
457	08:10:49	60.12	6499	982.2	989.8
458	08:11:49	60.35	6499	982.1	989.7
459	08:12:50	60.17	6499	982	989.6
460	08:13:50	60.15	6499	981.9	989.5
461	08:14:50	60.14	6499	981.8	989.4
462	08:15:50	60.14	6499	981.6	989.2
463	08:16:50	60.13	6499	981.5	989.1
464	08:17:50	60.14	6499	981.4	989
465	08:18:50	60.15	6499	981.3	988.9
466	08:19:51	60.15	6499	981.1	988.8
467	08:20:51	60.13	6499	981	988.7
468	08:21:51	60.38	6499	980.9	988.6
469	08:22:51	60.12	6499	980.8	988.5
470	08:23:51	60.19	6499	980.7	988.4
471	08:24:52	60.16	6499	980.6	988.2
472	08:25:52	60.15	6499	980.5	988.1
473	08:26:52	60.13	6499	980.4	988
474	08:27:52	60.13	6499	980.3	987.9
475	08:28:52	60.13	6499	980.2	987.8
476	08:29:52	60.16	6499	980	987.8
477	08:30:52	60.12	6499	979.9	987.7
478	08:31:52	60.14	6499	979.8	987.5
479	08:32:53	60.11	6499	979.7	987.4
480	08:33:53	60.13	6499	979.6	987.3
481	08:34:53	60.18	6499	979.4	987.2
482	08:35:53	60.14	6499	979.3	987.1
483	08:36:53	60.17	6499	979.2	987
484	08:37:53	60.16	6499	979.1	986.9
485	08:38:54	60.12	6499	979	986.8
486	08:39:54	60.18	6499	978.9	986.7
487	08:40:54	60.10	6499	978.7	986.6
488	08:41:54	60.44	6499	978.6	986.5
489	08:42:54	60.18	6499	978.5	986.4
490	08:43:55	60.13	6499	978.4	986.3
491	08:44:55	60.20	6499	978.3	986.2
492	08:45:55	16.67	6499	978.2	986.1
493	08:46:12	60.47	6499	978.1	986
494	08:47:12	60.17	6499	978	986
495	08:48:12	40.94	6499	977.9	985.9
496	08:48:53	60.53	6499	977.8	985.8
497	08:49:54	60.17	6499	977.7	985.7
498	08:50:54	30.41	6499	977.7	985.6
499	08:51:24	60.33	6499	977.6	985.5
500	08:52:25	60.14	6499	977.4	985.4
501	08:53:25	60.12	6499	977.3	985.3
502	08:54:25	60.13	6499	977.2	985.2
503	08:55:25	60.23	6499	977.1	985.1
504	08:56:25	60.15	6499	977	985
505	08:57:25	60.17	6499	976.9	985
506	08:58:26	60.17	6499	976.8	984.9
507	08:59:26	60.14	6499	976.6	984.7
508	09:00:26	60.13	6499	976.5	984.6
509	09:01:26	60.12	6499	976.4	984.5
510	09:02:26	60.18	6499	976.3	984.5
511	09:03:26	60.11	6499	976.2	984.4
512	09:04:26	60.18	6499	976.1	984.2
513	09:05:27	60.16	6499	976	984.1
514	09:06:27	60.16	6499	975.9	984
515	09:07:27	60.15	6499	975.7	983.9
516	09:08:27	60.16	6499	975.6	983.8
517	09:09:27	60.13	6499	975.5	983.7
518	09:10:27	60.17	6499	975.4	983.6
519	09:11:28	60.11	6499	975.3	983.5
520	09:12:28	60.14	6499	975.2	983.4
521	09:13:28	60.14	6499	975.2	983.4
522	09:14:28	60.11	6499	975.1	983.3
523	09:15:28	60.14	6499	974.9	983.2
524	09:16:28	60.14	6499	974.8	983
525	09:17:28	60.12	6499	974.7	982.9
526	09:18:28	60.35	6499	974.6	982.9
527	09:19:29	60.15	6499	974.5	982.8
528	09:20:29	60.15	6499	974.4	982.7
529	09:21:29	60.11	6499	974.3	982.5
530	09:22:29	60.17	6499	974.1	982.5
531	09:23:29	60.11	6499	974	982.3
532	09:24:29	60.20	6499	973.9	982.3
533	09:25:30	60.13	6499	973.8	982.2
534	09:26:30	60.16	6499	973.7	982.1
535	09:27:30	60.15	6499	973.5	982
536	09:28:30	60.14	6499	973.5	981.9
537	09:29:30	60.15	6499	973.3	981.9
538	09:30:30	60.38	6499	973.3	981.8
539	09:31:31	60.19	6499	973.1	981.6
540	09:32:31	60.14	6499	973	981.6
541	09:33:31	60.16	6499	972.9	981.5
542	09:34:31	60.12	6499	972.8	981.4
543	09:35:31	60.16	6499	972.7	981.3
544	09:36:32	60.15	6499	972.6	981.2
545	09:37:32	60.14	6499	972.5	981.1
546	09:38:32	60.16	6499	972.4	981
547	09:39:32	60.12	6499	972.3	980.9
548	09:40:32	60.14	6499	972.2	980.8
549	09:41:32	60.13	6499	972.1	980.8
550	09:42:32	60.12	6499	972	980.7
551	09:43:32	60.18	6499	971.9	980.6
552	09:44:33	18.08	6499	971.8	980.5
553	09:44:51	12.77	6499	971.8	980.5
554	09:45:04	60.10	6499	971.7	980.5
555	09:46:04	60.21	6499	971.6	980.4
556	09:47:04	60.15	6499	971.5	980.3
557	09:48:04	60.12	6499	971.4	980.2
558	09:49:04	60.12	6499	971.3	980
559	09:50:04	60.12	6499	971.2	980
560	09:51:04	60.16	6499	971.1	979.9
561	09:52:05	30.58	6499	971.1	979.8
562	09:52:35	60.20	6499	971	979.8
563	09:53:35	60.17	6499	970.9	979.7
564	09:54:35	60.20	6499	970.7	979.6
565	09:55:36	60.12	6499	970.6	979.5
566	09:56:36	60.21	6499	970.6	979.4
567	09:57:36	60.15	6499	970.5	979.4
568	09:58:36	60.15	6499	970.4	979.3
569	09:59:36	60.18	6499	970.3	979.2
570	10:00:36	60.10	6499	970.2	979.1
571	10:01:37	60.19	6499	970.1	979
572	10:02:37	60.14	6499	969.9	978.9
573	10:03:37	60.17	6499	969.9	978.8
574	10:04:37	60.16	6499	969.8	978.7
575	10:05:37	60.14	6499	969.7	978.6
576	10:06:37	60.12	6499	969.6	978.6
577	10:07:37	60.15	6499	969.4	978.4
578	10:08:38	60.12	6499	969.3	978.3
579	10:09:38	60.13	6499	969.2	978.3
580	10:10:38	60.13	6499	969.1	978.2
581	10:11:38	60.11	6499	969	978.1
582	10:12:38	60.19	6499	968.9	978
583	10:13:38	60.11	6499	968.8	977.9
584	10:14:38	60.12	6499	968.7	977.8
585	10:15:39	60.14	6499	968.7	977.8
586	10:16:39	60.12	6499	968.6	977.7
587	10:17:39	60.15	6499	968.5	977.6
588	10:18:39	60.12	6499	968.4	977.5
589	10:19:39	60.10	6499	968.3	977.4
590	10:20:39	60.13	6499	968.2	977.3
591	10:21:39	60.13	6499	968.1	977.2
592	10:22:39	60.16	6499	968	977.2
593	10:23:40	60.17	6499	967.9	977.1
594	10:24:40	48.37	6499	967.8	977
595	10:25:28	60.19	6499	967.7	976.9
596	10:26:28	60.19	6499	967.6	976.8
597	10:27:28	60.12	6499	967.5	976.8
598	10:28:29	60.16	6499	967.4	976.7
599	10:29:29	60.16	6499	967.3	976.5
600	10:30:29	60.19	6499	967.2	976.5
601	10:31:29	60.16	6499	967.1	976.4
602	10:32:29	60.10	6499	967	976.3
603	10:33:29	60.18	6499	966.9	976.2
604	10:34:30	60.16	6499	966.8	976.2
605	10:35:30	60.16	6499	966.7	976.1
606	10:36:30	60.13	6499	966.6	976
607	10:37:30	60.11	6499	966.5	975.9
608	10:38:30	60.19	6499	966.4	975.8
609	10:39:30	60.15	6499	966.3	975.8
610	10:40:30	60.15	6499	966.2	975.7
611	10:41:31	60.12	6499	966.1	975.7
612	10:42:31	60.12	6499	966	975.6
613	10:43:31	60.15	6499	965.9	975.5
614	10:44:31	60.12	6499	965.8	975.4
615	10:45:31	60.12	6499	965.7	975.3
616	10:46:31	60.18	6499	965.6	975.3
617	10:47:31	60.11	6499	965.5	975.2
618	10:48:32	60.16	6499	965.5	975.1
619	10:49:32	60.19	6499	965.4	975
620	10:50:32	60.11	6499	965.3	974.9
621	10:51:32	60.16	6499	965.2	974.8
622	10:52:32	60.12	6499	965.1	974.8
623	10:53:32	60.16	6499	965.1	974.7
624	10:54:32	60.04	6499	965	974.6
625	10:55:32	60.16	6499	965	974.6
626	10:56:33	60.14	6499	964.9	974.5
627	10:57:33	60.43	6499	964.8	974.4
628	10:58:33	60.13	6499	964.7	974.4
629	10:59:33	60.17	6499	964.6	974.3
630	11:00:33	60.12	6499	964.5	974.2
631	11:01:34	60.14	6499	964.4	974.1
632	11:02:34	60.14	6499	964.4	974.1
633	11:03:34	60.11	6499	964.3	974
634	11:04:34	60.12	6499	964.2	973.9
635	11:05:34	60.16	6499	964.1	973.9
636	11:06:34	60.16	6499	964	973.8
637	11:07:34	60.11	6499	963.9	973.7
638	11:08:35	60.16	6499	963.8	973.6
639	11:09:35	60.14	6499	963.7	973.5
640	11:10:35	60.12	6499	963.6	973.5
641	11:11:35	60.11	6499	963.6	973.4
642	11:12:35	60.15	6499	963.5	973.4
643	11:13:35	60.14	6499	963.4	973.3
644	11:14:35	60.17	6499	963.2	973.2
645	11:15:36	60.13	6499	963.2	973.2
646	11:16:36	60.17	6499	963.1	973.1
647	11:17:36	60.15	6499	963	973.1
648	11:18:36	60.15	6499	963	973
649	11:19:36	60.42	6499	962.9	972.9
650	11:20:37	60.16	6499	962.7	972.9
651	11:21:37	60.15	6499	962.6	972.8
652	11:22:37	60.15	6499	962.5	972.8
653	11:23:37	60.18	6499	962.4	972.7
654	11:24:37	60.16	6499	962.4	972.6
655	11:25:37	60.16	6499	962.3	972.6
656	11:26:37	60.21	6499	962.2	972.5
657	11:27:38	60.11	6499	962.1	972.5
658	11:28:38	60.21	6499	962	972.4
659	11:29:38	60.12	6499	962	972.4
660	11:30:38	60.23	6499	961.9	972.3
661	11:31:38	60.11	6499	961.9	972.2
662	11:32:38	60.13	6499	961.8	972.2
663	11:33:39	60.15	6499	961.7	972.2
664	11:34:39	60.18	6499	961.7	972.1
665	11:35:39	60.19	6499	961.6	972.1
666	11:36:39	60.16	6499	961.5	972.1
667	11:37:39	60.12	6499	961.5	972
668	11:38:39	60.12	6499	961.4	972
669	11:39:40	60.11	6499	961.3	971.9
670	11:40:40	60.14	6499	961.3	971.9
671	11:41:40	60.15	6499	961.2	971.8
672	11:42:40	60.17	6499	961.1	971.8
673	11:43:40	60.39	6499	961	971.7
674	11:44:40	60.15	6499	960.9	971.7
675	11:45:41	60.18	6499	960.9	971.6
676	11:46:41	60.12	6499	960.8	971.5
677	11:47:41	60.12	6499	960.7	971.5
678	11:48:41	60.16	6499	960.6	971.4
679	11:49:41	60.10	6499	960.6	971.4
680	11:50:41	60.11	6499	960.5	971.3
681	11:51:41	60.12	6499	960.4	971.2
682	11:52:42	60.14	6499	960.4	971.2
683	11:53:42	60.17	6499	960.3	971.1
684	11:54:42	60.15	6499	960.3	971.1
685	11:55:42	60.11	6499	960.2	971
686	11:56:42	60.13	6499	960	971
687	11:57:42	60.14	6499	960	971
688	11:58:42	60.16	6499	959.9	970.9
689	11:59:43	60.13	6499	959.9	970.8
690	12:00:43	60.15	6499	959.8	970.7
691	12:01:43	60.11	6499	959.7	970.6
692	12:02:43	60.15	6499	959.6	970.6
693	12:03:43	60.12	6499	959.6	970.5
694	12:04:43	60.11	6499	959.5	970.4
695	12:05:43	60.15	6499	959.5	970.4
696	12:06:43	60.17	6499	959.4	970.4
697	12:07:44	60.15	6499	959.4	970.3
698	12:08:44	60.13	6499	959.3	970.2
699	12:09:44	60.13	6499	959.2	970.2
700	12:10:44	60.16	6499	959.2	970.1
701	12:11:44	60.15	6499	959.1	970
702	12:12:44	60.19	6499	959	970
703	12:13:45	60.20	6499	959	969.9
704	12:14:45	60.13	6499	959	969.8
705	12:15:45	60.15	6499	958.9	969.8
706	12:16:45	60.15	6499	958.8	969.8
707	12:17:45	60.17	6499	958.8	969.7
708	12:18:45	60.15	6499	958.7	969.6
709	12:19:45	60.13	6499	958.6	969.6
710	12:20:46	60.16	6499	958.6	969.5
711	12:21:46	60.13	6499	958.5	969.4
712	12:22:46	60.18	6499	958.4	969.4
713	12:23:46	60.16	6499	958.4	969.4
714	12:24:46	60.15	6499	958.3	969.3
715	12:25:46	60.16	6499	958.3	969.3
716	12:26:47	60.11	6499	958.2	969.2
717	12:27:47	60.11	6499	958.1	969.1
718	12:28:47	60.12	6499	958.1	969.1
719	12:29:47	60.16	6499	958	969
720	12:30:47	60.16	6499	957.9	969
721	12:31:47	60.13	6499	957.9	968.9
722	12:32:47	60.20	6499	957.9	968.9
723	12:33:48	60.13	6499	957.8	968.8
724	12:34:48	60.16	6499	957.7	968.8
725	12:35:48	60.14	6499	957.7	968.7
726	12:36:48	60.16	6499	957.6	968.7
727	12:37:48	60.13	6499	957.6	968.6
728	12:38:48	60.12	6499	957.5	968.6
729	12:39:48	60.13	6499	957.5	968.5
730	12:40:49	60.15	6499	957.4	968.4
731	12:41:49	60.14	6499	957.3	968.4
732	12:42:49	60.17	6499	957.3	968.3
733	12:43:49	60.16	6499	957.3	968.3
734	12:44:49	60.17	6499	957.2	968.2
735	12:45:49	60.17	6499	957.2	968.2
736	12:46:49	60.12	6499	957.1	968.1
737	12:47:50	60.16	6499	957.1	968.1
738	12:48:50	60.15	6499	957	968
739	12:49:50	60.17	6499	957	968
740	12:50:50	60.16	6499	956.9	968
741	12:51:50	60.12	6499	956.9	967.9
742	12:52:50	60.11	6499	956.8	967.8
743	12:53:50	60.10	6499	956.8	967.8
744	12:54:51	60.12	6499	956.7	967.7
745	12:55:51	60.12	6499	956.6	967.7
746	12:56:51	60.12	6499	956.6	967.6
747	12:57:51	60.20	6499	956.5	967.6
748	12:58:51	60.17	6499	956.5	967.5
749	12:59:51	60.18	6499	956.4	967.5
750	13:00:51	60.10	6499	956.4	967.4
751	13:01:52	60.11	6499	956.4	967.4
752	13:02:52	60.18	6499	956.3	967.3
753	13:03:52	60.16	6499	956.2	967.3
754	13:04:52	60.15	6499	956.2	967.2
755	13:05:52	60.13	6499	956.1	967.2
756	13:06:52	60.15	6499	956.1	967.2
757	13:07:52	41.58	6499	956	967.1
758	13:08:34	23.90	6499	955.9	967.1
759	13:08:58	8.99	6499	955.8	967
760	13:09:07	11.46	6499	955.7	967
761	13:09:18	9.01	6499	955.7	967
762	13:09:27	11.10	6499	955.7	967
763	13:09:39	9.03	6499	955.7	966.9
764	13:09:48	11.41	6499	955.6	966.9
765	13:09:59	9.01	6499	955.6	966.9
766	13:10:08	11.43	6499	955.6	966.9
767	13:10:19	9.01	6499	955.6	966.9
768	13:10:28	11.42	6499	955.6	966.9
769	13:10:40	9.01	6499	955.6	966.9
770	13:10:49	11.12	6499	955.6	966.9
771	13:11:00	9.00	6499	955.6	966.8
772	13:11:09	11.43	6499	955.6	966.8
773	13:11:20	9.01	6499	955.5	966.8
774	13:11:29	11.42	6499	955.5	966.7
775	13:11:41	9.02	6499	955.5	966.7
776	13:11:50	83.69	6499	955.4	966.7
777	13:13:14	9.00	6499	955.3	966.6
778	13:13:23	17.43	6499	955.3	966.6
779	13:13:40	9.00	6499	955.3	966.6
780	13:13:49	17.43	6499	955.2	966.6
781	13:14:06	9.02	6499	955.2	966.6
782	13:14:15	17.42	6499	955.2	966.6
783	13:14:33	9.01	6499	955.1	966.5
784	13:14:42	17.42	6499	955.2	966.5
785	13:14:59	9.01	6499	955.2	966.5
786	13:15:08	17.71	6499	955.1	966.5
787	13:15:26	9.02	6499	955.1	966.4
788	13:15:35	17.43	6499	955.1	966.4
789	13:15:52	9.03	6499	955.1	966.4
790	13:16:01	17.40	6499	955	966.4
791	13:16:19	9.00	6499	955	966.4
792	13:16:28	17.42	6499	954.9	966.4
793	13:16:45	9.00	6499	954.9	966.4
794	13:16:54	56.36	6499	954.9	966.3
795	13:17:51	60.37	6499	954.8	966.3
796	13:18:51	60.14	6499	954.8	966.2
797	13:19:51	39.37	6499	954.7	966.1
798	13:20:31	60.43	6499	954.7	966.1
799	13:21:31	60.12	6499	954.6	966
800	13:22:31	58.49	6499	954.6	966
801	13:23:30	60.51	6499	954.5	965.9
802	13:24:30	60.12	6499	954.5	965.9
803	13:25:30	60.18	6499	954.4	965.8
804	13:26:30	60.14	6499	954.4	965.7
805	13:27:31	60.14	6499	954.3	965.7
806	13:28:31	60.16	6499	954.3	965.6
807	13:29:31	60.17	6499	954.2	965.6
808	13:30:31	60.18	6499	954.2	965.5
809	13:31:31	60.19	6499	954.1	965.5
810	13:32:31	60.14	6499	954.1	965.4
811	13:33:32	60.11	6499	954	965.4
812	13:34:32	60.18	6499	953.9	965.3
813	13:35:32	60.14	6499	953.9	965.2
814	13:36:32	60.17	6499	953.9	965.2
815	13:37:32	60.18	6499	953.8	965.2
816	13:38:32	60.12	6499	953.8	965.1
817	13:39:32	60.15	6499	953.7	965
818	13:40:33	60.10	6499	953.7	964.9
819	13:41:33	60.12	6499	953.6	964.9
820	13:42:33	60.11	6499	953.6	964.9
821	13:43:33	60.11	6499	953.5	964.8
822	13:44:33	60.11	6499	953.5	964.8
823	13:45:33	60.11	6499	953.4	964.7
824	13:46:33	60.17	6499	953.4	964.7
825	13:47:33	60.15	6499	953.3	964.6
826	13:48:34	60.12	6499	953.3	964.6
827	13:49:34	60.16	6499	953.3	964.5
828	13:50:34	60.11	6499	953.2	964.5
829	13:51:34	60.12	6499	953.1	964.4
830	13:52:34	60.17	6499	953.1	964.3
831	13:53:34	60.12	6499	953	964.3
832	13:54:34	60.17	6499	953	964.2
833	13:55:35	60.35	6499	953	964.2
834	13:56:35	60.19	6499	952.9	964.2
835	13:57:35	60.16	6499	952.8	964.1
836	13:58:35	60.17	6499	952.8	964.1
837	13:59:35	60.16	6499	952.7	964
838	14:00:36	60.14	6499	952.7	963.9
839	14:01:36	45.71	6499	952.7	963.9
840	14:02:21	60.53	6499	0	0
841	14:03:22	35.21	6499	0	0
Created by AtlRunQuery on: 2018-07-16 18:42:22.285418
