LHC beam energy and intensities during run 355529:
(Begin/end of run: Sat Jul 14 2018 12:07:50 − 17:27:50)

LB	   Start time
(CEST)	   Duration
(sec)	   Beam energy
(GeV)	   Intensity Beam-1
(1e11 protons)	   Intensity Beam-2
(1e11 protons)
1	12:07:50	60.10	59	0	0
2	12:08:50	60.12	59	0	0
3	12:09:51	19.81	59	0	0
4	12:10:10	60.07	59	0	0
5	12:11:10	60.13	59	0	0
6	12:12:11	60.10	59	0	0
7	12:13:11	60.11	59	0	0
8	12:14:11	60.12	59	0	0
9	12:15:11	60.12	59	0	0
10	12:16:11	60.12	59	0	0
11	12:17:11	60.11	59	0	0
12	12:18:11	60.12	59	0	0
13	12:19:11	60.11	59	0	0
14	12:20:11	60.10	59	0	0
15	12:21:12	60.11	59	0	0
16	12:22:12	60.12	59	0	0
17	12:23:12	60.11	59	0	0
18	12:24:12	60.12	59	0	0
19	12:25:12	60.11	59	0	0
20	12:26:12	60.11	59	0	0
21	12:27:12	60.11	59	0	0
22	12:28:12	60.11	59	0	0
23	12:29:12	60.12	59	0	0
24	12:30:13	60.11	59	0	0
25	12:31:13	60.11	59	0	0
26	12:32:13	60.11	59	0	0
27	12:33:13	60.12	59	0	0
28	12:34:13	60.11	59	0	0
29	12:35:13	60.12	59	0	0
30	12:36:13	60.11	59	0	0
31	12:37:13	60.13	59	0	0
32	12:38:14	60.11	59	0	0
33	12:39:14	60.12	59	0	0
34	12:40:14	60.12	59	0	0
35	12:41:14	60.10	59	0	0
36	12:42:14	60.11	59	0	0
37	12:43:14	60.11	59	0	0
38	12:44:14	60.11	59	0	0
39	12:45:14	60.12	59	0	0
40	12:46:14	60.12	59	0	0
41	12:47:15	60.12	59	0	0
42	12:48:15	60.12	59	0	0
43	12:49:15	60.11	59	0	0
44	12:50:15	60.11	59	0	0
45	12:51:15	60.11	59	0	0
46	12:52:15	60.12	59	0	0
47	12:53:15	60.12	59	0	0
48	12:54:15	60.11	59	0	0
49	12:55:15	60.11	59	0	0
50	12:56:16	60.12	59	0	0
51	12:57:16	60.12	134	0	0
52	12:58:16	60.11	450	0	0
53	12:59:16	60.12	450	0	0
54	13:00:16	60.11	450	0	0
55	13:01:16	60.12	450	0	0
56	13:02:16	60.11	450	0	0
57	13:03:16	60.12	283	0	0
58	13:04:17	60.12	59	0	0
59	13:05:17	60.12	59	0	0
60	13:06:17	60.11	59	0	0
61	13:07:17	60.13	59	0	0
62	13:08:17	60.11	59	0	0
63	13:09:17	60.12	59	0	0
64	13:10:17	60.11	59	0	0
65	13:11:17	60.13	275	0	0
66	13:12:17	60.12	631	0	0
67	13:13:18	60.11	994	0	0
68	13:14:18	60.11	1351	0	0
69	13:15:18	60.12	1707	0	0
70	13:16:18	60.12	2064	0	0
71	13:17:18	60.12	2420	0	0
72	13:18:18	60.12	2777	0	0
73	13:19:18	60.12	3134	0	0
74	13:20:18	60.13	3490	0	0
75	13:21:19	60.11	3565	0	0
76	13:22:19	60.12	3565	0	0
77	13:23:19	60.10	3565	0	0
78	13:24:19	60.11	3565	0	0
79	13:25:19	60.13	3565	0	0
80	13:26:19	60.11	3565	0	0
81	13:27:19	60.12	3565	0	0
82	13:28:19	60.12	3565	0	0
83	13:29:19	60.12	3565	0	0
84	13:30:20	60.12	3565	0	0
85	13:31:20	60.11	3332	0	0
86	13:32:20	60.11	2975	0	0
87	13:33:20	60.12	2619	0	0
88	13:34:20	60.11	2262	0	0
89	13:35:20	60.13	1906	0	0
90	13:36:20	60.12	1549	0	0
91	13:37:20	60.11	1192	0	0
92	13:38:20	60.12	836	0	0
93	13:39:21	60.12	473	0	0
94	13:40:21	60.12	117	0	0
95	13:41:21	60.13	59	0	0
96	13:42:21	60.13	59	0	0
97	13:43:21	60.11	59	0	0
98	13:44:21	60.12	59	0	0
99	13:45:21	60.12	59	0	0
100	13:46:21	60.13	59	0	0
101	13:47:22	60.11	59	0	0
102	13:48:22	60.11	59	0	0
103	13:49:22	60.13	59	0	0
104	13:50:22	60.12	59	0	0
105	13:51:22	60.12	59	0	0
106	13:52:22	60.12	59	0	0
107	13:53:22	60.11	225	0	0
108	13:54:22	60.11	450	0	0
109	13:55:22	60.12	450	0	0
110	13:56:23	60.13	449	0	0
111	13:57:23	60.12	449	0	0
112	13:58:23	60.12	449	0	0
113	13:59:23	60.13	449	0	0
114	14:00:23	60.14	450	0	0
115	14:01:23	60.12	450	0	0
116	14:02:23	60.10	450	0	0
117	14:03:23	60.11	450	0	0
118	14:04:24	60.12	449	0	0
119	14:05:24	60.11	449	0	0
120	14:06:24	60.12	449	0	0
121	14:07:24	60.11	450	0	0
122	14:08:24	60.12	450	0	0
123	14:09:24	60.13	450	0	0
124	14:10:24	60.11	449	0	0
125	14:11:24	60.11	450	0	0
126	14:12:25	60.13	449	0	0
127	14:13:25	60.11	450	0	0
128	14:14:25	60.12	450	0	0
129	14:15:25	60.11	450	0	0
130	14:16:25	60.10	450	0	0
131	14:17:25	60.11	450	0	0
132	14:18:25	60.13	450	0	0
133	14:19:25	60.12	449	0.06274	0.02611
134	14:20:25	60.13	450	0.06313	0.06988
135	14:21:26	60.12	450	0.06306	0.06983
136	14:22:26	60.11	450	0.06299	0.06979
137	14:23:26	60.13	450	0.06292	0.06975
138	14:24:26	60.12	450	0.06285	0.06971
139	14:25:26	60.13	450	0.06279	0.06967
140	14:26:26	60.11	449	0.06273	0.06964
141	14:27:26	60.12	450	0.06266	0.0696
142	14:28:26	60.10	450	0.06259	0.06957
143	14:29:27	60.10	450	0.05479	0.06091
144	14:30:27	60.12	449	0	0
145	14:31:27	60.12	449	0.04108	0
146	14:32:27	60.12	450	0.06643	0.07104
147	14:33:27	60.14	450	0.06639	0.07143
148	14:34:27	60.11	450	0.06636	0.07141
149	14:35:27	60.11	450	0.06628	0.07137
150	14:36:27	60.10	450	0.06587	0.07122
151	14:37:27	60.11	450	0.0656	0.07108
152	14:38:28	60.11	450	0.0654	0.07094
153	14:39:28	60.12	450	0.06523	0.07081
154	14:40:28	60.11	450	0.06506	0.07066
155	14:41:28	60.12	450	0.0649	0.07052
156	14:42:28	60.12	449	0.06475	0.07036
157	14:43:28	60.13	450	0.06459	0.0702
158	14:44:28	60.12	450	0.06445	0.07004
159	14:45:28	60.11	449	0.0643	0.06987
160	14:46:28	60.12	450	0.06415	0.0697
161	14:47:29	60.10	449	0.064	0.06953
162	14:48:29	60.12	450	0.06385	0.06935
163	14:49:29	60.11	450	0.0637	0.06917
164	14:50:29	60.12	450	0.06355	0.06899
165	14:51:29	60.12	450	0.06341	0.06881
166	14:52:29	60.12	450	0.06326	0.06863
167	14:53:29	60.11	449	2.812	10.51
168	14:54:29	60.11	450	76.12	12.47
169	14:55:30	60.16	450	117.6	50.64
170	14:56:30	60.13	450	117.5	117.3
171	14:57:30	60.11	450	117.3	117.2
172	14:58:30	60.13	450	258.4	160.3
173	14:59:30	60.12	450	377.8	279.6
174	15:00:30	60.13	450	497.2	433.3
175	15:01:30	60.12	449	607.2	558.9
176	15:02:30	60.10	449	693.2	648.6
177	15:03:31	60.12	450	840.1	745
178	15:04:31	60.37	450	960.6	865.1
179	15:05:31	60.12	449	1080	1007
180	15:06:31	60.13	450	1200	1141
181	15:07:31	60.12	450	1320	1260
182	15:08:31	60.15	450	1423	1359
183	15:09:32	60.17	450	1543	1446
184	15:10:32	60.12	450	1662	1581
185	15:11:32	60.12	450	1781	1721
186	15:12:32	60.13	450	1898	1840
187	15:13:32	60.12	449	2048	1959
188	15:14:32	60.11	449	2131	2068
189	15:15:32	60.11	450	2239	2151
190	15:16:32	60.11	450	2358	2299
191	15:17:33	60.12	450	2475	2305
192	15:18:33	60.11	450	2616	2377
193	15:19:33	60.11	450	2746	2495
194	15:20:33	60.12	450	2765	2711
195	15:21:33	60.12	449	2763	2770
196	15:22:33	60.12	450	2760	2768
197	15:23:33	60.11	450	2757	2765
198	15:24:33	60.11	449	2753	2761
199	15:25:33	60.11	475	2750	2758
200	15:26:34	60.17	575	2750	2757
201	15:27:34	60.12	744	2750	2756
202	15:28:34	10.27	972	2750	2755
203	15:28:44	21.25	1016	2737	2743
204	15:29:05	60.43	1116	2737	2742
205	15:30:06	60.12	1456	2737	2742
206	15:31:06	60.12	1803	2736	2741
207	15:32:06	60.37	2150	2736	2741
208	15:33:06	60.11	2498	2736	2741
209	15:34:07	60.12	2851	2736	2741
210	15:35:07	60.14	3198	2736	2741
211	15:36:07	60.13	3546	2735	2741
212	15:37:07	60.12	3893	2735	2740
213	15:38:07	60.13	4240	2734	2740
214	15:39:07	60.13	4588	2733	2739
215	15:40:07	60.11	4935	2733	2739
216	15:41:07	60.12	5283	2732	2739
217	15:42:07	60.12	5630	2730	2738
218	15:43:08	60.10	5983	2729	2737
219	15:44:08	60.12	6331	2724	2736
220	15:45:08	10.26	6499	2721	2736
221	15:45:18	60.42	6499	2721	2735
222	15:46:19	60.11	6499	2721	2735
223	15:47:19	60.11	6499	2721	2734
224	15:48:19	60.10	6499	2721	2734
225	15:49:19	60.40	6499	2720	2734
226	15:50:19	60.12	6499	2720	2734
227	15:51:19	60.11	6499	2719	2734
228	15:52:19	60.11	6499	2719	2734
229	15:53:20	60.11	6499	2719	2734
230	15:54:20	60.13	6499	2718	2734
231	15:55:20	60.10	6499	2717	2733
232	15:56:20	60.13	6499	2715	2733
233	15:57:20	60.12	6499	2714	2732
234	15:58:20	20.93	6499	2713	2732
235	15:58:41	60.32	6499	2712	2732
236	15:59:41	60.13	6499	2710	2731
237	16:00:42	60.12	6499	2706	2730
238	16:01:42	60.11	6499	2701	2726
239	16:02:42	60.11	6499	2698	2723
240	16:03:42	60.14	6499	2694	2720
241	16:04:42	60.12	6499	2691	2716
242	16:05:42	52.84	6499	2688	2713
243	16:06:35	13.27	6499	2687	2711
244	16:06:48	60.14	6499	2685	2708
245	16:07:48	60.10	6499	2682	2704
246	16:08:49	60.15	6499	2679	2699
247	16:09:49	60.11	6499	2676	2695
248	16:10:49	60.11	6499	2672	2690
249	16:11:49	60.42	6499	2669	2686
250	16:12:49	47.78	6499	2666	2683
251	16:13:37	60.20	6499	2663	2680
252	16:14:37	60.20	6499	2660	2676
253	16:15:37	60.36	6499	2657	2673
254	16:16:38	60.13	6499	2654	2670
255	16:17:38	60.12	6499	2651	2666
256	16:18:38	10.27	6499	2649	2665
257	16:18:48	10.27	6499	2649	2664
258	16:18:59	60.10	6499	2647	2662
259	16:19:59	60.11	6499	2644	2660
260	16:20:59	41.02	6499	2642	2657
261	16:21:40	10.35	6499	2641	2656
262	16:21:50	12.17	6499	2640	2655
263	16:22:02	9.00	6499	2640	2655
264	16:22:11	8.20	6499	2640	2655
265	16:22:20	9.03	6499	2639	2655
266	16:22:29	7.90	6499	2639	2654
267	16:22:37	9.01	6499	2639	2654
268	16:22:46	7.92	6499	2638	2654
269	16:22:53	9.00	6499	2638	2654
270	16:23:02	8.21	6499	2638	2653
271	16:23:11	9.01	6499	2637	2653
272	16:23:20	7.92	6499	2637	2652
273	16:23:28	9.01	6499	2637	2652
274	16:23:37	7.91	6499	2636	2652
275	16:23:45	9.01	6499	2636	2651
276	16:23:54	7.92	6499	2636	2651
277	16:24:01	9.01	6499	2635	2651
278	16:24:10	8.22	6499	2635	2650
279	16:24:19	9.00	6499	2635	2650
280	16:24:28	23.46	6499	2634	2650
281	16:24:51	9.01	6499	2633	2649
282	16:25:00	7.32	6499	2633	2649
283	16:25:07	9.01	6499	2633	2649
284	16:25:16	7.62	6499	2633	2648
285	16:25:24	9.01	6499	2632	2648
286	16:25:33	7.31	6499	2632	2648
287	16:25:40	9.01	6499	2632	2648
288	16:25:49	7.61	6499	2631	2647
289	16:25:57	9.01	6499	2631	2647
290	16:26:06	7.62	6499	2631	2647
291	16:26:14	9.01	6499	2630	2646
292	16:26:23	7.31	6499	2630	2646
293	16:26:30	9.01	6499	2629	2646
294	16:26:39	7.62	6499	2629	2646
295	16:26:47	9.02	6499	2629	2645
296	16:26:56	7.32	6499	2628	2645
297	16:27:03	9.01	6499	2628	2645
298	16:27:12	8.51	6499	2628	2645
299	16:27:20	60.38	6499	2626	2643
300	16:28:21	60.15	6499	2624	2641
301	16:29:21	60.36	6499	2621	2638
302	16:30:21	49.80	6499	2619	2636
303	16:31:11	60.19	6499	2616	2633
304	16:32:11	60.11	6499	2614	2631
305	16:33:11	60.16	6499	2611	2628
306	16:34:12	31.29	6499	2609	2626
307	16:34:43	60.43	6499	2607	2625
308	16:35:43	60.11	6499	2605	2623
309	16:36:43	24.16	6499	2603	2621
310	16:37:08	60.03	6499	2601	2619
311	16:38:08	60.39	6499	2599	2617
312	16:39:08	60.12	6499	2596	2615
313	16:40:08	60.11	6499	2594	2613
314	16:41:08	60.11	6499	2591	2611
315	16:42:08	60.41	6499	2589	2608
316	16:43:09	60.12	6499	2586	2606
317	16:44:09	36.46	6499	2584	2604
318	16:44:45	60.24	6499	2582	2603
319	16:45:46	60.11	6499	2579	2601
320	16:46:46	60.11	6499	2577	2599
321	16:47:46	60.11	6499	2574	2597
322	16:48:46	10.74	6499	2573	2596
323	16:48:57	60.20	6499	2571	2595
324	16:49:57	60.11	6499	2569	2593
325	16:50:57	29.84	6499	2567	2592
326	16:51:27	60.07	6499	2565	2590
327	16:52:27	60.13	6499	2563	2589
328	16:53:27	60.11	6499	2560	2587
329	16:54:27	60.15	6499	2558	2585
330	16:55:27	60.11	6499	2556	2583
331	16:56:27	60.12	6499	2554	2581
332	16:57:27	60.42	6499	2551	2580
333	16:58:28	60.11	6499	2549	2578
334	16:59:28	60.13	6499	2547	2576
335	17:00:28	60.12	6499	2544	2574
336	17:01:28	60.11	6499	2542	2573
337	17:02:28	60.11	6499	2540	2571
338	17:03:28	60.16	6499	2538	2569
339	17:04:29	60.11	6499	2535	2567
340	17:05:29	60.11	6499	2533	2566
341	17:06:29	60.15	6499	2531	2564
342	17:07:29	60.18	6499	2529	2562
343	17:08:29	60.38	6499	2527	2560
344	17:09:30	60.11	6499	2524	2559
345	17:10:30	60.11	6499	2522	2557
346	17:11:30	60.13	6499	2520	2555
347	17:12:30	60.11	6499	2518	2554
348	17:13:30	60.10	6499	2516	2552
349	17:14:30	60.17	6499	2514	2550
350	17:15:30	60.14	6499	2512	2548
351	17:16:30	60.10	6499	2510	2547
352	17:17:31	60.11	6499	2508	2545
353	17:18:31	60.11	6499	2506	2543
354	17:19:31	29.99	6499	2504	2542
355	17:20:01	60.58	6499	0	0
356	17:21:01	60.10	6499	0	0
357	17:22:01	60.12	6499	0	0
358	17:23:02	60.11	6499	0	0
359	17:24:02	60.12	6499	0	0
360	17:25:02	60.13	6499	0	0
361	17:26:02	60.11	6501	0	0
362	17:27:02	47.58	6501	0	0
Created by AtlRunQuery on: 2018-12-01 10:17:37.964614
