LHC beam energy and intensities during run 355599:
(Begin/end of run: Sun Jul 15 2018 16:39:16 − 19:20:08)

LB	   Start time
(CEST)	   Duration
(sec)	   Beam energy
(GeV)	   Intensity Beam-1
(1e11 protons)	   Intensity Beam-2
(1e11 protons)
1	16:39:16	60.12	450	2702	2747
2	16:40:16	60.11	480	2701	2746
3	16:41:16	60.12	582	2701	2745
4	16:42:16	10.29	754	2701	2744
5	16:42:26	55.98	788	2701	2743
6	16:43:22	60.24	1012	2700	2742
7	16:44:23	60.11	1329	2700	2742
8	16:45:23	60.11	1676	2700	2741
9	16:46:23	47.98	2023	2700	2741
10	16:47:11	28.55	2301	2688	2729
11	16:47:39	60.50	2463	2688	2729
12	16:48:40	60.12	2817	2688	2729
13	16:49:40	60.11	3164	2687	2728
14	16:50:40	60.11	3511	2687	2728
15	16:51:40	60.12	3859	2687	2728
16	16:52:40	60.11	4206	2687	2728
17	16:53:40	60.16	4554	2686	2728
18	16:54:41	60.12	4907	2686	2727
19	16:55:41	60.11	5254	2685	2727
20	16:56:41	60.11	5602	2684	2727
21	16:57:41	60.12	5949	2683	2726
22	16:58:41	60.12	6297	2679	2725
23	16:59:41	10.27	6499	2677	2725
24	16:59:51	10.27	6499	2677	2725
25	17:00:02	60.41	6499	2677	2724
26	17:01:02	60.12	6499	2677	2724
27	17:02:02	60.13	6499	2677	2724
28	17:03:02	60.44	6499	2676	2724
29	17:04:03	60.13	6499	2676	2724
30	17:05:03	60.10	6499	2675	2724
31	17:06:03	60.11	6499	2675	2724
32	17:07:03	60.16	6499	2675	2724
33	17:08:03	60.12	6499	2674	2724
34	17:09:03	60.11	6499	2673	2723
35	17:10:04	60.11	6499	2672	2723
36	17:11:04	60.12	6499	2671	2723
37	17:12:04	51.91	6499	2670	2722
38	17:12:56	60.59	6499	2669	2722
39	17:13:56	60.11	6499	2667	2722
40	17:14:56	60.11	6499	2664	2721
41	17:15:57	60.11	6499	2661	2719
42	17:16:57	60.11	6499	2658	2716
43	17:17:57	60.11	6499	2655	2714
44	17:18:57	60.11	6499	2651	2711
45	17:19:57	56.61	6499	2648	2707
46	17:20:54	13.78	6499	2645	2705
47	17:21:07	19.86	6499	2644	2704
48	17:21:27	10.43	6499	2643	2703
49	17:21:38	20.52	6499	2643	2702
50	17:21:58	15.23	6499	2642	2701
51	17:22:13	10.40	6499	2641	2700
52	17:22:24	10.28	6499	2641	2700
53	17:22:34	25.04	6499	2640	2699
54	17:22:59	60.44	6499	2637	2696
55	17:24:00	60.14	6499	2634	2693
56	17:25:00	60.11	6499	2630	2689
57	17:26:00	60.13	6499	2626	2685
58	17:27:00	59.96	6499	2623	2681
59	17:28:00	31.22	6499	2620	2679
60	17:28:31	60.47	6499	2617	2676
61	17:29:32	60.11	6499	2613	2673
62	17:30:32	47.60	6499	2610	2670
63	17:31:19	60.19	6499	2607	2667
64	17:32:19	60.11	6499	2604	2664
65	17:33:20	60.36	6499	2601	2661
66	17:34:20	60.11	6499	2598	2658
67	17:35:20	60.10	6499	2594	2655
68	17:36:20	60.12	6499	2591	2652
69	17:37:20	60.35	6499	2588	2649
70	17:38:21	60.13	6499	2585	2647
71	17:39:21	28.72	6499	2583	2645
72	17:39:49	43.38	6499	2581	2643
73	17:40:33	60.45	6499	2579	2641
74	17:41:33	60.12	6499	2576	2638
75	17:42:33	60.12	6499	2573	2636
76	17:43:34	60.11	6499	2570	2633
77	17:44:34	60.10	6499	2567	2631
78	17:45:34	60.15	6499	2564	2628
79	17:46:34	60.11	6499	2562	2626
80	17:47:34	60.11	6499	2559	2624
81	17:48:34	10.27	6499	2557	2622
82	17:48:44	60.12	6499	2556	2621
83	17:49:45	60.19	6499	2553	2618
84	17:50:45	60.11	6499	2550	2616
85	17:51:45	60.10	6499	2548	2614
86	17:52:45	30.48	6499	2546	2612
87	17:53:15	18.80	6499	2545	2611
88	17:53:34	60.42	6499	2543	2610
89	17:54:35	60.13	6499	2540	2607
90	17:55:35	60.11	6499	2538	2605
91	17:56:35	60.11	6499	2535	2603
92	17:57:35	60.12	6499	2533	2601
93	17:58:35	31.19	6499	2531	2599
94	17:59:06	15.03	6499	2530	2599
95	17:59:21	60.23	6499	2528	2597
96	18:00:22	51.95	6499	2526	2595
97	18:01:13	21.84	6499	2525	2594
98	18:01:35	60.32	6499	2523	2592
99	18:02:36	60.14	6499	2520	2590
100	18:03:36	60.12	6499	2518	2588
101	18:04:36	60.11	6499	2515	2586
102	18:05:36	60.14	6499	2513	2584
103	18:06:36	60.10	6499	2511	2582
104	18:07:36	60.12	6499	2508	2580
105	18:08:36	60.15	6499	2506	2578
106	18:09:37	60.11	6499	2503	2576
107	18:10:37	60.12	6499	2501	2574
108	18:11:37	59.53	6499	2499	2572
109	18:12:36	30.16	6499	2497	2571
110	18:13:06	60.53	6499	2495	2569
111	18:14:07	60.36	6499	2493	2567
112	18:15:07	60.10	6499	2491	2565
113	18:16:07	60.12	6499	2488	2563
114	18:17:08	60.10	6499	2486	2561
115	18:18:08	60.11	6499	2484	2559
116	18:19:08	60.12	6499	2481	2558
117	18:20:08	60.14	6499	2479	2556
118	18:21:08	60.11	6499	2477	2554
119	18:22:08	60.11	6499	2474	2552
120	18:23:08	60.12	6499	2472	2550
121	18:24:08	60.12	6499	2470	2548
122	18:25:09	46.57	6499	2468	2546
123	18:25:55	42.73	6499	2466	2545
124	18:26:38	60.35	6499	2464	2544
125	18:27:38	60.10	6499	2462	2542
126	18:28:38	49.79	6499	2460	2540
127	18:29:28	60.19	6499	2458	2538
128	18:30:28	60.10	6499	2456	2537
129	18:31:28	53.77	6499	2454	2535
130	18:32:22	15.38	6499	2453	2534
131	18:32:37	60.10	6499	2451	2533
132	18:33:38	60.14	6499	2449	2531
133	18:34:38	60.11	6499	2447	2529
134	18:35:38	60.12	6499	2445	2527
135	18:36:38	60.11	6499	2442	2526
136	18:37:38	60.11	6499	2440	2524
137	18:38:38	60.11	6499	2438	2522
138	18:39:38	60.11	6499	2436	2520
139	18:40:38	60.14	6499	2434	2519
140	18:41:39	24.63	6499	2433	2517
141	18:42:03	36.07	6499	2431	2517
142	18:42:39	60.46	6499	2430	2515
143	18:43:40	24.51	6499	2428	2514
144	18:44:04	19.84	6499	2427	2513
145	18:44:24	60.19	6499	2426	2512
146	18:45:24	60.11	6499	2424	2511
147	18:46:24	60.12	6499	2422	2509
148	18:47:24	60.12	6499	2420	2507
149	18:48:25	60.12	6499	2418	2505
150	18:49:25	60.11	6499	2416	2504
151	18:50:25	60.11	6499	2414	2502
152	18:51:25	60.12	6499	2412	2500
153	18:52:25	60.11	6499	2410	2499
154	18:53:25	60.11	6499	2408	2497
155	18:54:25	60.11	6499	2406	2495
156	18:55:25	60.12	6499	2404	2493
157	18:56:26	60.16	6499	2402	2492
158	18:57:26	60.12	6499	2400	2490
159	18:58:26	60.11	6499	2398	2488
160	18:59:26	60.13	6499	2396	2487
161	19:00:26	42.29	6499	2394	2483
162	19:01:08	10.34	6499	100.4	108.6
163	19:01:19	60.11	6499	0	0
164	19:02:19	60.11	6499	0	0
165	19:03:19	60.12	6499	0	0
166	19:04:19	60.12	6499	0	0
167	19:05:19	10.27	6499	0	0
168	19:05:29	60.12	6499	0	0
169	19:06:30	60.12	6501	0	0
170	19:07:30	60.12	6501	0	0
171	19:08:30	60.13	6501	0	0
172	19:09:30	60.39	6501	0	0
173	19:10:30	60.15	6496	0	0
174	19:11:30	60.13	6399	0	0
175	19:12:31	60.11	6172	0	0
176	19:13:31	60.12	5836	0	0
177	19:14:31	60.13	5484	0	0
178	19:15:31	60.12	5130	0	0
179	19:16:31	60.11	4776	0	0
180	19:17:31	60.12	4420	0	0
181	19:18:31	60.11	4064	0	0
182	19:19:31	36.25	3708	0	0
Created by AtlRunQuery on: 2018-12-01 10:23:01.076609
