LHC beam energy and intensities during run 357050:
(Begin/end of run: Mon Jul 30 2018 08:23:13 − 12:52:06)

LB	   Start time
(CEST)	   Duration
(sec)	   Beam energy
(GeV)	   Intensity Beam-1
(1e11 protons)	   Intensity Beam-2
(1e11 protons)
1	08:23:13	60.11	450	0	0
2	08:24:13	60.12	450	0	0
3	08:25:13	38.57	450	0	0
4	08:25:52	25.81	450	0	0
5	08:26:18	60.11	450	0	0
6	08:27:18	27.48	450	0	0
7	08:27:45	60.20	449	0	0
8	08:28:45	60.12	450	0	0
9	08:29:45	60.11	450	0.05324	0
10	08:30:46	60.14	450	0.0845	0
11	08:31:46	60.12	450	0.08446	0.01166
12	08:32:46	60.10	450	0.08441	0.07626
13	08:33:46	60.12	449	0.08308	0.07506
14	08:34:46	60.12	450	0	0
15	08:35:46	60.12	450	0.03527	0
16	08:36:46	60.16	450	0.07956	0.06396
17	08:37:46	60.12	450	0.07952	0.07751
18	08:38:47	60.12	450	0.07947	0.07747
19	08:39:47	60.12	449	0.07933	0.07733
20	08:40:47	60.11	450	0.07919	0.07706
21	08:41:47	60.40	449	0.07915	0.07698
22	08:42:47	60.11	450	0.07911	0.07695
23	08:43:47	60.12	450	0.07905	0.0769
24	08:44:48	60.12	449	0.07902	0.07686
25	08:45:48	60.14	450	0.07879	0.4733
26	08:46:48	60.11	450	0.8391	1.005
27	08:47:48	60.12	450	1.461	0.9887
28	08:48:48	60.16	450	2.134	1.715
29	08:49:48	60.12	450	2.764	1.839
30	08:50:48	60.16	450	2.764	2.616
31	08:51:48	60.12	450	2.763	2.615
32	08:52:49	60.11	450	2.763	2.613
33	08:53:49	60.12	449	2.763	2.611
34	08:54:49	60.13	450	2.763	2.609
35	08:55:49	60.11	450	2.762	2.607
36	08:56:49	60.12	450	2.762	2.605
37	08:57:49	60.11	450	2.762	2.604
38	08:58:49	18.53	450	2.762	2.603
39	08:59:08	30.66	450	0.938	0.9167
40	08:59:38	60.50	450	0.9379	0.9158
41	09:00:39	60.12	449	0.9378	0.9147
42	09:01:39	60.11	450	0.9378	0.9137
43	09:02:39	60.11	450	0.9377	0.9126
44	09:03:39	60.49	450	0.9376	0.9114
45	09:04:40	60.11	450	0.9375	0.9103
46	09:05:40	60.14	449	0.9375	0.9092
47	09:06:40	60.13	449	0.9374	0.908
48	09:07:40	60.12	449	0.9373	0.9068
49	09:08:40	60.11	450	0.9372	0.9057
50	09:09:40	60.11	450	0.9371	0.9047
51	09:10:41	60.12	449	0.937	0.9036
52	09:11:41	60.12	450	0.9369	0.9026
53	09:12:41	60.12	449	0.9368	0.9016
54	09:13:41	60.12	450	0.9367	0.9006
55	09:14:41	60.11	449	0.9367	0.8996
56	09:15:41	60.14	465	0.9365	0.8988
57	09:16:41	60.17	549	0.9365	0.8983
58	09:17:41	60.13	704	0.9364	0.8975
59	09:18:42	12.48	925	0.9363	0.8971
60	09:18:54	60.20	976	0.9364	0.8969
61	09:19:54	60.12	1275	0.9364	0.8967
62	09:20:54	60.13	1623	0.9364	0.8966
63	09:21:54	60.11	1970	0.9364	0.8965
64	09:22:55	60.11	2323	0.9363	0.8965
65	09:23:55	60.43	2670	0.9361	0.8966
66	09:24:55	60.38	3018	0.9362	0.8966
67	09:25:55	60.11	3365	0.9362	0.8966
68	09:26:56	60.11	3719	0.9362	0.8966
69	09:27:56	60.10	4066	0.9362	0.8966
70	09:28:56	60.12	4413	0.9362	0.8965
71	09:29:56	60.12	4761	0.9362	0.8965
72	09:30:56	60.36	5108	0.9362	0.8965
73	09:31:56	60.12	5456	0.9362	0.8964
74	09:32:57	60.40	5809	0.9361	0.8964
75	09:33:57	60.11	6156	0.936	0.8963
76	09:34:57	39.15	6485	0.9357	0.8963
77	09:35:36	10.24	6499	0.9357	0.8963
78	09:35:46	60.40	6499	0.9357	0.8963
79	09:36:47	60.12	6499	0.9357	0.8962
80	09:37:47	60.10	6499	0.9357	0.8962
81	09:38:47	30.30	6499	0.9357	0.8962
82	09:39:17	30.09	6499	0.9357	0.8962
83	09:39:47	30.31	6499	0.9357	0.8962
84	09:40:18	30.31	6499	0.9357	0.8962
85	09:40:48	30.31	6499	0.9356	0.8962
86	09:41:18	30.11	6499	0.9357	0.8961
87	09:41:48	30.31	6499	0.9356	0.8961
88	09:42:19	30.33	6499	0.9356	0.8961
89	09:42:49	30.10	6499	0.9356	0.896
90	09:43:19	30.05	6499	0.9356	0.896
91	09:43:49	30.31	6499	0.9356	0.896
92	09:44:20	30.31	6499	0.9356	0.896
93	09:44:50	30.31	6499	0.9356	0.896
94	09:45:20	30.32	6499	0.9356	0.896
95	09:45:51	30.30	6499	0.9356	0.896
96	09:46:21	30.05	6499	0.9356	0.896
97	09:46:51	30.31	6499	0.9356	0.8959
98	09:47:21	30.30	6499	0.9356	0.8959
99	09:47:51	30.31	6499	0.9356	0.8959
100	09:48:22	30.09	6499	0.9356	0.8959
101	09:48:52	30.30	6499	0.9356	0.8959
102	09:49:22	30.06	6499	0.9356	0.8959
103	09:49:52	30.05	6499	0.9356	0.8959
104	09:50:22	30.31	6499	0.9356	0.8959
105	09:50:53	30.32	6499	0.9356	0.8959
106	09:51:23	30.31	6499	0.9356	0.8959
107	09:51:53	30.31	6499	0.9356	0.8959
108	09:52:24	30.31	6499	0.9356	0.8959
109	09:52:54	30.31	6499	0.9355	0.8959
110	09:53:24	30.06	6499	0.9356	0.8959
111	09:53:54	30.31	6499	0.9355	0.8959
112	09:54:25	30.06	6499	0.9355	0.8959
113	09:54:55	30.30	6499	0.9355	0.8959
114	09:55:25	30.31	6499	0.9355	0.8959
115	09:55:55	30.32	6499	0.9355	0.8959
116	09:56:26	30.30	6499	0.9355	0.8959
117	09:56:56	30.30	6499	0.9355	0.8959
118	09:57:26	30.30	6499	0.9355	0.8959
119	09:57:56	30.06	6499	0.9355	0.8959
120	09:58:26	30.30	6499	0.9355	0.8959
121	09:58:57	30.31	6499	0.9355	0.8959
122	09:59:27	30.32	6499	0.9354	0.8959
123	09:59:57	30.05	6499	0.9355	0.8959
124	10:00:27	30.05	6499	0.9355	0.8959
125	10:00:58	30.30	6499	0.9355	0.8959
126	10:01:28	30.30	6499	0.9355	0.8959
127	10:01:58	30.31	6499	0.9355	0.8959
128	10:02:28	30.08	6499	0.9354	0.8959
129	10:02:59	30.33	6499	0.9354	0.8959
130	10:03:29	30.31	6499	0.9354	0.8959
131	10:03:59	30.31	6499	0.9354	0.8959
132	10:04:29	12.88	6499	0.9354	0.8959
133	10:04:42	30.45	6499	0.9354	0.8959
134	10:05:13	30.30	6499	0.9354	0.8959
135	10:05:43	30.31	6499	0.9354	0.8959
136	10:06:13	30.06	6499	0.9354	0.8958
137	10:06:43	30.31	6499	0.9353	0.8958
138	10:07:14	30.06	6499	0.9353	0.8959
139	10:07:44	30.31	6499	0.9353	0.8959
140	10:08:14	30.31	6499	0.9353	0.8958
141	10:08:44	30.30	6499	0.9353	0.8958
142	10:09:15	30.05	6499	0.9353	0.8958
143	10:09:45	30.31	6499	0.9354	0.8958
144	10:10:15	30.32	6499	0.9353	0.8958
145	10:10:45	30.35	6499	0.9354	0.8958
146	10:11:16	30.31	6499	0.9353	0.8958
147	10:11:46	30.33	6499	0.9353	0.8958
148	10:12:16	30.31	6499	0.9353	0.8958
149	10:12:47	30.31	6499	0.9353	0.8958
150	10:13:17	30.31	6499	0.9353	0.8958
151	10:13:47	30.30	6499	0.9353	0.8958
152	10:14:18	17.03	6499	0.9353	0.8958
153	10:14:35	30.31	6499	0.9353	0.8958
154	10:15:05	30.31	6499	0.9353	0.8958
155	10:15:35	11.63	6499	0.9353	0.8958
156	10:15:47	30.29	6499	0.9353	0.8958
157	10:16:17	30.31	6499	0.9353	0.8958
158	10:16:48	30.30	6499	0.9353	0.8958
159	10:17:18	30.30	6499	0.9352	0.8958
160	10:17:48	30.31	6499	0.9352	0.8958
161	10:18:18	30.31	6499	0.9352	0.8957
162	10:18:49	30.32	6499	0.9351	0.8956
163	10:19:19	30.31	6499	0.935	0.8955
164	10:19:49	30.31	6499	0.9349	0.8954
165	10:20:20	30.30	6499	0.9348	0.8953
166	10:20:50	30.06	6499	0.9347	0.8952
167	10:21:20	30.31	6499	0.9346	0.895
168	10:21:50	30.33	6499	0.9345	0.8949
169	10:22:21	30.30	6499	0.9343	0.8947
170	10:22:51	30.31	6499	0.9342	0.8946
171	10:23:21	30.30	6499	0.9342	0.8944
172	10:23:52	30.05	6499	0.9341	0.8944
173	10:24:22	30.38	6499	0.9339	0.8942
174	10:24:52	30.30	6499	0.9337	0.8939
175	10:25:22	30.32	6499	0.9335	0.8937
176	10:25:53	30.29	6499	0.9333	0.8934
177	10:26:23	30.31	6499	0.9331	0.8931
178	10:26:53	30.31	6499	0.9329	0.8929
179	10:27:24	30.05	6499	0.9327	0.8927
180	10:27:54	30.06	6499	0.9325	0.8924
181	10:28:24	30.30	6499	0.9323	0.8922
182	10:28:54	30.30	6499	0.9321	0.8919
183	10:29:24	30.07	6499	0.9319	0.8916
184	10:29:54	20.94	6499	0.9317	0.8914
185	10:30:15	30.23	6499	0.9316	0.8912
186	10:30:45	30.30	6499	0.9314	0.891
187	10:31:16	30.30	6499	0.9312	0.8908
188	10:31:46	30.06	6499	0.931	0.8906
189	10:32:16	30.31	6499	0.9309	0.8904
190	10:32:46	30.31	6499	0.9308	0.8902
191	10:33:17	30.06	6499	0.9306	0.89
192	10:33:47	30.31	6499	0.9304	0.8898
193	10:34:17	30.30	6499	0.9302	0.8896
194	10:34:47	30.30	6499	0.93	0.8894
195	10:35:18	30.09	6499	0.9299	0.8892
196	10:35:48	30.31	6499	0.9297	0.889
197	10:36:18	30.32	6499	0.9295	0.8887
198	10:36:48	30.06	6499	0.9293	0.8885
199	10:37:19	30.30	6499	0.9291	0.8882
200	10:37:49	30.06	6499	0.9289	0.888
201	10:38:19	30.30	6499	0.9287	0.8878
202	10:38:49	30.11	6499	0.9285	0.8875
203	10:39:19	30.31	6499	0.9283	0.8873
204	10:39:50	30.06	6499	0.9281	0.887
205	10:40:20	30.30	6499	0.9279	0.8868
206	10:40:50	30.30	6499	0.9277	0.8866
207	10:41:20	30.30	6499	0.9275	0.8863
208	10:41:51	30.30	6499	0.9273	0.8861
209	10:42:21	30.31	6499	0.9271	0.8859
210	10:42:51	30.31	6499	0.9269	0.8856
211	10:43:21	30.08	6499	0.9267	0.8854
212	10:43:52	30.07	6499	0.9265	0.8852
213	10:44:22	30.30	6499	0.9263	0.8849
214	10:44:52	30.06	6499	0.9261	0.8847
215	10:45:22	30.04	6499	0.9258	0.8845
216	10:45:52	30.06	6499	0.9256	0.8842
217	10:46:22	30.29	6499	0.9254	0.884
218	10:46:52	30.06	6499	0.9253	0.8838
219	10:47:22	30.31	6499	0.925	0.8835
220	10:47:53	30.06	6499	0.9248	0.8833
221	10:48:23	30.30	6499	0.9246	0.8831
222	10:48:53	30.06	6499	0.9244	0.8828
223	10:49:23	30.33	6499	0.9242	0.8826
224	10:49:53	30.05	6499	0.924	0.8824
225	10:50:24	30.30	6499	0.9238	0.8821
226	10:50:54	30.30	6499	0.9236	0.8819
227	10:51:24	30.09	6499	0.9234	0.8817
228	10:51:54	30.31	6499	0.9232	0.8815
229	10:52:25	30.31	6499	0.9229	0.8813
230	10:52:55	30.31	6499	0.9228	0.881
231	10:53:25	30.30	6499	0.9226	0.8808
232	10:53:55	30.05	6499	0.9224	0.8806
233	10:54:26	30.39	6499	0.9222	0.8803
234	10:54:56	30.06	6499	0.922	0.8801
235	10:55:26	30.31	6499	0.9218	0.8799
236	10:55:56	30.05	6499	0.9216	0.8797
237	10:56:26	30.30	6499	0.9214	0.8795
238	10:56:57	30.30	6499	0.9212	0.8793
239	10:57:27	30.30	6499	0.921	0.879
240	10:57:57	30.32	6499	0.9208	0.8788
241	10:58:28	30.31	6499	0.9206	0.8786
242	10:58:58	30.31	6499	0.9203	0.8784
243	10:59:28	30.30	6499	0.9202	0.8782
244	10:59:58	30.31	6499	0.92	0.8779
245	11:00:29	30.31	6499	0.9198	0.8777
246	11:00:59	30.05	6499	0.9196	0.8775
247	11:01:29	30.31	6499	0.9193	0.8773
248	11:01:59	30.05	6499	0.9191	0.8771
249	11:02:29	30.30	6499	0.9189	0.8768
250	11:03:00	30.31	6499	0.9187	0.8766
251	11:03:30	30.31	6499	0.9185	0.8764
252	11:04:00	30.05	6499	0.9183	0.8762
253	11:04:30	35.22	6499	0.9181	0.876
254	11:05:06	60.45	6499	0.9178	0.8756
255	11:06:06	60.11	6499	0.9174	0.8752
256	11:07:06	19.54	6499	0.9171	0.8749
257	11:07:26	13.06	6499	0.917	0.8748
258	11:07:39	9.01	6499	0.917	0.8747
259	11:07:48	9.13	6499	0.917	0.8747
260	11:07:57	9.01	6499	0.9169	0.8747
261	11:08:06	8.80	6499	0.9169	0.8746
262	11:08:15	9.02	6499	0.9168	0.8746
263	11:08:24	8.81	6499	0.9168	0.8745
264	11:08:33	9.02	6499	0.9167	0.8744
265	11:08:42	8.81	6499	0.9167	0.8744
266	11:08:50	9.01	6499	0.9166	0.8743
267	11:08:59	9.11	6499	0.9166	0.8742
268	11:09:09	9.00	6499	0.9165	0.8742
269	11:09:18	8.82	6499	0.9165	0.8741
270	11:09:26	9.01	6499	0.9164	0.8741
271	11:09:35	8.51	6499	0.9164	0.874
272	11:09:44	9.02	6499	0.9163	0.874
273	11:09:53	9.11	6499	0.9163	0.874
274	11:10:02	9.01	6499	0.9162	0.8739
275	11:10:11	24.95	6499	0.9161	0.8738
276	11:10:36	8.99	6499	0.9161	0.8737
277	11:10:45	8.56	6499	0.916	0.8737
278	11:10:54	9.01	6499	0.916	0.8736
279	11:11:03	8.53	6499	0.9159	0.8736
280	11:11:11	9.04	6499	0.9159	0.8736
281	11:11:20	8.22	6499	0.9159	0.8735
282	11:11:28	9.01	6499	0.9158	0.8734
283	11:11:37	7.62	6499	0.9158	0.8734
284	11:11:45	9.02	6499	0.9157	0.8733
285	11:11:54	8.50	6499	0.9156	0.8732
286	11:12:03	9.01	6499	0.9156	0.8732
287	11:12:12	8.55	6499	0.9155	0.8731
288	11:12:20	9.02	6499	0.9155	0.8731
289	11:12:29	8.26	6499	0.9154	0.873
290	11:12:37	9.01	6499	0.9153	0.873
291	11:12:46	8.53	6499	0.9153	0.8729
292	11:12:55	9.00	6499	0.9153	0.8729
293	11:13:04	8.53	6499	0.9153	0.8728
294	11:13:12	60.27	6499	0.915	0.8726
295	11:14:13	60.11	6499	0.9146	0.8722
296	11:15:13	60.11	6499	0.9143	0.8718
297	11:16:13	60.11	6499	0.9139	0.8713
298	11:17:13	60.11	6499	0.9135	0.8709
299	11:18:13	60.13	6499	0.9131	0.8705
300	11:19:13	60.12	6499	0.9127	0.8701
301	11:20:13	60.12	6499	0.9123	0.8697
302	11:21:14	60.10	6499	0.9119	0.8693
303	11:22:14	60.12	6499	0.9115	0.8689
304	11:23:14	60.10	6499	0.9112	0.8685
305	11:24:14	60.37	6499	0.9108	0.8681
306	11:25:14	60.13	6499	0.9104	0.8677
307	11:26:14	60.12	6499	0.91	0.8673
308	11:27:14	60.13	6499	0.9096	0.8668
309	11:28:15	60.35	6499	0.9092	0.8664
310	11:29:15	60.36	6499	0.9088	0.866
311	11:30:15	60.36	6499	0.9085	0.8656
312	11:31:16	18.29	6499	0.9082	0.8653
313	11:31:34	14.50	6499	0.9081	0.8652
314	11:31:48	9.00	6499	0.9081	0.8651
315	11:31:57	8.53	6499	0.908	0.8651
316	11:32:06	9.00	6499	0.908	0.8651
317	11:32:15	8.51	6499	0.9079	0.8651
318	11:32:23	9.00	6499	0.9079	0.865
319	11:32:32	8.52	6499	0.9079	0.865
320	11:32:41	9.01	6499	0.9079	0.865
321	11:32:50	8.52	6499	0.9078	0.8649
322	11:32:59	9.01	6499	0.9078	0.8649
323	11:33:08	8.52	6499	0.9077	0.8649
324	11:33:16	9.01	6499	0.9077	0.8648
325	11:33:25	8.51	6499	0.9076	0.8647
326	11:33:34	9.01	6499	0.9076	0.8647
327	11:33:43	8.51	6499	0.9075	0.8646
328	11:33:51	9.01	6499	0.9075	0.8646
329	11:34:00	8.52	6499	0.9074	0.8646
330	11:34:09	9.01	6499	0.9074	0.8645
331	11:34:18	8.22	6499	0.9073	0.8644
332	11:34:26	9.01	6499	0.9073	0.8644
333	11:34:35	8.51	6499	0.9072	0.8643
334	11:34:43	9.01	6499	0.9072	0.8643
335	11:34:52	8.52	6499	0.9071	0.8642
336	11:35:01	9.01	6499	0.9071	0.8642
337	11:35:10	8.52	6499	0.9071	0.8641
338	11:35:18	9.00	6499	0.907	0.8641
339	11:35:27	8.63	6499	0.907	0.8641
340	11:35:36	9.02	6499	0.907	0.864
341	11:35:45	8.52	6499	0.9069	0.864
342	11:35:54	9.02	6499	0.9069	0.864
343	11:36:03	28.25	6499	0.9068	0.8638
344	11:36:31	9.00	6499	0.9067	0.8638
345	11:36:40	8.51	6499	0.9067	0.8637
346	11:36:48	9.01	6499	0.9067	0.8637
347	11:36:57	8.53	6499	0.9066	0.8637
348	11:37:06	9.03	6499	0.9066	0.8636
349	11:37:15	8.50	6499	0.9065	0.8636
350	11:37:23	9.00	6499	0.9065	0.8636
351	11:37:32	8.53	6499	0.9065	0.8635
352	11:37:41	9.01	6499	0.9065	0.8635
353	11:37:50	8.50	6499	0.9064	0.8635
354	11:37:59	9.01	6499	0.9064	0.8634
355	11:38:08	8.52	6499	0.9063	0.8634
356	11:38:16	9.01	6499	0.9062	0.8633
357	11:38:25	8.82	6499	0.9062	0.8633
358	11:38:34	9.02	6499	0.9062	0.8632
359	11:38:43	8.51	6499	0.9061	0.8631
360	11:38:51	9.00	6499	0.9061	0.8631
361	11:39:00	8.53	6499	0.906	0.8631
362	11:39:09	9.00	6499	0.906	0.863
363	11:39:18	8.52	6499	0.9059	0.863
364	11:39:26	9.01	6499	0.9058	0.8629
365	11:39:35	8.52	6499	0.9058	0.8629
366	11:39:44	9.00	6499	0.9058	0.8628
367	11:39:53	7.62	6499	0.9058	0.8628
368	11:40:01	9.01	6499	0.9057	0.8628
369	11:40:10	8.51	6499	0.9057	0.8627
370	11:40:18	9.01	6499	0.9057	0.8627
371	11:40:27	8.22	6499	0.9056	0.8627
372	11:40:35	9.00	6499	0.9056	0.8626
373	11:40:44	12.24	6499	0.9056	0.8626
374	11:40:57	60.38	6499	0.9053	0.8624
375	11:41:57	60.12	6499	0.905	0.862
376	11:42:57	60.11	6499	0.9046	0.8616
377	11:43:57	60.12	6499	0.9042	0.8611
378	11:44:57	60.13	6499	0.9038	0.8607
379	11:45:57	60.11	6499	0.9034	0.8603
380	11:46:58	60.11	6499	0.9031	0.8599
381	11:47:58	60.15	6499	0.9027	0.8595
382	11:48:58	60.11	6499	0.9022	0.8589
383	11:49:58	60.11	6499	0.9019	0.8587
384	11:50:58	60.12	6499	0.9015	0.8583
385	11:51:58	60.13	6499	0.9011	0.8579
386	11:52:58	60.12	6499	0.9008	0.8575
387	11:53:58	60.12	6499	0.9004	0.8571
388	11:54:59	60.11	6499	0.8999	0.8566
389	11:55:59	60.13	6499	0.8995	0.8562
390	11:56:59	60.11	6499	0.8991	0.8558
391	11:57:59	60.12	6499	0.8987	0.8554
392	11:58:59	60.12	6499	0.8983	0.8549
393	11:59:59	60.13	6499	0.8979	0.8545
394	12:00:59	60.12	6499	0.8974	0.854
395	12:01:59	26.80	6499	0.8972	0.8537
396	12:02:26	14.26	6499	0.897	0.8536
397	12:02:40	9.01	6499	0.897	0.8535
398	12:02:49	7.61	6499	0.897	0.8535
399	12:02:57	9.01	6499	0.8969	0.8534
400	12:03:06	8.50	6499	0.8969	0.8534
401	12:03:15	9.01	6499	0.8968	0.8534
402	12:03:24	8.53	6499	0.8968	0.8533
403	12:03:32	9.00	6499	0.8968	0.8533
404	12:03:41	8.52	6499	0.8967	0.8533
405	12:03:50	9.01	6499	0.8967	0.8532
406	12:03:59	7.91	6499	0.8966	0.8532
407	12:04:07	9.02	6499	0.8966	0.8531
408	12:04:16	8.52	6499	0.8966	0.8531
409	12:04:24	9.01	6499	0.8965	0.853
410	12:04:33	8.52	6499	0.8965	0.853
411	12:04:42	9.01	6499	0.8964	0.8529
412	12:04:51	8.52	6499	0.8963	0.8528
413	12:04:59	9.00	6499	0.8963	0.8528
414	12:05:08	8.23	6499	0.8962	0.8527
415	12:05:16	9.00	6499	0.8962	0.8527
416	12:05:25	8.56	6499	0.8961	0.8526
417	12:05:34	9.00	6499	0.8961	0.8526
418	12:05:43	7.62	6499	0.896	0.8525
419	12:05:51	9.01	6499	0.896	0.8525
420	12:06:00	8.54	6499	0.8959	0.8524
421	12:06:08	9.04	6499	0.8959	0.8524
422	12:06:17	9.40	6499	0.8959	0.8524
423	12:06:27	9.00	6499	0.8959	0.8524
424	12:06:36	8.51	6499	0.8958	0.8523
425	12:06:44	9.01	6499	0.8958	0.8523
426	12:06:53	28.54	6499	0.8957	0.8522
427	12:07:22	9.00	6499	0.8956	0.8521
428	12:07:31	8.53	6499	0.8956	0.8521
429	12:07:39	9.00	6499	0.8955	0.852
430	12:07:48	8.51	6499	0.8955	0.852
431	12:07:57	9.00	6499	0.8955	0.8519
432	12:08:06	8.22	6499	0.8954	0.8519
433	12:08:14	9.01	6499	0.8954	0.8519
434	12:08:23	8.52	6499	0.8953	0.8518
435	12:08:31	9.01	6499	0.8953	0.8518
436	12:08:40	8.51	6499	0.8953	0.8517
437	12:08:49	9.01	6499	0.8952	0.8517
438	12:08:58	8.52	6499	0.8952	0.8517
439	12:09:06	9.00	6499	0.8951	0.8516
440	12:09:15	8.52	6499	0.8951	0.8516
441	12:09:24	9.01	6499	0.895	0.8515
442	12:09:33	8.51	6499	0.8949	0.8514
443	12:09:42	9.01	6499	0.8949	0.8514
444	12:09:51	8.56	6499	0.8948	0.8513
445	12:09:59	9.01	6499	0.8948	0.8513
446	12:10:08	8.52	6499	0.8948	0.8512
447	12:10:17	9.01	6499	0.8947	0.8512
448	12:10:26	8.53	6499	0.8946	0.8511
449	12:10:34	9.01	6499	0.8946	0.8511
450	12:10:43	8.21	6499	0.8946	0.8511
451	12:10:51	9.01	6499	0.8945	0.851
452	12:11:00	8.51	6499	0.8945	0.8509
453	12:11:09	9.01	6499	0.8945	0.8509
454	12:11:18	8.52	6499	0.8944	0.8509
455	12:11:26	9.01	6499	0.8944	0.8509
456	12:11:35	11.39	6499	0.8944	0.8508
457	12:11:47	60.42	6499	0.8941	0.8506
458	12:12:47	60.11	6499	0.8937	0.8502
459	12:13:47	60.15	6499	0.8933	0.8497
460	12:14:48	60.11	6499	0.8929	0.8493
461	12:15:48	60.12	6499	0.8925	0.8489
462	12:16:48	60.11	6499	0.8921	0.8485
463	12:17:48	60.12	6499	0.8917	0.8481
464	12:18:48	60.11	6499	0.8913	0.8476
465	12:19:48	60.15	6499	0.8909	0.8472
466	12:20:48	60.11	6499	0.8904	0.8468
467	12:21:48	60.12	6499	0.89	0.8464
468	12:22:48	60.11	6499	0.8896	0.8459
469	12:23:49	60.11	6499	0.8892	0.8455
470	12:24:49	60.16	6499	0.8888	0.8451
471	12:25:49	60.15	6499	0.8884	0.8447
472	12:26:49	60.15	6499	0.8879	0.8442
473	12:27:49	60.12	6499	0.8875	0.8437
474	12:28:49	60.11	6499	0.8871	0.8433
475	12:29:49	60.12	6499	0.8866	0.8428
476	12:30:49	60.11	6499	0.8862	0.8424
477	12:31:50	60.11	6499	0.8858	0.8419
478	12:32:50	60.10	6499	0.8853	0.8415
479	12:33:50	45.35	6499	0.8849	0.841
480	12:34:35	60.14	6499	0.8845	0.8406
481	12:35:35	60.12	6499	0.884	0.8402
482	12:36:35	60.12	6499	0.8836	0.8397
483	12:37:36	60.11	6499	0.8831	0.8392
484	12:38:36	60.12	6499	0.8827	0.8387
485	12:39:36	60.11	6499	0.8822	0.8383
486	12:40:36	60.12	6499	0.8817	0.8378
487	12:41:36	60.12	6499	0.8812	0.8373
488	12:42:36	60.17	6499	0.8808	0.8369
489	12:43:36	60.12	6499	0.8804	0.8364
490	12:44:36	60.11	6499	0.8799	0.8359
491	12:45:37	60.11	6499	0.8795	0.8354
492	12:46:37	60.12	6499	0.879	0.835
493	12:47:37	60.11	6499	0.8785	0.8345
494	12:48:37	11.04	6499	0.8725	0.8288
495	12:48:48	60.33	6499	0.008266	0.007848
496	12:49:48	60.12	6499	0	0
497	12:50:48	60.10	6501	0	0
498	12:51:48	17.16	6501	0	0
Created by AtlRunQuery on: 2018-12-01 11:37:59.602663
