LHC beam energy and intensities during run 357283:
(Begin/end of run: Wed Aug 01 2018 17:21:38 − 21:21:43)

LB	   Start time
(CEST)	   Duration
(sec)	   Beam energy
(GeV)	   Intensity Beam-1
(1e11 protons)	   Intensity Beam-2
(1e11 protons)
1	17:21:38	60.11	6499	2344	2508
2	17:22:38	26.90	6499	2342	2506
3	17:23:05	22.63	6499	2341	2505
4	17:23:27	47.55	6499	2339	2504
5	17:24:15	13.62	6499	2337	2502
6	17:24:28	10.34	6499	2336	2502
7	17:24:39	60.11	6499	2334	2500
8	17:25:39	10.31	6499	2332	2499
9	17:25:49	40.51	6499	2329	2497
10	17:26:30	18.89	6499	2327	2496
11	17:26:49	42.42	6499	2312	2335
12	17:27:31	60.45	6499	2309	2333
13	17:28:32	60.11	6499	2305	2331
14	17:29:32	60.16	6499	2301	2328
15	17:30:32	60.12	6499	2297	2326
16	17:31:32	60.11	6499	2293	2323
17	17:32:32	13.99	6499	2291	2322
18	17:32:46	60.22	6499	2288	2321
19	17:33:46	60.13	6499	2284	2318
20	17:34:46	10.27	6499	2282	2317
21	17:34:57	36.54	6499	2281	2316
22	17:35:33	60.50	6499	2279	2314
23	17:36:34	60.11	6499	2276	2312
24	17:37:34	23.24	6499	2275	2311
25	17:37:57	58.59	6499	2273	2309
26	17:38:56	60.22	6499	2271	2307
27	17:39:56	60.15	6499	2269	2305
28	17:40:56	60.40	6499	2268	2303
29	17:41:56	60.13	6499	2266	2301
30	17:42:57	60.11	6499	2264	2299
31	17:43:57	60.12	6499	2263	2297
32	17:44:57	60.12	6499	2261	2296
33	17:45:57	60.13	6499	2259	2293
34	17:46:57	60.11	6499	2257	2291
35	17:47:57	60.16	6499	2255	2289
36	17:48:57	60.11	6499	2253	2287
37	17:49:57	60.12	6499	2251	2285
38	17:50:57	60.12	6499	2249	2283
39	17:51:58	60.14	6499	2247	2280
40	17:52:58	60.38	6499	2244	2278
41	17:53:58	10.05	6499	2243	2277
42	17:54:08	26.23	6499	2243	2276
43	17:54:34	60.53	6499	2241	2275
44	17:55:35	60.12	6499	2239	2273
45	17:56:35	60.17	6499	2238	2271
46	17:57:35	60.12	6499	2236	2269
47	17:58:35	60.11	6499	2234	2267
48	17:59:35	10.30	6499	2233	2266
49	17:59:46	60.12	6499	2231	2264
50	18:00:46	60.12	6499	2229	2263
51	18:01:46	60.13	6499	2228	2261
52	18:02:46	60.11	6499	2226	2259
53	18:03:46	60.36	6499	2224	2257
54	18:04:47	60.11	6499	2222	2255
55	18:05:47	60.11	6499	2220	2253
56	18:06:47	60.13	6499	2218	2251
57	18:07:47	60.13	6499	2216	2249
58	18:08:47	60.11	6499	2214	2247
59	18:09:47	60.16	6499	2212	2245
60	18:10:47	10.26	6499	2211	2244
61	18:10:58	38.04	6499	2210	2243
62	18:11:36	60.50	6499	2209	2242
63	18:12:36	60.13	6499	2207	2240
64	18:13:36	60.11	6499	2205	2238
65	18:14:36	60.14	6499	2203	2236
66	18:15:37	60.16	6499	2201	2235
67	18:16:37	60.15	6499	2200	2233
68	18:17:37	60.36	6499	2198	2231
69	18:18:37	60.12	6499	2196	2229
70	18:19:37	36.88	6499	2194	2228
71	18:20:14	23.24	6499	2193	2227
72	18:20:37	60.36	6499	2192	2226
73	18:21:38	47.63	6499	2191	2224
74	18:22:25	13.01	6499	2190	2223
75	18:22:38	9.00	6499	2189	2223
76	18:22:47	9.12	6499	2189	2223
77	18:22:57	9.02	6499	2189	2223
78	18:23:06	8.80	6499	2189	2222
79	18:23:14	9.01	6499	2188	2222
80	18:23:23	9.12	6499	2188	2222
81	18:23:33	9.01	6499	2188	2222
82	18:23:42	9.11	6499	2188	2221
83	18:23:51	9.01	6499	2187	2221
84	18:24:00	8.91	6499	2187	2221
85	18:24:09	8.92	6499	2187	2220
86	18:24:17	8.83	6499	2187	2220
87	18:24:26	9.01	6499	2186	2220
88	18:24:35	4.36	6499	2186	2220
89	18:24:40	4.46	6499	2186	2220
90	18:24:44	3.04	6499	2186	2220
91	18:24:47	5.96	6499	2186	2220
92	18:24:53	8.40	6499	2186	2219
93	18:25:02	3.16	6499	2185	2219
94	18:25:05	3.26	6499	2185	2219
95	18:25:08	3.25	6499	2185	2219
96	18:25:11	24.69	6499	2185	2219
97	18:25:36	9.00	6499	2185	2218
98	18:25:45	3.12	6499	2184	2218
99	18:25:48	5.41	6499	2184	2218
100	18:25:53	9.00	6499	2184	2218
101	18:26:02	8.52	6499	2184	2218
102	18:26:11	9.01	6499	2184	2218
103	18:26:20	8.51	6499	2183	2218
104	18:26:28	9.01	6499	2183	2217
105	18:26:37	8.51	6499	2183	2217
106	18:26:46	9.01	6499	2183	2217
107	18:26:55	8.52	6499	2182	2217
108	18:27:04	7.16	6499	2182	2216
109	18:27:11	3.47	6499	2182	2216
110	18:27:14	6.90	6499	2182	2216
111	18:27:21	9.01	6499	2181	2216
112	18:27:30	8.51	6499	2181	2216
113	18:27:39	9.01	6499	2181	2215
114	18:27:48	8.52	6499	2181	2215
115	18:27:56	9.02	6499	2180	2215
116	18:28:05	6.58	6499	2180	2215
117	18:28:12	12.83	6499	2180	2215
118	18:28:25	18.19	6499	2180	2214
119	18:28:43	60.54	6499	2179	2213
120	18:29:43	60.11	6499	2177	2211
121	18:30:43	60.10	6499	2175	2209
122	18:31:43	60.16	6499	2173	2208
123	18:32:44	60.34	6499	2172	2206
124	18:33:44	60.10	6499	2170	2204
125	18:34:44	60.12	6499	2168	2202
126	18:35:44	60.17	6499	2166	2200
127	18:36:44	60.12	6499	2165	2199
128	18:37:45	60.11	6499	2163	2197
129	18:38:45	60.12	6499	2161	2195
130	18:39:45	36.47	6499	2160	2194
131	18:40:21	60.27	6499	2158	2193
132	18:41:21	39.59	6499	2157	2191
133	18:42:01	60.09	6499	2155	2190
134	18:43:01	60.11	6499	2153	2188
135	18:44:01	60.15	6499	2152	2186
136	18:45:01	60.11	6499	2150	2185
137	18:46:02	20.55	6499	2149	2184
138	18:46:22	22.02	6499	2148	2183
139	18:46:44	60.43	6499	2147	2182
140	18:47:45	60.13	6499	2145	2180
141	18:48:45	60.14	6499	2143	2179
142	18:49:45	60.17	6499	2142	2177
143	18:50:45	60.16	6499	2140	2175
144	18:51:45	60.15	6499	2138	2174
145	18:52:45	60.12	6499	2136	2172
146	18:53:45	60.11	6499	2135	2170
147	18:54:46	60.11	6499	2133	2169
148	18:55:46	60.11	6499	2131	2167
149	18:56:46	60.12	6499	2129	2166
150	18:57:46	60.12	6499	2127	2164
151	18:58:46	60.11	6499	2126	2162
152	18:59:46	60.16	6499	2124	2161
153	19:00:46	31.10	6499	2123	2159
154	19:01:17	60.11	6499	2121	2158
155	19:02:17	60.12	6499	2120	2157
156	19:03:18	60.11	6499	2118	2155
157	19:04:18	60.10	6499	2116	2154
158	19:05:18	60.11	6499	2114	2152
159	19:06:18	14.79	6499	2113	2151
160	19:06:33	60.12	6499	2112	2150
161	19:07:33	34.56	6499	2111	2149
162	19:08:07	38.18	6499	2110	2148
163	19:08:46	60.57	6499	2108	2147
164	19:09:46	60.12	6499	2107	2145
165	19:10:46	60.12	6499	2105	2143
166	19:11:46	60.14	6499	2103	2142
167	19:12:46	60.11	6499	2101	2140
168	19:13:47	60.11	6499	2100	2139
169	19:14:47	60.11	6499	2098	2137
170	19:15:47	60.11	6499	2096	2136
171	19:16:47	60.16	6499	2095	2134
172	19:17:47	60.16	6499	2093	2133
173	19:18:47	60.12	6499	2091	2131
174	19:19:47	60.11	6499	2090	2130
175	19:20:47	60.11	6499	2088	2128
176	19:21:48	60.12	6499	2086	2127
177	19:22:48	60.12	6499	2084	2125
178	19:23:48	60.10	6499	2083	2124
179	19:24:48	60.15	6499	2081	2122
180	19:25:48	49.49	6499	2080	2121
181	19:26:38	60.27	6499	2078	2119
182	19:27:38	60.15	6499	2076	2118
183	19:28:38	60.12	6499	2075	2116
184	19:29:38	60.11	6499	2073	2115
185	19:30:38	60.16	6499	2071	2113
186	19:31:38	60.14	6499	2070	2112
187	19:32:39	60.12	6499	2068	2110
188	19:33:39	60.11	6499	2066	2109
189	19:34:39	60.36	6499	2064	2108
190	19:35:39	60.15	6499	2063	2106
191	19:36:39	60.11	6499	2061	2105
192	19:37:39	60.10	6499	2060	2103
193	19:38:39	60.16	6499	2058	2102
194	19:39:40	60.11	6499	2056	2100
195	19:40:40	60.13	6499	2055	2099
196	19:41:40	60.12	6499	2053	2097
197	19:42:40	60.15	6499	2051	2096
198	19:43:40	18.37	6499	2050	2095
199	19:43:59	18.22	6499	2050	2094
200	19:44:17	19.16	6499	2049	2094
201	19:44:36	16.78	6499	2049	2094
202	19:44:53	16.68	6499	2048	2093
203	19:45:09	10.31	6499	2048	2093
204	19:45:20	13.93	6499	2048	2093
205	19:45:34	14.31	6499	2047	2092
206	19:45:48	10.12	6499	2047	2092
207	19:45:58	10.27	6499	2047	2092
208	19:46:08	11.59	6499	2046	2091
209	19:46:20	15.67	6499	2046	2091
210	19:46:36	60.21	6499	2045	2090
211	19:47:36	60.12	6499	2043	2089
212	19:48:36	60.12	6499	2042	2087
213	19:49:36	60.12	6499	2040	2086
214	19:50:36	37.14	6499	2039	2085
215	19:51:13	10.20	6499	2038	2084
216	19:51:23	20.21	6499	2037	2084
217	19:51:44	16.08	6499	2037	2083
218	19:52:00	10.32	6499	2037	2083
219	19:52:10	10.27	6499	2036	2083
220	19:52:20	12.04	6499	2036	2083
221	19:52:32	26.73	6499	2036	2082
222	19:52:59	60.20	6499	2034	2081
223	19:53:59	60.12	6499	2033	2080
224	19:54:59	60.11	6499	2031	2078
225	19:56:00	60.10	6499	2030	2077
226	19:57:00	15.84	6499	2029	2076
227	19:57:15	14.69	6499	2028	2075
228	19:57:30	12.67	6499	2028	2075
229	19:57:43	32.81	6499	2027	2075
230	19:58:16	60.11	6499	2026	2073
231	19:59:16	10.27	6499	2025	2073
232	19:59:26	21.88	6499	2024	2072
233	19:59:48	60.36	6499	2023	2071
234	20:00:48	60.11	6499	2022	2070
235	20:01:48	60.11	6499	2020	2069
236	20:02:48	60.15	6499	2019	2067
237	20:03:49	60.14	6499	2017	2066
238	20:04:49	60.12	6499	2015	2064
239	20:05:49	60.17	6499	2014	2063
240	20:06:49	60.12	6499	2012	2061
241	20:07:49	60.16	6499	2010	2060
242	20:08:49	60.11	6499	2009	2059
243	20:09:49	60.12	6499	2007	2057
244	20:10:50	60.09	6499	2006	2056
245	20:11:50	60.14	6499	2004	2055
246	20:12:50	60.14	6499	2002	2053
247	20:13:50	60.16	6499	2001	2052
248	20:14:50	60.11	6499	1999	2050
249	20:15:50	60.15	6499	1998	2049
250	20:16:50	60.11	6499	1996	2048
251	20:17:50	60.11	6499	1995	2046
252	20:18:51	60.12	6499	1993	2045
253	20:19:51	60.12	6499	1991	2043
254	20:20:51	42.46	6499	1990	2042
255	20:21:33	60.28	6499	1989	2041
256	20:22:34	60.09	6499	1987	2040
257	20:23:34	60.16	6499	1986	2038
258	20:24:34	60.12	6499	1984	2037
259	20:25:34	60.11	6499	1982	2036
260	20:26:34	60.12	6499	1981	2034
261	20:27:34	60.14	6499	1979	2033
262	20:28:34	60.15	6499	1978	2032
263	20:29:34	23.27	6499	1977	2031
264	20:29:58	21.47	6499	1976	2030
265	20:30:19	60.50	6499	1975	2029
266	20:31:20	60.11	6499	1974	2028
267	20:32:20	60.16	6499	1972	2027
268	20:33:20	60.14	6499	1970	2025
269	20:34:20	10.28	6499	1970	2024
270	20:34:30	11.89	6499	1969	2024
271	20:34:42	60.23	6499	1968	2023
272	20:35:43	60.12	6499	1967	2022
273	20:36:43	60.12	6499	1965	2021
274	20:37:43	60.12	6499	1964	2019
275	20:38:43	60.12	6499	1962	2018
276	20:39:43	60.16	6499	1961	2016
277	20:40:43	60.18	6499	1959	2015
278	20:41:43	60.38	6499	1958	2014
279	20:42:44	60.13	6499	1956	2012
280	20:43:44	60.36	6499	1955	2011
281	20:44:44	60.12	6499	1953	2010
282	20:45:44	60.11	6499	1952	2008
283	20:46:44	60.14	6499	1950	2007
284	20:47:45	60.12	6499	1949	2006
285	20:48:45	60.11	6499	1947	2004
286	20:49:45	60.11	6499	1946	2003
287	20:50:45	60.16	6499	1944	2001
288	20:51:45	60.12	6499	1943	2000
289	20:52:45	60.13	6499	1941	1999
290	20:53:45	60.13	6499	1939	1997
291	20:54:45	60.38	6499	1938	1996
292	20:55:46	60.13	6499	1936	1995
293	20:56:46	60.11	6499	1935	1993
294	20:57:46	60.36	6499	1933	1992
295	20:58:46	60.14	6499	1932	1991
296	20:59:47	60.13	6499	1930	1989
297	21:00:47	60.15	6499	1929	1988
298	21:01:47	60.16	6499	1928	1987
299	21:02:47	60.16	6499	1926	1986
300	21:03:47	16.84	6499	1925	1985
301	21:04:04	60.34	6499	1924	1984
302	21:05:04	60.13	6499	1923	1983
303	21:06:04	60.12	6499	1921	1981
304	21:07:05	15.81	6499	1920	1980
305	21:07:20	60.38	6499	1919	1979
306	21:08:21	60.17	6499	1918	1978
307	21:09:21	60.14	6499	1916	1977
308	21:10:21	60.15	6499	1915	1976
309	21:11:21	10.31	6499	1914	1975
310	21:11:32	60.15	6499	1913	1974
311	21:12:32	60.14	6499	1911	1973
312	21:13:32	60.17	6499	1910	1972
313	21:14:32	60.15	6499	1908	1970
314	21:15:32	60.11	6499	1907	1969
315	21:16:32	25.76	6499	1884	1945
316	21:16:58	60.43	6499	0	0
317	21:17:58	60.12	6499	0	0
318	21:18:59	60.15	6499	0	0
319	21:19:59	60.11	6499	0	0
320	21:20:59	44.39	6501	0	0
Created by AtlRunQuery on: 2018-12-01 11:43:58.393756
