LHC beam energy and intensities during run 357451:
(Begin/end of run: Sat Aug 04 2018 00:50:39 − 15:53:35)

LB	   Start time
(CEST)	   Duration
(sec)	   Beam energy
(GeV)	   Intensity Beam-1
(1e11 protons)	   Intensity Beam-2
(1e11 protons)
1	00:50:39	60.13	449	640.9	579
2	00:51:39	18.78	449	656.7	656.4
3	00:51:58	30.44	450	779.1	656.1
4	00:52:28	60.20	450	831.6	774.9
5	00:53:28	27.18	449	953.3	808.8
6	00:53:55	60.25	450	1012	953
7	00:54:56	60.12	449	1123	1069
8	00:55:56	60.14	449	1246	1181
9	00:56:56	60.12	449	1336	1278
10	00:57:56	60.11	450	1444	1355
11	00:58:56	60.14	450	1555	1493
12	00:59:56	60.11	450	1666	1616
13	01:00:56	60.17	449	1780	1728
14	01:01:57	60.11	450	1923	1838
15	01:02:57	60.17	449	1998	1944
16	01:03:57	60.12	449	2021	2029
17	01:04:57	60.13	450	2057	2158
18	01:05:57	60.13	450	2167	2268
19	01:06:57	60.12	449	2310	2379
20	01:07:57	60.12	450	2424	2490
21	01:08:58	60.12	449	2533	2611
22	01:09:58	60.12	450	2598	2610
23	01:10:58	60.41	449	2596	2608
24	01:11:58	60.15	449	2594	2606
25	01:12:58	40.93	449	2592	2602
26	01:13:39	60.56	450	2590	2599
27	01:14:40	24.96	450	2589	2596
28	01:15:05	60.22	455	2576	2582
29	01:16:05	60.12	518	2576	2580
30	01:17:05	60.13	653	2575	2578
31	01:18:05	28.13	853	2575	2577
32	01:18:33	60.02	966	2575	2576
33	01:19:33	60.10	1263	2574	2576
34	01:20:33	60.12	1610	2574	2576
35	01:21:34	60.12	1963	2574	2576
36	01:22:34	60.14	2310	2574	2576
37	01:23:34	60.12	2658	2574	2576
38	01:24:34	60.12	3005	2574	2575
39	01:25:34	60.12	3353	2574	2575
40	01:26:34	60.11	3700	2574	2575
41	01:27:34	60.14	4048	2573	2575
42	01:28:34	60.11	4395	2573	2574
43	01:29:35	60.12	4748	2573	2574
44	01:30:35	60.39	5096	2572	2574
45	01:31:35	60.12	5443	2572	2574
46	01:32:35	60.11	5790	2571	2573
47	01:33:35	60.12	6138	2569	2572
48	01:34:35	36.56	6475	2566	2571
49	01:35:12	10.03	6499	2565	2571
50	01:35:22	60.41	6499	2565	2571
51	01:36:22	60.12	6499	2565	2570
52	01:37:23	60.11	6499	2565	2570
53	01:38:23	60.17	6499	2565	2570
54	01:39:23	60.12	6499	2565	2570
55	01:40:23	60.11	6499	2565	2570
56	01:41:23	60.16	6499	2564	2569
57	01:42:23	60.12	6499	2564	2569
58	01:43:23	60.11	6499	2563	2569
59	01:44:23	60.12	6499	2563	2569
60	01:45:24	60.11	6499	2562	2569
61	01:46:24	60.12	6499	2561	2569
62	01:47:24	60.13	6499	2560	2569
63	01:48:24	60.12	6499	2559	2568
64	01:49:24	57.56	6499	2558	2568
65	01:50:22	60.67	6499	2557	2567
66	01:51:22	60.11	6499	2556	2567
67	01:52:22	60.12	6499	2554	2566
68	01:53:23	60.35	6499	2552	2565
69	01:54:23	60.11	6499	2549	2560
70	01:55:23	60.11	6499	2546	2555
71	01:56:23	60.15	6499	2543	2552
72	01:57:23	60.11	6499	2540	2548
73	01:58:23	10.27	6499	2539	2546
74	01:58:34	60.48	6499	2537	2544
75	01:59:34	16.47	6499	2535	2542
76	01:59:51	18.91	6499	2534	2541
77	02:00:09	60.08	6499	2532	2538
78	02:01:10	60.11	6499	2528	2535
79	02:02:10	60.11	6499	2525	2531
80	02:03:10	60.12	6499	2522	2528
81	02:04:10	60.16	6499	2518	2525
82	02:05:10	60.12	6499	2515	2522
83	02:06:10	60.11	6499	2511	2519
84	02:07:10	60.37	6499	2508	2516
85	02:08:11	60.17	6499	2505	2513
86	02:09:11	60.13	6499	2502	2510
87	02:10:11	60.15	6499	2499	2507
88	02:11:11	22.62	6499	2497	2505
89	02:11:34	13.96	6499	2496	2505
90	02:11:48	60.22	6499	2494	2503
91	02:12:48	49.19	6499	2491	2500
92	02:13:37	60.29	6499	2488	2498
93	02:14:37	60.15	6499	2485	2495
94	02:15:38	60.16	6499	2482	2492
95	02:16:38	60.39	6499	2479	2489
96	02:17:38	60.17	6499	2476	2487
97	02:18:38	60.10	6499	2473	2484
98	02:19:38	60.12	6499	2470	2481
99	02:20:38	60.13	6499	2467	2479
100	02:21:39	60.11	6499	2465	2476
101	02:22:39	60.15	6499	2462	2474
102	02:23:39	60.14	6499	2459	2471
103	02:24:39	60.20	6499	2457	2469
104	02:25:39	60.14	6499	2454	2467
105	02:26:39	60.14	6499	2451	2464
106	02:27:39	10.28	6499	2450	2463
107	02:27:50	60.41	6499	2448	2461
108	02:28:50	60.11	6499	2446	2459
109	02:29:50	60.17	6499	2444	2456
110	02:30:50	60.18	6499	2441	2454
111	02:31:51	60.12	6499	2439	2451
112	02:32:51	60.15	6499	2436	2449
113	02:33:51	60.16	6499	2434	2447
114	02:34:51	60.17	6499	2432	2444
115	02:35:51	60.11	6499	2429	2442
116	02:36:51	60.37	6499	2427	2440
117	02:37:52	60.14	6499	2425	2437
118	02:38:52	60.14	6499	2422	2435
119	02:39:52	60.10	6499	2420	2433
120	02:40:52	60.15	6499	2418	2431
121	02:41:52	60.17	6499	2416	2429
122	02:42:52	60.16	6499	2413	2427
123	02:43:53	60.12	6499	2411	2425
124	02:44:53	60.18	6499	2409	2422
125	02:45:53	19.44	6499	2408	2421
126	02:46:12	60.51	6499	2406	2419
127	02:47:13	60.11	6499	2404	2417
128	02:48:13	60.13	6499	2402	2415
129	02:49:13	60.11	6499	2399	2413
130	02:50:13	60.13	6499	2397	2411
131	02:51:13	60.17	6499	2395	2409
132	02:52:13	59.81	6499	2393	2407
133	02:53:13	10.10	6499	2392	2406
134	02:53:23	60.12	6499	2390	2405
135	02:54:23	60.11	6499	2388	2403
136	02:55:24	60.20	6499	2386	2401
137	02:56:24	60.11	6499	2384	2399
138	02:57:24	60.11	6499	2382	2397
139	02:58:24	60.16	6499	2380	2395
140	02:59:24	60.12	6499	2378	2393
141	03:00:24	47.92	6499	2376	2391
142	03:01:12	60.59	6499	2374	2389
143	03:02:13	60.10	6499	2372	2387
144	03:03:13	60.16	6499	2370	2385
145	03:04:13	60.17	6499	2368	2384
146	03:05:13	60.16	6499	2366	2382
147	03:06:13	60.21	6499	2364	2380
148	03:07:14	60.17	6499	2362	2378
149	03:08:14	60.16	6499	2360	2376
150	03:09:14	60.17	6499	2358	2374
151	03:10:14	60.15	6499	2356	2373
152	03:11:14	60.17	6499	2354	2371
153	03:12:14	60.12	6499	2352	2369
154	03:13:15	60.15	6499	2350	2367
155	03:14:15	60.11	6499	2348	2365
156	03:15:15	60.11	6499	2346	2363
157	03:16:15	23.48	6499	2345	2362
158	03:16:38	60.48	6499	2343	2361
159	03:17:39	60.12	6499	2341	2359
160	03:18:39	60.17	6499	2339	2357
161	03:19:39	60.18	6499	2337	2355
162	03:20:39	60.13	6499	2335	2353
163	03:21:39	60.15	6499	2333	2351
164	03:22:40	30.25	6499	2332	2350
165	03:23:10	60.22	6499	2330	2349
166	03:24:10	60.36	6499	2328	2347
167	03:25:10	17.18	6499	2327	2346
168	03:25:28	60.25	6499	2326	2345
169	03:26:28	60.16	6499	2324	2343
170	03:27:28	60.16	6499	2322	2341
171	03:28:28	10.30	6499	2321	2340
172	03:28:38	45.79	6499	2320	2339
173	03:29:24	60.19	6499	2319	2338
174	03:30:24	60.16	6499	2317	2336
175	03:31:25	60.17	6499	2315	2334
176	03:32:25	60.13	6499	2313	2332
177	03:33:25	60.15	6499	2311	2331
178	03:34:25	60.16	6499	2309	2329
179	03:35:25	60.17	6499	2307	2327
180	03:36:25	60.11	6499	2305	2325
181	03:37:26	60.14	6499	2303	2324
182	03:38:26	60.12	6499	2301	2322
183	03:39:26	10.05	6499	2300	2321
184	03:39:36	60.44	6499	2299	2320
185	03:40:36	60.12	6499	2297	2318
186	03:41:36	60.13	6499	2295	2316
187	03:42:36	60.15	6499	2293	2315
188	03:43:37	60.14	6499	2292	2313
189	03:44:37	60.11	6499	2290	2311
190	03:45:37	60.15	6499	2288	2310
191	03:46:37	60.19	6499	2286	2308
192	03:47:37	60.18	6499	2284	2306
193	03:48:37	60.16	6499	2282	2305
194	03:49:38	60.13	6499	2280	2303
195	03:50:38	48.91	6499	2279	2301
196	03:51:27	60.14	6499	2277	2300
197	03:52:27	60.12	6499	2275	2298
198	03:53:27	60.11	6499	2273	2296
199	03:54:27	60.11	6499	2271	2295
200	03:55:27	58.64	6499	2270	2293
201	03:56:26	60.59	6499	2268	2292
202	03:57:26	60.14	6499	2266	2290
203	03:58:26	60.15	6499	2264	2288
204	03:59:27	60.10	6499	2262	2286
205	04:00:27	60.12	6499	2260	2285
206	04:01:27	60.11	6499	2259	2283
207	04:02:27	60.19	6499	2257	2282
208	04:03:27	60.11	6499	2255	2280
209	04:04:27	60.15	6499	2253	2278
210	04:05:27	44.89	6499	2252	2277
211	04:06:12	60.30	6499	2250	2276
212	04:07:13	60.39	6499	2248	2274
213	04:08:13	60.14	6499	2246	2272
214	04:09:13	60.16	6499	2244	2271
215	04:10:13	60.17	6499	2243	2269
216	04:11:13	60.16	6499	2241	2267
217	04:12:14	60.13	6499	2239	2266
218	04:13:14	60.16	6499	2237	2264
219	04:14:14	21.88	6499	2236	2263
220	04:14:36	60.60	6499	2235	2262
221	04:15:36	60.13	6499	2233	2260
222	04:16:36	60.16	6499	2231	2259
223	04:17:37	60.14	6499	2229	2257
224	04:18:37	60.12	6499	2228	2256
225	04:19:37	60.16	6499	2226	2254
226	04:20:37	60.12	6499	2224	2252
227	04:21:37	60.12	6499	2222	2251
228	04:22:37	60.35	6499	2220	2249
229	04:23:38	60.15	6499	2219	2248
230	04:24:38	60.16	6499	2217	2246
231	04:25:38	60.11	6499	2215	2244
232	04:26:38	60.14	6499	2213	2243
233	04:27:38	60.15	6499	2211	2241
234	04:28:38	60.14	6499	2210	2240
235	04:29:39	60.12	6499	2208	2238
236	04:30:39	60.12	6499	2206	2237
237	04:31:39	60.14	6499	2204	2235
238	04:32:39	60.16	6499	2203	2233
239	04:33:39	60.10	6499	2201	2232
240	04:34:39	60.11	6499	2199	2230
241	04:35:39	60.12	6499	2197	2229
242	04:36:39	60.12	6499	2196	2227
243	04:37:39	60.14	6499	2194	2225
244	04:38:40	10.29	6499	2193	2225
245	04:38:50	60.45	6499	2192	2224
246	04:39:50	60.15	6499	2190	2222
247	04:40:51	60.11	6499	2189	2220
248	04:41:51	60.14	6499	2187	2219
249	04:42:51	60.15	6499	2185	2217
250	04:43:51	60.17	6499	2183	2216
251	04:44:51	60.16	6499	2181	2214
252	04:45:51	60.13	6499	2180	2213
253	04:46:51	60.16	6499	2178	2211
254	04:47:52	60.11	6499	2176	2209
255	04:48:52	60.12	6499	2174	2208
256	04:49:52	60.12	6499	2173	2206
257	04:50:52	60.17	6499	2171	2205
258	04:51:52	60.11	6499	2169	2203
259	04:52:52	60.17	6499	2167	2202
260	04:53:52	60.17	6499	2166	2200
261	04:54:53	60.17	6499	2164	2198
262	04:55:53	60.10	6499	2162	2197
263	04:56:53	60.14	6499	2161	2196
264	04:57:53	60.13	6499	2159	2194
265	04:58:53	60.12	6499	2157	2192
266	04:59:53	60.16	6499	2155	2191
267	05:00:53	60.12	6499	2154	2189
268	05:01:53	48.24	6499	2152	2188
269	05:02:42	60.21	6499	2150	2186
270	05:03:42	60.12	6499	2149	2185
271	05:04:42	13.17	6499	2148	2184
272	05:04:55	60.52	6499	2147	2183
273	05:05:56	60.16	6499	2145	2182
274	05:06:56	60.14	6499	2143	2180
275	05:07:56	60.15	6499	2141	2179
276	05:08:56	60.13	6499	2140	2177
277	05:09:56	60.15	6499	2138	2175
278	05:10:56	60.12	6499	2136	2174
279	05:11:57	60.16	6499	2135	2172
280	05:12:57	60.16	6499	2133	2171
281	05:13:57	60.13	6499	2131	2169
282	05:14:57	60.16	6499	2130	2168
283	05:15:57	27.52	6499	2129	2167
284	05:16:25	60.19	6499	2127	2166
285	05:17:25	60.11	6499	2126	2164
286	05:18:25	60.13	6499	2124	2163
287	05:19:25	60.11	6499	2122	2161
288	05:20:25	60.12	6499	2120	2160
289	05:21:25	60.13	6499	2119	2158
290	05:22:25	60.19	6499	2117	2157
291	05:23:26	60.19	6499	2115	2155
292	05:24:26	60.11	6499	2114	2154
293	05:25:26	60.15	6499	2112	2152
294	05:26:26	60.15	6499	2110	2151
295	05:27:26	10.33	6499	2109	2150
296	05:27:37	60.44	6499	2108	2149
297	05:28:37	60.12	6499	2107	2147
298	05:29:37	60.11	6499	2105	2146
299	05:30:37	60.14	6499	2103	2144
300	05:31:37	60.11	6499	2102	2143
301	05:32:38	60.15	6499	2100	2141
302	05:33:38	60.17	6499	2098	2140
303	05:34:38	60.17	6499	2097	2138
304	05:35:38	60.15	6499	2095	2137
305	05:36:38	60.12	6499	2093	2135
306	05:37:38	60.11	6499	2092	2134
307	05:38:38	60.13	6499	2090	2132
308	05:39:39	60.15	6499	2088	2131
309	05:40:39	16.12	6499	2087	2130
310	05:40:55	60.06	6499	2086	2129
311	05:41:55	60.15	6499	2085	2128
312	05:42:55	60.08	6499	2083	2126
313	05:43:55	60.12	6499	2081	2125
314	05:44:55	60.13	6499	2080	2123
315	05:45:55	60.12	6499	2078	2122
316	05:46:55	60.13	6499	2076	2120
317	05:47:56	60.11	6499	2075	2119
318	05:48:56	60.16	6499	2073	2118
319	05:49:56	60.12	6499	2071	2116
320	05:50:56	60.16	6499	2070	2115
321	05:51:56	60.12	6499	2068	2113
322	05:52:56	11.42	6499	2067	2112
323	05:53:08	60.54	6499	2066	2111
324	05:54:08	60.12	6499	2065	2110
325	05:55:08	60.12	6499	2063	2108
326	05:56:08	60.12	6499	2061	2107
327	05:57:09	60.39	6499	2060	2105
328	05:58:09	60.17	6499	2058	2104
329	05:59:09	60.13	6499	2056	2103
330	06:00:09	60.13	6499	2055	2101
331	06:01:09	60.13	6499	2053	2100
332	06:02:09	60.14	6499	2051	2098
333	06:03:10	60.16	6499	2050	2097
334	06:04:10	60.13	6499	2048	2095
335	06:05:10	60.11	6499	2047	2094
336	06:06:10	60.13	6499	2045	2092
337	06:07:10	60.20	6499	2043	2091
338	06:08:10	60.16	6499	2042	2090
339	06:09:11	60.16	6499	2040	2088
340	06:10:11	60.15	6499	2038	2087
341	06:11:11	60.14	6499	2037	2085
342	06:12:11	60.11	6499	2035	2084
343	06:13:11	60.37	6499	2034	2082
344	06:14:11	60.13	6499	2032	2081
345	06:15:12	60.15	6499	2030	2079
346	06:16:12	60.14	6499	2029	2078
347	06:17:12	60.12	6499	2027	2076
348	06:18:12	60.15	6499	2026	2075
349	06:19:12	60.12	6499	2024	2074
350	06:20:12	35.76	6499	2023	2072
351	06:20:48	60.46	6499	2021	2071
352	06:21:48	60.16	6499	2020	2070
353	06:22:49	60.12	6499	2018	2068
354	06:23:49	60.11	6499	2017	2067
355	06:24:49	60.36	6499	2015	2065
356	06:25:49	60.14	6499	2014	2064
357	06:26:49	60.11	6499	2012	2062
358	06:27:49	60.11	6499	2011	2061
359	06:28:50	60.17	6499	2009	2060
360	06:29:50	60.14	6499	2007	2058
361	06:30:50	60.13	6499	2006	2057
362	06:31:50	60.16	6499	2004	2055
363	06:32:50	60.15	6499	2003	2054
364	06:33:50	60.12	6499	2001	2053
365	06:34:50	60.16	6499	2000	2051
366	06:35:51	60.15	6499	1998	2050
367	06:36:51	60.16	6499	1996	2048
368	06:37:51	60.16	6499	1995	2047
369	06:38:51	60.14	6499	1993	2045
370	06:39:51	60.16	6499	1992	2044
371	06:40:51	60.17	6499	1990	2042
372	06:41:52	60.12	6499	1989	2041
373	06:42:52	60.14	6499	1987	2040
374	06:43:52	60.18	6499	1986	2038
375	06:44:52	60.14	6499	1984	2037
376	06:45:52	60.16	6499	1983	2035
377	06:46:52	60.15	6499	1981	2034
378	06:47:52	60.11	6499	1980	2032
379	06:48:53	22.35	6499	1978	2031
380	06:49:15	60.37	6499	1977	2030
381	06:50:15	60.16	6499	1976	2029
382	06:51:15	60.15	6499	1974	2028
383	06:52:16	60.14	6499	1973	2026
384	06:53:16	60.15	6499	1971	2025
385	06:54:16	60.15	6499	1970	2023
386	06:55:16	60.12	6499	1968	2022
387	06:56:16	60.18	6499	1967	2021
388	06:57:16	60.11	6499	1965	2019
389	06:58:16	60.15	6499	1964	2018
390	06:59:17	60.16	6499	1962	2016
391	07:00:17	60.14	6499	1961	2015
392	07:01:17	60.17	6499	1959	2014
393	07:02:17	60.11	6499	1958	2012
394	07:03:17	60.11	6499	1956	2011
395	07:04:17	60.18	6499	1955	2009
396	07:05:17	60.12	6499	1953	2008
397	07:06:18	60.12	6499	1952	2006
398	07:07:18	60.16	6499	1950	2005
399	07:08:18	60.12	6499	1949	2004
400	07:09:18	60.12	6499	1947	2002
401	07:10:18	60.16	6499	1946	2001
402	07:11:18	60.12	6499	1944	2000
403	07:12:18	60.11	6499	1943	1998
404	07:13:18	60.15	6499	1941	1997
405	07:14:19	60.17	6499	1940	1995
406	07:15:19	60.15	6499	1938	1994
407	07:16:19	60.17	6499	1937	1993
408	07:17:19	60.12	6499	1935	1991
409	07:18:19	60.11	6499	1934	1990
410	07:19:19	60.15	6499	1932	1988
411	07:20:19	60.16	6499	1931	1987
412	07:21:20	60.16	6499	1929	1986
413	07:22:20	34.96	6499	1928	1985
414	07:22:55	60.48	6499	1927	1984
415	07:23:55	60.11	6499	1926	1982
416	07:24:55	60.17	6499	1924	1981
417	07:25:56	60.14	6499	1923	1979
418	07:26:56	60.15	6499	1921	1978
419	07:27:56	60.14	6499	1920	1977
420	07:28:56	60.16	6499	1918	1975
421	07:29:56	60.14	6499	1917	1974
422	07:30:56	60.10	6499	1915	1972
423	07:31:56	60.14	6499	1914	1971
424	07:32:57	60.12	6499	1913	1970
425	07:33:57	60.11	6499	1911	1968
426	07:34:57	60.13	6499	1910	1967
427	07:35:57	10.30	6499	1909	1966
428	07:36:07	60.14	6499	1908	1965
429	07:37:07	60.17	6499	1906	1964
430	07:38:07	60.14	6499	1905	1963
431	07:39:08	60.12	6499	1904	1961
432	07:40:08	60.15	6499	1902	1960
433	07:41:08	60.19	6499	1901	1958
434	07:42:08	60.13	6499	1899	1957
435	07:43:08	60.14	6499	1898	1956
436	07:44:08	60.15	6499	1896	1954
437	07:45:08	60.14	6499	1895	1953
438	07:46:09	60.14	6499	1893	1951
439	07:47:09	60.12	6499	1892	1950
440	07:48:09	60.16	6499	1890	1949
441	07:49:09	60.14	6499	1889	1947
442	07:50:09	60.14	6499	1887	1946
443	07:51:09	60.14	6499	1886	1945
444	07:52:09	60.12	6499	1885	1943
445	07:53:10	10.32	6499	1884	1942
446	07:53:20	60.46	6499	1883	1942
447	07:54:20	60.17	6499	1882	1940
448	07:55:21	60.11	6499	1880	1939
449	07:56:21	60.14	6499	1879	1938
450	07:57:21	60.11	6499	1877	1936
451	07:58:21	60.16	6499	1876	1935
452	07:59:21	60.16	6499	1875	1933
453	08:00:21	60.13	6499	1873	1932
454	08:01:21	60.15	6499	1872	1931
455	08:02:22	60.16	6499	1870	1929
456	08:03:22	60.12	6499	1869	1928
457	08:04:22	60.14	6499	1867	1927
458	08:05:22	60.16	6499	1866	1925
459	08:06:22	60.14	6499	1865	1924
460	08:07:22	60.12	6499	1863	1922
461	08:08:22	60.15	6499	1862	1921
462	08:09:22	60.13	6499	1860	1920
463	08:10:23	60.12	6499	1859	1918
464	08:11:23	60.12	6499	1858	1917
465	08:12:23	60.13	6499	1856	1916
466	08:13:23	60.14	6499	1855	1914
467	08:14:23	60.12	6499	1853	1913
468	08:15:23	60.13	6499	1852	1912
469	08:16:23	60.10	6499	1851	1910
470	08:17:23	60.11	6499	1849	1909
471	08:18:24	60.15	6499	1848	1908
472	08:19:24	60.14	6499	1847	1906
473	08:20:24	60.14	6499	1845	1905
474	08:21:24	60.12	6499	1844	1904
475	08:22:24	60.15	6499	1842	1902
476	08:23:24	60.12	6499	1841	1901
477	08:24:24	60.12	6499	1840	1900
478	08:25:25	60.14	6499	1838	1898
479	08:26:25	60.16	6499	1836	1896
480	08:27:25	60.14	6499	1834	1894
481	08:28:25	29.50	6499	1833	1893
482	08:28:54	31.07	6499	1832	1893
483	08:29:26	30.99	6499	1831	1892
484	08:29:57	31.08	6499	1830	1891
485	08:30:28	23.98	6499	1830	1890
486	08:30:52	60.36	6499	1828	1889
487	08:31:52	36.76	6499	1827	1888
488	08:32:29	60.43	6499	1826	1887
489	08:33:29	60.17	6499	1824	1885
490	08:34:29	10.28	6499	1823	1885
491	08:34:40	22.19	6499	1822	1884
492	08:35:02	31.29	6499	1822	1883
493	08:35:33	60.38	6499	1820	1882
494	08:36:33	60.14	6499	1819	1881
495	08:37:34	60.12	6499	1817	1879
496	08:38:34	60.16	6499	1815	1878
497	08:39:34	60.35	6499	1814	1876
498	08:40:34	60.13	6499	1812	1875
499	08:41:34	60.15	6499	1810	1873
500	08:42:35	60.13	6499	1809	1872
501	08:43:35	59.50	6499	1807	1870
502	08:44:34	60.50	6499	1806	1869
503	08:45:35	10.06	6499	1805	1868
504	08:45:45	60.41	6499	1804	1867
505	08:46:45	60.14	6499	1802	1865
506	08:47:45	60.11	6499	1800	1864
507	08:48:45	60.14	6499	1799	1862
508	08:49:46	60.11	6499	1797	1861
509	08:50:46	60.13	6499	1796	1859
510	08:51:46	60.11	6499	1794	1858
511	08:52:46	60.12	6499	1792	1856
512	08:53:46	60.12	6499	1791	1854
513	08:54:46	10.29	6499	1790	1854
514	08:54:56	60.11	6499	1789	1853
515	08:55:57	60.16	6499	1787	1851
516	08:56:57	60.14	6499	1786	1850
517	08:57:57	60.12	6499	1784	1848
518	08:58:57	60.14	6499	1783	1846
519	08:59:57	42.61	6499	1781	1845
520	09:00:40	60.19	6499	1780	1844
521	09:01:40	60.40	6499	1778	1842
522	09:02:40	60.14	6499	1777	1841
523	09:03:40	60.16	6499	1775	1839
524	09:04:41	60.38	6499	1774	1838
525	09:05:41	60.15	6499	1772	1836
526	09:06:41	12.22	6499	1771	1835
527	09:06:53	60.45	6499	1770	1834
528	09:07:54	60.14	6499	1769	1833
529	09:08:54	60.11	6499	1767	1831
530	09:09:54	60.13	6499	1766	1830
531	09:10:54	60.11	6499	1764	1828
532	09:11:54	60.12	6499	1763	1827
533	09:12:54	11.80	6499	1762	1826
534	09:13:06	60.47	6499	1761	1825
535	09:14:07	60.12	6499	1760	1823
536	09:15:07	60.16	6499	1758	1822
537	09:16:07	60.16	6499	1757	1820
538	09:17:07	60.11	6499	1755	1819
539	09:18:07	60.38	6499	1754	1817
540	09:19:08	60.15	6499	1752	1816
541	09:20:08	60.11	6499	1751	1814
542	09:21:08	60.17	6499	1749	1813
543	09:22:08	49.32	6499	1748	1811
544	09:22:57	60.22	6499	1746	1810
545	09:23:58	60.36	6499	1745	1809
546	09:24:58	60.15	6499	1744	1807
547	09:25:58	60.11	6499	1742	1806
548	09:26:58	60.13	6499	1741	1804
549	09:27:58	60.14	6499	1739	1803
550	09:28:58	60.14	6499	1738	1801
551	09:29:59	60.11	6499	1736	1800
552	09:30:59	60.14	6499	1735	1798
553	09:31:59	60.18	6499	1734	1797
554	09:32:59	60.12	6499	1732	1795
555	09:33:59	60.15	6499	1731	1794
556	09:34:59	60.12	6499	1729	1792
557	09:35:59	60.18	6499	1728	1791
558	09:37:00	60.14	6499	1726	1789
559	09:38:00	42.78	6499	1725	1788
560	09:38:42	60.23	6499	1724	1787
561	09:39:43	60.35	6499	1723	1785
562	09:40:43	60.15	6499	1721	1784
563	09:41:43	60.16	6499	1720	1782
564	09:42:43	60.17	6499	1718	1781
565	09:43:44	60.15	6499	1717	1779
566	09:44:44	60.15	6499	1716	1778
567	09:45:44	60.14	6499	1714	1776
568	09:46:44	52.80	6499	1713	1775
569	09:47:37	60.47	6499	1712	1774
570	09:48:37	60.11	6499	1710	1772
571	09:49:37	60.14	6499	1709	1771
572	09:50:37	60.11	6499	1708	1769
573	09:51:38	60.14	6499	1706	1768
574	09:52:38	60.14	6499	1705	1766
575	09:53:38	60.17	6499	1703	1765
576	09:54:38	60.12	6499	1702	1763
577	09:55:38	60.15	6499	1701	1762
578	09:56:38	60.11	6499	1699	1760
579	09:57:38	60.13	6499	1698	1759
580	09:58:39	60.11	6499	1697	1758
581	09:59:39	60.16	6499	1695	1756
582	10:00:39	60.16	6499	1694	1755
583	10:01:39	60.10	6499	1693	1753
584	10:02:39	60.14	6499	1691	1752
585	10:03:39	60.11	6499	1690	1750
586	10:04:39	60.14	6499	1689	1749
587	10:05:39	60.14	6499	1687	1747
588	10:06:40	60.14	6499	1686	1746
589	10:07:40	60.16	6499	1685	1745
590	10:08:40	60.11	6499	1683	1743
591	10:09:40	60.14	6499	1682	1742
592	10:10:40	60.10	6499	1681	1740
593	10:11:40	60.12	6499	1679	1739
594	10:12:40	60.17	6499	1678	1738
595	10:13:41	60.14	6499	1677	1736
596	10:14:41	60.12	6499	1676	1735
597	10:15:41	50.00	6499	1674	1733
598	10:16:31	60.54	6499	1673	1732
599	10:17:31	60.17	6499	1672	1731
600	10:18:32	60.16	6499	1671	1729
601	10:19:32	60.12	6499	1669	1728
602	10:20:32	60.13	6499	1668	1727
603	10:21:32	60.11	6499	1667	1725
604	10:22:32	60.11	6499	1665	1724
605	10:23:32	60.13	6499	1664	1722
606	10:24:32	60.15	6499	1663	1721
607	10:25:32	60.12	6499	1662	1720
608	10:26:33	60.18	6499	1660	1718
609	10:27:33	60.14	6499	1659	1717
610	10:28:33	60.17	6499	1658	1715
611	10:29:33	60.12	6499	1657	1714
612	10:30:33	60.13	6499	1655	1713
613	10:31:33	60.15	6499	1654	1711
614	10:32:33	60.12	6499	1653	1710
615	10:33:34	60.13	6499	1652	1708
616	10:34:34	60.12	6499	1650	1707
617	10:35:34	60.11	6499	1649	1706
618	10:36:34	60.14	6499	1648	1704
619	10:37:34	60.18	6499	1647	1703
620	10:38:34	60.12	6499	1645	1702
621	10:39:34	60.12	6499	1644	1700
622	10:40:35	60.16	6499	1643	1699
623	10:41:35	60.17	6499	1642	1697
624	10:42:35	60.11	6499	1641	1696
625	10:43:35	60.15	6499	1639	1695
626	10:44:35	60.12	6499	1638	1693
627	10:45:35	60.15	6499	1636	1692
628	10:46:35	60.11	6499	1635	1690
629	10:47:35	60.12	6499	1633	1689
630	10:48:36	60.17	6499	1632	1687
631	10:49:36	60.12	6499	1630	1686
632	10:50:36	60.19	6499	1629	1685
633	10:51:36	60.39	6499	1627	1683
634	10:52:36	60.16	6499	1626	1682
635	10:53:37	60.15	6499	1624	1680
636	10:54:37	60.13	6499	1623	1679
637	10:55:37	60.14	6499	1622	1678
638	10:56:37	60.12	6499	1620	1676
639	10:57:37	60.12	6499	1619	1675
640	10:58:37	60.12	6499	1617	1673
641	10:59:37	60.11	6499	1616	1672
642	11:00:38	60.14	6499	1615	1671
643	11:01:38	60.11	6499	1613	1669
644	11:02:38	60.16	6499	1612	1668
645	11:03:38	60.13	6499	1610	1667
646	11:04:38	60.14	6499	1609	1665
647	11:05:38	60.14	6499	1608	1664
648	11:06:38	60.16	6499	1606	1662
649	11:07:38	60.12	6499	1605	1661
650	11:08:39	60.11	6499	1604	1660
651	11:09:39	60.14	6499	1602	1658
652	11:10:39	60.13	6499	1601	1657
653	11:11:39	60.16	6499	1600	1656
654	11:12:39	60.13	6499	1598	1654
655	11:13:39	60.16	6499	1597	1653
656	11:14:39	60.13	6499	1595	1652
657	11:15:40	60.16	6499	1594	1650
658	11:16:40	60.17	6499	1593	1649
659	11:17:40	60.17	6499	1591	1648
660	11:18:40	60.12	6499	1590	1646
661	11:19:40	60.12	6499	1589	1645
662	11:20:40	60.14	6499	1587	1644
663	11:21:40	46.57	6499	1586	1643
664	11:22:27	60.48	6499	1585	1642
665	11:23:27	60.10	6499	1584	1640
666	11:24:28	60.10	6499	1582	1639
667	11:25:28	60.15	6499	1581	1638
668	11:26:28	60.15	6499	1580	1636
669	11:27:28	60.14	6499	1578	1635
670	11:28:28	60.15	6499	1577	1634
671	11:29:28	60.16	6499	1576	1632
672	11:30:28	60.12	6499	1575	1631
673	11:31:29	60.16	6499	1573	1630
674	11:32:29	60.12	6499	1572	1629
675	11:33:29	60.15	6499	1571	1627
676	11:34:29	60.13	6499	1569	1626
677	11:35:29	60.14	6499	1568	1625
678	11:36:29	60.11	6499	1567	1623
679	11:37:29	60.12	6499	1566	1622
680	11:38:29	60.16	6499	1564	1621
681	11:39:30	60.14	6499	1563	1620
682	11:40:30	60.14	6499	1562	1618
683	11:41:30	60.12	6499	1560	1617
684	11:42:30	60.16	6499	1559	1616
685	11:43:30	60.12	6499	1558	1615
686	11:44:30	60.11	6499	1557	1613
687	11:45:30	60.11	6499	1555	1612
688	11:46:31	60.10	6499	1554	1611
689	11:47:31	60.10	6499	1553	1610
690	11:48:31	60.13	6499	1552	1608
691	11:49:31	60.16	6499	1550	1607
692	11:50:31	60.15	6499	1549	1606
693	11:51:31	60.14	6499	1548	1605
694	11:52:31	60.14	6499	1547	1603
695	11:53:31	60.16	6499	1545	1602
696	11:54:32	60.14	6499	1544	1601
697	11:55:32	60.15	6499	1543	1600
698	11:56:32	60.11	6499	1542	1598
699	11:57:32	60.14	6499	1540	1597
700	11:58:32	60.42	6499	1539	1596
701	11:59:33	60.12	6499	1538	1595
702	12:00:33	60.12	6499	1537	1593
703	12:01:33	60.14	6499	1535	1592
704	12:02:33	60.15	6499	1534	1591
705	12:03:33	60.10	6499	1533	1589
706	12:04:33	60.13	6499	1532	1588
707	12:05:33	60.17	6499	1530	1587
708	12:06:34	60.17	6499	1529	1586
709	12:07:34	60.14	6499	1528	1585
710	12:08:34	60.13	6499	1527	1583
711	12:09:34	23.21	6499	1526	1583
712	12:09:57	60.46	6499	1525	1582
713	12:10:58	60.12	6499	1524	1581
714	12:11:58	60.12	6499	1523	1579
715	12:12:58	60.15	6499	1522	1578
716	12:13:58	60.14	6499	1520	1577
717	12:14:58	60.14	6499	1519	1576
718	12:15:58	60.19	6499	1518	1574
719	12:16:58	60.12	6499	1517	1573
720	12:17:59	60.12	6499	1516	1572
721	12:18:59	60.18	6499	1515	1571
722	12:19:59	60.13	6499	1513	1570
723	12:20:59	60.11	6499	1512	1568
724	12:21:59	60.17	6499	1511	1567
725	12:22:59	60.17	6499	1510	1566
726	12:23:59	60.13	6499	1509	1565
727	12:25:00	60.12	6499	1508	1564
728	12:26:00	60.12	6499	1506	1562
729	12:27:00	60.13	6499	1505	1561
730	12:28:00	60.15	6499	1504	1560
731	12:29:00	60.16	6499	1503	1559
732	12:30:00	60.14	6499	1502	1558
733	12:31:00	60.16	6499	1501	1557
734	12:32:01	60.14	6499	1500	1555
735	12:33:01	60.14	6499	1498	1554
736	12:34:01	60.12	6499	1497	1553
737	12:35:01	60.27	6499	1496	1552
738	12:36:01	60.13	6499	1495	1551
739	12:37:01	60.17	6499	1494	1549
740	12:38:02	60.14	6499	1493	1548
741	12:39:02	60.13	6499	1492	1547
742	12:40:02	60.15	6499	1491	1546
743	12:41:02	60.11	6499	1489	1545
744	12:42:02	60.13	6499	1488	1543
745	12:43:02	60.12	6499	1487	1542
746	12:44:02	60.17	6499	1486	1541
747	12:45:03	60.12	6499	1485	1540
748	12:46:03	60.14	6499	1484	1539
749	12:47:03	23.85	6499	1483	1538
750	12:47:27	60.13	6499	1482	1537
751	12:48:27	60.17	6499	1481	1536
752	12:49:27	35.54	6499	1480	1535
753	12:50:02	60.48	6499	1479	1534
754	12:51:03	60.17	6499	1478	1533
755	12:52:03	60.13	6499	1477	1532
756	12:53:03	60.11	6499	1476	1531
757	12:54:03	60.16	6499	1475	1530
758	12:55:04	60.13	6499	1474	1529
759	12:56:04	60.17	6499	1473	1527
760	12:57:04	60.15	6499	1472	1526
761	12:58:04	60.14	6499	1471	1525
762	12:59:04	60.12	6499	1470	1524
763	13:00:04	60.12	6499	1469	1523
764	13:01:04	60.39	6499	1468	1522
765	13:02:05	60.37	6499	1467	1521
766	13:03:05	60.11	6499	1465	1520
767	13:04:05	60.16	6499	1464	1518
768	13:05:05	60.15	6499	1463	1517
769	13:06:06	60.12	6499	1462	1516
770	13:07:06	60.14	6499	1461	1515
771	13:08:06	60.18	6499	1460	1514
772	13:09:06	60.11	6499	1459	1513
773	13:10:06	60.12	6499	1458	1512
774	13:11:06	60.13	6499	1457	1511
775	13:12:06	60.38	6499	1456	1509
776	13:13:07	60.15	6499	1455	1508
777	13:14:07	60.13	6499	1454	1507
778	13:15:07	60.13	6499	1453	1506
779	13:16:07	60.12	6499	1452	1505
780	13:17:07	60.12	6499	1451	1504
781	13:18:07	60.15	6499	1450	1503
782	13:19:08	60.11	6499	1449	1502
783	13:20:08	60.36	6499	1448	1501
784	13:21:08	60.14	6499	1447	1500
785	13:22:08	60.15	6499	1446	1499
786	13:23:08	46.57	6499	1445	1498
787	13:23:55	60.19	6499	1444	1497
788	13:24:55	60.14	6499	1443	1496
789	13:25:55	60.16	6499	1442	1495
790	13:26:55	60.10	6499	1441	1494
791	13:27:55	60.15	6499	1440	1493
792	13:28:56	60.15	6499	1439	1492
793	13:29:56	60.16	6499	1438	1490
794	13:30:56	60.16	6499	1437	1489
795	13:31:56	45.60	6499	1436	1488
796	13:32:42	19.11	6499	1435	1488
797	13:33:01	60.11	6499	1435	1487
798	13:34:01	60.10	6499	1434	1486
799	13:35:01	60.12	6499	1433	1485
800	13:36:01	60.14	6499	1432	1484
801	13:37:01	60.36	6499	1431	1483
802	13:38:02	60.13	6499	1430	1482
803	13:39:02	60.12	6499	1429	1481
804	13:40:02	60.15	6499	1428	1480
805	13:41:02	60.15	6499	1427	1479
806	13:42:02	60.17	6499	1426	1478
807	13:43:02	60.17	6499	1425	1477
808	13:44:02	60.34	6499	1424	1476
809	13:45:03	60.11	6499	1423	1475
810	13:46:03	60.11	6499	1422	1474
811	13:47:03	60.12	6499	1421	1473
812	13:48:03	60.14	6499	1420	1472
813	13:49:03	60.40	6499	1419	1471
814	13:50:04	60.11	6499	1418	1470
815	13:51:04	60.17	6499	1417	1469
816	13:52:04	60.11	6499	1416	1468
817	13:53:04	60.14	6499	1415	1467
818	13:54:04	60.12	6499	1414	1466
819	13:55:04	60.13	6499	1413	1465
820	13:56:04	60.12	6499	1412	1464
821	13:57:05	60.11	6499	1411	1463
822	13:58:05	60.14	6499	1410	1462
823	13:59:05	60.12	6499	1409	1461
824	14:00:05	60.11	6499	1408	1460
825	14:01:05	60.37	6499	1407	1459
826	14:02:05	60.14	6499	1406	1458
827	14:03:06	60.12	6499	1406	1457
828	14:04:06	60.16	6499	1405	1456
829	14:05:06	60.10	6499	1404	1455
830	14:06:06	60.13	6499	1403	1454
831	14:07:06	60.17	6499	1402	1453
832	14:08:06	60.17	6499	1401	1452
833	14:09:06	60.11	6499	1400	1451
834	14:10:07	60.35	6499	1399	1450
835	14:11:07	60.12	6499	1398	1449
836	14:12:07	60.15	6499	1397	1448
837	14:13:07	60.12	6499	1396	1447
838	14:14:07	60.14	6499	1395	1446
839	14:15:07	60.20	6499	1395	1445
840	14:16:08	60.19	6499	1394	1444
841	14:17:08	60.12	6499	1393	1443
842	14:18:08	60.13	6499	1392	1442
843	14:19:08	60.15	6499	1391	1441
844	14:20:08	60.13	6499	1390	1440
845	14:21:08	60.11	6499	1389	1439
846	14:22:08	60.13	6499	1388	1438
847	14:23:09	60.16	6499	1387	1437
848	14:24:09	60.13	6499	1386	1436
849	14:25:09	60.14	6499	1386	1435
850	14:26:09	60.13	6499	1385	1434
851	14:27:09	60.12	6499	1384	1433
852	14:28:09	60.14	6499	1383	1432
853	14:29:09	60.12	6499	1382	1431
854	14:30:10	60.14	6499	1381	1430
855	14:31:10	60.12	6499	1380	1429
856	14:32:10	60.17	6499	1379	1428
857	14:33:10	60.15	6499	1378	1427
858	14:34:10	60.11	6499	1378	1426
859	14:35:10	60.15	6499	1377	1425
860	14:36:10	60.12	6499	1376	1424
861	14:37:10	60.13	6499	1375	1423
862	14:38:11	60.35	6499	1374	1423
863	14:39:11	60.14	6499	1373	1422
864	14:40:11	60.12	6499	1372	1421
865	14:41:11	60.11	6499	1371	1420
866	14:42:11	60.13	6499	1371	1419
867	14:43:11	60.12	6499	1370	1418
868	14:44:12	60.11	6499	1369	1417
869	14:45:12	60.12	6499	1368	1416
870	14:46:12	60.12	6499	1367	1415
871	14:47:12	60.12	6499	1366	1414
872	14:48:12	60.15	6499	1365	1413
873	14:49:12	60.10	6499	1364	1412
874	14:50:12	60.15	6499	1363	1411
875	14:51:12	60.16	6499	1363	1410
876	14:52:13	60.12	6499	1362	1409
877	14:53:13	60.14	6499	1361	1409
878	14:54:13	60.17	6499	1360	1408
879	14:55:13	60.13	6499	1359	1407
880	14:56:13	60.11	6499	1358	1406
881	14:57:13	60.10	6499	1358	1405
882	14:58:13	60.13	6499	1357	1404
883	14:59:14	60.10	6499	1356	1403
884	15:00:14	60.13	6499	1355	1402
885	15:01:14	60.13	6499	1354	1401
886	15:02:14	60.15	6499	1353	1400
887	15:03:14	60.12	6499	1353	1399
888	15:04:14	60.14	6499	1352	1399
889	15:05:14	60.11	6499	1351	1398
890	15:06:14	60.15	6499	1350	1397
891	15:07:15	60.13	6499	1349	1396
892	15:08:15	60.15	6499	1348	1395
893	15:09:15	60.11	6499	1348	1394
894	15:10:15	60.11	6499	1347	1393
895	15:11:15	60.12	6499	1346	1392
896	15:12:15	60.14	6499	1345	1392
897	15:13:15	60.14	6499	1344	1391
898	15:14:15	21.68	6499	1344	1390
899	15:14:37	60.23	6499	1343	1390
900	15:15:37	60.14	6499	1342	1389
901	15:16:38	60.15	6499	1342	1388
902	15:17:38	60.17	6499	1341	1387
903	15:18:38	60.39	6499	1340	1386
904	15:19:38	60.14	6499	1339	1385
905	15:20:38	60.13	6499	1338	1384
906	15:21:39	60.10	6499	1338	1383
907	15:22:39	60.15	6499	1337	1383
908	15:23:39	60.10	6499	1336	1382
909	15:24:39	60.15	6499	1335	1381
910	15:25:39	60.11	6499	1334	1380
911	15:26:39	60.16	6499	1334	1379
912	15:27:39	33.38	6499	1333	1379
913	15:28:13	12.76	6499	1333	1378
914	15:28:25	9.00	6499	1333	1378
915	15:28:34	8.51	6499	1332	1378
916	15:28:43	9.02	6499	1332	1378
917	15:28:52	8.81	6499	1332	1378
918	15:29:01	9.01	6499	1332	1378
919	15:29:10	8.82	6499	1332	1378
920	15:29:19	9.01	6499	1332	1377
921	15:29:28	8.81	6499	1332	1377
922	15:29:36	9.01	6499	1332	1377
923	15:29:45	8.51	6499	1332	1377
924	15:29:54	9.01	6499	1332	1377
925	15:30:03	8.81	6499	1331	1377
926	15:30:12	9.01	6499	1331	1377
927	15:30:21	8.81	6499	1331	1377
928	15:30:30	9.06	6499	1331	1377
929	15:30:39	8.82	6499	1331	1376
930	15:30:47	9.01	6499	1331	1376
931	15:30:56	24.63	6499	1331	1376
932	15:31:21	9.02	6499	1331	1376
933	15:31:30	8.50	6499	1330	1376
934	15:31:39	9.01	6499	1330	1376
935	15:31:48	8.28	6499	1330	1375
936	15:31:56	9.00	6499	1330	1375
937	15:32:05	8.52	6499	1330	1375
938	15:32:13	9.01	6499	1330	1375
939	15:32:22	8.51	6499	1330	1375
940	15:32:31	9.01	6499	1330	1375
941	15:32:40	8.52	6499	1330	1375
942	15:32:49	9.00	6499	1330	1375
943	15:32:58	8.51	6499	1329	1375
944	15:33:06	9.01	6499	1329	1375
945	15:33:15	8.22	6499	1329	1374
946	15:33:23	9.01	6499	1329	1374
947	15:33:32	8.22	6499	1329	1374
948	15:33:40	9.01	6499	1329	1374
949	15:33:49	9.31	6499	1329	1374
950	15:33:59	60.28	6499	1328	1374
951	15:34:59	60.16	6499	1328	1373
952	15:35:59	60.13	6499	1327	1372
953	15:36:59	60.25	6499	1326	1371
954	15:38:00	60.12	6499	1325	1371
955	15:39:00	60.12	6499	1325	1370
956	15:40:00	60.11	6499	1324	1369
957	15:41:00	60.17	6499	1323	1368
958	15:42:00	60.17	6499	1322	1368
959	15:43:00	60.11	6499	1322	1367
960	15:44:00	60.11	6499	1321	1366
961	15:45:01	60.10	6499	1320	1365
962	15:46:01	60.29	6499	1319	1365
963	15:47:01	60.12	6499	1319	1364
964	15:48:01	46.35	6499	1310	1356
965	15:48:47	60.44	6499	0	0
966	15:49:48	60.11	6499	0	0
967	15:50:48	60.11	6501	0	0
968	15:51:48	60.11	6501	0	0
969	15:52:48	47.09	6501	0	0
Created by AtlRunQuery on: 2018-12-01 11:53:11.937556
