LHC beam energy and intensities during run 357772:
(Begin/end of run: Tue Aug 07 2018 19:41:22 − Wed Aug 08, 01:16:14)

LB	   Start time
(CEST)	   Duration
(sec)	   Beam energy
(GeV)	   Intensity Beam-1
(1e11 protons)	   Intensity Beam-2
(1e11 protons)
1	19:41:22	60.14	450	26.66	26.9
2	19:42:23	20.12	449	26.64	26.89
3	19:42:43	33.19	450	26.64	26.88
4	19:43:16	60.19	450	26.62	26.87
5	19:44:16	60.11	449	26.6	26.85
6	19:45:16	60.12	449	26.58	26.84
7	19:46:16	60.15	449	26.56	26.82
8	19:47:16	60.12	449	26.54	26.8
9	19:48:17	60.10	450	26.52	26.78
10	19:49:17	60.12	450	26.5	26.76
11	19:50:17	60.11	450	26.48	26.74
12	19:51:17	60.37	450	26.46	26.72
13	19:52:17	60.14	450	26.44	26.71
14	19:53:17	60.12	449	26.43	26.69
15	19:54:17	60.11	449	26.41	26.67
16	19:55:18	60.12	450	26.39	26.65
17	19:56:18	60.12	450	26.38	26.63
18	19:57:18	60.12	449	26.36	26.61
19	19:58:18	60.10	450	26.34	26.59
20	19:59:18	60.12	449	26.33	26.57
21	20:00:18	60.11	450	26.31	26.55
22	20:01:18	60.12	450	26.3	26.54
23	20:02:18	60.11	449	26.28	26.52
24	20:03:19	60.12	450	26.27	26.5
25	20:04:19	60.11	450	26.25	26.48
26	20:05:19	60.11	450	26.24	26.46
27	20:06:19	60.12	449	26.22	26.45
28	20:07:19	60.12	449	26.21	26.43
29	20:08:19	60.43	450	26.2	26.41
30	20:09:20	60.11	449	26.18	26.4
31	20:10:20	60.11	450	26.17	26.38
32	20:11:20	60.11	449	26.16	26.37
33	20:12:20	60.12	450	26.15	26.36
34	20:13:20	60.12	449	26.13	26.34
35	20:14:20	60.12	450	26.12	26.33
36	20:15:20	60.12	449	26.11	26.31
37	20:16:20	60.12	450	26.1	26.3
38	20:17:20	60.12	449	26.08	26.28
39	20:18:21	60.10	449	26.07	26.27
40	20:19:21	60.11	450	26.06	26.25
41	20:20:21	60.16	449	26.05	26.24
42	20:21:21	60.11	450	26.03	26.22
43	20:22:21	60.11	449	26.02	26.21
44	20:23:21	60.15	450	26.01	26.19
45	20:24:21	60.11	450	26	26.18
46	20:25:21	60.12	450	25.99	26.14
47	20:26:22	60.10	450	97.02	31.53
48	20:27:22	60.11	449	131.2	130.8
49	20:28:22	60.11	449	259.6	161.5
50	20:29:22	60.11	450	288.8	288.9
51	20:30:22	60.12	450	289	289.8
52	20:31:22	60.11	449	299.2	366.2
53	20:32:22	60.11	450	394.3	472
54	20:33:22	60.11	449	432.7	554.4
55	20:34:22	60.13	449	551.9	620.5
56	20:35:23	60.11	449	551.3	721.3
57	20:36:23	60.12	450	551.5	817.9
58	20:37:23	60.11	449	606.9	818.2
59	20:38:23	60.11	449	701.7	913
60	20:39:23	60.36	449	813.2	1030
61	20:40:23	60.12	450	813.4	1080
62	20:41:24	60.11	450	900.5	1079
63	20:42:24	60.13	449	1011	1078
64	20:43:24	60.12	450	1076	1078
65	20:44:24	60.12	449	1075	1077
66	20:45:24	60.14	450	1075	1076
67	20:46:24	60.38	449	1074	1075
68	20:47:25	60.11	449	1073	1074
69	20:48:25	17.07	480	1072	1074
70	20:48:42	25.50	502	1059	1060
71	20:49:07	60.44	545	1058	1059
72	20:50:08	60.11	701	1058	1059
73	20:51:08	13.92	916	1058	1059
74	20:51:22	60.20	975	1058	1058
75	20:52:22	60.11	1274	1058	1058
76	20:53:22	60.12	1622	1058	1058
77	20:54:22	60.11	1969	1058	1058
78	20:55:22	60.12	2316	1058	1058
79	20:56:22	60.11	2664	1058	1058
80	20:57:22	60.12	3011	1058	1058
81	20:58:23	60.11	3364	1058	1058
82	20:59:23	60.11	3712	1058	1058
83	21:00:23	60.11	4059	1057	1058
84	21:01:23	60.12	4407	1057	1058
85	21:02:23	60.11	4754	1057	1058
86	21:03:23	60.12	5101	1057	1058
87	21:04:23	60.16	5449	1057	1058
88	21:05:23	60.12	5796	1056	1058
89	21:06:24	60.18	6149	1055	1057
90	21:07:24	29.10	6481	1054	1057
91	21:07:53	18.43	6499	1054	1057
92	21:08:11	60.44	6499	1054	1057
93	21:09:12	60.12	6499	1054	1057
94	21:10:12	60.12	6499	1054	1057
95	21:11:12	60.11	6499	1054	1057
96	21:12:12	60.14	6499	1054	1057
97	21:13:12	60.16	6499	1053	1057
98	21:14:12	60.10	6499	1053	1057
99	21:15:12	60.11	6499	1053	1057
100	21:16:13	60.11	6499	1053	1057
101	21:17:13	60.12	6499	1053	1057
102	21:18:13	60.12	6499	1052	1057
103	21:19:13	60.16	6499	1052	1057
104	21:20:13	60.12	6499	1052	1057
105	21:21:13	29.28	6499	1052	1056
106	21:21:42	60.44	6499	1051	1056
107	21:22:43	60.13	6499	1051	1056
108	21:23:43	60.12	6499	1051	1056
109	21:24:43	60.11	6499	1049	1055
110	21:25:43	20.59	6499	1048	1054
111	21:26:04	60.33	6499	1048	1053
112	21:27:04	60.12	6499	1047	1052
113	21:28:04	60.12	6499	1045	1051
114	21:29:04	43.43	6499	1044	1050
115	21:29:48	60.51	6499	1043	1049
116	21:30:48	10.27	6499	1042	1049
117	21:30:59	60.47	6499	1040	1048
118	21:31:59	60.15	6499	1038	1047
119	21:32:59	60.12	6499	1036	1045
120	21:33:59	60.13	6499	1034	1044
121	21:35:00	60.16	6499	1033	1043
122	21:36:00	60.12	6499	1031	1042
123	21:37:00	60.11	6499	1029	1041
124	21:38:00	60.12	6499	1027	1040
125	21:39:00	60.12	6499	1025	1039
126	21:40:00	60.12	6499	1023	1038
127	21:41:00	60.12	6499	1022	1036
128	21:42:00	60.12	6499	1020	1035
129	21:43:00	60.16	6499	1018	1034
130	21:44:01	60.12	6499	1017	1033
131	21:45:01	60.12	6499	1015	1032
132	21:46:01	60.12	6499	1014	1031
133	21:47:01	21.55	6499	1013	1030
134	21:47:23	60.35	6499	1012	1029
135	21:48:23	55.45	6499	1010	1028
136	21:49:18	60.52	6499	1009	1027
137	21:50:19	60.11	6499	1008	1026
138	21:51:19	60.12	6499	1007	1025
139	21:52:19	60.12	6499	1006	1024
140	21:53:19	23.40	6499	1006	1023
141	21:53:43	60.26	6499	1005	1022
142	21:54:43	60.11	6499	1004	1021
143	21:55:43	60.12	6499	1004	1020
144	21:56:43	60.12	6499	1003	1019
145	21:57:43	60.11	6499	1002	1018
146	21:58:43	60.11	6499	1001	1017
147	21:59:43	60.12	6499	1000	1016
148	22:00:44	60.11	6499	999.7	1015
149	22:01:44	60.11	6499	998.9	1014
150	22:02:44	60.12	6499	998.2	1013
151	22:03:44	60.36	6499	997.4	1012
152	22:04:44	60.13	6499	996.7	1011
153	22:05:44	60.13	6499	995.9	1011
154	22:06:45	60.11	6499	995.2	1010
155	22:07:45	60.11	6499	994.4	1009
156	22:08:45	60.12	6499	993.6	1008
157	22:09:45	60.12	6499	992.8	1007
158	22:10:45	60.11	6499	992.1	1006
159	22:11:45	60.11	6499	991.3	1005
160	22:12:45	60.11	6499	990.6	1004
161	22:13:45	60.10	6499	989.9	1004
162	22:14:45	60.13	6499	989.1	1003
163	22:15:46	60.10	6499	988.4	1002
164	22:16:46	60.11	6499	987.6	1001
165	22:17:46	60.11	6499	986.9	1000
166	22:18:46	60.15	6499	986.2	999.6
167	22:19:46	60.11	6499	985.5	998.8
168	22:20:46	60.11	6499	984.7	998
169	22:21:46	60.13	6499	984	997.3
170	22:22:46	22.34	6499	983.5	996.8
171	22:23:09	60.56	6499	983	996.2
172	22:24:09	60.11	6499	982.2	995.4
173	22:25:09	60.12	6499	981.5	994.6
174	22:26:10	60.10	6499	980.8	993.8
175	22:27:10	42.34	6499	980.2	993.2
176	22:27:52	60.34	6499	979.6	992.5
177	22:28:52	60.16	6499	978.9	991.8
178	22:29:53	60.12	6499	978.1	991.1
179	22:30:53	58.56	6499	977.4	990.3
180	22:31:51	60.44	6499	976.8	989.6
181	22:32:52	60.11	6499	976.1	988.8
182	22:33:52	60.11	6499	975.3	988.1
183	22:34:52	60.11	6499	974.6	987.4
184	22:35:52	60.12	6499	973.9	986.6
185	22:36:52	60.11	6499	973.2	985.9
186	22:37:52	60.13	6499	972.5	985.2
187	22:38:52	60.11	6499	971.8	984.5
188	22:39:52	44.14	6499	971.2	983.9
189	22:40:37	60.09	6499	970.6	983.2
190	22:41:37	60.12	6499	969.9	982.5
191	22:42:37	60.12	6499	969.2	981.8
192	22:43:37	60.11	6499	968.5	981.1
193	22:44:37	60.12	6499	967.8	980.3
194	22:45:37	60.11	6499	967.2	979.6
195	22:46:37	60.11	6499	966.4	978.9
196	22:47:37	60.11	6499	965.7	978.2
197	22:48:37	60.12	6499	965.1	977.5
198	22:49:38	60.11	6499	964.4	976.9
199	22:50:38	60.11	6499	963.7	976.1
200	22:51:38	60.11	6499	963	975.4
201	22:52:38	60.14	6499	962.4	974.8
202	22:53:38	39.74	6499	961.8	974.2
203	22:54:18	60.51	6499	961.2	973.6
204	22:55:18	60.11	6499	960.5	972.9
205	22:56:18	60.10	6499	959.8	972.2
206	22:57:19	60.11	6499	959.1	971.6
207	22:58:19	60.16	6499	958.5	970.9
208	22:59:19	60.11	6499	957.8	970.2
209	23:00:19	60.13	6499	957.1	969.5
210	23:01:19	60.11	6499	956.4	968.8
211	23:02:19	60.12	6499	955.8	968.2
212	23:03:19	60.11	6499	955.1	967.5
213	23:04:19	55.45	6499	954.4	966.9
214	23:05:15	60.06	6499	953.8	966.3
215	23:06:15	60.12	6499	953.1	965.6
216	23:07:15	60.12	6499	952.5	964.9
217	23:08:15	60.15	6499	951.8	964.3
218	23:09:15	60.11	6499	951.1	963.6
219	23:10:15	60.12	6499	950.5	962.9
220	23:11:15	60.12	6499	949.8	962.3
221	23:12:16	60.11	6499	949.1	961.7
222	23:13:16	60.11	6499	948.4	961
223	23:14:16	60.16	6499	947.8	960.4
224	23:15:16	60.12	6499	947.2	959.8
225	23:16:16	60.14	6499	946.5	959.1
226	23:17:16	60.11	6499	945.8	958.5
227	23:18:16	60.37	6499	945.2	957.8
228	23:19:17	60.12	6499	944.5	957.2
229	23:20:17	60.12	6499	943.9	956.5
230	23:21:17	60.12	6499	943.3	955.9
231	23:22:17	60.12	6499	942.6	955.3
232	23:23:17	60.11	6499	942	954.7
233	23:24:17	60.11	6499	941.3	954
234	23:25:17	60.11	6499	940.7	953.4
235	23:26:18	60.10	6499	940.1	952.8
236	23:27:18	60.12	6499	939.4	952.1
237	23:28:18	60.11	6499	938.7	951.5
238	23:29:18	60.13	6499	938.1	950.9
239	23:30:18	60.11	6499	937.4	950.3
240	23:31:18	60.11	6499	936.8	949.7
241	23:32:18	60.13	6499	936.2	949
242	23:33:18	60.10	6499	935.5	948.4
243	23:34:18	60.12	6499	934.9	947.8
244	23:35:19	60.11	6499	934.2	947.2
245	23:36:19	13.11	6499	933.9	946.9
246	23:36:32	60.33	6499	933.4	946.4
247	23:37:32	60.12	6499	932.8	945.7
248	23:38:32	60.11	6499	932.2	945.1
249	23:39:32	60.15	6499	931.6	944.5
250	23:40:33	60.12	6499	930.9	943.9
251	23:41:33	60.11	6499	930.3	943.3
252	23:42:33	60.11	6499	929.7	942.7
253	23:43:33	60.12	6499	929	942.1
254	23:44:33	60.11	6499	928.4	941.5
255	23:45:33	60.12	6499	927.8	940.9
256	23:46:33	60.11	6499	927.1	940.3
257	23:47:33	60.12	6499	926.5	939.7
258	23:48:33	60.11	6499	925.9	939.2
259	23:49:34	60.11	6499	925.2	938.6
260	23:50:34	60.17	6499	924.6	938.1
261	23:51:34	60.12	6499	924	937.5
262	23:52:34	60.14	6499	923.4	936.9
263	23:53:34	60.38	6499	922.8	936.3
264	23:54:34	60.16	6499	922.2	935.7
265	23:55:35	60.13	6499	921.5	935.2
266	23:56:35	60.12	6499	920.9	934.6
267	23:57:35	60.11	6499	920.3	934
268	23:58:35	60.12	6499	919.7	933.4
269	23:59:35	60.12	6499	919.1	932.9
270	00:00:35	60.12	6499	918.5	932.3
271	00:01:35	60.11	6499	917.9	931.7
272	00:02:35	60.12	6499	917.3	931.1
273	00:03:36	60.11	6499	916.7	930.5
274	00:04:36	60.12	6499	916	929.9
275	00:05:36	60.12	6499	915.4	929.3
276	00:06:36	60.12	6499	914.8	928.8
277	00:07:36	60.12	6499	914.2	928.2
278	00:08:36	60.11	6499	913.6	927.6
279	00:09:36	60.14	6499	912.9	927.1
280	00:10:36	60.11	6499	912.3	926.5
281	00:11:37	60.36	6499	911.7	925.9
282	00:12:37	60.13	6499	911	925.3
283	00:13:37	60.11	6499	910.4	924.8
284	00:14:37	60.11	6499	909.8	924.2
285	00:15:37	60.14	6499	909.2	923.6
286	00:16:37	60.12	6499	908.6	923
287	00:17:37	60.14	6499	908	922.4
288	00:18:38	60.11	6499	907.3	921.9
289	00:19:38	60.12	6499	906.7	921.3
290	00:20:38	60.12	6499	906.1	920.8
291	00:21:38	60.12	6499	905.5	920.2
292	00:22:38	60.12	6499	905	919.7
293	00:23:38	60.12	6499	904.4	919.1
294	00:24:38	52.21	6499	903.8	918.7
295	00:25:31	60.25	6499	903.3	918.1
296	00:26:31	60.11	6499	902.7	917.6
297	00:27:31	60.11	6499	902	917
298	00:28:31	60.11	6499	901.4	916.5
299	00:29:31	60.15	6499	900.8	915.9
300	00:30:31	52.37	6499	900.3	915.4
301	00:31:24	60.35	6499	899.7	914.9
302	00:32:24	60.11	6499	899.1	914.4
303	00:33:24	60.14	6499	898.5	913.8
304	00:34:24	60.11	6499	897.9	913.3
305	00:35:24	60.12	6499	897.4	912.7
306	00:36:24	60.14	6499	896.8	912.2
307	00:37:25	60.12	6499	896.2	911.7
308	00:38:25	60.11	6499	895.6	911.1
309	00:39:25	60.13	6499	895	910.6
310	00:40:25	60.15	6499	894.4	910
311	00:41:25	60.13	6499	893.8	909.5
312	00:42:25	60.12	6499	893.3	909
313	00:43:25	60.12	6499	892.6	908.5
314	00:44:26	60.12	6499	892.1	907.9
315	00:45:26	60.15	6499	891.5	907.4
316	00:46:26	60.12	6499	890.9	906.8
317	00:47:26	60.11	6499	890.3	906.3
318	00:48:26	13.27	6499	890	906
319	00:48:39	13.23	6499	889.9	905.8
320	00:48:53	9.03	6499	889.7	905.8
321	00:49:02	9.11	6499	889.7	905.7
322	00:49:11	9.01	6499	889.6	905.7
323	00:49:20	8.80	6499	889.6	905.6
324	00:49:28	9.01	6499	889.5	905.6
325	00:49:37	9.11	6499	889.4	905.5
326	00:49:47	9.01	6499	889.3	905.4
327	00:49:56	8.82	6499	889.2	905.4
328	00:50:04	9.01	6499	889.1	905.3
329	00:50:13	9.12	6499	889	905.2
330	00:50:23	9.00	6499	888.9	905.1
331	00:50:32	9.42	6499	888.9	905
332	00:50:41	9.00	6499	888.8	905
333	00:50:50	9.12	6499	888.7	904.9
334	00:50:59	9.00	6499	888.6	904.8
335	00:51:08	8.82	6499	888.6	904.8
336	00:51:17	9.00	6499	888.5	904.7
337	00:51:26	25.24	6499	888.4	904.6
338	00:51:51	9.01	6499	888.2	904.5
339	00:52:00	8.24	6499	888.2	904.5
340	00:52:08	9.02	6499	888.1	904.4
341	00:52:17	8.51	6499	888.1	904.4
342	00:52:26	9.00	6499	888	904.3
343	00:52:35	8.52	6499	887.9	904.2
344	00:52:43	9.01	6499	887.8	904.2
345	00:52:52	8.52	6499	887.7	904.1
346	00:53:01	9.01	6499	887.7	904
347	00:53:10	8.50	6499	887.6	903.9
348	00:53:18	9.01	6499	887.5	903.8
349	00:53:27	8.52	6499	887.4	903.8
350	00:53:36	9.01	6499	887.3	903.7
351	00:53:45	8.52	6499	887.2	903.7
352	00:53:54	9.00	6499	887.2	903.6
353	00:54:03	8.52	6499	887.1	903.6
354	00:54:11	9.01	6499	887	903.5
355	00:54:20	9.58	6499	887	903.5
356	00:54:30	60.45	6499	886.7	903.2
357	00:55:30	60.11	6499	886.2	902.8
358	00:56:30	60.15	6499	885.7	902.4
359	00:57:30	60.10	6499	885.3	902
360	00:58:30	60.11	6499	884.8	901.5
361	00:59:31	60.11	6499	884.3	901.1
362	01:00:31	60.12	6499	883.7	900.6
363	01:01:31	60.11	6499	883.2	900.1
364	01:02:31	60.15	6499	882.6	899.6
365	01:03:31	60.11	6499	882.1	899.1
366	01:04:31	60.11	6499	881.5	898.5
367	01:05:31	60.13	6499	881	898
368	01:06:31	60.37	6499	880.4	897.5
369	01:07:32	60.11	6499	879.8	897
370	01:08:32	60.11	6499	879.3	896.4
371	01:09:32	60.11	6499	878.7	895.9
372	01:10:32	60.11	6499	878.1	895.4
373	01:11:32	38.62	6499	873.4	890.6
374	01:12:11	60.56	6499	0	0
375	01:13:11	60.11	6499	0	0
376	01:14:12	60.11	6499	0	0
377	01:15:12	62.59	6501	0	0
Created by AtlRunQuery on: 2018-12-01 12:11:08.118348
