LHC beam energy and intensities during run 357821:
(Begin/end of run: Wed Aug 08 2018 03:03:45 − 17:21:08)

LB	   Start time
(CEST)	   Duration
(sec)	   Beam energy
(GeV)	   Intensity Beam-1
(1e11 protons)	   Intensity Beam-2
(1e11 protons)
1	03:03:45	60.12	450	2548	2553
2	03:04:45	12.35	450	2547	2551
3	03:04:57	21.86	450	2547	2551
4	03:05:19	60.27	457	2545	2549
5	03:06:20	22.56	528	2545	2548
6	03:06:42	17.73	571	2532	2535
7	03:07:00	10.12	614	2532	2535
8	03:07:10	60.42	641	2532	2534
9	03:08:10	33.42	837	2531	2533
10	03:08:44	60.49	974	2531	2533
11	03:09:44	60.10	1273	2532	2532
12	03:10:44	60.11	1620	2532	2532
13	03:11:45	60.11	1974	2531	2532
14	03:12:45	60.10	2321	2531	2532
15	03:13:45	60.12	2668	2530	2532
16	03:14:45	60.12	3016	2530	2532
17	03:15:45	60.12	3363	2530	2532
18	03:16:45	60.12	3711	2530	2531
19	03:17:45	60.12	4058	2530	2531
20	03:18:45	60.12	4405	2530	2531
21	03:19:45	60.13	4753	2530	2530
22	03:20:46	60.13	5106	2529	2530
23	03:21:46	60.16	5453	2529	2530
24	03:22:46	60.12	5801	2528	2530
25	03:23:46	60.12	6148	2527	2530
26	03:24:46	33.40	6481	2525	2529
27	03:25:19	10.18	6499	2524	2529
28	03:25:30	60.42	6499	2524	2529
29	03:26:30	60.12	6499	2524	2529
30	03:27:30	60.11	6499	2524	2528
31	03:28:30	60.15	6499	2524	2528
32	03:29:30	60.15	6499	2524	2528
33	03:30:31	60.16	6499	2524	2528
34	03:31:31	60.12	6499	2523	2528
35	03:32:31	60.12	6499	2523	2528
36	03:33:31	60.10	6499	2523	2528
37	03:34:31	60.13	6499	2523	2528
38	03:35:31	60.12	6499	2522	2528
39	03:36:31	60.11	6499	2521	2527
40	03:37:31	60.12	6499	2521	2527
41	03:38:32	54.33	6499	2520	2527
42	03:39:26	60.45	6499	2519	2526
43	03:40:26	60.11	6499	2518	2526
44	03:41:26	60.11	6499	2517	2526
45	03:42:27	60.12	6499	2514	2524
46	03:43:27	60.11	6499	2511	2520
47	03:44:27	60.11	6499	2509	2518
48	03:45:27	60.13	6499	2507	2515
49	03:46:27	60.17	6499	2504	2512
50	03:47:27	60.15	6499	2501	2509
51	03:48:27	56.79	6499	2499	2506
52	03:49:24	60.59	6499	2497	2503
53	03:50:25	26.57	6499	2495	2502
54	03:50:51	60.59	6499	2493	2500
55	03:51:52	60.12	6499	2491	2497
56	03:52:52	60.11	6499	2489	2495
57	03:53:52	60.11	6499	2487	2492
58	03:54:52	60.15	6499	2484	2490
59	03:55:52	39.38	6499	2482	2487
60	03:56:32	60.53	6499	2480	2485
61	03:57:32	54.32	6499	2478	2483
62	03:58:27	60.15	6499	2475	2480
63	03:59:27	60.12	6499	2473	2478
64	04:00:27	60.16	6499	2471	2475
65	04:01:27	60.11	6499	2468	2473
66	04:02:27	60.24	6499	2466	2471
67	04:03:27	60.11	6499	2464	2469
68	04:04:28	37.03	6499	2462	2467
69	04:05:05	60.50	6499	2460	2465
70	04:06:05	60.10	6499	2458	2463
71	04:07:05	60.13	6499	2456	2460
72	04:08:05	60.13	6499	2454	2458
73	04:09:05	60.12	6499	2451	2456
74	04:10:06	60.12	6499	2449	2453
75	04:11:06	60.16	6499	2446	2451
76	04:12:06	60.12	6499	2443	2449
77	04:13:06	60.12	6499	2441	2447
78	04:14:06	60.11	6499	2438	2445
79	04:15:06	60.11	6499	2435	2442
80	04:16:06	60.12	6499	2432	2440
81	04:17:06	60.11	6499	2430	2438
82	04:18:06	25.93	6499	2428	2437
83	04:18:32	60.56	6499	2426	2435
84	04:19:33	60.17	6499	2424	2433
85	04:20:33	60.12	6499	2422	2431
86	04:21:33	60.38	6499	2419	2429
87	04:22:34	60.14	6499	2417	2427
88	04:23:34	60.35	6499	2415	2425
89	04:24:34	60.43	6499	2413	2423
90	04:25:35	20.98	6499	2412	2422
91	04:25:56	60.47	6499	2410	2420
92	04:26:56	60.11	6499	2408	2418
93	04:27:56	60.17	6499	2406	2416
94	04:28:56	60.12	6499	2404	2414
95	04:29:56	60.38	6499	2402	2413
96	04:30:57	60.13	6499	2400	2411
97	04:31:57	60.13	6499	2398	2409
98	04:32:57	60.12	6499	2396	2407
99	04:33:57	60.12	6499	2394	2405
100	04:34:57	60.12	6499	2392	2403
101	04:35:57	60.51	6499	2389	2402
102	04:36:58	60.45	6499	2387	2400
103	04:37:58	60.15	6499	2385	2398
104	04:38:59	60.12	6499	2384	2396
105	04:39:59	60.12	6499	2381	2394
106	04:40:59	60.11	6499	2380	2393
107	04:41:59	60.16	6499	2378	2391
108	04:42:59	60.17	6499	2376	2389
109	04:43:59	60.15	6499	2374	2387
110	04:44:59	60.12	6499	2372	2386
111	04:45:59	32.85	6499	2370	2384
112	04:46:32	60.60	6499	2369	2383
113	04:47:33	60.11	6499	2367	2381
114	04:48:33	60.14	6499	2365	2379
115	04:49:33	30.14	6499	2364	2378
116	04:50:03	60.03	6499	2362	2377
117	04:51:03	60.11	6499	2360	2375
118	04:52:03	60.38	6499	2358	2373
119	04:53:04	60.35	6499	2357	2372
120	04:54:04	60.13	6499	2355	2370
121	04:55:04	60.10	6499	2353	2368
122	04:56:04	10.27	6499	2352	2367
123	04:56:15	60.60	6499	2351	2366
124	04:57:15	60.11	6499	2349	2364
125	04:58:15	60.14	6499	2347	2362
126	04:59:16	60.11	6499	2345	2360
127	05:00:16	60.11	6499	2343	2359
128	05:01:16	60.11	6499	2341	2357
129	05:02:16	60.15	6499	2339	2355
130	05:03:16	60.11	6499	2337	2353
131	05:04:16	60.12	6499	2335	2351
132	05:05:16	60.11	6499	2333	2350
133	05:06:16	42.12	6499	2332	2348
134	05:06:58	60.12	6499	2330	2347
135	05:07:59	60.12	6499	2328	2345
136	05:08:59	60.11	6499	2326	2343
137	05:09:59	60.16	6499	2325	2341
138	05:10:59	27.20	6499	2323	2340
139	05:11:26	60.49	6499	2322	2339
140	05:12:27	60.13	6499	2320	2337
141	05:13:27	60.36	6499	2318	2335
142	05:14:27	60.17	6499	2316	2333
143	05:15:27	60.36	6499	2314	2332
144	05:16:28	60.11	6499	2312	2330
145	05:17:28	60.11	6499	2311	2328
146	05:18:28	60.12	6499	2309	2327
147	05:19:28	60.13	6499	2307	2325
148	05:20:28	60.12	6499	2305	2323
149	05:21:28	60.35	6499	2303	2321
150	05:22:29	60.12	6499	2301	2320
151	05:23:29	60.35	6499	2299	2318
152	05:24:29	60.12	6499	2298	2316
153	05:25:29	60.11	6499	2296	2315
154	05:26:29	60.10	6499	2294	2313
155	05:27:29	60.36	6499	2292	2311
156	05:28:30	43.57	6499	2291	2310
157	05:29:13	60.47	6499	2289	2308
158	05:30:14	55.60	6499	2287	2307
159	05:31:09	60.12	6499	2286	2305
160	05:32:10	60.16	6499	2284	2304
161	05:33:10	60.35	6499	2282	2302
162	05:34:10	60.10	6499	2280	2300
163	05:35:10	60.13	6499	2278	2299
164	05:36:10	60.12	6499	2276	2297
165	05:37:10	60.11	6499	2275	2295
166	05:38:11	60.10	6499	2273	2294
167	05:39:11	60.13	6499	2271	2292
168	05:40:11	60.12	6499	2269	2290
169	05:41:11	60.12	6499	2267	2289
170	05:42:11	60.11	6499	2266	2287
171	05:43:11	60.17	6499	2264	2286
172	05:44:11	60.11	6499	2262	2284
173	05:45:11	60.15	6499	2260	2282
174	05:46:12	60.16	6499	2259	2281
175	05:47:12	37.71	6499	2257	2280
176	05:47:49	60.57	6499	2256	2278
177	05:48:50	60.16	6499	2254	2277
178	05:49:50	60.11	6499	2252	2275
179	05:50:50	60.16	6499	2250	2274
180	05:51:50	60.12	6499	2249	2272
181	05:52:51	60.10	6499	2247	2270
182	05:53:51	60.11	6499	2245	2269
183	05:54:51	60.12	6499	2243	2267
184	05:55:51	60.11	6499	2241	2266
185	05:56:51	60.11	6499	2240	2264
186	05:57:51	60.13	6499	2238	2262
187	05:58:51	60.10	6499	2236	2261
188	05:59:51	60.12	6499	2234	2259
189	06:00:51	60.12	6499	2233	2258
190	06:01:52	60.11	6499	2231	2256
191	06:02:52	60.15	6499	2229	2255
192	06:03:52	49.72	6499	2228	2253
193	06:04:42	47.17	6499	2226	2252
194	06:05:29	60.11	6499	2225	2251
195	06:06:29	60.11	6499	2223	2249
196	06:07:29	60.13	6499	2221	2247
197	06:08:29	60.11	6499	2220	2246
198	06:09:29	60.12	6499	2218	2244
199	06:10:29	60.11	6499	2216	2243
200	06:11:29	60.12	6499	2214	2241
201	06:12:30	60.35	6499	2213	2240
202	06:13:30	60.12	6499	2211	2238
203	06:14:30	60.11	6499	2209	2237
204	06:15:30	60.16	6499	2207	2235
205	06:16:30	60.38	6499	2206	2234
206	06:17:31	60.12	6499	2204	2232
207	06:18:31	60.11	6499	2202	2231
208	06:19:31	60.11	6499	2201	2229
209	06:20:31	60.11	6499	2199	2227
210	06:21:31	26.75	6499	2198	2226
211	06:21:58	60.49	6499	2196	2225
212	06:22:58	60.17	6499	2195	2224
213	06:23:59	60.11	6499	2193	2222
214	06:24:59	60.16	6499	2191	2221
215	06:25:59	60.15	6499	2190	2219
216	06:26:59	60.12	6499	2188	2218
217	06:27:59	60.17	6499	2186	2216
218	06:28:59	59.62	6499	2184	2215
219	06:29:59	60.09	6499	2183	2213
220	06:30:59	60.12	6499	2181	2212
221	06:31:59	60.11	6499	2179	2210
222	06:32:59	60.12	6499	2178	2209
223	06:33:59	60.11	6499	2176	2207
224	06:34:59	60.36	6499	2174	2206
225	06:36:00	60.10	6499	2172	2204
226	06:37:00	60.11	6499	2171	2203
227	06:38:00	60.11	6499	2169	2201
228	06:39:00	60.16	6499	2167	2200
229	06:40:00	60.16	6499	2166	2198
230	06:41:00	28.79	6499	2165	2197
231	06:41:29	34.58	6499	2164	2196
232	06:42:04	60.19	6499	2162	2195
233	06:43:04	60.36	6499	2161	2194
234	06:44:04	60.15	6499	2159	2192
235	06:45:04	60.11	6499	2157	2191
236	06:46:05	60.12	6499	2156	2189
237	06:47:05	60.12	6499	2154	2188
238	06:48:05	60.14	6499	2152	2186
239	06:49:05	60.16	6499	2150	2185
240	06:50:05	60.12	6499	2149	2183
241	06:51:05	60.12	6499	2147	2182
242	06:52:05	60.12	6499	2145	2180
243	06:53:05	60.11	6499	2144	2179
244	06:54:06	60.16	6499	2142	2177
245	06:55:06	60.13	6499	2141	2176
246	06:56:06	60.12	6499	2139	2174
247	06:57:06	46.57	6499	2138	2173
248	06:57:53	60.42	6499	2136	2172
249	06:58:53	60.16	6499	2134	2170
250	06:59:53	60.12	6499	2133	2169
251	07:00:53	60.15	6499	2131	2168
252	07:01:53	60.11	6499	2130	2166
253	07:02:54	60.11	6499	2128	2165
254	07:03:54	60.11	6499	2126	2163
255	07:04:54	60.12	6499	2125	2162
256	07:05:54	60.11	6499	2123	2160
257	07:06:54	60.13	6499	2122	2159
258	07:07:54	60.11	6499	2120	2157
259	07:08:54	60.14	6499	2118	2156
260	07:09:54	60.16	6499	2117	2154
261	07:10:55	60.11	6499	2115	2153
262	07:11:55	60.12	6499	2113	2151
263	07:12:55	60.18	6499	2112	2150
264	07:13:55	60.17	6499	2110	2148
265	07:14:55	60.12	6499	2108	2147
266	07:15:55	60.16	6499	2107	2145
267	07:16:55	41.59	6499	2105	2144
268	07:17:37	12.58	6499	2105	2143
269	07:17:50	41.16	6499	2104	2143
270	07:18:31	10.14	6499	2103	2142
271	07:18:41	49.88	6499	2102	2141
272	07:19:31	60.09	6499	2101	2140
273	07:20:31	60.12	6499	2099	2138
274	07:21:31	60.11	6499	2098	2137
275	07:22:31	60.39	6499	2096	2136
276	07:23:31	60.12	6499	2095	2134
277	07:24:32	60.12	6499	2093	2133
278	07:25:32	60.12	6499	2091	2131
279	07:26:32	60.17	6499	2090	2130
280	07:27:32	60.17	6499	2088	2128
281	07:28:32	25.94	6499	2087	2127
282	07:28:58	60.52	6499	2086	2126
283	07:29:59	60.11	6499	2084	2125
284	07:30:59	60.12	6499	2082	2123
285	07:31:59	60.17	6499	2081	2122
286	07:32:59	60.16	6499	2079	2120
287	07:33:59	60.11	6499	2078	2119
288	07:34:59	60.36	6499	2076	2117
289	07:36:00	60.14	6499	2074	2116
290	07:37:00	60.12	6499	2073	2114
291	07:38:00	60.13	6499	2071	2113
292	07:39:00	25.48	6499	2070	2112
293	07:39:25	60.43	6499	2069	2111
294	07:40:26	60.16	6499	2067	2109
295	07:41:26	60.11	6499	2066	2108
296	07:42:26	60.12	6499	2064	2106
297	07:43:26	60.12	6499	2063	2105
298	07:44:26	60.12	6499	2061	2104
299	07:45:27	60.11	6499	2059	2102
300	07:46:27	60.11	6499	2058	2101
301	07:47:27	60.12	6499	2056	2099
302	07:48:27	60.11	6499	2055	2098
303	07:49:27	60.14	6499	2053	2096
304	07:50:27	60.16	6499	2051	2095
305	07:51:27	60.12	6499	2050	2093
306	07:52:27	60.12	6499	2048	2092
307	07:53:28	60.43	6499	2047	2090
308	07:54:28	60.12	6499	2045	2089
309	07:55:28	60.12	6499	2044	2088
310	07:56:28	60.11	6499	2042	2086
311	07:57:28	25.32	6499	2041	2085
312	07:57:54	60.12	6499	2040	2084
313	07:58:54	60.39	6499	2038	2083
314	07:59:54	60.12	6499	2037	2081
315	08:00:54	60.11	6499	2035	2080
316	08:01:54	60.11	6499	2033	2078
317	08:02:54	39.41	6499	2032	2077
318	08:03:34	60.51	6499	2031	2076
319	08:04:34	60.11	6499	2029	2075
320	08:05:35	60.11	6499	2028	2073
321	08:06:35	60.11	6499	2026	2072
322	08:07:35	60.13	6499	2025	2070
323	08:08:35	60.40	6499	2023	2069
324	08:09:35	60.10	6499	2021	2067
325	08:10:35	60.14	6499	2020	2066
326	08:11:36	60.12	6499	2018	2064
327	08:12:36	60.16	6499	2017	2063
328	08:13:36	60.11	6499	2015	2061
329	08:14:36	60.15	6499	2014	2060
330	08:15:36	53.24	6499	2012	2059
331	08:16:29	60.24	6499	2011	2057
332	08:17:30	29.82	6499	2010	2056
333	08:17:59	60.10	6499	2008	2055
334	08:18:59	36.91	6499	2007	2054
335	08:19:36	60.27	6499	2006	2053
336	08:20:37	60.11	6499	2004	2051
337	08:21:37	60.12	6499	2003	2050
338	08:22:37	60.12	6499	2001	2049
339	08:23:37	60.38	6499	2000	2047
340	08:24:37	60.10	6499	1998	2046
341	08:25:37	60.16	6499	1997	2044
342	08:26:38	60.10	6499	1995	2043
343	08:27:38	60.14	6499	1994	2041
344	08:28:38	60.15	6499	1992	2040
345	08:29:38	60.12	6499	1991	2039
346	08:30:38	40.11	6499	1989	2037
347	08:31:18	60.07	6499	1988	2036
348	08:32:18	24.94	6499	1987	2035
349	08:32:43	12.26	6499	1986	2035
350	08:32:56	12.27	6499	1986	2035
351	08:33:08	12.29	6499	1986	2034
352	08:33:20	10.21	6499	1986	2034
353	08:33:30	10.27	6499	1985	2034
354	08:33:41	42.60	6499	1985	2033
355	08:34:23	60.11	6499	1983	2032
356	08:35:23	10.31	6499	1982	2031
357	08:35:34	60.13	6499	1981	2030
358	08:36:34	60.15	6499	1980	2029
359	08:37:34	60.10	6499	1978	2027
360	08:38:34	60.38	6499	1977	2026
361	08:39:34	25.78	6499	1976	2025
362	08:40:00	60.20	6499	1975	2024
363	08:41:00	14.80	6499	1974	2023
364	08:41:15	60.11	6499	1973	2022
365	08:42:15	30.01	6499	1972	2021
366	08:42:45	60.15	6499	1971	2020
367	08:43:45	60.12	6499	1969	2019
368	08:44:45	60.36	6499	1968	2017
369	08:45:46	60.15	6499	1966	2016
370	08:46:46	60.10	6499	1965	2014
371	08:47:46	60.11	6499	1963	2013
372	08:48:46	60.14	6499	1962	2012
373	08:49:46	60.11	6499	1960	2010
374	08:50:46	60.11	6499	1959	2009
375	08:51:47	60.11	6499	1957	2007
376	08:52:47	60.11	6499	1956	2006
377	08:53:47	60.11	6499	1954	2004
378	08:54:47	60.12	6499	1953	2003
379	08:55:47	60.17	6499	1951	2002
380	08:56:47	60.11	6499	1950	2000
381	08:57:47	60.15	6499	1948	1999
382	08:58:47	60.37	6499	1947	1997
383	08:59:48	60.12	6499	1946	1996
384	09:00:48	60.11	6499	1944	1995
385	09:01:48	27.96	6499	1943	1994
386	09:02:16	60.55	6499	1942	1993
387	09:03:17	60.14	6499	1940	1991
388	09:04:17	45.29	6499	1939	1990
389	09:05:02	52.51	6499	1938	1989
390	09:05:54	60.31	6499	1937	1988
391	09:06:55	60.11	6499	1935	1986
392	09:07:55	60.18	6499	1934	1985
393	09:08:55	60.11	6499	1932	1983
394	09:09:55	60.11	6499	1931	1982
395	09:10:55	60.15	6499	1929	1980
396	09:11:55	60.11	6499	1928	1979
397	09:12:56	60.14	6499	1926	1978
398	09:13:56	60.11	6499	1925	1976
399	09:14:56	60.11	6499	1923	1975
400	09:15:56	60.11	6499	1922	1973
401	09:16:56	60.15	6499	1921	1972
402	09:17:56	60.11	6499	1919	1971
403	09:18:56	60.35	6499	1918	1969
404	09:19:57	60.12	6499	1916	1968
405	09:20:57	60.15	6499	1915	1967
406	09:21:57	60.14	6499	1913	1965
407	09:22:57	60.17	6499	1912	1964
408	09:23:57	60.17	6499	1911	1962
409	09:24:57	60.13	6499	1909	1961
410	09:25:58	60.12	6499	1908	1960
411	09:26:58	60.11	6499	1906	1958
412	09:27:58	60.11	6499	1905	1957
413	09:28:58	60.14	6499	1904	1956
414	09:29:58	60.11	6499	1902	1954
415	09:30:58	60.11	6499	1901	1953
416	09:31:58	60.11	6499	1899	1951
417	09:32:58	55.25	6499	1898	1950
418	09:33:54	60.49	6499	1897	1949
419	09:34:54	60.12	6499	1895	1947
420	09:35:54	60.11	6499	1894	1946
421	09:36:54	60.14	6499	1892	1945
422	09:37:54	60.12	6499	1891	1943
423	09:38:55	60.15	6499	1890	1942
424	09:39:55	49.65	6499	1888	1941
425	09:40:44	60.33	6499	1887	1940
426	09:41:45	60.13	6499	1886	1938
427	09:42:45	60.16	6499	1884	1937
428	09:43:45	60.11	6499	1883	1935
429	09:44:45	60.15	6499	1881	1934
430	09:45:45	60.15	6499	1880	1933
431	09:46:45	60.15	6499	1879	1931
432	09:47:46	60.11	6499	1877	1930
433	09:48:46	60.11	6499	1876	1929
434	09:49:46	60.11	6499	1874	1927
435	09:50:46	60.11	6499	1873	1926
436	09:51:46	60.39	6499	1872	1925
437	09:52:46	60.12	6499	1870	1923
438	09:53:47	60.16	6499	1869	1922
439	09:54:47	60.11	6499	1867	1920
440	09:55:47	60.11	6499	1866	1919
441	09:56:47	60.11	6499	1865	1918
442	09:57:47	60.17	6499	1863	1916
443	09:58:47	60.15	6499	1862	1915
444	09:59:47	60.15	6499	1861	1914
445	10:00:48	60.40	6499	1859	1912
446	10:01:48	10.26	6499	1858	1912
447	10:01:58	60.43	6499	1858	1911
448	10:02:59	60.17	6499	1856	1910
449	10:03:59	60.12	6499	1855	1908
450	10:04:59	60.12	6499	1853	1907
451	10:05:59	60.12	6499	1852	1906
452	10:06:59	60.16	6499	1851	1904
453	10:07:59	60.12	6499	1849	1903
454	10:08:59	60.16	6499	1848	1902
455	10:10:00	60.14	6499	1847	1900
456	10:11:00	60.11	6499	1845	1899
457	10:12:00	23.26	6499	1844	1898
458	10:12:23	60.19	6499	1843	1897
459	10:13:23	60.11	6499	1842	1896
460	10:14:23	60.15	6499	1841	1894
461	10:15:24	60.11	6499	1839	1892
462	10:16:24	60.10	6499	1837	1890
463	10:17:24	60.16	6499	1835	1888
464	10:18:24	60.16	6499	1834	1887
465	10:19:24	60.37	6499	1832	1885
466	10:20:24	60.11	6499	1830	1883
467	10:21:25	60.16	6499	1829	1881
468	10:22:25	60.12	6499	1827	1879
469	10:23:25	60.11	6499	1825	1878
470	10:24:25	60.11	6499	1824	1876
471	10:25:25	60.12	6499	1822	1874
472	10:26:25	60.13	6499	1820	1872
473	10:27:25	60.11	6499	1819	1871
474	10:28:25	60.12	6499	1817	1869
475	10:29:26	60.11	6499	1815	1867
476	10:30:26	60.16	6499	1814	1866
477	10:31:26	60.15	6499	1812	1864
478	10:32:26	60.13	6499	1810	1862
479	10:33:26	60.12	6499	1809	1860
480	10:34:26	60.16	6499	1807	1859
481	10:35:26	60.35	6499	1806	1857
482	10:36:27	60.11	6499	1804	1855
483	10:37:27	60.11	6499	1802	1854
484	10:38:27	60.12	6499	1801	1852
485	10:39:27	60.35	6499	1799	1850
486	10:40:27	60.15	6499	1798	1849
487	10:41:28	60.16	6499	1796	1847
488	10:42:28	60.11	6499	1795	1845
489	10:43:28	60.12	6499	1793	1844
490	10:44:28	60.12	6499	1791	1842
491	10:45:28	60.15	6499	1790	1840
492	10:46:28	60.11	6499	1788	1839
493	10:47:28	60.15	6499	1787	1837
494	10:48:28	60.12	6499	1785	1836
495	10:49:29	60.12	6499	1783	1834
496	10:50:29	60.11	6499	1782	1832
497	10:51:29	60.12	6499	1780	1831
498	10:52:29	60.11	6499	1779	1829
499	10:53:29	60.12	6499	1777	1828
500	10:54:29	60.14	6499	1776	1826
501	10:55:29	60.10	6499	1774	1824
502	10:56:29	60.16	6499	1773	1823
503	10:57:30	60.36	6499	1771	1821
504	10:58:30	60.16	6499	1770	1820
505	10:59:30	60.13	6499	1768	1818
506	11:00:30	60.11	6499	1767	1817
507	11:01:30	60.11	6499	1765	1815
508	11:02:30	60.10	6499	1764	1814
509	11:03:31	60.12	6499	1762	1812
510	11:04:31	60.12	6499	1761	1810
511	11:05:31	60.16	6499	1759	1809
512	11:06:31	60.10	6499	1758	1807
513	11:07:31	60.11	6499	1756	1806
514	11:08:31	60.11	6499	1755	1804
515	11:09:31	60.16	6499	1753	1803
516	11:10:31	60.12	6499	1752	1801
517	11:11:32	60.11	6499	1751	1800
518	11:12:32	60.12	6499	1749	1798
519	11:13:32	60.13	6499	1748	1797
520	11:14:32	60.17	6499	1746	1795
521	11:15:32	60.11	6499	1745	1794
522	11:16:32	60.12	6499	1743	1792
523	11:17:32	10.27	6499	1743	1791
524	11:17:43	60.43	6499	1742	1790
525	11:18:43	60.12	6499	1740	1789
526	11:19:43	60.44	6499	1739	1787
527	11:20:44	60.11	6499	1737	1786
528	11:21:44	60.10	6499	1736	1784
529	11:22:44	60.11	6499	1735	1783
530	11:23:44	60.11	6499	1733	1781
531	11:24:44	60.13	6499	1732	1780
532	11:25:44	60.14	6499	1730	1778
533	11:26:44	60.13	6499	1729	1777
534	11:27:44	60.36	6499	1727	1775
535	11:28:45	60.12	6499	1726	1774
536	11:29:45	60.39	6499	1725	1772
537	11:30:45	60.11	6499	1723	1771
538	11:31:45	60.11	6499	1722	1769
539	11:32:45	60.16	6499	1720	1768
540	11:33:46	60.16	6499	1718	1767
541	11:34:46	60.19	6499	1717	1765
542	11:35:46	60.13	6499	1715	1764
543	11:36:46	60.13	6499	1714	1762
544	11:37:46	60.12	6499	1712	1761
545	11:38:46	60.17	6499	1711	1759
546	11:39:47	60.11	6499	1710	1758
547	11:40:47	60.14	6499	1708	1756
548	11:41:47	60.11	6499	1707	1755
549	11:42:47	60.17	6499	1706	1753
550	11:43:47	60.15	6499	1704	1752
551	11:44:47	60.10	6499	1703	1750
552	11:45:47	60.11	6499	1702	1749
553	11:46:47	60.12	6499	1700	1748
554	11:47:48	10.27	6499	1700	1747
555	11:47:58	60.44	6499	1699	1746
556	11:48:58	60.11	6499	1697	1745
557	11:49:58	60.11	6499	1696	1743
558	11:50:58	60.11	6499	1695	1742
559	11:51:59	60.12	6499	1694	1740
560	11:52:59	60.11	6499	1692	1739
561	11:53:59	60.11	6499	1691	1738
562	11:54:59	60.12	6499	1690	1736
563	11:55:59	60.11	6499	1688	1735
564	11:56:59	60.12	6499	1687	1734
565	11:57:59	60.13	6499	1686	1732
566	11:58:59	60.10	6499	1684	1731
567	11:59:59	60.14	6499	1683	1729
568	12:01:00	60.11	6499	1682	1728
569	12:02:00	60.15	6499	1681	1727
570	12:03:00	60.13	6499	1679	1725
571	12:04:00	60.12	6499	1678	1724
572	12:05:00	60.15	6499	1677	1722
573	12:06:00	60.11	6499	1676	1721
574	12:07:00	60.12	6499	1674	1720
575	12:08:01	60.12	6499	1673	1719
576	12:09:01	60.25	6499	1672	1717
577	12:10:01	60.37	6499	1670	1716
578	12:11:01	60.11	6499	1669	1714
579	12:12:01	60.11	6499	1668	1713
580	12:13:01	60.11	6499	1666	1712
581	12:14:02	60.11	6499	1665	1710
582	12:15:02	60.10	6499	1664	1709
583	12:16:02	60.15	6499	1663	1708
584	12:17:02	60.11	6499	1662	1706
585	12:18:02	60.11	6499	1660	1705
586	12:19:02	60.13	6499	1659	1704
587	12:20:02	40.80	6499	1658	1703
588	12:20:43	60.44	6499	1657	1702
589	12:21:44	60.35	6499	1656	1700
590	12:22:44	60.11	6499	1654	1699
591	12:23:44	60.12	6499	1653	1698
592	12:24:44	60.15	6499	1652	1696
593	12:25:44	60.11	6499	1651	1695
594	12:26:44	60.11	6499	1650	1694
595	12:27:44	60.12	6499	1648	1692
596	12:28:45	60.11	6499	1647	1691
597	12:29:45	60.26	6499	1646	1690
598	12:30:45	60.11	6499	1645	1688
599	12:31:45	60.12	6499	1643	1687
600	12:32:45	60.16	6499	1642	1686
601	12:33:45	60.11	6499	1641	1684
602	12:34:45	60.11	6499	1640	1683
603	12:35:46	60.35	6499	1639	1682
604	12:36:46	60.17	6499	1637	1681
605	12:37:46	60.11	6499	1636	1679
606	12:38:46	60.11	6499	1635	1678
607	12:39:46	60.11	6499	1634	1677
608	12:40:46	60.16	6499	1633	1676
609	12:41:47	60.12	6499	1631	1674
610	12:42:47	60.12	6499	1630	1673
611	12:43:47	60.12	6499	1629	1672
612	12:44:47	60.15	6499	1628	1670
613	12:45:47	60.14	6499	1627	1669
614	12:46:47	60.11	6499	1625	1668
615	12:47:47	60.11	6499	1624	1667
616	12:48:47	60.12	6499	1623	1665
617	12:49:48	60.11	6499	1622	1664
618	12:50:48	60.11	6499	1621	1663
619	12:51:48	10.27	6499	1620	1662
620	12:51:58	60.12	6499	1619	1661
621	12:52:58	60.12	6499	1618	1660
622	12:53:58	37.33	6499	1617	1659
623	12:54:36	60.15	6499	1616	1658
624	12:55:36	60.12	6499	1615	1657
625	12:56:36	60.12	6499	1614	1656
626	12:57:36	47.68	6499	1613	1654
627	12:58:24	60.34	6499	1612	1653
628	12:59:24	60.12	6499	1611	1652
629	13:00:24	60.12	6499	1610	1651
630	13:01:24	60.11	6499	1609	1650
631	13:02:24	57.26	6499	1607	1648
632	13:03:22	60.50	6499	1606	1647
633	13:04:22	60.14	6499	1605	1646
634	13:05:22	60.17	6499	1604	1645
635	13:06:23	31.27	6499	1603	1644
636	13:06:54	60.23	6499	1602	1643
637	13:07:54	60.13	6499	1601	1642
638	13:08:54	60.16	6499	1600	1640
639	13:09:54	60.15	6499	1599	1639
640	13:10:54	60.12	6499	1598	1638
641	13:11:55	60.11	6499	1597	1637
642	13:12:55	60.36	6499	1596	1635
643	13:13:55	60.11	6499	1594	1634
644	13:14:55	60.11	6499	1593	1633
645	13:15:55	60.15	6499	1592	1632
646	13:16:55	60.13	6499	1591	1631
647	13:17:56	60.13	6499	1590	1629
648	13:18:56	60.11	6499	1589	1628
649	13:19:56	60.12	6499	1588	1627
650	13:20:56	60.41	6499	1587	1626
651	13:21:56	60.13	6499	1585	1624
652	13:22:56	60.12	6499	1584	1623
653	13:23:57	60.13	6499	1583	1622
654	13:24:57	60.11	6499	1582	1621
655	13:25:57	60.11	6499	1581	1620
656	13:26:57	60.12	6499	1580	1619
657	13:27:57	60.13	6499	1579	1617
658	13:28:57	60.12	6499	1578	1616
659	13:29:57	60.11	6499	1577	1615
660	13:30:57	60.11	6499	1576	1614
661	13:31:57	60.14	6499	1574	1612
662	13:32:58	60.11	6499	1573	1611
663	13:33:58	60.15	6499	1571	1610
664	13:34:58	60.11	6499	1570	1609
665	13:35:58	60.12	6499	1569	1607
666	13:36:58	60.16	6499	1567	1606
667	13:37:58	60.10	6499	1566	1604
668	13:38:58	60.25	6499	1565	1603
669	13:39:59	60.12	6499	1564	1602
670	13:40:59	60.12	6499	1562	1600
671	13:41:59	60.11	6499	1561	1599
672	13:42:59	60.11	6499	1560	1598
673	13:43:59	60.12	6499	1558	1597
674	13:44:59	60.11	6499	1557	1595
675	13:45:59	60.13	6499	1556	1594
676	13:46:59	60.11	6499	1555	1593
677	13:48:00	60.12	6499	1553	1591
678	13:49:00	60.17	6499	1552	1590
679	13:50:00	60.11	6499	1551	1589
680	13:51:00	60.11	6499	1550	1588
681	13:52:00	60.11	6499	1548	1586
682	13:53:00	60.12	6499	1547	1585
683	13:54:00	60.14	6499	1546	1584
684	13:55:00	60.11	6499	1545	1582
685	13:56:01	60.11	6499	1543	1581
686	13:57:01	60.11	6499	1542	1580
687	13:58:01	60.11	6499	1541	1579
688	13:59:01	60.12	6499	1540	1577
689	14:00:01	60.11	6499	1539	1576
690	14:01:01	60.12	6499	1537	1575
691	14:02:01	60.17	6499	1536	1574
692	14:03:01	60.11	6499	1535	1572
693	14:04:02	60.13	6499	1534	1571
694	14:05:02	60.12	6499	1532	1570
695	14:06:02	60.12	6499	1531	1569
696	14:07:02	60.15	6499	1530	1567
697	14:08:02	60.12	6499	1529	1566
698	14:09:02	60.11	6499	1528	1565
699	14:10:02	60.12	6499	1526	1563
700	14:11:02	60.11	6499	1525	1562
701	14:12:02	60.17	6499	1524	1561
702	14:13:03	60.13	6499	1523	1560
703	14:14:03	60.14	6499	1522	1559
704	14:15:03	60.11	6499	1521	1557
705	14:16:03	60.14	6499	1519	1556
706	14:17:03	60.11	6499	1518	1555
707	14:18:03	20.43	6499	1517	1554
708	14:18:24	60.47	6499	1517	1553
709	14:19:24	60.36	6499	1515	1552
710	14:20:25	60.10	6499	1514	1551
711	14:21:25	60.13	6499	1513	1550
712	14:22:25	60.12	6499	1512	1548
713	14:23:25	60.12	6499	1511	1547
714	14:24:25	60.16	6499	1510	1546
715	14:25:25	60.15	6499	1508	1545
716	14:26:25	60.12	6499	1507	1544
717	14:27:25	60.44	6499	1506	1542
718	14:28:26	60.17	6499	1505	1541
719	14:29:26	60.12	6499	1504	1540
720	14:30:26	60.14	6499	1503	1539
721	14:31:26	60.37	6499	1502	1538
722	14:32:27	60.11	6499	1500	1536
723	14:33:27	60.37	6499	1499	1535
724	14:34:27	60.12	6499	1498	1534
725	14:35:27	60.12	6499	1497	1533
726	14:36:27	60.11	6499	1496	1532
727	14:37:28	60.12	6499	1495	1530
728	14:38:28	60.17	6499	1494	1529
729	14:39:28	60.13	6499	1493	1528
730	14:40:28	60.16	6499	1492	1527
731	14:41:28	60.40	6499	1490	1526
732	14:42:28	60.13	6499	1489	1524
733	14:43:29	60.12	6499	1488	1523
734	14:44:29	60.11	6499	1487	1522
735	14:45:29	60.12	6499	1486	1521
736	14:46:29	60.12	6499	1485	1520
737	14:47:29	60.17	6499	1484	1519
738	14:48:29	60.11	6499	1483	1517
739	14:49:29	60.11	6499	1482	1516
740	14:50:29	60.37	6499	1481	1515
741	14:51:30	60.11	6499	1480	1513
742	14:52:30	60.50	6499	1479	1512
743	14:53:30	60.45	6499	1478	1511
744	14:54:31	60.11	6499	1476	1510
745	14:55:31	60.11	6499	1475	1508
746	14:56:31	60.11	6499	1474	1507
747	14:57:31	60.40	6499	1473	1506
748	14:58:32	60.11	6499	1472	1505
749	14:59:32	60.16	6499	1471	1504
750	15:00:32	60.12	6499	1470	1503
751	15:01:32	60.11	6499	1469	1501
752	15:02:32	60.12	6499	1468	1500
753	15:03:32	60.17	6499	1467	1499
754	15:04:32	60.17	6499	1466	1498
755	15:05:33	60.11	6499	1465	1497
756	15:06:33	60.13	6499	1464	1496
757	15:07:33	60.12	6499	1463	1495
758	15:08:33	60.12	6499	1463	1494
759	15:09:33	60.17	6499	1461	1493
760	15:10:33	60.11	6499	1460	1492
761	15:11:33	60.17	6499	1459	1490
762	15:12:34	60.12	6499	1459	1489
763	15:13:34	60.12	6499	1458	1488
764	15:14:34	60.11	6499	1457	1487
765	15:15:34	60.11	6499	1455	1486
766	15:16:34	60.13	6499	1454	1485
767	15:17:34	60.11	6499	1453	1484
768	15:18:34	60.12	6499	1452	1483
769	15:19:34	60.35	6499	1452	1482
770	15:20:35	60.16	6499	1451	1481
771	15:21:35	60.12	6499	1450	1480
772	15:22:35	60.11	6499	1449	1479
773	15:23:35	60.11	6499	1448	1478
774	15:24:35	60.11	6499	1447	1476
775	15:25:35	60.12	6499	1446	1475
776	15:26:35	60.11	6499	1445	1474
777	15:27:36	60.39	6499	1444	1473
778	15:28:36	60.12	6499	1443	1472
779	15:29:36	60.11	6499	1442	1471
780	15:30:36	60.12	6499	1441	1470
781	15:31:36	60.14	6499	1440	1469
782	15:32:36	60.12	6499	1439	1468
783	15:33:37	60.11	6499	1438	1467
784	15:34:37	60.11	6499	1437	1466
785	15:35:37	60.17	6499	1436	1465
786	15:36:37	60.11	6499	1435	1464
787	15:37:37	60.12	6499	1434	1463
788	15:38:37	60.11	6499	1433	1462
789	15:39:37	60.12	6499	1432	1461
790	15:40:37	60.13	6499	1431	1460
791	15:41:38	60.10	6499	1430	1459
792	15:42:38	60.12	6499	1429	1458
793	15:43:38	60.12	6499	1428	1457
794	15:44:38	60.11	6499	1427	1456
795	15:45:38	60.35	6499	1426	1455
796	15:46:38	22.34	6499	1426	1454
797	15:47:01	60.54	6499	1425	1453
798	15:48:01	60.11	6499	1424	1452
799	15:49:01	60.16	6499	1423	1451
800	15:50:01	60.12	6499	1422	1450
801	15:51:02	60.10	6499	1421	1449
802	15:52:02	60.11	6499	1420	1448
803	15:53:02	60.11	6499	1419	1447
804	15:54:02	60.11	6499	1418	1446
805	15:55:02	60.11	6499	1418	1445
806	15:56:02	24.04	6499	1417	1444
807	15:56:26	12.77	6499	1417	1444
808	15:56:39	9.05	6499	1416	1444
809	15:56:48	8.83	6499	1416	1444
810	15:56:57	9.02	6499	1416	1444
811	15:57:06	8.49	6499	1416	1444
812	15:57:14	9.03	6499	1416	1444
813	15:57:23	8.49	6499	1416	1443
814	15:57:32	9.02	6499	1416	1443
815	15:57:41	9.11	6499	1415	1443
816	15:57:50	9.01	6499	1415	1443
817	15:57:59	9.11	6499	1415	1443
818	15:58:08	9.02	6499	1415	1443
819	15:58:17	7.91	6499	1415	1442
820	15:58:25	9.01	6499	1415	1442
821	15:58:34	8.82	6499	1415	1442
822	15:58:43	9.00	6499	1415	1442
823	15:58:52	9.12	6499	1414	1442
824	15:59:01	9.00	6499	1414	1442
825	15:59:10	24.95	6499	1414	1441
826	15:59:35	9.01	6499	1414	1441
827	15:59:44	8.51	6499	1414	1441
828	15:59:52	9.44	6499	1414	1441
829	16:00:02	8.10	6499	1414	1441
830	16:00:10	9.00	6499	1413	1441
831	16:00:19	7.61	6499	1413	1441
832	16:00:27	9.01	6499	1413	1440
833	16:00:36	8.51	6499	1413	1440
834	16:00:44	9.01	6499	1413	1440
835	16:00:53	8.22	6499	1413	1440
836	16:01:01	9.00	6499	1413	1440
837	16:01:10	8.52	6499	1412	1440
838	16:01:19	9.00	6499	1412	1440
839	16:01:28	8.52	6499	1412	1440
840	16:01:36	9.00	6499	1412	1440
841	16:01:45	8.52	6499	1412	1439
842	16:01:54	9.01	6499	1412	1439
843	16:02:03	9.32	6499	1412	1439
844	16:02:12	60.36	6499	1411	1439
845	16:03:13	60.12	6499	1410	1438
846	16:04:13	60.14	6499	1409	1437
847	16:05:13	60.10	6499	1408	1436
848	16:06:13	60.12	6499	1408	1435
849	16:07:13	60.37	6499	1407	1434
850	16:08:13	60.14	6499	1406	1433
851	16:09:14	60.13	6499	1405	1432
852	16:10:14	60.12	6499	1404	1431
853	16:11:14	48.61	6499	1403	1430
854	16:12:02	60.35	6499	1402	1429
855	16:13:03	60.10	6499	1401	1428
856	16:14:03	60.12	6499	1400	1427
857	16:15:03	60.11	6499	1399	1426
858	16:16:03	60.14	6499	1398	1425
859	16:17:03	60.11	6499	1397	1424
860	16:18:03	60.11	6499	1396	1423
861	16:19:04	60.36	6499	1395	1422
862	16:20:04	60.12	6499	1394	1421
863	16:21:04	60.12	6499	1393	1420
864	16:22:04	60.13	6499	1392	1419
865	16:23:04	60.12	6499	1392	1418
866	16:24:04	60.12	6499	1391	1417
867	16:25:04	60.11	6499	1390	1416
868	16:26:05	60.11	6499	1389	1415
869	16:27:05	60.38	6499	1388	1414
870	16:28:05	60.12	6499	1387	1413
871	16:29:05	60.12	6499	1386	1412
872	16:30:05	60.11	6499	1385	1411
873	16:31:05	60.11	6499	1384	1410
874	16:32:06	60.11	6499	1383	1409
875	16:33:06	60.16	6499	1383	1408
876	16:34:06	60.09	6499	1382	1407
877	16:35:06	60.12	6499	1381	1406
878	16:36:06	60.17	6499	1380	1405
879	16:37:06	60.15	6499	1379	1404
880	16:38:06	60.10	6499	1378	1403
881	16:39:06	60.12	6499	1377	1402
882	16:40:07	60.11	6499	1376	1401
883	16:41:07	60.12	6499	1376	1400
884	16:42:07	60.11	6499	1375	1399
885	16:43:07	60.12	6499	1374	1398
886	16:44:07	60.11	6499	1373	1397
887	16:45:07	60.12	6499	1372	1396
888	16:46:07	60.10	6499	1371	1395
889	16:47:07	60.12	6499	1370	1394
890	16:48:07	60.11	6499	1370	1393
891	16:49:08	60.13	6499	1369	1392
892	16:50:08	10.26	6499	1368	1391
893	16:50:18	10.48	6499	1368	1391
894	16:50:28	60.13	6499	1368	1391
895	16:51:29	60.41	6499	1367	1390
896	16:52:29	60.11	6499	1366	1389
897	16:53:29	60.11	6499	1365	1388
898	16:54:29	60.12	6499	1365	1387
899	16:55:29	60.11	6499	1364	1386
900	16:56:29	60.14	6499	1363	1385
901	16:57:30	60.11	6499	1362	1384
902	16:58:30	60.11	6499	1361	1383
903	16:59:30	60.12	6499	1360	1382
904	17:00:30	60.11	6499	1359	1381
905	17:01:30	60.11	6499	1359	1380
906	17:02:30	60.11	6499	1358	1379
907	17:03:30	60.11	6499	1357	1378
908	17:04:30	60.12	6499	1356	1377
909	17:05:31	60.12	6499	1355	1376
910	17:06:31	60.14	6499	1354	1375
911	17:07:31	60.11	6499	1353	1374
912	17:08:31	60.11	6499	1353	1373
913	17:09:31	60.17	6499	1352	1372
914	17:10:31	60.11	6499	1351	1371
915	17:11:31	60.11	6499	1350	1370
916	17:12:31	60.13	6499	1349	1369
917	17:13:31	60.10	6499	1348	1368
918	17:14:32	60.12	6499	1347	1368
919	17:15:32	60.11	6499	1347	1367
920	17:16:32	15.33	6499	1331	1353
921	17:16:47	60.56	6499	0	0
922	17:17:48	60.12	6499	0	0
923	17:18:48	60.11	6499	0	0
924	17:19:48	60.12	6499	0	0
925	17:20:48	19.75	6501	0	0
Created by AtlRunQuery on: 2018-12-01 12:13:24.196175
