LHC beam energy and intensities during run 357887:
(Begin/end of run: Thu Aug 09 2018 03:47:26 − 17:34:36)

LB	   Start time
(CEST)	   Duration
(sec)	   Beam energy
(GeV)	   Intensity Beam-1
(1e11 protons)	   Intensity Beam-2
(1e11 protons)
1	03:47:26	60.12	449	11.6	11.77
2	03:48:26	24.32	450	11.6	11.76
3	03:48:50	52.13	449	11.6	11.76
4	03:49:42	60.28	449	11.59	11.75
5	03:50:42	60.12	449	51.73	11.75
6	03:51:43	60.11	450	112	91.29
7	03:52:43	60.11	450	112	112.9
8	03:53:43	60.13	450	252.3	159.3
9	03:54:43	60.12	450	273.9	264.1
10	03:55:43	60.11	450	415.2	332.6
11	03:56:43	60.12	449	540.7	448.5
12	03:57:43	60.12	449	625.6	567.3
13	03:58:43	60.12	450	666.3	665.5
14	03:59:44	60.11	449	683.4	781
15	04:00:44	60.40	450	817.6	896.1
16	04:01:44	60.44	449	950.1	1011
17	04:02:44	60.11	450	1066	1126
18	04:03:45	60.11	450	1179	1271
19	04:04:45	60.10	450	1285	1350
20	04:05:45	60.12	450	1368	1454
21	04:06:45	60.11	449	1509	1567
22	04:07:45	60.12	450	1623	1681
23	04:08:45	60.13	449	1736	1820
24	04:09:45	60.36	450	1850	1947
25	04:10:46	60.11	450	1965	2029
26	04:11:46	60.11	450	2063	2122
27	04:12:46	60.12	450	2176	2235
28	04:13:46	60.11	449	2289	2365
29	04:14:46	60.12	450	2360	2363
30	04:15:46	60.14	449	2364	2461
31	04:16:46	60.11	449	2507	2574
32	04:17:46	60.14	450	2626	2659
33	04:18:47	60.17	449	2654	2658
34	04:19:47	60.11	450	2652	2656
35	04:20:47	60.12	449	2650	2654
36	04:21:47	60.11	450	2648	2652
37	04:22:47	60.12	450	2645	2650
38	04:23:47	59.63	480	2643	2649
39	04:24:47	23.79	582	2632	2637
40	04:25:11	10.52	643	2632	2637
41	04:25:21	60.47	672	2631	2636
42	04:26:22	16.66	882	2631	2635
43	04:26:38	60.26	947	2631	2635
44	04:27:39	60.11	1244	2631	2635
45	04:28:39	60.12	1590	2631	2635
46	04:29:39	60.11	1937	2631	2635
47	04:30:39	60.12	2284	2630	2634
48	04:31:39	60.15	2632	2630	2634
49	04:32:39	60.12	2979	2630	2634
50	04:33:39	60.11	3327	2629	2634
51	04:34:39	60.10	3674	2629	2634
52	04:35:40	60.12	4027	2629	2634
53	04:36:40	60.44	4375	2628	2634
54	04:37:40	60.11	4722	2628	2634
55	04:38:40	60.12	5070	2628	2634
56	04:39:40	60.11	5417	2627	2633
57	04:40:40	60.11	5764	2626	2633
58	04:41:41	60.15	6118	2625	2632
59	04:42:41	38.28	6461	2621	2632
60	04:43:19	18.53	6499	2620	2632
61	04:43:37	60.51	6499	2620	2631
62	04:44:38	60.13	6499	2620	2631
63	04:45:38	60.12	6499	2620	2631
64	04:46:38	60.11	6499	2620	2631
65	04:47:38	60.12	6499	2619	2631
66	04:48:38	60.16	6499	2619	2631
67	04:49:39	60.12	6499	2618	2631
68	04:50:39	60.12	6499	2618	2631
69	04:51:39	60.11	6499	2618	2631
70	04:52:39	60.16	6499	2617	2631
71	04:53:39	60.14	6499	2616	2631
72	04:54:39	60.11	6499	2615	2630
73	04:55:39	60.11	6499	2614	2630
74	04:56:39	29.11	6499	2612	2630
75	04:57:09	60.35	6499	2612	2629
76	04:58:09	60.12	6499	2611	2629
77	04:59:09	60.12	6499	2610	2629
78	05:00:09	60.16	6499	2609	2629
79	05:01:09	60.10	6499	2608	2628
80	05:02:09	60.12	6499	2607	2628
81	05:03:10	60.11	6499	2607	2628
82	05:04:10	60.12	6499	2606	2628
83	05:05:10	60.11	6499	2605	2627
84	05:06:10	60.14	6499	2604	2627
85	05:07:10	60.11	6499	2604	2627
86	05:08:10	60.11	6499	2603	2627
87	05:09:10	60.12	6499	2602	2626
88	05:10:10	60.12	6499	2602	2626
89	05:11:11	60.12	6499	2601	2626
90	05:12:11	60.16	6499	2599	2625
91	05:13:11	60.11	6499	2596	2623
92	05:14:11	60.15	6499	2593	2619
93	05:15:11	60.13	6499	2590	2615
94	05:16:11	60.16	6499	2587	2612
95	05:17:11	60.14	6499	2584	2609
96	05:18:11	28.48	6499	2582	2607
97	05:18:40	60.48	6499	2580	2605
98	05:19:40	60.18	6499	2578	2603
99	05:20:41	60.10	6499	2575	2600
100	05:21:41	60.11	6499	2572	2597
101	05:22:41	41.52	6499	2569	2594
102	05:23:22	60.43	6499	2566	2592
103	05:24:23	60.12	6499	2564	2589
104	05:25:23	60.38	6499	2561	2586
105	05:26:23	60.17	6499	2558	2583
106	05:27:23	60.12	6499	2555	2580
107	05:28:24	60.11	6499	2552	2577
108	05:29:24	18.95	6499	2551	2576
109	05:29:43	60.19	6499	2549	2574
110	05:30:43	9.27	6499	2548	2572
111	05:30:52	13.35	6499	2547	2572
112	05:31:05	9.01	6499	2547	2571
113	05:31:14	9.70	6499	2547	2571
114	05:31:24	9.02	6499	2546	2571
115	05:31:33	8.80	6499	2546	2571
116	05:31:42	9.01	6499	2546	2570
117	05:31:51	9.12	6499	2546	2570
118	05:32:00	9.01	6499	2545	2570
119	05:32:09	8.81	6499	2545	2569
120	05:32:18	9.00	6499	2545	2569
121	05:32:27	9.12	6499	2544	2569
122	05:32:36	9.01	6499	2544	2568
123	05:32:45	9.12	6499	2543	2568
124	05:32:54	9.01	6499	2543	2568
125	05:33:03	8.82	6499	2543	2567
126	05:33:12	9.00	6499	2543	2567
127	05:33:21	9.17	6499	2542	2567
128	05:33:30	9.01	6499	2542	2566
129	05:33:39	25.24	6499	2542	2566
130	05:34:04	9.01	6499	2541	2565
131	05:34:13	8.51	6499	2541	2565
132	05:34:22	9.00	6499	2540	2565
133	05:34:31	8.52	6499	2540	2564
134	05:34:39	9.00	6499	2540	2564
135	05:34:48	8.52	6499	2540	2564
136	05:34:57	9.02	6499	2539	2564
137	05:35:06	8.51	6499	2539	2563
138	05:35:14	9.02	6499	2539	2563
139	05:35:24	8.51	6499	2538	2562
140	05:35:32	9.00	6499	2538	2562
141	05:35:41	8.52	6499	2538	2562
142	05:35:50	9.01	6499	2537	2561
143	05:35:59	8.52	6499	2537	2561
144	05:36:07	9.00	6499	2537	2561
145	05:36:16	8.52	6499	2536	2561
146	05:36:25	9.00	6499	2536	2560
147	05:36:34	9.58	6499	2536	2560
148	05:36:43	60.31	6499	2535	2559
149	05:37:43	60.11	6499	2533	2556
150	05:38:44	60.11	6499	2531	2554
151	05:39:44	32.78	6499	2529	2553
152	05:40:16	60.42	6499	2528	2551
153	05:41:17	27.05	6499	2526	2549
154	05:41:44	60.15	6499	2525	2547
155	05:42:44	34.21	6499	2523	2546
156	05:43:18	60.03	6499	2521	2544
157	05:44:18	60.36	6499	2519	2541
158	05:45:19	60.12	6499	2517	2539
159	05:46:19	60.11	6499	2514	2537
160	05:47:19	60.17	6499	2512	2534
161	05:48:19	60.12	6499	2510	2532
162	05:49:19	60.17	6499	2507	2530
163	05:50:19	60.16	6499	2504	2527
164	05:51:20	60.11	6499	2502	2525
165	05:52:20	60.15	6499	2499	2522
166	05:53:20	60.18	6499	2497	2520
167	05:54:20	60.16	6499	2494	2518
168	05:55:20	30.92	6499	2493	2516
169	05:55:51	60.29	6499	2491	2514
170	05:56:51	60.16	6499	2488	2512
171	05:57:52	60.12	6499	2486	2509
172	05:58:52	60.12	6499	2483	2507
173	05:59:52	29.03	6499	2482	2505
174	06:00:21	60.14	6499	2480	2504
175	06:01:21	60.12	6499	2478	2502
176	06:02:21	60.11	6499	2475	2500
177	06:03:21	60.16	6499	2473	2497
178	06:04:21	38.84	6499	2471	2496
179	06:05:00	60.11	6499	2469	2494
180	06:06:00	60.11	6499	2467	2492
181	06:07:00	60.12	6499	2465	2490
182	06:08:01	15.83	6499	2464	2488
183	06:08:16	60.07	6499	2462	2487
184	06:09:16	60.10	6499	2460	2485
185	06:10:17	26.28	6499	2458	2484
186	06:10:43	60.41	6499	2457	2482
187	06:11:43	60.41	6499	2455	2480
188	06:12:44	60.11	6499	2452	2478
189	06:13:44	60.16	6499	2450	2476
190	06:14:44	60.13	6499	2448	2474
191	06:15:44	60.12	6499	2446	2472
192	06:16:44	52.16	6499	2444	2470
193	06:17:36	60.05	6499	2442	2468
194	06:18:36	60.11	6499	2440	2466
195	06:19:36	60.11	6499	2438	2464
196	06:20:37	60.11	6499	2436	2463
197	06:21:37	60.13	6499	2434	2461
198	06:22:37	60.15	6499	2432	2459
199	06:23:37	60.10	6499	2430	2457
200	06:24:37	60.16	6499	2428	2455
201	06:25:37	60.39	6499	2425	2453
202	06:26:38	60.14	6499	2423	2451
203	06:27:38	60.16	6499	2421	2449
204	06:28:38	60.13	6499	2419	2447
205	06:29:38	60.36	6499	2417	2445
206	06:30:38	60.17	6499	2415	2443
207	06:31:39	60.11	6499	2413	2442
208	06:32:39	60.17	6499	2411	2440
209	06:33:39	60.11	6499	2409	2438
210	06:34:39	60.11	6499	2407	2436
211	06:35:39	60.37	6499	2405	2434
212	06:36:39	60.12	6499	2403	2432
213	06:37:40	60.11	6499	2401	2430
214	06:38:40	60.12	6499	2399	2429
215	06:39:40	60.35	6499	2397	2427
216	06:40:40	60.13	6499	2395	2425
217	06:41:40	60.11	6499	2393	2423
218	06:42:40	60.11	6499	2391	2421
219	06:43:40	60.12	6499	2389	2419
220	06:44:41	60.16	6499	2387	2417
221	06:45:41	60.12	6499	2385	2416
222	06:46:41	60.11	6499	2383	2414
223	06:47:41	27.35	6499	2382	2413
224	06:48:08	60.33	6499	2380	2411
225	06:49:09	60.11	6499	2378	2410
226	06:50:09	60.13	6499	2377	2408
227	06:51:09	60.11	6499	2375	2406
228	06:52:09	60.12	6499	2373	2404
229	06:53:09	60.13	6499	2371	2403
230	06:54:09	60.11	6499	2369	2401
231	06:55:09	60.11	6499	2367	2399
232	06:56:10	10.31	6499	2366	2398
233	06:56:20	60.13	6499	2364	2397
234	06:57:20	60.12	6499	2362	2395
235	06:58:20	60.16	6499	2361	2394
236	06:59:20	60.10	6499	2358	2392
237	07:00:20	60.41	6499	2357	2390
238	07:01:21	60.11	6499	2355	2388
239	07:02:21	60.17	6499	2353	2387
240	07:03:21	60.11	6499	2351	2385
241	07:04:21	25.55	6499	2349	2384
242	07:04:47	60.38	6499	2348	2382
243	07:05:47	60.15	6499	2346	2381
244	07:06:47	60.11	6499	2344	2379
245	07:07:47	60.12	6499	2342	2377
246	07:08:47	60.11	6499	2340	2376
247	07:09:48	60.11	6499	2338	2374
248	07:10:48	60.12	6499	2336	2372
249	07:11:48	60.12	6499	2334	2371
250	07:12:48	60.16	6499	2332	2369
251	07:13:48	60.11	6499	2330	2367
252	07:14:48	60.12	6499	2328	2366
253	07:15:48	60.12	6499	2327	2364
254	07:16:48	60.12	6499	2325	2362
255	07:17:49	60.14	6499	2323	2361
256	07:18:49	60.11	6499	2321	2359
257	07:19:49	60.12	6499	2319	2357
258	07:20:49	60.12	6499	2317	2356
259	07:21:49	60.13	6499	2315	2354
260	07:22:49	60.11	6499	2313	2352
261	07:23:49	60.12	6499	2311	2351
262	07:24:49	23.49	6499	2310	2350
263	07:25:13	60.46	6499	2309	2349
264	07:26:13	60.11	6499	2307	2347
265	07:27:13	60.13	6499	2305	2345
266	07:28:14	60.11	6499	2303	2344
267	07:29:14	60.14	6499	2301	2342
268	07:30:14	60.15	6499	2299	2340
269	07:31:14	60.40	6499	2297	2339
270	07:32:14	60.12	6499	2296	2337
271	07:33:15	60.16	6499	2294	2335
272	07:34:15	60.11	6499	2292	2334
273	07:35:15	60.12	6499	2290	2332
274	07:36:15	60.13	6499	2288	2331
275	07:37:15	16.63	6499	2287	2330
276	07:37:32	60.55	6499	2286	2329
277	07:38:32	60.13	6499	2284	2327
278	07:39:32	60.37	6499	2282	2325
279	07:40:33	60.11	6499	2280	2324
280	07:41:33	60.12	6499	2278	2322
281	07:42:33	60.11	6499	2277	2321
282	07:43:33	60.11	6499	2275	2319
283	07:44:33	60.16	6499	2273	2317
284	07:45:33	60.11	6499	2271	2316
285	07:46:33	60.13	6499	2269	2314
286	07:47:34	60.36	6499	2267	2313
287	07:48:34	60.12	6499	2266	2311
288	07:49:34	60.14	6499	2264	2309
289	07:50:34	60.12	6499	2262	2308
290	07:51:34	60.16	6499	2260	2306
291	07:52:34	60.11	6499	2258	2305
292	07:53:35	60.14	6499	2257	2303
293	07:54:35	60.16	6499	2255	2302
294	07:55:35	25.22	6499	2254	2300
295	07:56:00	60.59	6499	2252	2299
296	07:57:01	60.10	6499	2251	2298
297	07:58:01	60.11	6499	2249	2296
298	07:59:01	60.13	6499	2247	2295
299	08:00:01	60.15	6499	2245	2293
300	08:01:01	60.16	6499	2243	2291
301	08:02:01	60.11	6499	2242	2290
302	08:03:01	60.10	6499	2240	2288
303	08:04:02	60.11	6499	2238	2287
304	08:05:02	60.10	6499	2237	2285
305	08:06:02	60.17	6499	2235	2284
306	08:07:02	60.10	6499	2233	2282
307	08:08:02	60.12	6499	2231	2281
308	08:09:02	60.12	6499	2229	2279
309	08:10:02	60.11	6499	2228	2277
310	08:11:02	60.11	6499	2226	2276
311	08:12:02	60.12	6499	2224	2274
312	08:13:03	60.11	6499	2222	2273
313	08:14:03	60.26	6499	2221	2271
314	08:15:03	49.23	6499	2219	2270
315	08:15:52	60.25	6499	2217	2268
316	08:16:52	60.16	6499	2216	2267
317	08:17:53	60.12	6499	2214	2265
318	08:18:53	60.11	6499	2212	2264
319	08:19:53	60.15	6499	2211	2262
320	08:20:53	60.11	6499	2209	2261
321	08:21:53	60.16	6499	2207	2259
322	08:22:53	60.12	6499	2205	2257
323	08:23:53	60.12	6499	2204	2256
324	08:24:54	60.13	6499	2202	2254
325	08:25:54	60.11	6499	2200	2253
326	08:26:54	60.16	6499	2198	2251
327	08:27:54	60.12	6499	2197	2249
328	08:28:54	60.11	6499	2195	2248
329	08:29:54	60.14	6499	2193	2246
330	08:30:54	60.16	6499	2191	2245
331	08:31:54	60.12	6499	2190	2243
332	08:32:55	43.46	6499	2188	2242
333	08:33:38	60.53	6499	2187	2241
334	08:34:39	60.12	6499	2185	2239
335	08:35:39	60.16	6499	2183	2238
336	08:36:39	60.11	6499	2181	2236
337	08:37:39	60.14	6499	2180	2234
338	08:38:39	60.14	6499	2178	2233
339	08:39:39	60.12	6499	2176	2231
340	08:40:39	60.10	6499	2175	2230
341	08:41:39	60.39	6499	2173	2228
342	08:42:40	60.16	6499	2171	2227
343	08:43:40	60.12	6499	2169	2225
344	08:44:40	60.16	6499	2168	2223
345	08:45:40	60.11	6499	2166	2222
346	08:46:40	60.13	6499	2164	2220
347	08:47:41	60.36	6499	2163	2219
348	08:48:41	60.17	6499	2161	2217
349	08:49:41	60.11	6499	2159	2216
350	08:50:41	60.16	6499	2157	2214
351	08:51:41	60.13	6499	2156	2213
352	08:52:41	60.11	6499	2154	2211
353	08:53:42	60.11	6499	2152	2209
354	08:54:42	29.86	6499	2151	2208
355	08:55:12	60.56	6499	2150	2207
356	08:56:12	60.38	6499	2148	2206
357	08:57:12	60.17	6499	2146	2204
358	08:58:13	60.10	6499	2145	2202
359	08:59:13	60.13	6499	2143	2201
360	09:00:13	60.11	6499	2141	2199
361	09:01:13	60.17	6499	2140	2198
362	09:02:13	60.11	6499	2138	2196
363	09:03:13	60.14	6499	2136	2195
364	09:04:13	60.12	6499	2134	2193
365	09:05:14	60.11	6499	2133	2192
366	09:06:14	60.11	6499	2131	2190
367	09:07:14	60.18	6499	2129	2189
368	09:08:14	60.35	6499	2128	2187
369	09:09:14	60.15	6499	2126	2186
370	09:10:14	60.11	6499	2124	2184
371	09:11:15	60.16	6499	2123	2183
372	09:12:15	60.12	6499	2121	2181
373	09:13:15	60.16	6499	2120	2180
374	09:14:15	60.12	6499	2118	2178
375	09:15:15	60.17	6499	2116	2176
376	09:16:15	60.11	6499	2115	2175
377	09:17:15	60.17	6499	2113	2173
378	09:18:16	60.11	6499	2111	2172
379	09:19:16	60.13	6499	2110	2170
380	09:20:16	10.31	6499	2109	2169
381	09:20:26	60.44	6499	2108	2168
382	09:21:27	60.16	6499	2106	2167
383	09:22:27	60.37	6499	2104	2165
384	09:23:27	60.11	6499	2103	2163
385	09:24:27	10.27	6499	2102	2163
386	09:24:37	60.12	6499	2101	2162
387	09:25:38	60.12	6499	2099	2160
388	09:26:38	60.17	6499	2098	2159
389	09:27:38	60.17	6499	2096	2157
390	09:28:38	60.11	6499	2094	2156
391	09:29:38	60.12	6499	2093	2154
392	09:30:38	60.12	6499	2091	2152
393	09:31:38	60.16	6499	2089	2151
394	09:32:39	60.36	6499	2088	2149
395	09:33:39	60.11	6499	2086	2148
396	09:34:39	60.10	6499	2085	2146
397	09:35:39	60.17	6499	2083	2145
398	09:36:39	60.11	6499	2081	2143
399	09:37:39	60.11	6499	2080	2142
400	09:38:39	60.12	6499	2078	2140
401	09:39:40	60.11	6499	2076	2139
402	09:40:40	60.11	6499	2075	2137
403	09:41:40	60.18	6499	2073	2136
404	09:42:40	60.11	6499	2072	2134
405	09:43:40	60.11	6499	2070	2133
406	09:44:40	60.15	6499	2068	2131
407	09:45:40	10.27	6499	2068	2130
408	09:45:51	60.46	6499	2067	2129
409	09:46:51	60.11	6499	2065	2128
410	09:47:51	60.11	6499	2063	2126
411	09:48:51	60.11	6499	2062	2125
412	09:49:51	60.10	6499	2060	2123
413	09:50:52	60.16	6499	2059	2121
414	09:51:52	60.14	6499	2057	2120
415	09:52:52	60.43	6499	2056	2118
416	09:53:52	60.10	6499	2054	2117
417	09:54:52	60.17	6499	2052	2115
418	09:55:53	60.11	6499	2051	2114
419	09:56:53	60.15	6499	2049	2112
420	09:57:53	60.12	6499	2048	2111
421	09:58:53	60.11	6499	2046	2109
422	09:59:53	60.11	6499	2045	2108
423	10:00:53	60.11	6499	2043	2106
424	10:01:53	60.11	6499	2041	2105
425	10:02:53	60.11	6499	2040	2103
426	10:03:53	60.15	6499	2038	2102
427	10:04:54	60.14	6499	2037	2100
428	10:05:54	60.16	6499	2035	2099
429	10:06:54	60.12	6499	2034	2097
430	10:07:54	60.13	6499	2032	2096
431	10:08:54	60.17	6499	2030	2094
432	10:09:54	60.12	6499	2029	2093
433	10:10:54	60.11	6499	2027	2091
434	10:11:55	60.11	6499	2026	2090
435	10:12:55	60.12	6499	2024	2088
436	10:13:55	52.15	6499	2023	2087
437	10:14:47	60.38	6499	2021	2085
438	10:15:47	60.10	6499	2020	2084
439	10:16:47	60.15	6499	2018	2082
440	10:17:48	60.10	6499	2016	2081
441	10:18:48	60.12	6499	2015	2079
442	10:19:48	60.11	6499	2013	2078
443	10:20:48	60.13	6499	2012	2076
444	10:21:48	60.10	6499	2010	2075
445	10:22:48	60.16	6499	2009	2073
446	10:23:48	60.12	6499	2007	2072
447	10:24:48	60.16	6499	2006	2070
448	10:25:49	60.12	6499	2004	2069
449	10:26:49	10.30	6499	2003	2068
450	10:26:59	11.30	6499	2003	2068
451	10:27:10	60.14	6499	2002	2067
452	10:28:10	60.11	6499	2001	2065
453	10:29:11	60.11	6499	1999	2064
454	10:30:11	60.16	6499	1998	2062
455	10:31:11	60.16	6499	1996	2061
456	10:32:11	60.11	6499	1995	2059
457	10:33:11	60.17	6499	1993	2058
458	10:34:11	60.16	6499	1991	2056
459	10:35:11	60.12	6499	1990	2055
460	10:36:12	10.27	6499	1989	2054
461	10:36:22	60.16	6499	1988	2053
462	10:37:22	60.35	6499	1987	2052
463	10:38:22	60.13	6499	1985	2050
464	10:39:22	60.13	6499	1984	2048
465	10:40:23	60.16	6499	1982	2047
466	10:41:23	38.20	6499	1981	2046
467	10:42:01	21.83	6499	1980	2045
468	10:42:23	60.52	6499	1979	2044
469	10:43:23	60.12	6499	1978	2042
470	10:44:23	60.14	6499	1976	2041
471	10:45:24	60.15	6499	1975	2040
472	10:46:24	60.11	6499	1973	2038
473	10:47:24	60.14	6499	1972	2037
474	10:48:24	60.11	6499	1970	2035
475	10:49:24	60.11	6499	1969	2034
476	10:50:24	60.17	6499	1967	2032
477	10:51:24	60.11	6499	1966	2031
478	10:52:24	60.12	6499	1964	2029
479	10:53:25	60.10	6499	1963	2028
480	10:54:25	60.11	6499	1961	2026
481	10:55:25	60.34	6499	1960	2025
482	10:56:25	60.10	6499	1958	2023
483	10:57:25	60.11	6499	1957	2022
484	10:58:25	60.13	6499	1955	2020
485	10:59:25	60.16	6499	1954	2019
486	11:00:26	60.16	6499	1952	2017
487	11:01:26	60.34	6499	1951	2016
488	11:02:26	60.12	6499	1949	2014
489	11:03:26	60.16	6499	1948	2013
490	11:04:26	60.12	6499	1946	2011
491	11:05:27	60.11	6499	1945	2010
492	11:06:27	60.12	6499	1943	2008
493	11:07:27	60.15	6499	1942	2007
494	11:08:27	60.12	6499	1940	2005
495	11:09:27	60.11	6499	1939	2004
496	11:10:27	18.02	6499	1938	2003
497	11:10:45	60.55	6499	1937	2002
498	11:11:46	60.11	6499	1936	2001
499	11:12:46	60.12	6499	1934	1999
500	11:13:46	60.12	6499	1933	1998
501	11:14:46	60.13	6499	1931	1996
502	11:15:46	60.11	6499	1930	1995
503	11:16:46	60.17	6499	1928	1993
504	11:17:46	60.13	6499	1927	1992
505	11:18:47	60.17	6498	1925	1990
506	11:19:47	60.36	6499	1924	1989
507	11:20:47	60.14	6499	1923	1987
508	11:21:47	60.36	6499	1921	1986
509	11:22:48	60.15	6499	1920	1984
510	11:23:48	60.35	6499	1918	1983
511	11:24:48	60.15	6499	1917	1981
512	11:25:48	60.11	6499	1915	1980
513	11:26:48	60.11	6499	1914	1979
514	11:27:49	60.11	6499	1912	1977
515	11:28:49	60.11	6499	1911	1975
516	11:29:49	60.12	6499	1910	1974
517	11:30:49	60.18	6499	1908	1973
518	11:31:49	60.12	6499	1907	1971
519	11:32:49	60.13	6499	1905	1970
520	11:33:49	60.15	6499	1904	1968
521	11:34:49	60.13	6499	1902	1967
522	11:35:50	60.35	6499	1901	1965
523	11:36:50	60.13	6499	1899	1964
524	11:37:50	60.16	6499	1898	1963
525	11:38:50	60.18	6499	1897	1961
526	11:39:50	60.12	6499	1895	1960
527	11:40:50	60.11	6499	1894	1958
528	11:41:51	60.13	6499	1892	1957
529	11:42:51	19.52	6499	1891	1956
530	11:43:10	60.47	6499	1890	1955
531	11:44:11	60.16	6499	1889	1954
532	11:45:11	60.11	6499	1888	1952
533	11:46:11	60.17	6499	1886	1951
534	11:47:11	60.18	6499	1885	1949
535	11:48:11	60.19	6499	1883	1948
536	11:49:12	60.13	6499	1882	1946
537	11:50:12	60.15	6499	1881	1945
538	11:51:12	60.11	6499	1879	1943
539	11:52:12	60.14	6499	1878	1942
540	11:53:12	60.17	6499	1876	1941
541	11:54:12	60.12	6499	1875	1939
542	11:55:12	60.14	6499	1874	1938
543	11:56:12	60.12	6499	1872	1936
544	11:57:13	60.14	6499	1871	1935
545	11:58:13	60.17	6499	1869	1933
546	11:59:13	60.12	6499	1868	1932
547	12:00:13	60.14	6499	1867	1931
548	12:01:13	60.14	6499	1865	1929
549	12:02:13	60.11	6499	1864	1928
550	12:03:13	60.11	6499	1862	1926
551	12:04:14	60.12	6499	1861	1925
552	12:05:14	10.27	6499	1860	1924
553	12:05:24	60.12	6499	1859	1923
554	12:06:24	60.36	6499	1858	1922
555	12:07:24	60.11	6499	1856	1920
556	12:08:24	60.16	6499	1855	1919
557	12:09:25	60.13	6499	1854	1918
558	12:10:25	60.12	6499	1852	1916
559	12:11:25	60.14	6499	1851	1915
560	12:12:25	60.39	6499	1850	1914
561	12:13:25	60.38	6499	1848	1912
562	12:14:26	19.70	6499	1847	1911
563	12:14:46	60.48	6499	1846	1910
564	12:15:46	60.19	6499	1845	1909
565	12:16:46	60.17	6499	1844	1908
566	12:17:46	60.19	6499	1842	1906
567	12:18:47	60.14	6499	1841	1905
568	12:19:47	60.16	6499	1839	1903
569	12:20:47	60.12	6499	1838	1902
570	12:21:47	60.17	6499	1836	1900
571	12:22:47	60.15	6499	1835	1899
572	12:23:47	60.14	6499	1833	1897
573	12:24:47	60.18	6499	1831	1895
574	12:25:48	60.15	6499	1829	1893
575	12:26:48	60.12	6499	1828	1892
576	12:27:48	60.11	6499	1826	1890
577	12:28:48	60.13	6499	1824	1888
578	12:29:48	60.14	6499	1823	1886
579	12:30:48	60.19	6499	1821	1885
580	12:31:48	60.15	6499	1819	1883
581	12:32:49	60.11	6499	1818	1881
582	12:33:49	60.12	6499	1816	1880
583	12:34:49	60.12	6499	1814	1878
584	12:35:49	60.15	6499	1813	1876
585	12:36:49	60.37	6499	1811	1874
586	12:37:49	60.14	6499	1810	1873
587	12:38:50	60.13	6499	1808	1871
588	12:39:50	60.13	6499	1806	1869
589	12:40:50	60.12	6499	1805	1867
590	12:41:50	60.11	6499	1803	1866
591	12:42:50	60.11	6499	1802	1864
592	12:43:50	60.12	6499	1800	1862
593	12:44:50	60.12	6499	1798	1861
594	12:45:50	60.12	6499	1797	1859
595	12:46:51	60.12	6499	1795	1857
596	12:47:51	60.14	6499	1794	1855
597	12:48:51	37.56	6499	1793	1854
598	12:49:28	60.16	6499	1791	1853
599	12:50:29	60.13	6499	1790	1851
600	12:51:29	60.12	6499	1788	1849
601	12:52:29	60.16	6499	1787	1848
602	12:53:29	60.16	6499	1785	1846
603	12:54:29	60.13	6499	1784	1844
604	12:55:29	60.13	6499	1782	1842
605	12:56:29	60.11	6499	1780	1841
606	12:57:29	60.12	6499	1779	1839
607	12:58:30	60.17	6499	1777	1838
608	12:59:30	60.16	6499	1776	1836
609	13:00:30	60.14	6499	1774	1834
610	13:01:30	60.15	6499	1773	1832
611	13:02:30	60.14	6499	1771	1831
612	13:03:30	60.12	6499	1770	1829
613	13:04:30	60.16	6499	1768	1827
614	13:05:31	60.17	6499	1767	1826
615	13:06:31	60.11	6499	1765	1824
616	13:07:31	60.14	6499	1764	1822
617	13:08:31	60.12	6499	1762	1821
618	13:09:31	60.37	6499	1761	1819
619	13:10:32	60.13	6499	1759	1817
620	13:11:32	60.14	6499	1758	1816
621	13:12:32	60.14	6499	1756	1814
622	13:13:32	60.15	6499	1755	1813
623	13:14:32	60.13	6499	1753	1811
624	13:15:32	60.17	6499	1752	1809
625	13:16:32	60.15	6499	1750	1808
626	13:17:33	60.15	6499	1749	1806
627	13:18:33	60.13	6499	1747	1804
628	13:19:33	60.11	6499	1746	1803
629	13:20:33	60.13	6499	1744	1801
630	13:21:33	60.15	6499	1743	1800
631	13:22:33	60.14	6499	1741	1798
632	13:23:33	60.14	6499	1740	1796
633	13:24:33	60.17	6499	1738	1795
634	13:25:34	60.19	6499	1737	1793
635	13:26:34	23.85	6499	1736	1792
636	13:26:58	60.34	6499	1735	1791
637	13:27:58	60.14	6499	1733	1789
638	13:28:58	60.16	6499	1732	1788
639	13:29:58	60.17	6499	1731	1786
640	13:30:58	60.11	6498	1729	1785
641	13:31:59	60.18	6499	1728	1783
642	13:32:59	48.04	6499	1726	1782
643	13:33:47	60.58	6499	1725	1780
644	13:34:47	60.14	6499	1724	1779
645	13:35:48	60.16	6499	1722	1777
646	13:36:48	60.12	6499	1721	1775
647	13:37:48	60.17	6499	1720	1774
648	13:38:48	60.11	6499	1718	1773
649	13:39:48	60.13	6499	1717	1771
650	13:40:48	60.12	6499	1715	1769
651	13:41:48	54.56	6499	1714	1768
652	13:42:43	60.20	6499	1713	1766
653	13:43:43	60.17	6499	1711	1765
654	13:44:43	60.11	6499	1710	1763
655	13:45:43	60.14	6499	1708	1762
656	13:46:44	60.15	6499	1707	1760
657	13:47:44	60.13	6499	1706	1759
658	13:48:44	60.11	6499	1704	1757
659	13:49:44	60.16	6499	1703	1756
660	13:50:44	60.13	6499	1702	1754
661	13:51:44	60.10	6499	1700	1753
662	13:52:44	60.17	6499	1699	1751
663	13:53:44	60.11	6499	1697	1750
664	13:54:45	60.14	6499	1696	1748
665	13:55:45	60.12	6499	1695	1747
666	13:56:45	60.11	6499	1693	1745
667	13:57:45	60.18	6499	1692	1744
668	13:58:45	60.12	6499	1691	1742
669	13:59:45	60.17	6499	1690	1741
670	14:00:45	60.13	6499	1688	1739
671	14:01:46	60.15	6499	1687	1738
672	14:02:46	60.12	6499	1686	1736
673	14:03:46	60.12	6499	1684	1735
674	14:04:46	60.18	6499	1683	1733
675	14:05:46	60.11	6499	1682	1732
676	14:06:46	60.11	6499	1680	1730
677	14:07:46	60.11	6499	1679	1729
678	14:08:46	15.21	6499	1678	1728
679	14:09:02	60.46	6499	1677	1727
680	14:10:02	60.40	6499	1676	1725
681	14:11:03	60.13	6499	1675	1724
682	14:12:03	60.15	6499	1673	1722
683	14:13:03	60.16	6499	1672	1721
684	14:14:03	60.14	6499	1671	1720
685	14:15:03	60.12	6499	1669	1718
686	14:16:03	60.11	6499	1667	1717
687	14:17:03	60.11	6499	1666	1715
688	14:18:03	60.14	6499	1664	1713
689	14:19:04	60.10	6499	1663	1712
690	14:20:04	60.11	6499	1661	1710
691	14:21:04	60.12	6499	1660	1709
692	14:22:04	60.14	6499	1658	1707
693	14:23:04	60.11	6499	1657	1706
694	14:24:04	60.38	6499	1655	1704
695	14:25:05	60.15	6499	1654	1703
696	14:26:05	60.11	6499	1652	1701
697	14:27:05	60.16	6499	1651	1699
698	14:28:05	60.12	6499	1649	1698
699	14:29:05	60.12	6499	1648	1696
700	14:30:05	60.13	6499	1646	1695
701	14:31:05	60.16	6499	1645	1693
702	14:32:06	60.37	6499	1643	1692
703	14:33:06	60.12	6499	1642	1690
704	14:34:06	60.14	6499	1640	1689
705	14:35:06	60.14	6499	1639	1687
706	14:36:06	60.16	6499	1637	1686
707	14:37:06	60.18	6499	1636	1684
708	14:38:07	10.30	6499	1635	1684
709	14:38:17	60.12	6499	1634	1683
710	14:39:17	33.20	6499	1633	1682
711	14:39:50	60.21	6499	1632	1680
712	14:40:50	60.13	6499	1630	1679
713	14:41:51	60.12	6499	1629	1678
714	14:42:51	60.17	6499	1628	1676
715	14:43:51	60.15	6499	1626	1675
716	14:44:51	60.13	6499	1625	1673
717	14:45:51	60.15	6499	1623	1672
718	14:46:51	60.15	6499	1622	1670
719	14:47:51	60.38	6499	1620	1669
720	14:48:52	60.15	6499	1619	1667
721	14:49:52	60.18	6499	1618	1666
722	14:50:52	60.12	6499	1616	1664
723	14:51:52	60.16	6499	1615	1663
724	14:52:52	60.14	6499	1613	1662
725	14:53:53	60.12	6499	1612	1660
726	14:54:53	60.12	6499	1610	1659
727	14:55:53	60.13	6499	1609	1657
728	14:56:53	60.16	6499	1608	1656
729	14:57:53	60.15	6499	1606	1655
730	14:58:53	46.29	6499	1605	1653
731	14:59:40	60.49	6499	1604	1652
732	15:00:40	60.15	6499	1602	1650
733	15:01:40	60.12	6499	1601	1649
734	15:02:40	60.13	6499	1600	1648
735	15:03:40	60.14	6499	1598	1646
736	15:04:41	60.15	6499	1597	1645
737	15:05:41	60.16	6499	1596	1643
738	15:06:41	60.13	6499	1594	1642
739	15:07:41	60.12	6499	1593	1641
740	15:08:41	60.15	6499	1591	1639
741	15:09:41	60.12	6499	1590	1638
742	15:10:41	60.16	6499	1589	1636
743	15:11:42	60.36	6499	1587	1635
744	15:12:42	60.12	6499	1586	1634
745	15:13:42	60.14	6499	1585	1632
746	15:14:42	60.13	6499	1583	1631
747	15:15:42	60.11	6499	1582	1629
748	15:16:42	60.15	6499	1581	1628
749	15:17:43	60.35	6499	1579	1627
750	15:18:43	60.14	6499	1578	1625
751	15:19:43	60.19	6499	1577	1624
752	15:20:43	60.13	6499	1575	1622
753	15:21:43	60.13	6499	1574	1621
754	15:22:43	60.14	6499	1573	1620
755	15:23:44	60.13	6499	1571	1618
756	15:24:44	60.13	6499	1570	1617
757	15:25:44	60.11	6499	1569	1615
758	15:26:44	60.18	6499	1568	1614
759	15:27:44	60.13	6499	1566	1612
760	15:28:44	60.14	6499	1565	1611
761	15:29:44	60.11	6499	1564	1610
762	15:30:45	60.16	6499	1562	1608
763	15:31:45	60.12	6499	1561	1607
764	15:32:45	60.18	6499	1560	1605
765	15:33:45	60.13	6499	1558	1604
766	15:34:45	60.13	6499	1557	1603
767	15:35:45	60.10	6499	1556	1602
768	15:36:45	60.12	6499	1555	1600
769	15:37:45	60.16	6499	1553	1599
770	15:38:46	60.16	6499	1552	1597
771	15:39:46	60.11	6499	1551	1596
772	15:40:46	60.17	6499	1550	1595
773	15:41:46	60.16	6499	1548	1593
774	15:42:46	60.11	6499	1547	1592
775	15:43:46	60.11	6499	1546	1591
776	15:44:46	60.17	6499	1545	1589
777	15:45:47	60.14	6499	1543	1588
778	15:46:47	60.18	6499	1542	1587
779	15:47:47	60.15	6499	1541	1585
780	15:48:47	60.11	6499	1540	1584
781	15:49:47	60.13	6499	1538	1583
782	15:50:47	60.11	6499	1537	1581
783	15:51:47	38.04	6499	1536	1580
784	15:52:26	60.58	6499	1535	1579
785	15:53:26	60.12	6499	1534	1578
786	15:54:26	60.12	6499	1533	1576
787	15:55:26	60.14	6499	1532	1575
788	15:56:26	60.16	6499	1530	1574
789	15:57:27	60.14	6499	1529	1572
790	15:58:27	60.15	6499	1528	1571
791	15:59:27	60.17	6499	1527	1570
792	16:00:27	60.12	6499	1526	1569
793	16:01:27	60.17	6499	1524	1567
794	16:02:27	60.12	6499	1523	1566
795	16:03:27	60.11	6499	1522	1565
796	16:04:28	60.14	6499	1521	1564
797	16:05:28	60.15	6499	1520	1562
798	16:06:28	60.37	6499	1518	1561
799	16:07:28	60.12	6499	1517	1560
800	16:08:28	60.14	6499	1516	1558
801	16:09:29	60.12	6499	1515	1557
802	16:10:29	60.10	6499	1514	1556
803	16:11:29	60.14	6499	1513	1554
804	16:12:29	60.12	6499	1511	1553
805	16:13:29	60.14	6499	1510	1552
806	16:14:29	60.17	6499	1509	1550
807	16:15:29	60.14	6499	1508	1549
808	16:16:29	60.38	6499	1507	1548
809	16:17:30	60.14	6499	1506	1547
810	16:18:30	60.11	6499	1504	1545
811	16:19:30	60.16	6499	1503	1544
812	16:20:30	60.11	6499	1502	1543
813	16:21:30	60.13	6499	1501	1542
814	16:22:30	60.11	6499	1500	1540
815	16:23:31	60.16	6499	1499	1539
816	16:24:31	60.12	6499	1498	1538
817	16:25:31	60.17	6499	1497	1537
818	16:26:31	60.11	6499	1495	1535
819	16:27:31	60.11	6499	1494	1534
820	16:28:31	60.11	6499	1493	1533
821	16:29:31	60.11	6499	1492	1532
822	16:30:31	60.13	6499	1491	1530
823	16:31:32	60.15	6499	1490	1529
824	16:32:32	60.13	6499	1489	1528
825	16:33:32	50.50	6499	1488	1527
826	16:34:22	60.24	6499	1487	1526
827	16:35:23	10.27	6499	1486	1525
828	16:35:33	60.45	6499	1485	1524
829	16:36:33	60.12	6499	1484	1523
830	16:37:33	60.11	6499	1483	1522
831	16:38:34	60.16	6499	1482	1521
832	16:39:34	60.12	6499	1481	1520
833	16:40:34	60.11	6499	1480	1518
834	16:41:34	60.12	6499	1479	1517
835	16:42:34	60.12	6499	1478	1516
836	16:43:34	60.14	6499	1477	1515
837	16:44:34	60.12	6499	1476	1513
838	16:45:34	60.12	6499	1474	1512
839	16:46:35	60.11	6499	1473	1511
840	16:47:35	60.16	6499	1472	1510
841	16:48:35	60.13	6499	1471	1509
842	16:49:35	60.15	6499	1470	1507
843	16:50:35	60.12	6499	1469	1506
844	16:51:35	60.13	6499	1468	1505
845	16:52:35	60.11	6499	1467	1504
846	16:53:36	60.11	6499	1466	1503
847	16:54:36	60.13	6499	1465	1502
848	16:55:36	60.12	6499	1464	1500
849	16:56:36	60.14	6499	1463	1499
850	16:57:36	60.12	6499	1462	1498
851	16:58:36	60.40	6499	1461	1497
852	16:59:37	60.11	6499	1460	1495
853	17:00:37	60.12	6499	1459	1494
854	17:01:37	60.14	6499	1458	1493
855	17:02:37	50.59	6499	1457	1492
856	17:03:27	13.02	6499	1456	1491
857	17:03:41	9.00	6499	1456	1491
858	17:03:50	9.13	6499	1456	1491
859	17:03:59	9.00	6499	1456	1491
860	17:04:08	10.92	6499	1456	1491
861	17:04:19	9.01	6499	1456	1491
862	17:04:28	8.81	6499	1455	1491
863	17:04:36	9.01	6499	1455	1490
864	17:04:45	9.11	6499	1455	1490
865	17:04:55	9.01	6499	1455	1490
866	17:05:04	8.81	6499	1455	1490
867	17:05:12	9.01	6499	1455	1490
868	17:05:21	8.52	6499	1454	1489
869	17:05:30	9.00	6499	1454	1489
870	17:05:39	9.12	6499	1454	1489
871	17:05:48	9.01	6499	1454	1489
872	17:05:57	8.82	6499	1454	1489
873	17:06:06	9.01	6499	1454	1489
874	17:06:15	25.97	6499	1453	1488
875	17:06:41	9.01	6499	1453	1488
876	17:06:50	8.21	6499	1453	1488
877	17:06:58	9.03	6499	1453	1488
878	17:07:07	8.51	6499	1453	1488
879	17:07:16	9.02	6499	1453	1487
880	17:07:25	8.51	6499	1453	1487
881	17:07:33	9.00	6499	1452	1487
882	17:07:42	8.51	6499	1452	1487
883	17:07:51	9.01	6499	1452	1487
884	17:08:00	8.51	6499	1452	1487
885	17:08:08	9.01	6499	1452	1486
886	17:08:17	8.52	6499	1452	1486
887	17:08:26	9.01	6499	1451	1486
888	17:08:35	8.21	6499	1451	1486
889	17:08:43	9.02	6499	1451	1486
890	17:08:52	8.21	6499	1451	1486
891	17:09:00	9.00	6499	1451	1486
892	17:09:09	9.28	6499	1451	1485
893	17:09:18	60.30	6499	1450	1485
894	17:10:19	60.15	6499	1449	1484
895	17:11:19	60.10	6499	1448	1483
896	17:12:19	60.35	6499	1447	1482
897	17:13:19	60.12	6499	1446	1481
898	17:14:19	60.12	6499	1445	1480
899	17:15:20	60.15	6499	1444	1478
900	17:16:20	60.35	6499	1443	1477
901	17:17:20	60.14	6499	1442	1476
902	17:18:20	60.12	6499	1441	1475
903	17:19:20	60.12	6499	1440	1474
904	17:20:20	60.12	6499	1439	1473
905	17:21:21	60.11	6499	1438	1472
906	17:22:21	60.11	6499	1437	1470
907	17:23:21	60.11	6499	1436	1469
908	17:24:21	60.11	6499	1435	1468
909	17:25:21	52.84	6499	1434	1467
910	17:26:14	60.45	6499	1433	1466
911	17:27:14	60.12	6499	1432	1465
912	17:28:14	60.13	6499	1431	1464
913	17:29:15	60.16	6499	1430	1463
914	17:30:15	60.12	6499	1429	1462
915	17:31:15	60.10	6499	1428	1460
916	17:32:15	10.26	6499	1336	1366
917	17:32:25	60.45	6499	0	0
918	17:33:26	60.11	6499	0	0
919	17:34:26	9.96	6501	0	0
Created by AtlRunQuery on: 2018-12-01 12:15:27.782140
