LHC beam energy and intensities during run 358215:
(Begin/end of run: Mon Aug 13 2018 04:20:25 − 09:41:51)

LB	   Start time
(CEST)	   Duration
(sec)	   Beam energy
(GeV)	   Intensity Beam-1
(1e11 protons)	   Intensity Beam-2
(1e11 protons)
1	04:20:25	60.13	449	0.0436	0
2	04:21:25	60.16	450	0.09303	0.07611
3	04:22:25	10.31	450	0.09302	0.08881
4	04:22:36	15.95	449	0.09302	0.0888
5	04:22:52	43.94	450	0.09302	0.0888
6	04:23:36	60.53	450	0.093	0.08878
7	04:24:36	10.26	450	0.09299	0.08874
8	04:24:46	50.58	449	0.01488	0.01382
9	04:25:37	60.42	450	0.008142	0
10	04:26:37	60.11	450	0.0905	0.04407
11	04:27:37	60.13	450	0.09048	0.09301
12	04:28:38	60.11	450	0.09043	0.09296
13	04:29:38	60.12	449	3.52	0.09272
14	04:30:38	60.12	450	15.34	8.279
15	04:31:38	60.12	450	117.8	12.8
16	04:32:38	60.12	450	117.8	30.45
17	04:33:38	60.14	450	205.1	117.5
18	04:34:38	60.12	450	325	264.3
19	04:35:38	60.12	449	444.9	385.3
20	04:36:39	60.12	449	591.2	505.3
21	04:37:39	60.11	449	678.6	613.3
22	04:38:39	60.11	450	789	695.5
23	04:39:39	60.12	450	908	849.2
24	04:40:39	60.11	450	1027	968.9
25	04:41:39	60.12	450	1165	1088
26	04:42:39	60.12	449	1303	1207
27	04:43:39	60.12	450	1388	1325
28	04:44:39	60.13	449	1489	1426
29	04:45:40	60.11	450	1607	1551
30	04:46:40	60.12	450	1735	1670
31	04:47:40	60.11	450	1880	1789
32	04:48:40	60.17	449	1999	1907
33	04:49:40	60.13	450	2093	2051
34	04:50:40	60.12	449	2183	2139
35	04:51:40	60.11	450	2302	2250
36	04:52:40	60.12	450	2455	2369
37	04:53:41	60.12	449	2572	2487
38	04:54:41	60.12	450	2688	2623
39	04:55:41	60.11	450	2762	2762
40	04:56:41	60.11	450	2762	2779
41	04:57:41	60.13	450	2761	2778
42	04:58:41	47.47	450	2760	2777
43	04:59:29	33.97	450	2747	2764
44	05:00:03	60.58	464	2746	2763
45	05:01:03	60.13	546	2746	2763
46	05:02:03	60.12	700	2746	2762
47	05:03:03	12.93	915	2746	2761
48	05:03:16	60.20	970	2746	2761
49	05:04:17	60.11	1274	2745	2761
50	05:05:17	60.43	1621	2745	2760
51	05:06:17	60.11	1968	2745	2760
52	05:07:17	60.13	2315	2745	2760
53	05:08:17	60.17	2663	2745	2760
54	05:09:18	60.12	3016	2745	2760
55	05:10:18	60.13	3363	2745	2760
56	05:11:18	60.40	3711	2745	2760
57	05:12:18	60.12	4058	2744	2760
58	05:13:18	60.10	4406	2744	2760
59	05:14:18	60.13	4753	2744	2760
60	05:15:19	60.10	5106	2743	2759
61	05:16:19	60.12	5454	2743	2759
62	05:17:19	60.39	5801	2742	2759
63	05:18:19	60.12	6148	2741	2759
64	05:19:19	33.32	6481	2738	2758
65	05:19:53	15.59	6499	2738	2758
66	05:20:08	60.57	6499	2738	2758
67	05:21:09	60.11	6499	2738	2758
68	05:22:09	60.12	6499	2738	2758
69	05:23:09	60.16	6499	2737	2757
70	05:24:09	60.12	6499	2737	2757
71	05:25:09	60.16	6499	2737	2757
72	05:26:09	60.16	6499	2737	2757
73	05:27:10	60.12	6499	2736	2757
74	05:28:10	60.13	6499	2736	2757
75	05:29:10	60.13	6499	2735	2757
76	05:30:10	60.12	6499	2735	2757
77	05:31:10	60.11	6499	2734	2757
78	05:32:10	60.11	6499	2733	2756
79	05:33:10	29.00	6499	2732	2756
80	05:33:39	60.45	6499	2732	2756
81	05:34:40	60.12	6499	2731	2756
82	05:35:40	60.11	6499	2729	2756
83	05:36:40	60.13	6499	2726	2753
84	05:37:40	60.13	6499	2723	2749
85	05:38:40	60.12	6499	2720	2746
86	05:39:40	60.13	6499	2717	2743
87	05:40:40	10.27	6499	2716	2741
88	05:40:51	60.43	6499	2714	2739
89	05:41:51	25.25	6499	2712	2738
90	05:42:16	60.46	6499	2710	2736
91	05:43:17	60.12	6499	2708	2732
92	05:44:17	21.62	6499	2705	2729
93	05:44:39	60.27	6499	2703	2725
94	05:45:39	60.13	6499	2700	2721
95	05:46:39	60.16	6499	2697	2716
96	05:47:39	60.11	6499	2693	2711
97	05:48:39	60.11	6499	2690	2707
98	05:49:39	60.11	6499	2687	2702
99	05:50:39	60.12	6499	2684	2698
100	05:51:40	53.68	6499	2681	2693
101	05:52:33	58.58	6499	2678	2690
102	05:53:32	13.26	6499	2677	2687
103	05:53:45	9.02	6499	2676	2687
104	05:53:54	8.81	6499	2676	2686
105	05:54:03	9.01	6499	2676	2686
106	05:54:12	9.10	6499	2675	2685
107	05:54:21	9.03	6499	2675	2685
108	05:54:30	9.18	6499	2675	2684
109	05:54:39	9.01	6499	2674	2684
110	05:54:48	9.12	6499	2674	2683
111	05:54:57	9.01	6499	2674	2683
112	05:55:06	9.12	6499	2673	2682
113	05:55:16	9.01	6499	2673	2682
114	05:55:25	9.11	6499	2672	2681
115	05:55:34	9.01	6499	2672	2680
116	05:55:43	9.12	6499	2671	2680
117	05:55:52	9.01	6499	2671	2679
118	05:56:01	9.11	6499	2671	2679
119	05:56:10	9.00	6499	2671	2679
120	05:56:19	25.24	6499	2670	2678
121	05:56:44	9.01	6499	2669	2677
122	05:56:53	8.81	6499	2669	2676
123	05:57:02	9.01	6499	2669	2676
124	05:57:11	8.51	6499	2668	2675
125	05:57:19	9.01	6499	2668	2674
126	05:57:29	8.52	6499	2668	2674
127	05:57:37	9.00	6499	2667	2673
128	05:57:46	8.52	6499	2667	2673
129	05:57:55	9.00	6499	2666	2672
130	05:58:04	8.52	6499	2666	2672
131	05:58:12	9.01	6499	2665	2671
132	05:58:21	8.82	6499	2665	2671
133	05:58:30	9.00	6499	2665	2670
134	05:58:39	7.62	6499	2664	2670
135	05:58:47	9.00	6499	2664	2669
136	05:58:56	8.53	6499	2664	2669
137	05:59:04	9.00	6499	2664	2669
138	05:59:13	9.88	6499	2663	2668
139	05:59:23	60.57	6499	2662	2666
140	06:00:24	60.12	6499	2659	2663
141	06:01:24	60.11	6499	2657	2659
142	06:02:24	60.15	6499	2654	2655
143	06:03:24	60.11	6499	2652	2652
144	06:04:24	60.14	6499	2649	2648
145	06:05:24	60.11	6499	2646	2645
146	06:06:24	60.11	6499	2644	2641
147	06:07:24	60.10	6499	2641	2638
148	06:08:24	34.88	6499	2639	2635
149	06:08:59	60.05	6499	2637	2633
150	06:09:59	60.10	6499	2634	2630
151	06:10:59	60.35	6499	2632	2626
152	06:12:00	49.38	6499	2629	2623
153	06:12:49	60.09	6499	2627	2621
154	06:13:49	60.11	6499	2625	2617
155	06:14:49	60.15	6499	2622	2614
156	06:15:50	60.12	6499	2620	2611
157	06:16:50	60.11	6499	2617	2609
158	06:17:50	60.10	6499	2615	2606
159	06:18:50	60.13	6499	2613	2603
160	06:19:50	60.42	6499	2610	2600
161	06:20:50	60.14	6499	2608	2597
162	06:21:51	18.94	6499	2606	2596
163	06:22:10	60.24	6499	2605	2594
164	06:23:10	60.11	6499	2602	2591
165	06:24:10	60.16	6499	2600	2588
166	06:25:10	60.12	6499	2598	2586
167	06:26:10	60.13	6499	2595	2583
168	06:27:10	60.11	6499	2593	2580
169	06:28:10	60.11	6499	2591	2578
170	06:29:11	60.14	6499	2588	2575
171	06:30:11	39.40	6499	2586	2573
172	06:30:50	60.13	6499	2585	2571
173	06:31:50	19.12	6499	2583	2569
174	06:32:09	60.08	6499	2582	2568
175	06:33:09	60.10	6499	2579	2565
176	06:34:09	60.10	6499	2577	2563
177	06:35:10	10.06	6499	2576	2561
178	06:35:20	60.11	6499	2575	2560
179	06:36:20	60.11	6499	2572	2557
180	06:37:20	60.14	6499	2570	2555
181	06:38:20	15.26	6499	2569	2553
182	06:38:35	33.73	6499	2568	2552
183	06:39:09	60.26	6499	2566	2551
184	06:40:09	60.12	6499	2564	2548
185	06:41:09	60.12	6499	2562	2546
186	06:42:09	60.12	6499	2560	2544
187	06:43:10	60.11	6499	2557	2541
188	06:44:10	60.36	6499	2555	2539
189	06:45:10	60.11	6499	2553	2537
190	06:46:10	60.12	6499	2551	2535
191	06:47:10	60.16	6499	2549	2532
192	06:48:10	60.15	6499	2547	2530
193	06:49:11	60.11	6499	2545	2528
194	06:50:11	60.13	6499	2543	2526
195	06:51:11	60.11	6499	2541	2524
196	06:52:11	60.12	6499	2538	2521
197	06:53:11	60.41	6499	2536	2519
198	06:54:12	44.59	6499	2535	2517
199	06:54:56	60.43	6499	2533	2515
200	06:55:57	60.12	6499	2531	2513
201	06:56:57	60.12	6499	2528	2511
202	06:57:57	60.11	6499	2526	2509
203	06:58:57	60.11	6499	2524	2507
204	06:59:57	60.12	6499	2522	2505
205	07:00:57	60.12	6499	2520	2503
206	07:01:57	60.16	6499	2518	2501
207	07:02:57	60.12	6499	2516	2499
208	07:03:57	60.12	6499	2514	2497
209	07:04:58	60.11	6499	2512	2495
210	07:05:58	60.16	6499	2510	2493
211	07:06:58	60.12	6499	2508	2491
212	07:07:58	60.10	6499	2506	2489
213	07:08:58	15.86	6499	2505	2488
214	07:09:14	60.56	6499	2504	2486
215	07:10:15	60.11	6499	2502	2485
216	07:11:15	60.11	6499	2500	2483
217	07:12:15	60.11	6499	2498	2481
218	07:13:15	60.12	6499	2496	2479
219	07:14:15	60.12	6499	2494	2477
220	07:15:15	60.11	6499	2492	2475
221	07:16:15	60.16	6499	2490	2473
222	07:17:15	60.04	6499	2488	2471
223	07:18:15	47.24	6499	2486	2469
224	07:19:03	60.24	6499	2484	2467
225	07:20:03	60.43	6499	2482	2465
226	07:21:03	60.14	6499	2480	2463
227	07:22:03	60.11	6499	2478	2461
228	07:23:04	60.12	6499	2476	2459
229	07:24:04	60.11	6499	2474	2457
230	07:25:04	60.14	6499	2472	2456
231	07:26:04	60.11	6499	2470	2454
232	07:27:04	60.18	6499	2469	2452
233	07:28:04	60.16	6499	2467	2450
234	07:29:04	26.59	6499	2465	2449
235	07:29:31	54.60	6499	2464	2447
236	07:30:26	60.11	6499	2462	2446
237	07:31:26	60.12	6499	2460	2444
238	07:32:26	60.14	6499	2458	2442
239	07:33:26	60.12	6499	2456	2440
240	07:34:26	60.12	6499	2454	2438
241	07:35:26	60.13	6499	2452	2436
242	07:36:26	60.11	6499	2450	2435
243	07:37:26	60.11	6499	2448	2433
244	07:38:27	58.77	6499	2446	2431
245	07:39:25	60.46	6499	2444	2429
246	07:40:26	60.12	6499	2442	2427
247	07:41:26	60.16	6499	2440	2426
248	07:42:26	60.12	6499	2438	2424
249	07:43:26	60.12	6499	2436	2422
250	07:44:26	60.13	6499	2434	2420
251	07:45:26	60.11	6499	2432	2418
252	07:46:27	60.11	6499	2430	2417
253	07:47:27	60.38	6499	2428	2415
254	07:48:27	60.11	6499	2426	2413
255	07:49:27	60.15	6499	2424	2411
256	07:50:27	60.11	6499	2422	2410
257	07:51:27	60.11	6499	2420	2408
258	07:52:27	60.11	6499	2418	2406
259	07:53:28	60.12	6499	2416	2404
260	07:54:28	60.17	6499	2415	2403
261	07:55:28	60.12	6499	2413	2401
262	07:56:28	60.11	6499	2411	2399
263	07:57:28	60.12	6499	2409	2397
264	07:58:28	15.25	6499	2408	2396
265	07:58:43	60.46	6499	2406	2395
266	07:59:44	60.11	6499	2404	2394
267	08:00:44	60.11	6499	2402	2392
268	08:01:44	60.10	6499	2400	2390
269	08:02:44	60.10	6499	2399	2389
270	08:03:44	60.10	6499	2397	2387
271	08:04:44	60.37	6499	2395	2385
272	08:05:45	60.11	6499	2393	2384
273	08:06:45	60.11	6499	2391	2382
274	08:07:45	60.12	6499	2389	2380
275	08:08:45	60.11	6499	2387	2379
276	08:09:45	60.17	6499	2385	2377
277	08:10:45	60.29	6499	2383	2375
278	08:11:46	60.16	6499	2381	2374
279	08:12:46	60.12	6499	2379	2372
280	08:13:46	60.10	6499	2377	2370
281	08:14:46	60.11	6499	2376	2369
282	08:15:46	60.11	6499	2374	2367
283	08:16:46	15.77	6499	2373	2366
284	08:17:02	60.40	6499	2371	2365
285	08:18:03	60.11	6499	2369	2363
286	08:19:03	60.11	6499	2367	2362
287	08:20:03	60.14	6499	2366	2360
288	08:21:03	60.17	6499	2364	2358
289	08:22:03	60.12	6499	2362	2357
290	08:23:03	60.11	6499	2360	2355
291	08:24:03	60.16	6499	2358	2354
292	08:25:03	60.12	6499	2356	2352
293	08:26:04	60.13	6499	2354	2350
294	08:27:04	60.12	6499	2352	2349
295	08:28:04	60.11	6499	2351	2347
296	08:29:04	60.14	6499	2349	2346
297	08:30:04	60.15	6499	2347	2344
298	08:31:04	60.12	6499	2345	2342
299	08:32:04	60.19	6499	2343	2341
300	08:33:05	60.11	6499	2341	2339
301	08:34:05	60.11	6499	2339	2338
302	08:35:05	60.11	6499	2337	2336
303	08:36:05	60.11	6499	2335	2334
304	08:37:05	60.17	6499	2334	2333
305	08:38:05	10.27	6499	2332	2332
306	08:38:15	60.43	6499	2331	2331
307	08:39:16	60.36	6499	2329	2329
308	08:40:16	60.11	6499	2328	2328
309	08:41:16	60.12	6499	2326	2326
310	08:42:16	60.16	6499	2324	2325
311	08:43:17	60.12	6499	2322	2323
312	08:44:17	60.11	6499	2320	2322
313	08:45:17	60.37	6499	2318	2320
314	08:46:17	60.12	6499	2317	2319
315	08:47:17	60.11	6499	2315	2317
316	08:48:17	60.13	6499	2313	2316
317	08:49:18	60.12	6499	2311	2314
318	08:50:18	60.12	6499	2309	2312
319	08:51:18	60.11	6499	2307	2311
320	08:52:18	60.12	6499	2306	2309
321	08:53:18	60.17	6499	2304	2308
322	08:54:18	60.12	6499	2302	2306
323	08:55:18	60.13	6499	2300	2305
324	08:56:18	60.11	6499	2298	2303
325	08:57:19	60.12	6499	2296	2301
326	08:58:19	52.47	6499	2295	2300
327	08:59:11	60.64	6499	2293	2298
328	09:00:12	30.61	6499	2292	2297
329	09:00:42	31.07	6499	2291	2297
330	09:01:13	60.34	6499	2289	2295
331	09:02:14	60.11	6499	2287	2294
332	09:03:14	14.54	6499	2286	2293
333	09:03:28	60.36	6499	2285	2292
334	09:04:29	60.11	6499	2283	2290
335	09:05:29	60.11	6499	2281	2289
336	09:06:29	60.16	6499	2280	2287
337	09:07:29	60.12	6499	2278	2286
338	09:08:29	60.11	6499	2276	2284
339	09:09:29	60.35	6499	2274	2283
340	09:10:30	60.15	6499	2272	2281
341	09:11:30	60.12	6499	2271	2280
342	09:12:30	60.12	6499	2269	2278
343	09:13:30	60.11	6499	2267	2277
344	09:14:30	60.17	6499	2265	2275
345	09:15:30	60.12	6499	2263	2274
346	09:16:31	60.12	6499	2262	2272
347	09:17:31	60.12	6499	2260	2271
348	09:18:31	60.12	6499	2258	2269
349	09:19:31	60.12	6499	2256	2268
350	09:20:31	60.10	6499	2254	2266
351	09:21:31	60.11	6499	2253	2265
352	09:22:31	60.11	6499	2251	2263
353	09:23:31	60.14	6499	2249	2262
354	09:24:31	10.29	6499	2248	2261
355	09:24:42	60.46	6499	2247	2260
356	09:25:42	30.17	6499	2246	2259
357	09:26:12	60.48	6499	0	0
358	09:27:13	60.13	6499	0	0
359	09:28:13	60.11	6499	0	0
360	09:29:13	60.11	6499	0	0
361	09:30:13	60.13	6499	0	0
362	09:31:13	60.11	6499	0	0
363	09:32:13	60.12	6499	0	0
364	09:33:14	60.12	6499	0	0
365	09:34:14	60.12	6499	0	0
366	09:35:14	60.12	6499	0	0
367	09:36:14	60.12	6499	0	0
368	09:37:14	60.15	6499	0	0
369	09:38:14	60.11	6499	0	0
370	09:39:14	60.17	6499	0	0
371	09:40:15	60.11	6499	0	0
372	09:41:15	36.15	6499	0	0
Created by AtlRunQuery on: 2018-12-01 12:26:45.993336
