LHC beam energy and intensities during run 358656:
(Begin/end of run: Mon Aug 20 2018 00:08:05 − 16:48:35)

LB	   Start time
(CEST)	   Duration
(sec)	   Beam energy
(GeV)	   Intensity Beam-1
(1e11 protons)	   Intensity Beam-2
(1e11 protons)
1	00:08:05	60.17	449	5.353	0.08735
2	00:09:06	31.22	449	12.57	8.142
3	00:09:37	24.97	449	12.56	12.85
4	00:10:02	10.31	449	12.55	12.85
5	00:10:12	10.27	449	12.54	12.84
6	00:10:22	60.37	449	12.52	12.84
7	00:11:23	60.12	450	20.19	12.83
8	00:12:23	60.11	449	25.02	12.82
9	00:13:23	60.11	450	39.2	22.49
10	00:14:23	60.12	450	130.4	25.57
11	00:15:23	60.12	449	130.1	36.93
12	00:16:23	60.12	450	136.1	107.8
13	00:17:23	60.37	449	78.92	39.37
14	00:18:24	60.11	450	0	0
15	00:19:24	60.36	450	0	0
16	00:20:24	60.10	450	0	0
17	00:21:24	60.12	449	0.06995	0.01839
18	00:22:24	60.12	449	0.08316	0.08365
19	00:23:25	60.11	449	0.08314	0.08363
20	00:24:25	60.12	449	0.08313	0.08361
21	00:25:25	60.16	450	0.08311	0.08358
22	00:26:25	60.12	450	1.956	0.08325
23	00:27:25	60.13	449	12.57	6.867
24	00:28:25	60.12	450	43.67	12.83
25	00:29:25	60.12	449	118.6	84.4
26	00:30:25	60.11	449	188.2	118.6
27	00:31:26	60.12	450	308.4	248.9
28	00:32:26	60.12	449	433.5	368.9
29	00:33:26	60.11	450	584.6	489
30	00:34:26	60.12	450	666.8	604.2
31	00:35:26	60.12	449	771.6	698.5
32	00:36:26	60.12	450	890.2	835.4
33	00:37:26	60.11	449	1009	955.6
34	00:38:26	60.11	450	1164	1076
35	00:39:27	60.11	450	1284	1196
36	00:40:27	60.13	449	1374	1330
37	00:41:27	60.12	450	1468	1425
38	00:42:27	60.12	449	1577	1433
39	00:43:27	60.12	450	1574	1432
40	00:44:27	60.12	450	1571	1430
41	00:45:27	60.12	450	1568	1429
42	00:46:27	60.11	449	1565	1428
43	00:47:27	60.37	450	1562	1426
44	00:48:28	60.12	449	1559	1424
45	00:49:28	60.17	449	1556	1423
46	00:50:28	60.11	449	1553	1421
47	00:51:28	60.17	449	1550	1419
48	00:52:28	60.12	449	1547	1417
49	00:53:29	60.12	450	1543	1415
50	00:54:29	60.12	450	1540	1561
51	00:55:29	60.13	449	1537	1570
52	00:56:29	60.11	449	1606	1568
53	00:57:29	60.39	449	1723	1700
54	00:58:29	60.11	450	1843	1819
55	00:59:29	60.12	449	1997	1937
56	01:00:30	60.12	449	2075	2049
57	01:01:30	60.13	449	2098	2140
58	01:02:30	60.10	449	2137	2278
59	01:03:30	60.28	450	1555	1638
60	01:04:30	60.12	449	0	0
61	01:05:30	60.10	449	0	0
62	01:06:30	60.11	450	0	0
63	01:07:31	60.10	450	0	0
64	01:08:31	60.13	449	0	0
65	01:09:31	60.13	450	0	0
66	01:10:31	60.12	449	0	0
67	01:11:31	60.11	449	0	0
68	01:12:31	60.12	449	0	0
69	01:13:31	60.11	449	0	0
70	01:14:31	60.12	450	0	0
71	01:15:32	60.12	449	0	0
72	01:16:32	60.11	450	0	0
73	01:17:32	60.10	450	0	0
74	01:18:32	60.12	449	0	0
75	01:19:32	60.11	450	0	0
76	01:20:32	60.43	449	0	0
77	01:21:33	60.11	449	0	0
78	01:22:33	60.11	450	0	0
79	01:23:33	60.12	450	0	0
80	01:24:33	60.11	449	0	0
81	01:25:33	60.12	449	0	0
82	01:26:33	60.12	450	0	0
83	01:27:33	60.11	450	0	0
84	01:28:33	60.11	450	0	0
85	01:29:33	60.10	450	0	0
86	01:30:34	60.13	449	0	0
87	01:31:34	60.13	449	0	0
88	01:32:34	60.12	449	0	0
89	01:33:34	60.12	450	0	0
90	01:34:34	60.12	450	0	0
91	01:35:34	60.12	450	0	0
92	01:36:34	60.12	450	0	0
93	01:37:34	60.11	450	0	0
94	01:38:34	60.13	449	0	0
95	01:39:35	60.13	450	0	0
96	01:40:35	60.12	450	0	0
97	01:41:35	60.11	450	0	0
98	01:42:35	60.12	449	0	0
99	01:43:35	60.12	449	0	0
100	01:44:35	60.12	450	0	0
101	01:45:35	60.10	449	0	0
102	01:46:35	60.11	450	0	0
103	01:47:36	60.11	449	0	0
104	01:48:36	60.11	450	0	0
105	01:49:36	60.13	450	0	0
106	01:50:36	60.12	449	0	0
107	01:51:36	60.14	450	0	0
108	01:52:36	60.12	450	0	0
109	01:53:36	60.11	449	0	0
110	01:54:36	60.12	450	0	0
111	01:55:37	60.12	450	0	0
112	01:56:37	60.13	450	0	0
113	01:57:37	60.12	449	0	0
114	01:58:37	60.44	450	0	0
115	01:59:37	60.12	449	0	0
116	02:00:37	60.12	450	0	0
117	02:01:38	60.16	450	0.0598	0.005032
118	02:02:38	60.13	450	0.08779	0.0831
119	02:03:38	60.12	449	0.08777	0.08308
120	02:04:38	60.10	450	0.08775	0.08306
121	02:05:38	60.12	450	0.08773	0.08304
122	02:06:38	60.11	449	0.08771	0.08302
123	02:07:38	60.12	450	0.01124	0.01064
124	02:08:38	60.12	449	0.02258	0
125	02:09:39	60.11	449	0.08998	0.0516
126	02:10:39	60.13	450	0.08995	0.08101
127	02:11:39	60.16	449	0.08993	0.08099
128	02:12:39	60.12	450	0.08984	0.08086
129	02:13:39	60.13	450	10.36	2.476
130	02:14:39	60.12	449	12.79	12.98
131	02:15:39	60.11	449	12.77	12.98
132	02:16:39	60.12	450	87.05	22.43
133	02:17:40	60.17	450	117.1	118.1
134	02:18:40	60.11	449	288.4	118.1
135	02:19:40	60.11	449	528.7	118
136	02:20:40	60.12	449	627.5	273.4
137	02:21:40	60.15	450	713.9	393.4
138	02:22:40	60.11	450	847.9	513
139	02:23:40	60.15	450	988.8	587.3
140	02:24:40	60.12	450	1107	586.9
141	02:25:41	60.11	449	1225	586.4
142	02:26:41	60.12	449	1333	670.8
143	02:27:41	60.12	450	1416	780.4
144	02:28:41	60.13	449	1562	899.3
145	02:29:41	60.11	450	1680	1018
146	02:30:41	60.11	450	1797	1159
147	02:31:41	60.11	449	1914	1295
148	02:32:41	60.15	450	2031	1381
149	02:33:42	60.13	450	2132	1480
150	02:34:42	60.12	450	2251	1598
151	02:35:42	60.11	450	2367	1732
152	02:36:42	60.14	450	2483	1875
153	02:37:42	60.12	449	2599	1993
154	02:38:42	60.12	450	2744	2088
155	02:39:42	60.13	450	2739	2274
156	02:40:42	60.11	449	2734	2392
157	02:41:43	60.12	450	2730	2662
158	02:42:43	60.12	449	2727	2771
159	02:43:43	60.12	450	2726	2769
160	02:44:43	60.12	450	2724	2767
161	02:45:43	60.12	450	2722	2764
162	02:46:43	55.61	473	2721	2761
163	02:47:39	60.13	558	2721	2760
164	02:48:39	23.62	719	2721	2760
165	02:49:02	24.59	797	2708	2747
166	02:49:27	18.36	891	2708	2746
167	02:49:45	60.27	965	2708	2746
168	02:50:46	60.12	1267	2708	2746
169	02:51:46	60.10	1614	2708	2746
170	02:52:46	60.11	1962	2708	2746
171	02:53:46	60.10	2309	2708	2745
172	02:54:46	60.13	2656	2707	2745
173	02:55:46	60.11	3004	2707	2745
174	02:56:46	60.12	3351	2707	2745
175	02:57:47	60.13	3704	2706	2745
176	02:58:47	60.11	4052	2706	2744
177	02:59:47	60.11	4399	2705	2744
178	03:00:47	60.11	4747	2704	2743
179	03:01:47	60.12	5094	2704	2743
180	03:02:47	60.16	5441	2703	2743
181	03:03:47	60.12	5789	2701	2743
182	03:04:47	60.13	6136	2699	2742
183	03:05:47	28.97	6474	2695	2742
184	03:06:16	10.36	6499	2695	2742
185	03:06:27	60.12	6499	2695	2741
186	03:07:27	60.11	6499	2694	2740
187	03:08:27	60.17	6499	2694	2740
188	03:09:27	60.16	6499	2694	2740
189	03:10:27	60.12	6499	2694	2740
190	03:11:27	60.12	6499	2694	2740
191	03:12:28	60.38	6499	2693	2740
192	03:13:28	60.40	6499	2692	2740
193	03:14:28	60.11	6499	2692	2739
194	03:15:28	60.12	6499	2691	2739
195	03:16:29	60.12	6499	2690	2739
196	03:17:29	60.11	6499	2689	2739
197	03:18:29	60.10	6499	2687	2739
198	03:19:29	60.12	6499	2686	2739
199	03:20:29	18.58	6499	2685	2738
200	03:20:48	60.34	6499	2684	2738
201	03:21:48	60.12	6499	2682	2738
202	03:22:48	60.12	6499	2679	2737
203	03:23:48	60.11	6499	2674	2734
204	03:24:48	10.27	6499	2672	2733
205	03:24:59	45.02	6499	2670	2731
206	03:25:44	60.46	6499	2667	2728
207	03:26:44	60.14	6499	2664	2725
208	03:27:44	60.14	6499	2661	2722
209	03:28:44	60.13	6499	2658	2719
210	03:29:44	60.43	6499	2656	2716
211	03:30:45	33.89	6499	2654	2715
212	03:31:19	40.95	6499	2652	2713
213	03:32:00	60.19	6499	2650	2711
214	03:33:00	60.14	6499	2648	2709
215	03:34:00	60.41	6499	2646	2707
216	03:35:00	60.18	6499	2643	2704
217	03:36:01	36.64	6499	2642	2702
218	03:36:37	60.37	6499	2639	2700
219	03:37:38	60.12	6499	2637	2698
220	03:38:38	60.13	6499	2634	2696
221	03:39:38	10.33	6499	2633	2695
222	03:39:48	60.44	6499	2631	2693
223	03:40:49	60.10	6499	2629	2691
224	03:41:49	60.18	6499	2626	2688
225	03:42:49	60.11	6499	2624	2686
226	03:43:49	60.11	6499	2621	2684
227	03:44:49	60.11	6499	2619	2681
228	03:45:49	35.96	6499	2617	2680
229	03:46:25	60.25	6499	2615	2678
230	03:47:26	60.11	6499	2613	2675
231	03:48:26	60.11	6499	2610	2673
232	03:49:26	60.14	6499	2608	2671
233	03:50:26	60.12	6499	2605	2668
234	03:51:26	60.12	6499	2603	2666
235	03:52:26	60.11	6499	2601	2664
236	03:53:26	60.11	6499	2598	2662
237	03:54:26	60.10	6499	2596	2659
238	03:55:26	60.15	6499	2593	2657
239	03:56:27	60.13	6499	2591	2655
240	03:57:27	60.12	6499	2588	2652
241	03:58:27	60.16	6499	2586	2650
242	03:59:27	60.11	6499	2583	2648
243	04:00:27	60.12	6499	2581	2646
244	04:01:27	60.12	6499	2579	2644
245	04:02:27	60.17	6499	2576	2641
246	04:03:28	60.11	6499	2574	2639
247	04:04:28	60.11	6499	2571	2637
248	04:05:28	31.75	6499	2570	2636
249	04:05:59	60.49	6499	2568	2634
250	04:07:00	60.36	6499	2566	2632
251	04:08:00	60.14	6499	2563	2630
252	04:09:00	60.15	6499	2561	2628
253	04:10:01	60.14	6499	2559	2626
254	04:11:01	60.15	6499	2556	2624
255	04:12:01	60.11	6499	2554	2621
256	04:13:01	60.11	6499	2552	2619
257	04:14:01	60.44	6499	2549	2617
258	04:15:02	60.16	6499	2547	2615
259	04:16:02	60.36	6499	2545	2613
260	04:17:02	60.11	6499	2543	2611
261	04:18:02	60.11	6499	2540	2609
262	04:19:02	12.90	6499	2539	2608
263	04:19:15	60.47	6499	2538	2607
264	04:20:16	60.36	6499	2535	2605
265	04:21:16	60.11	6499	2533	2603
266	04:22:16	60.12	6499	2531	2601
267	04:23:16	60.10	6499	2529	2599
268	04:24:16	60.11	6499	2526	2597
269	04:25:16	60.11	6499	2524	2595
270	04:26:17	60.16	6499	2522	2593
271	04:27:17	60.11	6499	2520	2591
272	04:28:17	60.15	6499	2518	2589
273	04:29:17	60.13	6499	2516	2587
274	04:30:17	60.17	6499	2513	2585
275	04:31:17	46.35	6499	2512	2584
276	04:32:04	60.37	6499	2510	2582
277	04:33:04	60.10	6499	2508	2580
278	04:34:04	60.15	6499	2505	2578
279	04:35:04	60.11	6499	2503	2576
280	04:36:04	60.11	6499	2501	2575
281	04:37:05	60.11	6499	2499	2573
282	04:38:05	60.17	6499	2497	2571
283	04:39:05	60.10	6499	2495	2569
284	04:40:05	60.14	6499	2493	2567
285	04:41:05	60.10	6499	2491	2565
286	04:42:05	60.12	6499	2489	2563
287	04:43:05	60.16	6499	2487	2561
288	04:44:05	60.16	6499	2485	2559
289	04:45:06	60.12	6499	2483	2557
290	04:46:06	60.16	6499	2480	2555
291	04:47:06	60.11	6499	2479	2553
292	04:48:06	60.12	6499	2476	2551
293	04:49:06	60.12	6499	2474	2550
294	04:50:06	60.17	6499	2472	2548
295	04:51:06	60.13	6499	2470	2546
296	04:52:07	60.11	6499	2468	2544
297	04:53:07	60.12	6499	2466	2542
298	04:54:07	60.11	6499	2464	2540
299	04:55:07	60.15	6499	2462	2539
300	04:56:07	60.11	6499	2460	2537
301	04:57:07	60.12	6499	2458	2535
302	04:58:07	60.14	6499	2456	2533
303	04:59:07	60.13	6499	2454	2531
304	05:00:08	60.10	6499	2452	2530
305	05:01:08	60.10	6499	2450	2528
306	05:02:08	60.11	6499	2448	2526
307	05:03:08	60.11	6499	2446	2524
308	05:04:08	60.16	6499	2444	2522
309	05:05:08	60.12	6499	2442	2520
310	05:06:08	37.74	6499	2440	2519
311	05:06:46	60.47	6499	2438	2517
312	05:07:46	60.12	6499	2436	2516
313	05:08:47	60.16	6499	2434	2514
314	05:09:47	60.12	6499	2432	2512
315	05:10:47	60.11	6499	2430	2510
316	05:11:47	60.12	6499	2428	2509
317	05:12:47	60.16	6499	2426	2507
318	05:13:47	60.13	6499	2424	2505
319	05:14:47	60.12	6499	2422	2503
320	05:15:47	10.04	6499	2421	2502
321	05:15:58	60.11	6499	2420	2501
322	05:16:58	60.14	6499	2418	2500
323	05:17:58	60.11	6499	2416	2498
324	05:18:58	60.10	6499	2414	2496
325	05:19:58	60.12	6499	2412	2494
326	05:20:58	60.13	6499	2410	2492
327	05:21:58	60.11	6499	2408	2491
328	05:22:58	60.13	6499	2406	2489
329	05:23:58	60.12	6499	2404	2487
330	05:24:59	18.58	6499	2403	2486
331	05:25:17	60.40	6499	2401	2485
332	05:26:18	60.11	6499	2399	2483
333	05:27:18	60.12	6499	2397	2482
334	05:28:18	60.16	6499	2395	2480
335	05:29:18	60.10	6499	2393	2478
336	05:30:18	60.16	6499	2391	2476
337	05:31:18	10.26	6499	2390	2475
338	05:31:28	60.12	6499	2389	2474
339	05:32:29	46.79	6499	2387	2473
340	05:33:15	60.19	6499	2386	2471
341	05:34:16	60.11	6499	2384	2470
342	05:35:16	60.17	6499	2382	2468
343	05:36:16	60.11	6499	2380	2466
344	05:37:16	60.15	6499	2378	2465
345	05:38:16	60.12	6499	2376	2463
346	05:39:16	60.36	6499	2374	2461
347	05:40:17	60.11	6499	2372	2460
348	05:41:17	60.16	6499	2370	2458
349	05:42:17	60.13	6499	2368	2456
350	05:43:17	60.13	6499	2366	2455
351	05:44:17	60.15	6499	2364	2453
352	05:45:17	38.50	6499	2363	2451
353	05:45:56	60.46	6499	2361	2450
354	05:46:56	60.13	6499	2359	2448
355	05:47:56	60.16	6499	2357	2447
356	05:48:57	60.16	6499	2355	2445
357	05:49:57	60.17	6499	2353	2443
358	05:50:57	60.15	6499	2351	2442
359	05:51:57	60.10	6499	2349	2440
360	05:52:57	60.15	6499	2348	2438
361	05:53:57	60.12	6499	2346	2437
362	05:54:57	60.11	6499	2344	2435
363	05:55:57	60.12	6499	2342	2433
364	05:56:58	60.15	6499	2340	2432
365	05:57:58	60.11	6499	2338	2430
366	05:58:58	60.12	6499	2336	2428
367	05:59:58	60.11	6499	2334	2427
368	06:00:58	60.16	6499	2332	2425
369	06:01:58	60.35	6499	2330	2423
370	06:02:59	60.12	6499	2328	2422
371	06:03:59	51.44	6499	2326	2420
372	06:04:50	60.04	6499	2325	2419
373	06:05:50	60.12	6499	2323	2417
374	06:06:50	60.12	6499	2321	2415
375	06:07:50	60.12	6499	2319	2414
376	06:08:51	60.14	6499	2317	2412
377	06:09:51	60.11	6499	2315	2410
378	06:10:51	32.68	6499	2314	2409
379	06:11:24	60.53	6499	2312	2408
380	06:12:24	60.14	6499	2310	2406
381	06:13:24	60.11	6499	2308	2405
382	06:14:24	60.13	6499	2307	2403
383	06:15:24	60.13	6499	2305	2401
384	06:16:25	60.14	6499	2303	2400
385	06:17:25	60.11	6499	2301	2398
386	06:18:25	60.11	6499	2299	2396
387	06:19:25	60.14	6499	2297	2395
388	06:20:25	60.12	6499	2295	2393
389	06:21:25	60.12	6499	2293	2391
390	06:22:25	60.11	6499	2291	2390
391	06:23:25	60.39	6499	2289	2388
392	06:24:26	60.11	6499	2288	2387
393	06:25:26	60.15	6499	2286	2385
394	06:26:26	60.15	6499	2284	2383
395	06:27:26	60.15	6499	2282	2382
396	06:28:26	53.93	6499	2280	2380
397	06:29:20	60.05	6499	2278	2379
398	06:30:20	60.12	6499	2277	2377
399	06:31:20	60.12	6499	2275	2376
400	06:32:21	10.27	6499	2274	2375
401	06:32:31	60.51	6499	2273	2374
402	06:33:31	60.11	6499	2271	2372
403	06:34:31	60.15	6499	2269	2371
404	06:35:32	60.17	6499	2267	2369
405	06:36:32	60.13	6499	2265	2367
406	06:37:32	60.12	6499	2263	2366
407	06:38:32	60.11	6499	2261	2364
408	06:39:32	60.14	6499	2260	2362
409	06:40:32	60.12	6499	2258	2361
410	06:41:32	60.13	6499	2256	2359
411	06:42:33	60.16	6499	2254	2358
412	06:43:33	60.10	6499	2252	2356
413	06:44:33	60.12	6499	2250	2354
414	06:45:33	60.11	6499	2249	2353
415	06:46:33	60.12	6499	2247	2351
416	06:47:33	60.15	6499	2245	2350
417	06:48:33	60.12	6499	2243	2348
418	06:49:33	60.12	6499	2241	2346
419	06:50:34	60.14	6499	2239	2345
420	06:51:34	60.16	6499	2237	2343
421	06:52:34	60.13	6499	2236	2342
422	06:53:34	10.27	6499	2235	2341
423	06:53:44	60.43	6499	2233	2340
424	06:54:45	60.11	6499	2232	2338
425	06:55:45	60.11	6499	2230	2337
426	06:56:45	60.17	6499	2228	2335
427	06:57:45	60.12	6499	2226	2334
428	06:58:45	60.15	6499	2224	2332
429	06:59:45	60.17	6499	2223	2330
430	07:00:46	60.12	6499	2221	2329
431	07:01:46	60.12	6499	2219	2327
432	07:02:46	60.12	6499	2217	2326
433	07:03:46	60.11	6499	2215	2324
434	07:04:46	60.12	6499	2214	2322
435	07:05:46	60.11	6499	2212	2321
436	07:06:46	60.12	6499	2210	2319
437	07:07:46	60.11	6499	2208	2318
438	07:08:46	60.11	6499	2206	2316
439	07:09:47	60.11	6499	2205	2315
440	07:10:47	60.11	6499	2203	2313
441	07:11:47	60.17	6499	2201	2311
442	07:12:47	60.38	6499	2199	2310
443	07:13:47	60.16	6499	2197	2308
444	07:14:47	60.12	6499	2195	2307
445	07:15:48	60.11	6499	2194	2305
446	07:16:48	60.12	6499	2192	2304
447	07:17:48	60.14	6499	2190	2302
448	07:18:48	60.12	6499	2188	2300
449	07:19:48	33.90	6499	2187	2299
450	07:20:22	60.55	6499	2185	2298
451	07:21:23	60.11	6499	2184	2297
452	07:22:23	60.13	6499	2182	2295
453	07:23:23	60.12	6499	2180	2293
454	07:24:23	60.10	6499	2178	2292
455	07:25:23	60.12	6499	2176	2290
456	07:26:23	60.17	6499	2175	2289
457	07:27:23	60.12	6499	2173	2287
458	07:28:23	60.11	6499	2171	2286
459	07:29:24	60.11	6499	2169	2284
460	07:30:24	14.50	6499	2168	2283
461	07:30:38	60.13	6499	2167	2282
462	07:31:38	10.27	6499	2166	2281
463	07:31:49	60.09	6499	2165	2280
464	07:32:49	56.38	6499	2163	2279
465	07:33:45	60.12	6499	2162	2277
466	07:34:45	37.59	6499	2160	2276
467	07:35:23	60.15	6499	2159	2275
468	07:36:23	60.11	6499	2157	2273
469	07:37:23	60.10	6499	2155	2272
470	07:38:23	60.12	6499	2153	2270
471	07:39:23	60.13	6499	2152	2268
472	07:40:23	60.15	6499	2150	2267
473	07:41:24	60.11	6499	2148	2265
474	07:42:24	60.17	6499	2146	2264
475	07:43:24	60.11	6499	2145	2262
476	07:44:24	22.78	6499	2144	2261
477	07:44:47	60.66	6499	2142	2260
478	07:45:47	60.13	6499	2141	2259
479	07:46:47	60.14	6499	2139	2257
480	07:47:48	60.12	6499	2137	2256
481	07:48:48	60.12	6499	2135	2254
482	07:49:48	60.16	6499	2134	2252
483	07:50:48	60.11	6499	2132	2251
484	07:51:48	60.17	6499	2130	2249
485	07:52:48	60.13	6499	2128	2248
486	07:53:48	60.11	6499	2127	2246
487	07:54:49	60.12	6499	2125	2245
488	07:55:49	60.11	6499	2123	2244
489	07:56:49	60.12	6499	2122	2242
490	07:57:49	60.11	6499	2120	2240
491	07:58:49	60.11	6499	2118	2239
492	07:59:49	60.17	6499	2116	2237
493	08:00:49	60.12	6499	2115	2236
494	08:01:49	60.16	6499	2113	2234
495	08:02:50	60.13	6499	2111	2233
496	08:03:50	60.10	6499	2110	2231
497	08:04:50	60.14	6499	2108	2230
498	08:05:50	60.11	6499	2106	2228
499	08:06:50	60.12	6499	2104	2227
500	08:07:50	60.12	6499	2103	2225
501	08:08:50	60.11	6499	2101	2224
502	08:09:50	60.16	6499	2099	2222
503	08:10:51	60.14	6499	2098	2221
504	08:11:51	60.11	6499	2096	2219
505	08:12:51	60.15	6499	2094	2218
506	08:13:51	20.97	6499	2093	2217
507	08:14:12	60.49	6499	2092	2216
508	08:15:12	60.12	6499	2090	2214
509	08:16:13	60.15	6499	2089	2213
510	08:17:13	60.12	6499	2087	2211
511	08:18:13	60.16	6499	2085	2210
512	08:19:13	60.17	6499	2083	2208
513	08:20:13	60.10	6499	2082	2207
514	08:21:13	60.12	6499	2080	2205
515	08:22:13	60.12	6499	2078	2204
516	08:23:13	60.15	6499	2077	2202
517	08:24:14	60.11	6499	2075	2200
518	08:25:14	60.11	6499	2073	2199
519	08:26:14	60.10	6499	2071	2197
520	08:27:14	60.11	6499	2070	2196
521	08:28:14	60.10	6499	2068	2194
522	08:29:14	60.11	6499	2066	2193
523	08:30:14	60.11	6499	2065	2191
524	08:31:14	60.12	6499	2063	2190
525	08:32:14	60.12	6499	2061	2188
526	08:33:15	60.11	6499	2060	2187
527	08:34:15	60.15	6499	2058	2185
528	08:35:15	60.14	6499	2056	2184
529	08:36:15	60.11	6499	2055	2182
530	08:37:15	60.12	6499	2053	2181
531	08:38:15	60.11	6499	2051	2180
532	08:39:15	60.17	6499	2050	2178
533	08:40:16	60.11	6499	2048	2177
534	08:41:16	60.14	6499	2046	2175
535	08:42:16	60.17	6499	2045	2174
536	08:43:16	60.11	6499	2043	2172
537	08:44:16	60.12	6499	2041	2170
538	08:45:16	60.12	6499	2040	2169
539	08:46:16	60.14	6499	2038	2167
540	08:47:16	23.62	6499	2037	2166
541	08:47:40	60.53	6499	2036	2165
542	08:48:41	60.13	6499	2034	2164
543	08:49:41	60.11	6499	2032	2163
544	08:50:41	60.17	6499	2031	2161
545	08:51:41	60.11	6499	2029	2160
546	08:52:41	60.12	6499	2028	2158
547	08:53:41	60.17	6499	2026	2157
548	08:54:41	60.13	6499	2024	2155
549	08:55:41	60.11	6499	2023	2154
550	08:56:42	60.15	6499	2021	2152
551	08:57:42	60.13	6499	2019	2151
552	08:58:42	60.15	6499	2018	2149
553	08:59:42	60.12	6499	2016	2148
554	09:00:42	60.12	6499	2015	2146
555	09:01:42	60.12	6499	2013	2145
556	09:02:42	60.11	6499	2011	2143
557	09:03:42	60.15	6499	2010	2142
558	09:04:43	60.13	6499	2008	2140
559	09:05:43	60.13	6499	2006	2139
560	09:06:43	60.11	6499	2005	2137
561	09:07:43	60.11	6499	2003	2136
562	09:08:43	60.14	6499	2002	2134
563	09:09:43	60.12	6499	2000	2133
564	09:10:43	10.30	6499	1999	2132
565	09:10:54	60.12	6499	1998	2131
566	09:11:54	60.10	6499	1996	2130
567	09:12:54	10.27	6499	1996	2129
568	09:13:04	60.43	6499	1994	2128
569	09:14:05	60.35	6499	1993	2127
570	09:15:05	60.12	6499	1991	2125
571	09:16:05	60.11	6499	1990	2124
572	09:17:05	60.11	6499	1988	2122
573	09:18:05	60.11	6499	1987	2121
574	09:19:05	60.12	6499	1985	2119
575	09:20:06	60.11	6499	1983	2118
576	09:21:06	60.16	6499	1982	2116
577	09:22:06	60.10	6499	1980	2115
578	09:23:06	60.12	6499	1979	2113
579	09:24:06	60.11	6499	1977	2112
580	09:25:06	60.12	6499	1976	2111
581	09:26:06	60.16	6499	1974	2109
582	09:27:06	60.12	6499	1973	2108
583	09:28:07	60.18	6499	1971	2106
584	09:29:07	60.15	6499	1969	2105
585	09:30:07	60.16	6499	1968	2103
586	09:31:07	60.12	6499	1966	2102
587	09:32:07	60.39	6499	1965	2100
588	09:33:08	60.11	6499	1963	2099
589	09:34:08	60.17	6499	1962	2097
590	09:35:08	60.11	6499	1960	2096
591	09:36:08	60.13	6499	1958	2094
592	09:37:08	60.12	6499	1957	2093
593	09:38:08	42.72	6499	1956	2092
594	09:38:51	60.25	6499	1954	2090
595	09:39:51	60.11	6499	1953	2089
596	09:40:51	60.12	6499	1951	2088
597	09:41:51	60.12	6499	1950	2086
598	09:42:51	60.11	6499	1948	2085
599	09:43:52	60.11	6499	1946	2083
600	09:44:52	60.13	6499	1945	2082
601	09:45:52	60.12	6499	1943	2080
602	09:46:52	44.00	6499	1942	2079
603	09:47:36	60.57	6499	1941	2078
604	09:48:37	60.12	6499	1939	2076
605	09:49:37	60.11	6499	1938	2075
606	09:50:37	60.12	6499	1936	2073
607	09:51:37	60.12	6499	1935	2072
608	09:52:37	60.14	6499	1933	2070
609	09:53:37	60.12	6499	1932	2069
610	09:54:37	60.16	6499	1930	2068
611	09:55:37	60.11	6499	1928	2066
612	09:56:38	60.14	6499	1927	2065
613	09:57:38	60.11	6499	1925	2063
614	09:58:38	60.11	6499	1924	2062
615	09:59:38	60.11	6499	1922	2060
616	10:00:38	60.16	6499	1921	2059
617	10:01:38	60.12	6499	1919	2057
618	10:02:38	60.10	6499	1917	2056
619	10:03:38	60.35	6499	1916	2054
620	10:04:39	60.14	6499	1914	2053
621	10:05:39	60.12	6499	1913	2052
622	10:06:39	60.11	6499	1911	2050
623	10:07:39	60.17	6499	1910	2049
624	10:08:39	60.40	6499	1908	2047
625	10:09:40	60.11	6499	1907	2046
626	10:10:40	60.13	6499	1905	2044
627	10:11:40	60.11	6499	1904	2043
628	10:12:40	60.17	6499	1902	2042
629	10:13:40	60.41	6499	1901	2040
630	10:14:41	60.16	6499	1899	2039
631	10:15:41	60.14	6499	1898	2037
632	10:16:41	60.15	6499	1896	2036
633	10:17:41	60.11	6499	1895	2034
634	10:18:41	15.73	6499	1894	2034
635	10:18:57	60.21	6499	1893	2033
636	10:19:57	60.16	6499	1891	2031
637	10:20:57	60.36	6499	1890	2030
638	10:21:58	10.27	6499	1889	2029
639	10:22:08	60.44	6499	1888	2028
640	10:23:08	60.10	6499	1886	2027
641	10:24:08	60.14	6499	1885	2025
642	10:25:09	60.16	6499	1883	2024
643	10:26:09	60.16	6499	1882	2022
644	10:27:09	60.12	6499	1880	2021
645	10:28:09	60.14	6499	1879	2020
646	10:29:09	60.15	6499	1877	2018
647	10:30:09	60.18	6499	1876	2017
648	10:31:09	60.13	6499	1874	2016
649	10:32:10	60.17	6499	1873	2014
650	10:33:10	60.12	6499	1871	2013
651	10:34:10	60.12	6499	1870	2011
652	10:35:10	60.13	6499	1868	2010
653	10:36:10	60.14	6499	1867	2008
654	10:37:10	60.11	6499	1865	2007
655	10:38:10	60.11	6499	1863	2006
656	10:39:10	60.15	6499	1862	2004
657	10:40:11	60.17	6499	1860	2003
658	10:41:11	60.13	6499	1859	2001
659	10:42:11	60.17	6499	1857	2000
660	10:43:11	60.16	6499	1856	1999
661	10:44:11	60.15	6499	1854	1997
662	10:45:11	60.12	6499	1853	1996
663	10:46:12	60.13	6499	1851	1994
664	10:47:12	60.12	6499	1850	1993
665	10:48:12	60.12	6499	1848	1992
666	10:49:12	60.11	6499	1847	1990
667	10:50:12	60.13	6499	1845	1989
668	10:51:12	60.16	6499	1844	1988
669	10:52:12	60.36	6499	1842	1986
670	10:53:13	60.11	6499	1841	1985
671	10:54:13	60.18	6499	1839	1983
672	10:55:13	60.14	6499	1838	1982
673	10:56:13	60.11	6499	1836	1981
674	10:57:13	29.78	6499	1836	1980
675	10:57:43	60.47	6499	1834	1979
676	10:58:43	60.14	6499	1833	1977
677	10:59:44	60.15	6499	1832	1976
678	11:00:44	60.12	6499	1830	1975
679	11:01:44	60.12	6499	1829	1973
680	11:02:44	60.17	6499	1827	1972
681	11:03:44	60.16	6499	1826	1970
682	11:04:44	60.12	6499	1824	1969
683	11:05:44	60.12	6499	1823	1968
684	11:06:45	60.14	6499	1822	1966
685	11:07:45	60.17	6499	1820	1965
686	11:08:45	60.11	6499	1819	1964
687	11:09:45	60.10	6499	1817	1962
688	11:10:45	60.13	6499	1816	1961
689	11:11:45	60.12	6499	1814	1960
690	11:12:45	60.12	6499	1813	1958
691	11:13:45	60.12	6499	1812	1957
692	11:14:46	60.12	6499	1810	1956
693	11:15:46	60.12	6499	1809	1954
694	11:16:46	60.11	6499	1807	1953
695	11:17:46	60.12	6499	1806	1952
696	11:18:46	60.35	6499	1805	1950
697	11:19:46	60.13	6499	1803	1949
698	11:20:47	60.11	6499	1802	1948
699	11:21:47	60.16	6499	1800	1946
700	11:22:47	60.12	6499	1799	1945
701	11:23:47	60.16	6499	1798	1944
702	11:24:47	60.11	6499	1796	1942
703	11:25:47	60.15	6499	1795	1941
704	11:26:47	60.12	6499	1793	1940
705	11:27:47	60.14	6499	1792	1938
706	11:28:48	60.11	6499	1790	1937
707	11:29:48	60.16	6499	1789	1935
708	11:30:48	60.11	6499	1787	1934
709	11:31:48	60.11	6499	1785	1932
710	11:32:48	60.42	6499	1783	1930
711	11:33:48	60.10	6499	1781	1928
712	11:34:49	60.12	6499	1779	1926
713	11:35:49	57.68	6499	1777	1924
714	11:36:46	60.31	6499	1775	1922
715	11:37:47	20.39	6499	1774	1921
716	11:38:07	60.26	6499	1772	1920
717	11:39:07	59.18	6499	1771	1918
718	11:40:07	60.33	6499	1769	1916
719	11:41:07	60.14	6499	1767	1914
720	11:42:07	60.11	6499	1765	1912
721	11:43:07	60.17	6499	1763	1911
722	11:44:07	60.12	6499	1762	1909
723	11:45:07	60.15	6499	1760	1907
724	11:46:08	60.15	6499	1758	1905
725	11:47:08	60.13	6499	1756	1904
726	11:48:08	60.13	6499	1754	1902
727	11:49:08	60.12	6499	1753	1900
728	11:50:08	60.11	6499	1751	1898
729	11:51:08	60.11	6499	1749	1897
730	11:52:08	60.11	6499	1748	1895
731	11:53:08	60.14	6499	1746	1893
732	11:54:09	60.11	6499	1744	1892
733	11:55:09	60.11	6499	1743	1890
734	11:56:09	60.17	6499	1741	1888
735	11:57:09	60.11	6499	1739	1886
736	11:58:09	60.17	6499	1737	1885
737	11:59:09	60.12	6499	1736	1883
738	12:00:09	60.16	6499	1734	1881
739	12:01:09	60.12	6499	1732	1880
740	12:02:10	60.12	6499	1731	1878
741	12:03:10	60.15	6499	1729	1876
742	12:04:10	60.10	6499	1727	1875
743	12:05:10	60.15	6499	1726	1873
744	12:06:10	60.12	6499	1724	1871
745	12:07:10	60.11	6499	1722	1870
746	12:08:10	60.10	6499	1721	1868
747	12:09:10	60.11	6499	1719	1866
748	12:10:11	60.11	6499	1718	1865
749	12:11:11	60.14	6499	1716	1863
750	12:12:11	60.10	6499	1714	1862
751	12:13:11	60.16	6499	1713	1860
752	12:14:11	60.14	6499	1711	1858
753	12:15:11	60.11	6499	1709	1857
754	12:16:11	60.15	6499	1708	1855
755	12:17:11	60.55	6499	1706	1854
756	12:18:12	60.47	6499	1704	1852
757	12:19:12	60.13	6499	1703	1850
758	12:20:13	60.12	6499	1701	1849
759	12:21:13	60.17	6499	1700	1847
760	12:22:13	60.37	6499	1698	1846
761	12:23:13	60.14	6499	1696	1844
762	12:24:13	60.14	6499	1695	1842
763	12:25:14	60.11	6499	1693	1841
764	12:26:14	60.11	6499	1692	1839
765	12:27:14	60.17	6499	1690	1838
766	12:28:14	60.18	6499	1688	1836
767	12:29:14	60.17	6499	1687	1835
768	12:30:14	60.11	6499	1685	1833
769	12:31:14	60.13	6499	1684	1832
770	12:32:15	60.12	6499	1682	1830
771	12:33:15	60.13	6499	1680	1828
772	12:34:15	60.11	6499	1679	1827
773	12:35:15	60.18	6499	1677	1825
774	12:36:15	60.17	6499	1676	1824
775	12:37:15	60.12	6499	1674	1822
776	12:38:15	60.12	6499	1673	1821
777	12:39:15	60.14	6499	1671	1819
778	12:40:16	60.14	6499	1670	1818
779	12:41:16	60.17	6499	1668	1816
780	12:42:16	60.14	6499	1666	1815
781	12:43:16	60.12	6498	1665	1813
782	12:44:16	60.37	6499	1664	1812
783	12:45:17	60.16	6499	1662	1810
784	12:46:17	59.87	6499	1661	1809
785	12:47:17	60.36	6499	1659	1807
786	12:48:17	60.14	6499	1658	1806
787	12:49:17	60.12	6499	1656	1804
788	12:50:17	60.14	6499	1655	1803
789	12:51:17	60.15	6499	1653	1801
790	12:52:17	60.14	6499	1652	1800
791	12:53:18	60.16	6499	1650	1798
792	12:54:18	62.10	6499	1649	1797
793	12:55:20	60.35	6499	1647	1795
794	12:56:20	60.13	6499	1646	1794
795	12:57:20	60.16	6499	1645	1792
796	12:58:21	60.12	6499	1643	1791
797	12:59:21	60.11	6499	1642	1789
798	13:00:21	60.11	6499	1640	1788
799	13:01:21	60.11	6499	1639	1787
800	13:02:21	60.17	6499	1637	1785
801	13:03:21	60.11	6499	1636	1784
802	13:04:21	11.21	6499	1635	1783
803	13:04:32	60.20	6499	1634	1782
804	13:05:33	60.11	6499	1633	1780
805	13:06:33	60.15	6499	1632	1779
806	13:07:33	60.12	6499	1630	1778
807	13:08:33	60.17	6499	1629	1776
808	13:09:33	60.12	6499	1627	1775
809	13:10:33	60.13	6499	1626	1773
810	13:11:33	60.14	6499	1624	1772
811	13:12:34	60.14	6499	1623	1770
812	13:13:34	60.15	6499	1622	1769
813	13:14:34	60.41	6499	1620	1767
814	13:15:34	60.16	6499	1619	1766
815	13:16:34	60.15	6499	1617	1765
816	13:17:35	60.36	6498	1616	1763
817	13:18:35	60.16	6499	1615	1762
818	13:19:35	60.14	6499	1613	1760
819	13:20:35	60.17	6499	1612	1759
820	13:21:35	60.12	6499	1610	1758
821	13:22:36	60.13	6499	1609	1756
822	13:23:36	60.17	6499	1607	1755
823	13:24:36	60.14	6499	1606	1754
824	13:25:36	60.16	6499	1605	1752
825	13:26:36	55.62	6499	1603	1751
826	13:27:32	60.45	6499	1602	1750
827	13:28:32	60.11	6499	1601	1748
828	13:29:32	60.12	6499	1599	1747
829	13:30:32	60.14	6499	1598	1745
830	13:31:33	60.14	6499	1596	1744
831	13:32:33	60.12	6499	1595	1743
832	13:33:33	60.14	6499	1594	1741
833	13:34:33	60.11	6499	1593	1740
834	13:35:33	60.14	6499	1591	1738
835	13:36:33	60.10	6499	1590	1737
836	13:37:33	60.15	6499	1589	1736
837	13:38:34	60.14	6499	1587	1734
838	13:39:34	60.12	6499	1585	1732
839	13:40:34	60.12	6499	1583	1730
840	13:41:34	60.12	6499	1581	1729
841	13:42:34	60.13	6499	1579	1727
842	13:43:34	60.12	6499	1577	1726
843	13:44:34	60.13	6499	1575	1724
844	13:45:34	60.14	6499	1574	1723
845	13:46:35	60.15	6499	1572	1721
846	13:47:35	60.39	6499	1570	1719
847	13:48:35	60.13	6499	1569	1718
848	13:49:35	60.15	6499	1567	1716
849	13:50:35	60.14	6499	1565	1715
850	13:51:36	60.11	6499	1564	1713
851	13:52:36	60.11	6499	1562	1712
852	13:53:36	60.13	6499	1560	1710
853	13:54:36	60.12	6499	1558	1709
854	13:55:36	60.13	6499	1557	1707
855	13:56:36	60.18	6499	1555	1706
856	13:57:36	60.13	6499	1554	1704
857	13:58:36	60.12	6499	1552	1703
858	13:59:37	60.15	6499	1550	1701
859	14:00:37	60.14	6499	1549	1700
860	14:01:37	60.11	6499	1547	1698
861	14:02:37	60.12	6499	1545	1697
862	14:03:37	60.13	6499	1544	1695
863	14:04:37	60.12	6499	1542	1694
864	14:05:37	60.39	6499	1540	1692
865	14:06:38	60.13	6499	1538	1691
866	14:07:38	60.11	6499	1537	1690
867	14:08:38	60.11	6499	1535	1688
868	14:09:38	60.35	6499	1533	1687
869	14:10:38	60.12	6499	1532	1685
870	14:11:39	60.14	6499	1530	1684
871	14:12:39	60.14	6499	1528	1682
872	14:13:39	60.14	6499	1527	1681
873	14:14:39	60.38	6499	1525	1679
874	14:15:39	60.11	6499	1523	1678
875	14:16:39	60.14	6499	1522	1676
876	14:17:40	60.13	6499	1520	1675
877	14:18:40	60.12	6499	1519	1673
878	14:19:40	60.35	6499	1517	1672
879	14:20:40	60.13	6499	1515	1671
880	14:21:40	60.15	6499	1514	1669
881	14:22:40	21.31	6499	1513	1668
882	14:23:02	60.36	6499	1512	1667
883	14:24:02	60.12	6499	1510	1666
884	14:25:02	60.13	6499	1509	1664
885	14:26:02	60.14	6499	1507	1662
886	14:27:02	60.14	6499	1505	1661
887	14:28:03	60.15	6499	1504	1659
888	14:29:03	60.14	6499	1502	1658
889	14:30:03	60.14	6499	1501	1656
890	14:31:03	60.13	6499	1499	1655
891	14:32:03	60.12	6499	1498	1653
892	14:33:03	60.10	6499	1496	1652
893	14:34:03	60.12	6499	1495	1651
894	14:35:04	60.11	6499	1493	1649
895	14:36:04	60.13	6499	1492	1648
896	14:37:04	60.38	6499	1490	1646
897	14:38:04	60.17	6499	1489	1645
898	14:39:04	60.15	6499	1487	1643
899	14:40:04	60.13	6499	1485	1642
900	14:41:05	60.37	6499	1484	1640
901	14:42:05	58.37	6499	1483	1639
902	14:43:03	60.17	6499	1481	1638
903	14:44:04	60.11	6499	1480	1636
904	14:45:04	60.13	6499	1478	1635
905	14:46:04	15.14	6499	1477	1634
906	14:46:19	60.52	6499	1476	1633
907	14:47:19	60.11	6499	1475	1631
908	14:48:20	60.12	6499	1473	1630
909	14:49:20	60.14	6499	1472	1629
910	14:50:20	60.10	6499	1471	1627
911	14:51:20	60.13	6499	1469	1626
912	14:52:20	60.15	6499	1468	1624
913	14:53:20	60.11	6499	1466	1623
914	14:54:20	60.17	6499	1465	1622
915	14:55:20	60.15	6499	1463	1620
916	14:56:21	60.11	6499	1462	1619
917	14:57:21	60.16	6499	1461	1617
918	14:58:21	60.16	6499	1459	1616
919	14:59:21	60.10	6499	1458	1615
920	15:00:21	60.13	6499	1456	1613
921	15:01:21	60.13	6499	1455	1612
922	15:02:21	60.17	6499	1453	1610
923	15:03:22	60.12	6499	1452	1609
924	15:04:22	60.16	6499	1450	1608
925	15:05:22	60.11	6499	1449	1606
926	15:06:22	60.13	6499	1448	1605
927	15:07:22	60.13	6499	1446	1604
928	15:08:22	60.13	6499	1445	1602
929	15:09:22	60.12	6499	1443	1601
930	15:10:22	44.72	6499	1442	1600
931	15:11:07	60.26	6499	1441	1599
932	15:12:07	60.36	6499	1439	1597
933	15:13:08	60.14	6499	1438	1596
934	15:14:08	60.12	6499	1437	1594
935	15:15:08	60.15	6499	1436	1593
936	15:16:08	60.13	6499	1434	1592
937	15:17:08	60.16	6499	1433	1591
938	15:18:09	60.11	6499	1431	1589
939	15:19:09	60.11	6499	1430	1588
940	15:20:09	60.14	6499	1429	1587
941	15:21:09	60.14	6499	1427	1585
942	15:22:09	60.11	6499	1426	1584
943	15:23:09	60.41	6499	1425	1583
944	15:24:10	60.17	6499	1424	1581
945	15:25:10	60.18	6499	1422	1580
946	15:26:10	60.14	6499	1421	1579
947	15:27:10	60.18	6499	1420	1578
948	15:28:10	60.38	6499	1418	1576
949	15:29:11	60.11	6499	1417	1575
950	15:30:11	44.97	6499	1416	1574
951	15:30:56	60.52	6499	1415	1573
952	15:31:56	60.16	6499	1413	1571
953	15:32:56	60.13	6499	1412	1570
954	15:33:56	60.15	6499	1411	1569
955	15:34:57	60.13	6499	1410	1568
956	15:35:57	60.12	6499	1408	1566
957	15:36:57	60.17	6499	1407	1565
958	15:37:57	60.13	6499	1406	1564
959	15:38:57	60.12	6499	1405	1562
960	15:39:57	60.12	6499	1403	1561
961	15:40:57	60.13	6499	1402	1560
962	15:41:58	60.14	6499	1401	1559
963	15:42:58	60.14	6499	1400	1557
964	15:43:58	60.11	6499	1399	1556
965	15:44:58	60.11	6499	1397	1555
966	15:45:58	60.12	6499	1396	1554
967	15:46:58	60.15	6499	1395	1552
968	15:47:58	60.14	6499	1394	1551
969	15:48:58	60.14	6499	1392	1550
970	15:49:59	60.14	6499	1391	1549
971	15:50:59	60.14	6499	1390	1547
972	15:51:59	60.12	6499	1389	1546
973	15:52:59	60.14	6499	1388	1545
974	15:53:59	60.15	6499	1386	1544
975	15:54:59	60.11	6499	1385	1543
976	15:55:59	60.11	6499	1384	1541
977	15:57:00	60.11	6499	1383	1540
978	15:58:00	60.12	6499	1382	1539
979	15:59:00	60.14	6499	1380	1538
980	16:00:00	60.16	6499	1379	1537
981	16:01:00	60.15	6499	1378	1535
982	16:02:00	60.11	6499	1377	1534
983	16:03:00	60.14	6499	1376	1533
984	16:04:00	60.11	6499	1375	1532
985	16:05:01	60.13	6499	1373	1531
986	16:06:01	60.14	6499	1372	1530
987	16:07:01	60.18	6499	1371	1528
988	16:08:01	60.11	6499	1370	1527
989	16:09:01	60.12	6499	1369	1526
990	16:10:01	60.38	6499	1368	1525
991	16:11:02	60.11	6499	1367	1524
992	16:12:02	60.17	6499	1365	1523
993	16:13:02	60.14	6499	1364	1521
994	16:14:02	60.12	6499	1363	1520
995	16:15:02	60.13	6499	1362	1519
996	16:16:02	60.11	6499	1361	1518
997	16:17:02	60.16	6499	1360	1517
998	16:18:03	60.11	6499	1359	1516
999	16:19:03	60.17	6499	1358	1515
1000	16:20:03	60.12	6499	1356	1514
1001	16:21:03	60.11	6499	1355	1512
1002	16:22:03	60.15	6499	1354	1511
1003	16:23:03	60.15	6499	1353	1510
1004	16:24:03	60.11	6499	1352	1509
1005	16:25:04	60.13	6499	1351	1508
1006	16:26:04	19.79	6499	1350	1507
1007	16:26:23	12.99	6499	1350	1507
1008	16:26:36	9.01	6499	1350	1507
1009	16:26:45	7.96	6499	1350	1507
1010	16:26:53	9.03	6499	1350	1506
1011	16:27:02	8.22	6499	1349	1506
1012	16:27:11	9.01	6499	1349	1506
1013	16:27:20	7.93	6499	1349	1506
1014	16:27:28	9.02	6499	1349	1506
1015	16:27:37	7.92	6499	1349	1506
1016	16:27:45	9.02	6499	1349	1506
1017	16:27:54	7.93	6499	1349	1505
1018	16:28:01	9.02	6499	1348	1505
1019	16:28:10	7.97	6499	1348	1505
1020	16:28:18	9.02	6498	1348	1505
1021	16:28:27	7.91	6499	1348	1505
1022	16:28:35	9.03	6499	1348	1505
1023	16:28:44	8.23	6499	1348	1504
1024	16:28:53	9.02	6499	1348	1504
1025	16:29:02	24.24	6499	1347	1504
1026	16:29:26	9.03	6499	1347	1504
1027	16:29:35	7.62	6499	1347	1504
1028	16:29:43	9.02	6499	1347	1504
1029	16:29:52	7.33	6499	1347	1503
1030	16:29:59	9.02	6499	1347	1503
1031	16:30:08	7.63	6499	1346	1503
1032	16:30:16	9.02	6499	1346	1503
1033	16:30:25	7.38	6499	1346	1503
1034	16:30:32	9.02	6499	1346	1503
1035	16:30:41	7.62	6499	1346	1503
1036	16:30:49	9.02	6499	1346	1502
1037	16:30:58	7.32	6499	1345	1502
1038	16:31:05	9.02	6499	1345	1502
1039	16:31:14	7.61	6499	1345	1502
1040	16:31:22	9.02	6499	1345	1502
1041	16:31:31	7.32	6499	1345	1502
1042	16:31:38	9.02	6499	1345	1502
1043	16:31:47	8.50	6499	1345	1501
1044	16:31:55	60.39	6499	1344	1501
1045	16:32:56	60.12	6499	1343	1500
1046	16:33:56	60.17	6499	1342	1499
1047	16:34:56	60.14	6499	1341	1498
1048	16:35:56	60.10	6499	1340	1497
1049	16:36:56	60.11	6499	1339	1496
1050	16:37:56	60.11	6499	1338	1494
1051	16:38:57	60.12	6499	1337	1493
1052	16:39:57	60.11	6499	1336	1492
1053	16:40:57	60.35	6499	1335	1491
1054	16:41:57	60.11	6499	1334	1490
1055	16:42:57	60.15	6499	1332	1489
1056	16:43:57	24.35	6499	1332	1488
1057	16:44:22	60.61	6499	0	0
1058	16:45:22	60.12	6499	0	0
1059	16:46:23	60.11	6499	0	0
1060	16:47:23	60.12	6501	0	0
1061	16:48:23	11.83	6501	0	0
Created by AtlRunQuery on: 2018-12-01 13:01:48.878582
