LHC beam energy and intensities during run 359124:
(Begin/end of run: Sat Aug 25 2018 11:14:30 − Sun Aug 26, 03:04:53)

LB	   Start time
(CEST)	   Duration
(sec)	   Beam energy
(GeV)	   Intensity Beam-1
(1e11 protons)	   Intensity Beam-2
(1e11 protons)
1	11:14:30	60.39	449	0	0
2	11:15:30	51.55	449	0	0
3	11:16:22	18.04	449	0	0
4	11:16:40	60.21	450	0	0
5	11:17:40	60.12	449	0	0
6	11:18:40	60.12	449	0	0
7	11:19:40	60.16	449	0	0
8	11:20:41	10.27	450	0	0
9	11:20:51	10.27	450	0	0
10	11:21:01	39.33	449	0	0
11	11:21:41	60.11	450	0	0
12	11:22:41	60.10	450	0	0
13	11:23:41	60.13	449	0	0
14	11:24:41	60.11	450	0	0
15	11:25:41	45.92	450	0	0
16	11:26:27	60.28	450	0	0
17	11:27:27	60.13	449	0	0
18	11:28:27	60.11	450	0	0
19	11:29:27	60.11	450	0	0
20	11:30:28	60.12	450	0	0
21	11:31:28	60.11	450	0	0
22	11:32:28	60.17	450	0	0
23	11:33:28	60.11	450	0	0
24	11:34:28	60.11	450	0	0
25	11:35:28	60.12	450	0	0
26	11:36:28	60.12	449	0	0
27	11:37:28	60.12	449	0	0
28	11:38:29	60.11	449	0	0
29	11:39:29	60.12	450	0	0
30	11:40:29	60.12	450	0	0
31	11:41:29	60.12	450	0	0
32	11:42:29	60.13	450	0	0
33	11:43:29	60.12	449	0	0
34	11:44:29	60.12	450	0	0
35	11:45:29	60.12	450	0	0
36	11:46:29	60.13	449	0	0
37	11:47:30	60.12	449	0	0
38	11:48:30	60.13	450	0	0
39	11:49:30	60.17	449	0	0
40	11:50:30	60.16	450	0	0
41	11:51:30	60.15	450	0	0
42	11:52:30	60.12	450	0	0
43	11:53:30	60.16	450	0	0
44	11:54:31	60.17	450	0	0
45	11:55:31	60.12	449	0	0
46	11:56:31	60.11	450	0	0
47	11:57:31	60.16	449	0	0
48	11:58:31	60.14	450	0	0
49	11:59:31	60.12	450	0	0
50	12:00:31	60.16	449	0	0
51	12:01:32	60.38	449	0	0
52	12:02:32	60.12	450	0	0
53	12:03:32	60.13	449	0	0
54	12:04:32	60.13	450	0	0.02915
55	12:05:32	60.10	450	0.009722	0.07799
56	12:06:32	60.12	450	0.07524	0.07785
57	12:07:33	60.11	450	0.0751	0.07777
58	12:08:33	60.11	449	0.07392	0.07761
59	12:09:33	60.11	450	0.06143	0.06528
60	12:10:33	60.16	450	0	0
61	12:11:33	60.12	449	0.04486	0
62	12:12:33	60.12	450	0.07931	0.02711
63	12:13:33	60.11	449	0.07923	0.08318
64	12:14:33	60.11	450	0.07915	0.08311
65	12:15:33	60.17	449	0.07851	0.0827
66	12:16:34	60.12	450	0.0778	7.071
67	12:17:34	60.12	450	12.36	14.12
68	12:18:34	60.11	450	14.01	14.11
69	12:19:34	60.12	449	13.99	14.09
70	12:20:34	60.12	449	3.023	3.044
71	12:21:34	60.12	450	0	0
72	12:22:34	60.12	450	0	0
73	12:23:34	60.11	450	0	0
74	12:24:35	60.11	450	0	0
75	12:25:35	60.12	450	0	0
76	12:26:35	14.65	450	0	0
77	12:26:49	60.22	449	0	0
78	12:27:50	60.16	450	0	0
79	12:28:50	60.14	450	0	0
80	12:29:50	60.11	450	0.07053	0
81	12:30:50	60.17	450	0.08099	0.04854
82	12:31:50	60.10	450	0.08091	0.07669
83	12:32:50	60.12	450	0.08065	0.07655
84	12:33:50	60.12	450	5.426	0.07596
85	12:34:51	60.12	450	12.88	10.49
86	12:35:51	60.12	450	12.86	13.09
87	12:36:51	60.13	450	12.84	13.08
88	12:37:51	60.12	450	12.82	13.06
89	12:38:51	60.12	450	12.8	13.04
90	12:39:51	60.12	450	12.78	13.02
91	12:40:51	60.11	449	12.76	13
92	12:41:51	60.10	449	17.65	12.98
93	12:42:52	60.14	450	39.91	22.72
94	12:43:52	60.12	449	132.2	25.87
95	12:44:52	60.16	450	132.1	25.84
96	12:45:52	60.12	449	131.9	34.61
97	12:46:52	60.12	450	131.7	84.26
98	12:47:52	60.12	450	160.9	146.2
99	12:48:52	60.14	449	292.4	237.3
100	12:49:52	60.14	450	34.14	35.93
101	12:50:53	60.35	449	0.0156	0
102	12:51:53	60.12	450	0.07418	0.04591
103	12:52:53	60.12	450	0.074	0.07702
104	12:53:53	60.13	450	0.07391	0.07694
105	12:54:53	60.11	449	5.081	0.07669
106	12:55:53	60.15	449	28.66	10.08
107	12:56:54	60.36	450	119.5	69.62
108	12:57:54	60.12	450	313.3	119.8
109	12:58:54	60.12	450	442.2	228.9
110	12:59:54	60.13	450	441.5	280.6
111	13:00:54	60.12	449	440.8	280.5
112	13:01:54	60.11	450	440.1	280.2
113	13:02:55	60.11	450	439.4	279.9
114	13:03:55	60.14	449	455.5	395.8
115	13:04:55	60.11	450	597.6	517.1
116	13:05:55	60.12	449	689.8	625.4
117	13:06:55	60.11	450	802.9	706.7
118	13:07:55	60.16	449	923.2	865.4
119	13:08:55	60.10	449	1043	989.7
120	13:09:55	60.12	450	1177	1111
121	13:10:56	60.11	449	1320	1232
122	13:11:56	60.12	449	1404	1350
123	13:12:56	60.11	450	1506	1449
124	13:13:56	60.18	450	1626	1580
125	13:14:56	60.12	450	1751	1701
126	13:15:56	60.11	449	1904	1822
127	13:16:56	60.12	450	1907	1943
128	13:17:56	60.12	449	1983	2084
129	13:18:56	60.12	450	2089	2175
130	13:19:57	60.16	450	2168	2287
131	13:20:57	60.11	449	2323	2406
132	13:21:57	60.12	450	2445	2525
133	13:22:57	60.12	449	2564	2657
134	13:23:57	60.11	449	2682	2802
135	13:24:57	60.12	449	2792	2812
136	13:25:57	60.10	450	2791	2811
137	13:26:57	60.16	450	2789	2808
138	13:27:58	60.13	450	2787	2806
139	13:28:58	60.35	450	2785	2803
140	13:29:58	60.11	497	2784	2802
141	13:30:58	60.12	616	2784	2801
142	13:31:58	46.61	802	2783	2799
143	13:32:45	60.10	990	2783	2799
144	13:33:45	60.10	1294	2783	2798
145	13:34:45	60.11	1641	2783	2798
146	13:35:45	60.11	1989	2783	2798
147	13:36:45	60.11	2336	2783	2798
148	13:37:45	60.12	2683	2783	2798
149	13:38:46	60.12	3036	2782	2798
150	13:39:46	60.12	3384	2782	2798
151	13:40:46	60.11	3731	2782	2797
152	13:41:46	60.13	4079	2781	2797
153	13:42:46	60.35	4426	2781	2797
154	13:43:46	60.12	4773	2780	2797
155	13:44:47	60.11	5127	2779	2797
156	13:45:47	60.15	5474	2779	2796
157	13:46:47	60.11	5821	2777	2796
158	13:47:47	58.71	6169	2775	2795
159	13:48:46	31.12	6488	2771	2795
160	13:49:17	10.36	6499	2771	2794
161	13:49:27	60.12	6499	2771	2794
162	13:50:27	60.12	6499	2770	2793
163	13:51:27	22.76	6499	2770	2793
164	13:51:50	27.76	6499	2757	2781
165	13:52:18	10.35	6499	2757	2781
166	13:52:28	20.76	6499	2757	2781
167	13:52:49	60.46	6499	2757	2781
168	13:53:49	60.15	6499	2757	2781
169	13:54:50	60.12	6499	2756	2780
170	13:55:50	60.13	6499	2756	2780
171	13:56:50	60.12	6499	2755	2780
172	13:57:50	60.13	6499	2755	2780
173	13:58:50	60.13	6499	2755	2780
174	13:59:50	60.11	6499	2754	2780
175	14:00:50	60.12	6499	2752	2780
176	14:01:50	60.10	6499	2751	2780
177	14:02:51	60.12	6499	2749	2779
178	14:03:51	29.67	6499	2748	2779
179	14:04:20	60.47	6499	2747	2779
180	14:05:21	60.12	6499	2746	2779
181	14:06:21	60.12	6499	2743	2778
182	14:07:21	60.11	6499	2739	2776
183	14:08:21	60.12	6499	2734	2772
184	14:09:21	60.12	6499	2731	2769
185	14:10:21	37.76	6499	2729	2767
186	14:10:59	60.21	6499	2727	2764
187	14:11:59	27.84	6499	2724	2762
188	14:12:27	60.55	6499	2722	2760
189	14:13:28	60.12	6499	2720	2757
190	14:14:28	60.12	6499	2716	2755
191	14:15:28	60.12	6499	2714	2753
192	14:16:28	60.12	6499	2711	2750
193	14:17:28	60.11	6499	2709	2748
194	14:18:28	60.11	6499	2706	2745
195	14:19:28	60.11	6499	2702	2742
196	14:20:29	29.26	6499	2700	2740
197	14:20:58	60.24	6499	2698	2738
198	14:21:58	14.34	6499	2696	2737
199	14:22:12	60.29	6499	2694	2735
200	14:23:13	60.11	6499	2692	2732
201	14:24:13	60.10	6499	2689	2730
202	14:25:13	59.11	6499	2686	2727
203	14:26:12	60.16	6499	2683	2724
204	14:27:12	60.11	6499	2681	2721
205	14:28:12	60.16	6499	2678	2718
206	14:29:12	60.10	6499	2676	2716
207	14:30:13	60.12	6499	2673	2713
208	14:31:13	60.12	6499	2670	2710
209	14:32:13	60.10	6499	2667	2708
210	14:33:13	60.12	6499	2665	2705
211	14:34:13	60.16	6499	2662	2702
212	14:35:13	24.39	6499	2660	2701
213	14:35:38	60.03	6499	2659	2699
214	14:36:38	60.12	6499	2656	2696
215	14:37:38	60.11	6499	2653	2693
216	14:38:38	60.17	6499	2651	2691
217	14:39:38	60.13	6499	2649	2688
218	14:40:38	60.11	6499	2646	2685
219	14:41:38	10.27	6499	2645	2684
220	14:41:49	60.11	6499	2644	2682
221	14:42:49	28.64	6499	2642	2681
222	14:43:17	60.54	6499	2640	2679
223	14:44:18	60.15	6499	2638	2676
224	14:45:18	60.14	6499	2636	2674
225	14:46:18	60.11	6499	2634	2672
226	14:47:18	60.17	6499	2632	2669
227	14:48:18	60.11	6499	2629	2667
228	14:49:18	60.12	6499	2627	2665
229	14:50:19	60.10	6499	2625	2663
230	14:51:19	60.11	6499	2622	2660
231	14:52:19	60.12	6499	2620	2658
232	14:53:19	23.11	6499	2619	2656
233	14:53:42	60.58	6499	2617	2655
234	14:54:43	39.54	6499	2615	2653
235	14:55:22	15.22	6499	2614	2652
236	14:55:37	60.30	6499	2613	2651
237	14:56:38	24.93	6499	2611	2649
238	14:57:03	60.23	6499	2610	2648
239	14:58:03	60.17	6499	2607	2646
240	14:59:03	60.14	6499	2605	2643
241	15:00:03	60.13	6499	2603	2641
242	15:01:03	60.11	6499	2601	2639
243	15:02:03	60.12	6499	2598	2637
244	15:03:04	60.11	6499	2596	2635
245	15:04:04	60.12	6499	2594	2633
246	15:05:04	37.72	6499	2592	2631
247	15:05:41	10.47	6499	2591	2631
248	15:05:52	60.12	6499	2590	2629
249	15:06:52	60.11	6499	2587	2627
250	15:07:52	60.11	6499	2585	2625
251	15:08:52	60.11	6499	2583	2623
252	15:09:52	60.11	6499	2581	2621
253	15:10:52	60.36	6499	2579	2619
254	15:11:53	60.11	6499	2576	2617
255	15:12:53	60.17	6499	2574	2616
256	15:13:53	60.11	6499	2572	2614
257	15:14:53	60.13	6499	2570	2612
258	15:15:53	60.11	6499	2568	2610
259	15:16:53	20.35	6499	2566	2608
260	15:17:14	60.55	6499	2565	2607
261	15:18:14	60.15	6499	2562	2605
262	15:19:15	60.11	6499	2560	2603
263	15:20:15	60.10	6499	2558	2601
264	15:21:15	60.12	6499	2556	2600
265	15:22:15	60.16	6499	2554	2598
266	15:23:15	17.42	6499	2552	2597
267	15:23:32	60.21	6499	2551	2595
268	15:24:33	60.16	6499	2549	2593
269	15:25:33	60.12	6499	2547	2592
270	15:26:33	60.11	6499	2545	2590
271	15:27:33	37.25	6499	2543	2588
272	15:28:10	60.43	6499	2541	2587
273	15:29:11	23.30	6499	2540	2585
274	15:29:34	60.09	6499	2539	2584
275	15:30:34	60.18	6499	2537	2582
276	15:31:34	60.14	6499	2534	2580
277	15:32:34	60.16	6499	2532	2578
278	15:33:35	60.10	6499	2530	2576
279	15:34:35	60.14	6499	2528	2574
280	15:35:35	60.11	6499	2526	2573
281	15:36:35	60.15	6499	2524	2571
282	15:37:35	37.40	6499	2522	2569
283	15:38:12	60.56	6499	2521	2568
284	15:39:13	60.11	6499	2519	2566
285	15:40:13	60.13	6499	2517	2564
286	15:41:13	60.12	6499	2514	2562
287	15:42:13	60.11	6499	2512	2560
288	15:43:14	60.17	6499	2510	2558
289	15:44:14	60.12	6499	2508	2557
290	15:45:14	60.12	6499	2506	2555
291	15:46:14	60.14	6499	2504	2553
292	15:47:14	41.90	6499	2502	2551
293	15:47:56	60.28	6499	2501	2550
294	15:48:56	60.11	6499	2499	2548
295	15:49:56	60.37	6499	2497	2546
296	15:50:57	60.16	6499	2494	2544
297	15:51:57	60.13	6499	2492	2543
298	15:52:57	60.12	6499	2490	2541
299	15:53:57	60.37	6499	2488	2539
300	15:54:58	60.11	6499	2486	2537
301	15:55:58	19.58	6499	2485	2536
302	15:56:17	60.58	6499	2483	2535
303	15:57:18	60.11	6499	2481	2533
304	15:58:18	60.12	6499	2479	2532
305	15:59:18	60.11	6499	2477	2530
306	16:00:18	39.38	6499	2476	2528
307	16:00:58	60.11	6499	2474	2527
308	16:01:58	25.62	6499	2472	2526
309	16:02:23	60.27	6499	2471	2524
310	16:03:24	60.11	6499	2469	2523
311	16:04:24	27.75	6499	2467	2521
312	16:04:51	53.23	6499	2466	2520
313	16:05:45	60.10	6499	2464	2518
314	16:06:45	60.12	6499	2462	2517
315	16:07:45	60.11	6499	2460	2515
316	16:08:45	60.12	6499	2458	2513
317	16:09:45	60.11	6499	2456	2512
318	16:10:45	60.41	6499	2454	2510
319	16:11:46	40.72	6499	2452	2508
320	16:12:26	60.49	6499	2450	2507
321	16:13:27	60.11	6499	2448	2505
322	16:14:27	60.11	6499	2446	2504
323	16:15:27	60.15	6499	2444	2502
324	16:16:27	60.15	6499	2442	2500
325	16:17:27	60.11	6499	2440	2499
326	16:18:27	60.10	6499	2438	2497
327	16:19:28	60.18	6499	2436	2495
328	16:20:28	60.12	6499	2434	2494
329	16:21:28	60.37	6499	2432	2492
330	16:22:28	60.17	6499	2430	2491
331	16:23:28	60.11	6499	2428	2489
332	16:24:28	60.17	6499	2426	2487
333	16:25:29	60.14	6499	2424	2485
334	16:26:29	60.12	6499	2422	2484
335	16:27:29	60.12	6499	2420	2482
336	16:28:29	60.35	6499	2418	2481
337	16:29:29	60.16	6499	2416	2479
338	16:30:30	60.35	6499	2414	2477
339	16:31:30	24.74	6499	2413	2476
340	16:31:55	10.13	6499	2412	2476
341	16:32:05	60.44	6499	2411	2475
342	16:33:05	60.14	6499	2409	2473
343	16:34:05	60.14	6499	2407	2471
344	16:35:05	60.11	6499	2405	2470
345	16:36:06	60.11	6499	2403	2468
346	16:37:06	42.72	6499	2401	2467
347	16:37:48	60.26	6499	2399	2466
348	16:38:49	60.11	6499	2397	2464
349	16:39:49	60.12	6499	2396	2462
350	16:40:49	60.12	6499	2394	2461
351	16:41:49	60.11	6499	2392	2459
352	16:42:49	60.13	6499	2390	2457
353	16:43:49	60.12	6499	2388	2456
354	16:44:49	60.11	6499	2386	2454
355	16:45:49	30.64	6499	2384	2453
356	16:46:20	60.26	6499	2383	2452
357	16:47:20	60.14	6499	2381	2450
358	16:48:21	60.10	6499	2379	2449
359	16:49:21	60.11	6499	2377	2447
360	16:50:21	60.17	6499	2375	2445
361	16:51:21	60.11	6499	2373	2444
362	16:52:21	60.17	6499	2371	2442
363	16:53:21	60.11	6499	2369	2441
364	16:54:21	60.12	6499	2367	2439
365	16:55:21	60.12	6499	2365	2438
366	16:56:22	60.12	6499	2363	2436
367	16:57:22	60.35	6499	2361	2434
368	16:58:22	60.11	6499	2359	2433
369	16:59:22	60.17	6499	2357	2431
370	17:00:22	49.44	6499	2355	2430
371	17:01:12	60.54	6499	2354	2429
372	17:02:12	60.15	6499	2352	2427
373	17:03:12	60.13	6499	2350	2425
374	17:04:13	60.12	6499	2348	2424
375	17:05:13	60.12	6499	2346	2422
376	17:06:13	60.11	6499	2344	2421
377	17:07:13	60.15	6499	2342	2419
378	17:08:13	60.11	6499	2340	2418
379	17:09:13	60.14	6499	2338	2416
380	17:10:13	60.14	6499	2336	2414
381	17:11:13	60.14	6499	2334	2413
382	17:12:14	60.14	6499	2332	2411
383	17:13:14	60.12	6499	2330	2410
384	17:14:14	60.12	6499	2328	2408
385	17:15:14	60.12	6499	2327	2407
386	17:16:14	26.57	6499	2325	2406
387	17:16:41	60.14	6499	2324	2404
388	17:17:41	60.11	6499	2322	2403
389	17:18:41	60.14	6499	2320	2401
390	17:19:41	60.12	6499	2318	2400
391	17:20:41	60.16	6499	2316	2398
392	17:21:41	60.12	6499	2314	2397
393	17:22:41	37.91	6499	2313	2395
394	17:23:19	60.52	6499	2311	2394
395	17:24:20	60.14	6499	2309	2393
396	17:25:20	60.11	6499	2307	2391
397	17:26:20	60.11	6499	2305	2390
398	17:27:20	60.15	6499	2303	2388
399	17:28:20	60.40	6499	2302	2387
400	17:29:21	60.11	6499	2300	2385
401	17:30:21	60.12	6499	2298	2383
402	17:31:21	60.16	6499	2296	2382
403	17:32:21	60.12	6499	2294	2381
404	17:33:21	60.13	6499	2292	2379
405	17:34:21	60.17	6499	2290	2378
406	17:35:22	60.11	6499	2288	2376
407	17:36:22	60.17	6499	2286	2374
408	17:37:22	60.11	6499	2284	2373
409	17:38:22	60.11	6499	2283	2372
410	17:39:22	60.11	6499	2281	2370
411	17:40:22	60.14	6499	2279	2369
412	17:41:22	60.16	6499	2277	2367
413	17:42:22	60.11	6499	2275	2366
414	17:43:23	60.15	6499	2273	2364
415	17:44:23	60.11	6499	2271	2363
416	17:45:23	60.13	6499	2269	2361
417	17:46:23	58.59	6499	2267	2360
418	17:47:22	60.50	6499	2264	2358
419	17:48:22	60.13	6499	2263	2357
420	17:49:22	60.13	6499	2261	2355
421	17:50:22	60.26	6499	2259	2353
422	17:51:23	60.10	6499	2257	2352
423	17:52:23	60.15	6499	2255	2351
424	17:53:23	60.16	6499	2253	2349
425	17:54:23	60.11	6499	2252	2348
426	17:55:23	60.12	6499	2250	2346
427	17:56:23	60.12	6499	2248	2345
428	17:57:23	60.14	6499	2246	2343
429	17:58:23	60.11	6499	2244	2342
430	17:59:24	60.09	6499	2243	2340
431	18:00:24	60.40	6499	2241	2339
432	18:01:24	60.13	6499	2239	2337
433	18:02:24	60.11	6499	2237	2336
434	18:03:24	60.15	6499	2235	2334
435	18:04:24	60.36	6499	2234	2333
436	18:05:25	60.12	6499	2232	2331
437	18:06:25	60.12	6499	2230	2330
438	18:07:25	16.22	6499	2229	2329
439	18:07:41	60.44	6499	2228	2328
440	18:08:42	60.17	6499	2226	2327
441	18:09:42	60.37	6499	2224	2325
442	18:10:42	60.11	6499	2222	2324
443	18:11:42	60.11	6499	2220	2322
444	18:12:43	60.16	6499	2219	2321
445	18:13:43	60.10	6499	2217	2320
446	18:14:43	60.17	6499	2215	2318
447	18:15:43	60.10	6499	2213	2317
448	18:16:43	60.13	6499	2212	2315
449	18:17:43	10.30	6499	2211	2314
450	18:17:53	13.76	6499	2210	2314
451	18:18:07	60.14	6499	2209	2313
452	18:19:07	60.15	6499	2207	2312
453	18:20:08	60.11	6499	2205	2310
454	18:21:08	60.12	6499	2204	2309
455	18:22:08	60.17	6499	2202	2307
456	18:23:08	60.16	6499	2200	2306
457	18:24:08	60.12	6499	2198	2304
458	18:25:08	60.11	6499	2196	2303
459	18:26:08	60.12	6499	2195	2301
460	18:27:08	60.17	6499	2193	2300
461	18:28:09	60.12	6499	2191	2298
462	18:29:09	60.11	6499	2189	2297
463	18:30:09	60.17	6499	2187	2296
464	18:31:09	60.13	6499	2186	2294
465	18:32:09	60.11	6499	2184	2293
466	18:33:09	60.11	6499	2182	2291
467	18:34:09	60.15	6499	2180	2290
468	18:35:09	60.13	6499	2178	2288
469	18:36:10	60.12	6499	2176	2287
470	18:37:10	60.11	6499	2175	2286
471	18:38:10	60.16	6499	2173	2284
472	18:39:10	17.11	6499	2172	2283
473	18:39:27	60.32	6499	2170	2282
474	18:40:27	60.11	6499	2169	2281
475	18:41:28	60.35	6499	2167	2279
476	18:42:28	60.14	6499	2165	2278
477	18:43:28	60.14	6499	2163	2276
478	18:44:28	60.11	6499	2161	2275
479	18:45:28	60.15	6499	2160	2274
480	18:46:28	60.16	6499	2158	2272
481	18:47:29	60.12	6499	2156	2271
482	18:48:29	60.17	6499	2154	2269
483	18:49:29	60.11	6499	2152	2268
484	18:50:29	60.15	6499	2151	2266
485	18:51:29	60.16	6499	2149	2265
486	18:52:29	60.12	6499	2147	2264
487	18:53:29	27.47	6499	2146	2263
488	18:53:57	60.20	6499	2144	2262
489	18:54:57	60.40	6499	2143	2260
490	18:55:57	60.16	6499	2141	2259
491	18:56:58	60.11	6499	2139	2257
492	18:57:58	60.12	6499	2137	2256
493	18:58:58	60.11	6499	2136	2254
494	18:59:58	60.15	6499	2134	2253
495	19:00:58	60.12	6499	2132	2252
496	19:01:58	60.38	6499	2130	2250
497	19:02:59	60.10	6499	2128	2249
498	19:03:59	60.13	6499	2126	2247
499	19:04:59	12.30	6499	2125	2246
500	19:05:11	60.32	6499	2124	2246
501	19:06:11	60.12	6499	2123	2244
502	19:07:12	60.16	6499	2121	2243
503	19:08:12	60.35	6499	2119	2241
504	19:09:12	60.11	6499	2117	2240
505	19:10:12	32.31	6499	2116	2239
506	19:10:45	60.16	6499	2115	2238
507	19:11:45	60.12	6499	2113	2237
508	19:12:45	60.11	6499	2111	2235
509	19:13:45	60.12	6499	2109	2234
510	19:14:45	60.12	6499	2108	2232
511	19:15:45	60.11	6499	2106	2231
512	19:16:45	60.10	6499	2104	2230
513	19:17:45	60.12	6499	2102	2228
514	19:18:46	60.13	6499	2101	2227
515	19:19:46	60.11	6499	2099	2225
516	19:20:46	60.12	6499	2097	2224
517	19:21:46	60.16	6499	2095	2223
518	19:22:46	60.35	6499	2094	2221
519	19:23:46	60.12	6499	2092	2220
520	19:24:47	60.41	6499	2090	2219
521	19:25:47	60.12	6499	2088	2217
522	19:26:47	60.10	6499	2087	2216
523	19:27:47	60.18	6499	2085	2214
524	19:28:47	60.11	6499	2083	2213
525	19:29:47	60.13	6499	2082	2212
526	19:30:48	60.15	6499	2080	2210
527	19:31:48	43.52	6499	2078	2209
528	19:32:31	60.46	6499	2077	2208
529	19:33:32	60.11	6499	2075	2206
530	19:34:32	60.14	6499	2073	2205
531	19:35:32	60.12	6499	2071	2204
532	19:36:32	60.11	6499	2070	2202
533	19:37:32	60.11	6499	2068	2201
534	19:38:32	60.15	6499	2066	2199
535	19:39:32	60.12	6499	2065	2198
536	19:40:33	60.28	6499	2063	2197
537	19:41:33	60.12	6499	2061	2195
538	19:42:33	60.12	6499	2059	2194
539	19:43:33	60.13	6499	2058	2192
540	19:44:33	60.11	6499	2056	2191
541	19:45:33	60.12	6499	2054	2190
542	19:46:33	60.12	6499	2053	2188
543	19:47:34	60.12	6499	2051	2187
544	19:48:34	60.12	6499	2049	2186
545	19:49:34	60.12	6499	2047	2184
546	19:50:34	60.15	6499	2046	2183
547	19:51:34	60.16	6499	2044	2181
548	19:52:34	60.11	6499	2042	2180
549	19:53:34	60.41	6499	2041	2179
550	19:54:35	60.16	6499	2039	2177
551	19:55:35	60.13	6499	2037	2176
552	19:56:35	60.12	6499	2035	2174
553	19:57:35	60.11	6499	2034	2173
554	19:58:35	60.15	6499	2032	2172
555	19:59:35	60.12	6499	2030	2170
556	20:00:36	60.11	6499	2029	2169
557	20:01:36	38.49	6499	2027	2168
558	20:02:14	60.49	6499	2026	2167
559	20:03:15	60.36	6499	2024	2165
560	20:04:15	60.13	6499	2022	2164
561	20:05:15	60.17	6499	2021	2163
562	20:06:15	60.12	6499	2019	2161
563	20:07:15	19.47	6499	2018	2160
564	20:07:35	60.21	6499	2017	2159
565	20:08:35	60.10	6499	2015	2158
566	20:09:35	60.43	6499	2013	2157
567	20:10:36	60.11	6499	2012	2155
568	20:11:36	60.16	6499	2010	2154
569	20:12:36	60.11	6499	2008	2153
570	20:13:36	60.15	6499	2007	2151
571	20:14:36	60.12	6499	2005	2150
572	20:15:36	60.11	6499	2003	2149
573	20:16:36	60.11	6499	2002	2147
574	20:17:36	60.43	6499	2000	2146
575	20:18:37	60.11	6499	1998	2144
576	20:19:37	60.11	6499	1997	2143
577	20:20:37	60.16	6498	1995	2142
578	20:21:37	60.11	6499	1994	2140
579	20:22:37	60.11	6499	1992	2139
580	20:23:37	60.12	6499	1990	2138
581	20:24:38	60.11	6499	1989	2136
582	20:25:38	60.10	6499	1987	2135
583	20:26:38	60.12	6499	1985	2134
584	20:27:38	41.52	6499	1984	2133
585	20:28:19	60.19	6499	1983	2131
586	20:29:20	14.19	6499	1982	2131
587	20:29:34	60.24	6499	1981	2130
588	20:30:34	60.12	6499	1979	2128
589	20:31:34	60.17	6499	1977	2127
590	20:32:34	60.14	6499	1976	2126
591	20:33:34	49.52	6499	1974	2124
592	20:34:24	60.46	6499	1972	2123
593	20:35:24	60.12	6499	1971	2122
594	20:36:25	60.10	6499	1969	2120
595	20:37:25	60.13	6499	1968	2119
596	20:38:25	60.13	6499	1966	2118
597	20:39:25	60.12	6499	1964	2116
598	20:40:25	60.11	6499	1963	2115
599	20:41:25	60.12	6499	1961	2114
600	20:42:25	60.11	6499	1959	2112
601	20:43:25	60.14	6499	1958	2111
602	20:44:26	60.13	6499	1956	2110
603	20:45:26	60.11	6499	1955	2108
604	20:46:26	60.11	6499	1953	2107
605	20:47:26	60.40	6499	1951	2106
606	20:48:26	60.12	6499	1950	2105
607	20:49:26	60.12	6499	1948	2103
608	20:50:27	60.12	6499	1946	2102
609	20:51:27	60.11	6499	1945	2101
610	20:52:27	60.17	6499	1943	2099
611	20:53:27	60.11	6499	1942	2098
612	20:54:27	60.14	6499	1940	2097
613	20:55:27	60.12	6499	1938	2095
614	20:56:27	60.11	6499	1937	2094
615	20:57:27	60.17	6499	1935	2093
616	20:58:28	60.11	6499	1934	2091
617	20:59:28	60.16	6499	1932	2090
618	21:00:28	60.12	6499	1930	2089
619	21:01:28	60.10	6499	1929	2087
620	21:02:28	60.11	6499	1927	2086
621	21:03:28	60.11	6499	1926	2085
622	21:04:28	60.12	6499	1924	2083
623	21:05:28	16.69	6499	1923	2083
624	21:05:45	60.46	6499	1922	2082
625	21:06:46	60.10	6499	1920	2080
626	21:07:46	60.14	6499	1919	2079
627	21:08:46	60.11	6499	1917	2078
628	21:09:46	60.12	6499	1916	2077
629	21:10:46	60.15	6499	1914	2075
630	21:11:46	60.13	6499	1912	2074
631	21:12:46	60.14	6499	1911	2073
632	21:13:47	60.12	6499	1909	2071
633	21:14:47	60.10	6499	1908	2070
634	21:15:47	60.11	6499	1906	2069
635	21:16:47	60.11	6499	1904	2067
636	21:17:47	60.14	6499	1903	2066
637	21:18:47	60.12	6499	1901	2065
638	21:19:47	60.14	6499	1900	2063
639	21:20:47	60.11	6499	1898	2062
640	21:21:47	60.36	6499	1896	2061
641	21:22:48	60.10	6499	1895	2059
642	21:23:48	60.11	6499	1893	2058
643	21:24:48	60.11	6499	1892	2057
644	21:25:48	60.12	6499	1890	2056
645	21:26:48	60.12	6499	1889	2054
646	21:27:48	60.12	6499	1887	2053
647	21:28:49	60.15	6499	1885	2052
648	21:29:49	60.13	6499	1884	2051
649	21:30:49	60.18	6499	1882	2049
650	21:31:49	60.14	6499	1881	2048
651	21:32:49	60.26	6499	1879	2046
652	21:33:49	60.14	6499	1878	2045
653	21:34:49	60.14	6499	1876	2044
654	21:35:50	20.17	6499	1875	2043
655	21:36:10	60.52	6499	1874	2042
656	21:37:10	60.15	6499	1872	2040
657	21:38:10	42.72	6499	1871	2039
658	21:38:53	60.26	6499	1870	2038
659	21:39:53	60.11	6499	1868	2037
660	21:40:54	60.13	6499	1866	2035
661	21:41:54	60.09	6499	1865	2034
662	21:42:54	60.10	6499	1863	2033
663	21:43:54	60.11	6499	1862	2031
664	21:44:54	60.10	6499	1860	2030
665	21:45:54	60.41	6499	1859	2029
666	21:46:55	60.15	6499	1857	2027
667	21:47:55	60.11	6499	1855	2026
668	21:48:55	60.17	6499	1854	2024
669	21:49:55	60.15	6499	1852	2023
670	21:50:55	60.40	6499	1851	2022
671	21:51:55	60.11	6499	1849	2020
672	21:52:56	60.12	6499	1848	2019
673	21:53:56	60.12	6499	1846	2018
674	21:54:56	60.16	6499	1845	2016
675	21:55:56	60.16	6499	1843	2015
676	21:56:56	60.15	6499	1841	2013
677	21:57:56	60.11	6499	1840	2012
678	21:58:56	38.26	6499	1839	2011
679	21:59:35	60.21	6499	1837	2010
680	22:00:35	60.12	6499	1836	2008
681	22:01:35	60.13	6499	1834	2007
682	22:02:35	60.18	6499	1833	2006
683	22:03:35	60.11	6499	1831	2004
684	22:04:35	35.41	6499	1830	2003
685	22:05:11	60.57	6499	1829	2002
686	22:06:11	60.12	6499	1827	2001
687	22:07:12	60.13	6499	1826	1999
688	22:08:12	60.15	6499	1824	1998
689	22:09:12	60.16	6499	1823	1997
690	22:10:12	60.11	6499	1821	1995
691	22:11:12	60.15	6499	1820	1994
692	22:12:12	60.13	6499	1818	1993
693	22:13:12	60.13	6499	1817	1991
694	22:14:12	60.14	6499	1815	1990
695	22:15:13	60.14	6499	1814	1989
696	22:16:13	60.11	6499	1812	1987
697	22:17:13	60.12	6499	1811	1986
698	22:18:13	60.15	6499	1809	1985
699	22:19:13	60.14	6499	1808	1983
700	22:20:13	60.15	6499	1806	1982
701	22:21:13	60.16	6499	1805	1981
702	22:22:14	60.15	6499	1803	1979
703	22:23:14	60.14	6499	1802	1978
704	22:24:14	60.17	6499	1800	1977
705	22:25:14	60.17	6499	1799	1975
706	22:26:14	60.11	6499	1797	1974
707	22:27:14	60.18	6499	1796	1973
708	22:28:14	60.15	6499	1794	1971
709	22:29:15	60.16	6499	1793	1970
710	22:30:15	60.12	6499	1791	1969
711	22:31:15	60.16	6499	1790	1968
712	22:32:15	60.12	6499	1788	1966
713	22:33:15	60.13	6499	1787	1965
714	22:34:15	60.16	6499	1785	1964
715	22:35:15	60.14	6499	1784	1962
716	22:36:16	60.13	6499	1782	1961
717	22:37:16	60.15	6499	1781	1960
718	22:38:16	60.17	6499	1779	1958
719	22:39:16	10.33	6499	1778	1958
720	22:39:26	60.11	6499	1777	1957
721	22:40:27	60.13	6499	1775	1954
722	22:41:27	60.15	6499	1773	1952
723	22:42:27	60.14	6499	1771	1950
724	22:43:27	60.14	6499	1769	1948
725	22:44:27	60.12	6499	1767	1946
726	22:45:27	60.28	6499	1765	1944
727	22:46:27	60.16	6499	1763	1942
728	22:47:28	60.13	6499	1761	1940
729	22:48:28	60.13	6499	1760	1938
730	22:49:28	60.17	6499	1757	1936
731	22:50:28	60.16	6499	1755	1934
732	22:51:28	60.15	6499	1753	1932
733	22:52:28	60.11	6499	1751	1930
734	22:53:28	60.13	6499	1749	1928
735	22:54:29	60.15	6499	1747	1927
736	22:55:29	60.18	6499	1745	1925
737	22:56:29	60.12	6499	1743	1923
738	22:57:29	60.10	6499	1742	1921
739	22:58:29	60.17	6499	1740	1919
740	22:59:29	60.16	6499	1738	1918
741	23:00:29	60.14	6499	1736	1916
742	23:01:30	60.11	6499	1734	1914
743	23:02:30	60.14	6499	1732	1912
744	23:03:30	60.11	6499	1730	1911
745	23:04:30	60.18	6499	1729	1909
746	23:05:30	60.14	6499	1727	1907
747	23:06:30	60.12	6499	1725	1906
748	23:07:30	60.12	6499	1723	1904
749	23:08:31	60.15	6499	1721	1902
750	23:09:31	60.12	6499	1720	1901
751	23:10:31	60.14	6499	1718	1899
752	23:11:31	60.16	6499	1716	1897
753	23:12:31	60.12	6499	1714	1896
754	23:13:31	60.17	6499	1712	1894
755	23:14:31	22.15	6499	1711	1893
756	23:14:54	60.57	6499	1710	1892
757	23:15:54	60.13	6499	1708	1890
758	23:16:54	60.14	6499	1706	1888
759	23:17:54	60.15	6499	1705	1887
760	23:18:55	60.14	6499	1703	1885
761	23:19:55	60.16	6499	1701	1884
762	23:20:55	60.11	6499	1700	1882
763	23:21:55	60.11	6499	1698	1881
764	23:22:55	60.11	6499	1696	1879
765	23:23:55	60.13	6499	1694	1877
766	23:24:55	60.11	6499	1693	1876
767	23:25:55	60.14	6499	1691	1874
768	23:26:56	60.12	6499	1689	1873
769	23:27:56	60.16	6499	1688	1871
770	23:28:56	60.16	6499	1686	1870
771	23:29:56	60.12	6499	1684	1868
772	23:30:56	60.14	6499	1682	1867
773	23:31:56	60.17	6499	1681	1865
774	23:32:56	60.11	6499	1679	1863
775	23:33:57	60.14	6499	1677	1862
776	23:34:57	60.11	6499	1676	1860
777	23:35:57	60.37	6499	1674	1859
778	23:36:57	60.11	6499	1672	1857
779	23:37:57	60.12	6499	1671	1856
780	23:38:57	60.14	6499	1669	1854
781	23:39:58	60.16	6499	1667	1853
782	23:40:58	60.16	6499	1666	1851
783	23:41:58	60.12	6499	1664	1850
784	23:42:58	60.14	6499	1662	1848
785	23:43:58	31.82	6499	1661	1847
786	23:44:30	60.19	6499	1660	1846
787	23:45:30	60.14	6499	1658	1844
788	23:46:30	10.32	6499	1657	1844
789	23:46:41	60.11	6499	1656	1843
790	23:47:41	22.47	6499	1655	1842
791	23:48:03	60.44	6499	1654	1841
792	23:49:04	60.16	6499	1653	1839
793	23:50:04	60.14	6499	1651	1838
794	23:51:04	60.12	6499	1649	1836
795	23:52:04	60.15	6499	1648	1835
796	23:53:04	60.14	6499	1646	1833
797	23:54:04	60.14	6499	1645	1832
798	23:55:04	60.13	6499	1643	1830
799	23:56:05	60.13	6499	1642	1829
800	23:57:05	60.15	6499	1640	1828
801	23:58:05	60.15	6499	1638	1826
802	23:59:05	60.11	6499	1637	1824
803	00:00:05	60.12	6499	1635	1823
804	00:01:05	60.11	6499	1634	1822
805	00:02:05	60.12	6499	1632	1820
806	00:03:06	60.12	6499	1631	1819
807	00:04:06	60.16	6499	1629	1817
808	00:05:06	60.12	6499	1628	1816
809	00:06:06	60.13	6499	1626	1814
810	00:07:06	12.86	6499	1624	1813
811	00:07:19	60.08	6499	1623	1812
812	00:08:19	60.12	6499	1621	1810
813	00:09:19	60.12	6499	1619	1808
814	00:10:19	60.16	6499	1617	1806
815	00:11:19	60.12	6499	1615	1804
816	00:12:19	60.10	6499	1613	1802
817	00:13:20	60.14	6499	1611	1801
818	00:14:20	60.15	6499	1610	1799
819	00:15:20	60.16	6499	1608	1797
820	00:16:20	60.12	6499	1606	1795
821	00:17:20	60.11	6499	1604	1794
822	00:18:20	60.16	6499	1602	1792
823	00:19:20	60.17	6499	1600	1790
824	00:20:21	60.16	6499	1598	1789
825	00:21:21	60.10	6499	1596	1787
826	00:22:21	60.16	6499	1594	1785
827	00:23:21	60.13	6499	1593	1783
828	00:24:21	60.14	6499	1591	1782
829	00:25:21	60.13	6499	1589	1780
830	00:26:21	60.11	6499	1587	1778
831	00:27:22	60.17	6499	1585	1777
832	00:28:22	60.17	6499	1583	1775
833	00:29:22	60.11	6499	1582	1773
834	00:30:22	60.18	6499	1580	1772
835	00:31:22	60.12	6499	1578	1770
836	00:32:22	60.12	6499	1576	1768
837	00:33:22	60.11	6499	1574	1767
838	00:34:23	60.12	6499	1573	1765
839	00:35:23	60.37	6499	1571	1764
840	00:36:23	60.15	6499	1569	1762
841	00:37:23	60.13	6499	1567	1760
842	00:38:23	60.11	6499	1566	1759
843	00:39:23	60.16	6499	1564	1757
844	00:40:24	60.14	6499	1562	1755
845	00:41:24	60.11	6499	1560	1754
846	00:42:24	60.13	6499	1559	1752
847	00:43:24	60.17	6499	1557	1751
848	00:44:24	41.18	6499	1556	1749
849	00:45:05	60.50	6499	1554	1748
850	00:46:06	60.12	6499	1552	1746
851	00:47:06	60.13	6499	1551	1745
852	00:48:06	60.13	6499	1549	1743
853	00:49:06	60.12	6499	1547	1742
854	00:50:06	60.12	6499	1546	1740
855	00:51:06	60.13	6499	1544	1738
856	00:52:07	60.11	6499	1542	1737
857	00:53:07	58.08	6499	1540	1735
858	00:54:05	60.13	6499	1539	1734
859	00:55:05	60.14	6499	1537	1732
860	00:56:05	60.14	6499	1536	1730
861	00:57:05	60.18	6499	1534	1729
862	00:58:05	60.14	6499	1532	1727
863	00:59:05	60.12	6499	1531	1726
864	01:00:06	60.11	6499	1529	1724
865	01:01:06	60.15	6499	1527	1723
866	01:02:06	60.11	6499	1526	1721
867	01:03:06	60.10	6499	1524	1720
868	01:04:06	60.13	6499	1522	1718
869	01:05:06	60.38	6499	1521	1717
870	01:06:07	60.12	6499	1519	1715
871	01:07:07	60.36	6499	1518	1714
872	01:08:07	60.11	6499	1516	1712
873	01:09:07	60.16	6499	1514	1711
874	01:10:07	60.17	6499	1513	1709
875	01:11:07	60.43	6498	1511	1708
876	01:12:08	60.16	6499	1510	1706
877	01:13:08	60.14	6499	1508	1705
878	01:14:08	60.17	6499	1507	1703
879	01:15:08	60.15	6499	1505	1702
880	01:16:09	60.15	6499	1503	1701
881	01:17:09	60.11	6499	1502	1699
882	01:18:09	60.12	6499	1500	1698
883	01:19:09	60.18	6499	1499	1696
884	01:20:09	31.73	6499	1498	1695
885	01:20:41	60.47	6499	1497	1694
886	01:21:41	60.11	6499	1495	1693
887	01:22:41	60.12	6499	1493	1691
888	01:23:41	60.14	6499	1492	1690
889	01:24:42	60.14	6499	1490	1688
890	01:25:42	60.11	6499	1489	1687
891	01:26:42	60.17	6499	1487	1685
892	01:27:42	60.14	6499	1486	1684
893	01:28:42	60.16	6499	1484	1682
894	01:29:42	60.12	6499	1483	1681
895	01:30:42	60.13	6499	1481	1680
896	01:31:43	60.11	6499	1480	1678
897	01:32:43	60.14	6499	1478	1677
898	01:33:43	60.16	6499	1477	1675
899	01:34:43	60.31	6499	1475	1674
900	01:35:43	60.16	6499	1474	1672
901	01:36:43	60.17	6499	1473	1671
902	01:37:44	60.18	6499	1471	1670
903	01:38:44	60.13	6499	1470	1668
904	01:39:44	60.36	6499	1468	1667
905	01:40:44	60.14	6499	1467	1666
906	01:41:44	60.11	6499	1465	1664
907	01:42:45	60.13	6499	1464	1663
908	01:43:45	60.11	6499	1462	1661
909	01:44:45	60.17	6499	1461	1660
910	01:45:45	60.15	6499	1459	1658
911	01:46:45	60.13	6499	1458	1657
912	01:47:45	60.37	6499	1457	1656
913	01:48:46	60.14	6499	1455	1654
914	01:49:46	60.11	6499	1454	1653
915	01:50:46	60.12	6499	1452	1652
916	01:51:46	60.14	6499	1451	1650
917	01:52:46	60.12	6499	1449	1649
918	01:53:46	60.12	6499	1448	1647
919	01:54:46	60.12	6499	1446	1646
920	01:55:46	60.12	6499	1445	1645
921	01:56:47	60.10	6499	1444	1644
922	01:57:47	21.18	6499	1443	1643
923	01:58:08	60.50	6499	1442	1642
924	01:59:08	60.12	6499	1440	1640
925	02:00:09	60.11	6499	1439	1639
926	02:01:09	60.13	6499	1438	1638
927	02:02:09	60.15	6499	1436	1637
928	02:03:09	60.12	6499	1435	1635
929	02:04:09	60.11	6499	1434	1634
930	02:05:09	60.15	6499	1432	1633
931	02:06:09	60.14	6499	1431	1632
932	02:07:09	60.12	6499	1430	1630
933	02:08:10	60.10	6499	1428	1629
934	02:09:10	60.12	6499	1427	1628
935	02:10:10	60.15	6499	1426	1626
936	02:11:10	60.11	6499	1424	1625
937	02:12:10	60.13	6499	1423	1624
938	02:13:10	60.13	6499	1422	1623
939	02:14:10	60.39	6499	1420	1621
940	02:15:11	60.13	6499	1419	1620
941	02:16:11	60.12	6499	1418	1619
942	02:17:11	60.12	6499	1416	1618
943	02:18:11	60.11	6499	1415	1616
944	02:19:11	60.14	6499	1414	1615
945	02:20:11	60.12	6499	1413	1614
946	02:21:11	60.13	6499	1411	1613
947	02:22:12	60.10	6499	1410	1612
948	02:23:12	60.15	6499	1409	1610
949	02:24:12	60.15	6499	1408	1609
950	02:25:12	60.12	6499	1406	1608
951	02:26:12	60.15	6499	1405	1607
952	02:27:12	60.14	6499	1404	1605
953	02:28:12	60.12	6499	1403	1604
954	02:29:12	60.10	6499	1401	1603
955	02:30:13	60.13	6499	1400	1602
956	02:31:13	60.17	6499	1399	1601
957	02:32:13	60.17	6499	1398	1599
958	02:33:13	60.16	6499	1396	1598
959	02:34:13	60.14	6499	1395	1597
960	02:35:13	60.14	6499	1394	1596
961	02:36:13	60.11	6499	1393	1595
962	02:37:14	60.11	6499	1391	1593
963	02:38:14	60.10	6499	1390	1592
964	02:39:14	60.13	6499	1389	1591
965	02:40:14	27.34	6499	1388	1590
966	02:40:41	12.16	6499	1388	1590
967	02:40:53	9.03	6499	1387	1590
968	02:41:02	7.92	6498	1387	1589
969	02:41:10	9.02	6499	1387	1589
970	02:41:19	7.92	6499	1387	1589
971	02:41:27	9.01	6499	1387	1589
972	02:41:36	8.22	6499	1387	1589
973	02:41:45	9.02	6499	1387	1589
974	02:41:54	7.93	6499	1386	1589
975	02:42:02	9.01	6499	1386	1588
976	02:42:11	7.92	6499	1386	1588
977	02:42:18	9.02	6499	1386	1588
978	02:42:27	7.92	6499	1386	1588
979	02:42:35	9.02	6499	1386	1588
980	02:42:44	8.23	6499	1385	1587
981	02:42:53	9.02	6499	1385	1587
982	02:43:02	7.93	6499	1385	1587
983	02:43:10	9.03	6499	1385	1587
984	02:43:19	22.85	6499	1385	1587
985	02:43:41	9.04	6499	1384	1587
986	02:43:51	7.61	6499	1384	1586
987	02:43:58	9.03	6499	1384	1586
988	02:44:07	7.32	6499	1384	1586
989	02:44:14	9.01	6499	1384	1586
990	02:44:23	7.62	6499	1383	1586
991	02:44:31	9.03	6499	1383	1586
992	02:44:40	7.32	6499	1383	1585
993	02:44:47	9.02	6499	1383	1585
994	02:44:56	7.62	6499	1383	1585
995	02:45:04	9.02	6499	1383	1585
996	02:45:13	7.32	6499	1382	1585
997	02:45:20	9.02	6499	1382	1585
998	02:45:29	7.61	6499	1382	1585
999	02:45:37	9.03	6499	1382	1584
1000	02:45:46	7.32	6499	1382	1584
1001	02:45:53	9.02	6499	1382	1584
1002	02:46:02	8.50	6499	1381	1584
1003	02:46:11	48.24	6499	1381	1583
1004	02:46:59	60.55	6499	1380	1582
1005	02:48:00	60.12	6499	1379	1581
1006	02:49:00	60.16	6499	1378	1580
1007	02:50:00	60.15	6499	1377	1579
1008	02:51:00	60.13	6499	1376	1578
1009	02:52:00	60.15	6499	1375	1577
1010	02:53:00	60.14	6499	1373	1576
1011	02:54:01	60.12	6499	1372	1575
1012	02:55:01	60.15	6499	1371	1574
1013	02:56:01	60.10	6499	1370	1573
1014	02:57:01	60.14	6499	1369	1571
1015	02:58:01	60.12	6499	1368	1570
1016	02:59:01	60.16	6499	1367	1569
1017	03:00:01	60.40	6499	1365	1568
1018	03:01:02	60.12	6499	1364	1567
1019	03:02:02	55.23	6499	1360	1562
1020	03:02:57	60.47	6499	0	0
1021	03:03:58	55.04	6499	0	0
Created by AtlRunQuery on: 2018-12-01 13:10:14.554517
