LHC beam energy and intensities during run 359398:
(Begin/end of run: Wed Aug 29 2018 14:36:11 − 18:10:33)

LB	   Start time
(CEST)	   Duration
(sec)	   Beam energy
(GeV)	   Intensity Beam-1
(1e11 protons)	   Intensity Beam-2
(1e11 protons)
1	14:36:11	60.15	450	0	0
2	14:37:11	52.99	450	0	0
3	14:38:04	22.85	450	0	0
4	14:38:27	10.14	450	0	0
5	14:38:37	31.82	449	0	0
6	14:39:09	60.14	449	0	0
7	14:40:09	60.45	450	0	0
8	14:41:10	60.12	449	0.07078	0.01625
9	14:42:10	60.13	449	0.08415	0.07576
10	14:43:10	60.11	450	0.08413	0.07574
11	14:44:10	60.12	450	0.07109	0.064
12	14:45:10	60.14	450	0	0
13	14:46:10	60.12	449	0.06798	0.02006
14	14:47:10	60.16	450	0.07676	0.07759
15	14:48:10	60.12	449	0.07672	0.07757
16	14:49:11	60.11	450	0.0767	0.07754
17	14:50:11	60.11	449	0.07666	0.07752
18	14:51:11	60.12	450	0.07663	0.07749
19	14:52:11	60.12	449	0.07656	0.07745
20	14:53:11	60.14	450	0.07514	0.07679
21	14:54:11	60.12	449	1.258	8.99
22	14:55:11	60.14	450	12.26	12.4
23	14:56:11	60.12	450	104.1	38.41
24	14:57:11	60.11	449	218.7	118.2
25	14:58:12	60.11	450	277.9	118.2
26	14:59:12	60.12	450	277.5	118.2
27	15:00:12	60.19	450	508.3	118.1
28	15:01:12	60.16	449	603.1	228.5
29	15:02:12	60.11	450	703.3	349.3
30	15:03:12	60.11	450	835.1	471.3
31	15:04:12	60.14	450	955.6	598.6
32	15:05:13	60.13	450	1077	700.8
33	15:06:13	60.11	449	1198	822.4
34	15:07:13	60.15	450	1339	943.4
35	15:08:13	60.13	450	1430	1063
36	15:09:13	60.11	449	1544	1182
37	15:10:13	60.12	450	1663	1182
38	15:11:13	60.11	450	1781	1305
39	15:12:13	60.12	450	1913	1397
40	15:13:14	60.12	449	2057	1493
41	15:14:14	60.11	449	2139	1613
42	15:15:14	60.12	450	2240	1762
43	15:16:14	60.12	449	2358	1893
44	15:17:14	60.12	450	2481	2013
45	15:18:14	60.16	449	2632	2114
46	15:19:14	60.11	450	2749	2199
47	15:20:14	60.12	450	2787	2417
48	15:21:15	60.41	449	2783	2679
49	15:22:15	60.13	449	2780	2814
50	15:23:15	60.12	450	2780	2813
51	15:24:15	60.16	449	2779	2812
52	15:25:15	60.15	449	2778	2811
53	15:26:15	60.11	454	2778	2810
54	15:27:16	27.06	519	2766	2799
55	15:27:43	18.59	571	2766	2798
56	15:28:01	60.60	615	2766	2798
57	15:29:02	50.50	804	2766	2797
58	15:29:52	60.23	1005	2765	2797
59	15:30:53	60.11	1320	2765	2797
60	15:31:53	60.13	1667	2765	2797
61	15:32:53	60.11	2015	2765	2796
62	15:33:53	60.14	2362	2765	2796
63	15:34:53	60.11	2709	2765	2796
64	15:35:53	60.12	3057	2765	2796
65	15:36:53	60.12	3404	2764	2796
66	15:37:53	60.17	3752	2764	2796
67	15:38:54	60.13	4105	2764	2796
68	15:39:54	60.13	4452	2764	2796
69	15:40:54	60.37	4800	2763	2796
70	15:41:54	60.11	5147	2763	2796
71	15:42:54	60.17	5494	2761	2795
72	15:43:54	60.12	5842	2760	2795
73	15:44:55	60.16	6195	2757	2794
74	15:45:55	20.69	6497	2757	2794
75	15:46:15	20.81	6499	2757	2794
76	15:46:36	60.49	6499	2757	2793
77	15:47:37	60.11	6499	2756	2793
78	15:48:37	60.12	6499	2756	2793
79	15:49:37	60.16	6499	2756	2793
80	15:50:37	60.11	6499	2756	2793
81	15:51:37	60.17	6499	2755	2793
82	15:52:37	60.10	6499	2755	2793
83	15:53:38	60.11	6499	2755	2793
84	15:54:38	60.13	6499	2754	2793
85	15:55:38	60.13	6499	2753	2793
86	15:56:38	60.16	6499	2752	2792
87	15:57:38	60.12	6499	2750	2792
88	15:58:38	60.12	6499	2749	2792
89	15:59:38	59.18	6499	2748	2792
90	16:00:37	60.33	6499	2747	2792
91	16:01:38	60.11	6499	2745	2791
92	16:02:38	60.14	6499	2742	2790
93	16:03:38	60.12	6499	2739	2787
94	16:04:38	60.15	6499	2736	2783
95	16:05:38	60.14	6499	2733	2780
96	16:06:38	60.13	6499	2731	2777
97	16:07:39	60.12	6499	2728	2774
98	16:08:39	60.14	6499	2726	2772
99	16:09:39	10.27	6499	2726	2772
100	16:09:49	10.35	6499	2724	2770
101	16:09:59	60.12	6499	2722	2767
102	16:11:00	34.59	6499	2721	2766
103	16:11:34	39.64	6499	2718	2763
104	16:12:14	60.03	6499	2716	2761
105	16:13:14	60.11	6499	2713	2758
106	16:14:14	60.14	6499	2711	2756
107	16:15:14	60.11	6499	2710	2755
108	16:16:14	27.74	6499	2708	2753
109	16:16:42	60.43	6499	2706	2750
110	16:17:42	60.15	6499	2704	2748
111	16:18:43	60.14	6499	2701	2745
112	16:19:43	60.11	6499	2699	2743
113	16:20:43	60.16	6499	2696	2740
114	16:21:43	60.12	6499	2694	2738
115	16:22:43	60.11	6499	2692	2735
116	16:23:43	60.12	6499	2689	2733
117	16:24:43	60.12	6499	2687	2730
118	16:25:43	60.38	6499	2684	2728
119	16:26:44	60.12	6499	2682	2726
120	16:27:44	60.12	6499	2680	2723
121	16:28:44	60.10	6499	2677	2721
122	16:29:44	60.12	6499	2675	2719
123	16:30:44	60.13	6499	2673	2716
124	16:31:44	60.11	6499	2670	2714
125	16:32:44	60.15	6499	2668	2712
126	16:33:45	50.59	6499	2666	2710
127	16:34:35	60.50	6499	2664	2708
128	16:35:36	60.11	6499	2662	2706
129	16:36:36	60.11	6499	2659	2703
130	16:37:36	60.11	6499	2657	2701
131	16:38:36	60.10	6499	2655	2699
132	16:39:36	37.63	6499	2654	2698
133	16:40:14	60.06	6499	2651	2695
134	16:41:14	60.12	6499	2649	2693
135	16:42:14	60.12	6499	2647	2691
136	16:43:14	60.15	6499	2645	2689
137	16:44:14	60.13	6499	2643	2687
138	16:45:14	60.13	6499	2640	2685
139	16:46:14	60.11	6499	2638	2683
140	16:47:15	60.15	6499	2637	2682
141	16:48:15	18.03	6499	2635	2680
142	16:48:33	60.55	6499	2633	2678
143	16:49:33	60.11	6499	2631	2677
144	16:50:33	36.80	6499	2630	2675
145	16:51:10	60.13	6499	2627	2673
146	16:52:10	60.13	6499	2625	2671
147	16:53:11	60.12	6499	2623	2669
148	16:54:11	60.11	6499	2621	2667
149	16:55:11	60.12	6499	2619	2665
150	16:56:11	60.12	6499	2616	2663
151	16:57:11	60.12	6499	2614	2661
152	16:58:11	60.17	6499	2612	2659
153	16:59:11	60.11	6499	2610	2657
154	17:00:11	60.11	6499	2608	2655
155	17:01:11	60.11	6499	2606	2653
156	17:02:12	60.14	6499	2604	2652
157	17:03:12	18.96	6499	2603	2651
158	17:03:31	60.49	6499	2601	2649
159	17:04:31	60.11	6499	2599	2647
160	17:05:31	60.11	6499	2597	2645
161	17:06:31	60.14	6499	2594	2643
162	17:07:32	60.11	6499	2592	2641
163	17:08:32	60.09	6499	2590	2639
164	17:09:32	60.13	6499	2588	2637
165	17:10:32	60.14	6499	2586	2636
166	17:11:32	60.16	6499	2584	2634
167	17:12:32	60.12	6499	2582	2632
168	17:13:32	60.15	6499	2580	2630
169	17:14:32	60.12	6499	2578	2628
170	17:15:33	60.36	6499	2576	2626
171	17:16:33	60.10	6499	2574	2624
172	17:17:33	60.12	6499	2572	2622
173	17:18:33	60.11	6499	2569	2621
174	17:19:33	60.12	6499	2568	2620
175	17:20:33	23.81	6499	2567	2618
176	17:20:57	60.58	6499	2565	2616
177	17:21:58	60.11	6499	2562	2615
178	17:22:58	60.12	6499	2561	2614
179	17:23:58	10.30	6499	2561	2613
180	17:24:08	11.10	6499	2560	2612
181	17:24:19	60.28	6499	2558	2610
182	17:25:20	60.16	6499	2556	2608
183	17:26:20	60.10	6499	2554	2607
184	17:27:20	60.11	6499	2551	2605
185	17:28:20	60.12	6499	2550	2603
186	17:29:20	60.13	6499	2547	2601
187	17:30:20	60.14	6499	2546	2599
188	17:31:20	60.11	6499	2544	2598
189	17:32:21	60.11	6499	2541	2596
190	17:33:21	60.18	6499	2539	2594
191	17:34:21	60.12	6499	2538	2593
192	17:35:21	10.31	6499	2537	2592
193	17:35:31	60.43	6499	2535	2590
194	17:36:32	60.36	6499	2533	2589
195	17:37:32	60.14	6499	2531	2587
196	17:38:32	60.35	6499	2529	2585
197	17:39:33	60.15	6499	2527	2583
198	17:40:33	60.17	6499	2525	2582
199	17:41:33	60.13	6499	2524	2581
200	17:42:33	10.27	6499	2523	2580
201	17:42:43	60.11	6499	2521	2578
202	17:43:43	60.12	6499	2519	2576
203	17:44:44	60.16	6499	2517	2574
204	17:45:44	60.10	6499	2515	2573
205	17:46:44	60.11	6499	2513	2571
206	17:47:44	60.11	6499	2511	2569
207	17:48:44	60.10	6499	2509	2567
208	17:49:44	60.16	6499	2507	2566
209	17:50:44	60.12	6499	2505	2564
210	17:51:44	60.15	6499	2503	2562
211	17:52:45	60.11	6499	2501	2560
212	17:53:45	60.12	6499	2499	2558
213	17:54:45	60.11	6499	2497	2557
214	17:55:45	60.11	6499	2495	2555
215	17:56:45	60.12	6499	2493	2553
216	17:57:45	60.39	6499	2492	2552
217	17:58:45	48.42	6499	15.67	15.81
218	17:59:34	60.60	6499	0	0
219	18:00:34	60.17	6499	0	0
220	18:01:35	60.11	6499	0	0
221	18:02:35	60.11	6499	0	0
222	18:03:35	60.11	6499	0	0
223	18:04:35	60.13	6499	0	0
224	18:05:35	60.13	6499	0	0
225	18:06:35	60.11	6499	0	0
226	18:07:35	60.11	6501	0	0
227	18:08:35	60.11	6501	0	0
228	18:09:36	57.72	6501	0	0
Created by AtlRunQuery on: 2018-12-01 15:13:04.994712
