LHC beam energy and intensities during run 359735:
(Begin/end of run: Sun Sep 02 2018 22:18:19 − Mon Sep 03, 05:23:04)

LB	   Start time
(CEST)	   Duration
(sec)	   Beam energy
(GeV)	   Intensity Beam-1
(1e11 protons)	   Intensity Beam-2
(1e11 protons)
1	22:18:19	60.11	59	0	0
2	22:19:19	53.62	205	0	0
3	22:20:13	38.59	449	0	0
4	22:20:51	60.32	449	0	0
5	22:21:52	15.81	450	0	0
6	22:22:07	60.31	449	0	0
7	22:23:08	60.12	450	0	0
8	22:24:08	60.12	450	0.07116	0.0281
9	22:25:08	60.12	450	0.01297	0
10	22:26:08	60.12	449	0.07827	0.03631
11	22:27:08	60.13	449	0.07807	0.06838
12	22:28:08	60.12	450	0.07786	0.06821
13	22:29:08	60.15	449	4.168	0.0679
14	22:30:09	60.14	449	21.4	9.284
15	22:31:09	60.15	450	120	62.03
16	22:32:09	60.12	449	289.6	119.4
17	22:33:09	60.45	450	536.6	119.3
18	22:34:09	60.12	449	639.4	277.4
19	22:35:10	60.13	450	727.3	399.8
20	22:36:10	60.12	449	866	521.5
21	22:37:10	60.17	450	1009	628.3
22	22:38:10	60.13	449	1131	711.3
23	22:39:10	60.14	450	1251	863.9
24	22:40:10	60.12	450	1361	992.4
25	22:41:10	60.11	449	1446	1114
26	22:42:11	60.12	450	1596	1236
27	22:43:11	60.14	450	1718	1352
28	22:44:11	60.11	450	1837	1447
29	22:45:11	60.14	449	1956	1583
30	22:46:11	60.12	449	2076	1704
31	22:47:11	60.13	449	2180	1824
32	22:48:11	60.12	450	2300	1946
33	22:49:11	60.12	450	2419	2082
34	22:50:12	60.11	450	2536	2178
35	22:51:12	60.13	449	2655	2294
36	22:52:12	60.11	449	2803	2415
37	22:53:12	60.11	450	2799	2664
38	22:54:12	60.14	450	2795	2822
39	22:55:12	60.12	450	2793	2821
40	22:56:12	60.13	450	2791	2820
41	22:57:12	60.11	460	2789	2818
42	22:58:12	60.12	534	2789	2818
43	22:59:13	60.11	684	2789	2817
44	23:00:13	15.57	893	2788	2817
45	23:00:28	60.10	955	2788	2816
46	23:01:28	60.13	1249	2788	2816
47	23:02:28	60.11	1595	2788	2815
48	23:03:29	49.09	1948	2788	2815
49	23:04:18	38.72	2232	2775	2802
50	23:04:56	60.46	2452	2775	2802
51	23:05:57	60.17	2805	2775	2802
52	23:06:57	60.15	3153	2774	2802
53	23:07:57	60.11	3500	2774	2802
54	23:08:57	60.12	3847	2774	2802
55	23:09:57	60.11	4195	2774	2802
56	23:10:58	60.11	4548	2773	2802
57	23:11:58	60.13	4895	2773	2802
58	23:12:58	60.11	5243	2773	2801
59	23:13:58	60.13	5590	2772	2801
60	23:14:58	60.14	5937	2771	2801
61	23:15:58	60.13	6285	2768	2800
62	23:16:58	10.27	6499	2766	2800
63	23:17:09	10.27	6499	2766	2800
64	23:17:19	60.42	6499	2766	2800
65	23:18:19	60.11	6499	2766	2800
66	23:19:19	60.11	6499	2765	2800
67	23:20:19	60.11	6499	2765	2800
68	23:21:20	60.12	6499	2765	2800
69	23:22:20	60.12	6499	2764	2800
70	23:23:20	60.15	6499	2764	2800
71	23:24:20	60.11	6499	2763	2800
72	23:25:20	60.12	6499	2763	2800
73	23:26:20	60.16	6499	2763	2799
74	23:27:20	60.12	6499	2762	2799
75	23:28:20	60.15	6499	2762	2799
76	23:29:21	60.14	6499	2760	2799
77	23:30:21	60.11	6499	2758	2799
78	23:31:21	60.13	6499	2757	2798
79	23:32:21	26.49	6499	2756	2798
80	23:32:47	60.44	6499	2755	2798
81	23:33:48	60.12	6499	2755	2798
82	23:34:48	60.16	6499	2753	2798
83	23:35:48	60.17	6499	2749	2797
84	23:36:48	60.15	6499	2745	2793
85	23:37:49	60.14	6499	2743	2790
86	23:38:49	60.15	6499	2740	2786
87	23:39:49	60.12	6499	2738	2783
88	23:40:49	17.76	6499	2737	2781
89	23:41:07	60.43	6499	2735	2779
90	23:42:07	60.16	6499	2732	2776
91	23:43:07	60.14	6499	2730	2773
92	23:44:07	59.98	6499	2728	2770
93	23:45:07	14.96	6499	2726	2768
94	23:45:22	45.70	6499	2725	2766
95	23:46:08	60.22	6499	2723	2764
96	23:47:08	60.10	6499	2720	2761
97	23:48:08	60.11	6499	2718	2757
98	23:49:09	47.17	6499	2716	2755
99	23:49:56	46.55	6499	2714	2753
100	23:50:42	60.13	6499	2712	2750
101	23:51:42	60.18	6499	2709	2747
102	23:52:43	57.13	6499	2707	2745
103	23:53:40	60.38	6499	2705	2742
104	23:54:40	60.12	6499	2702	2739
105	23:55:40	60.12	6499	2700	2737
106	23:56:40	60.12	6499	2698	2734
107	23:57:40	42.08	6499	2696	2732
108	23:58:22	12.10	6499	2695	2731
109	23:58:35	9.02	6499	2695	2731
110	23:58:44	8.23	6499	2695	2730
111	23:58:52	9.01	6499	2695	2730
112	23:59:01	8.22	6499	2694	2730
113	23:59:09	9.02	6499	2694	2730
114	23:59:18	7.92	6499	2694	2730
115	23:59:26	9.02	6499	2693	2729
116	23:59:35	7.92	6499	2693	2729
117	23:59:43	9.01	6499	2693	2729
118	23:59:52	7.93	6499	2692	2728
119	00:00:00	9.02	6499	2692	2728
120	00:00:09	8.22	6499	2692	2728
121	00:00:17	9.02	6499	2692	2727
122	00:00:26	8.22	6499	2691	2727
123	00:00:34	9.02	6499	2691	2727
124	00:00:43	8.22	6499	2691	2727
125	00:00:52	9.02	6499	2691	2726
126	00:01:01	23.76	6499	2690	2726
127	00:01:24	9.02	6499	2690	2725
128	00:01:33	7.63	6499	2690	2725
129	00:01:41	9.02	6499	2690	2725
130	00:01:50	7.92	6499	2689	2725
131	00:01:58	9.02	6499	2689	2725
132	00:02:07	7.61	6499	2689	2724
133	00:02:15	9.02	6499	2689	2724
134	00:02:24	7.63	6499	2688	2724
135	00:02:31	9.02	6499	2688	2724
136	00:02:40	7.63	6499	2688	2723
137	00:02:48	9.03	6499	2687	2723
138	00:02:57	7.62	6499	2687	2723
139	00:03:05	9.02	6499	2687	2722
140	00:03:14	7.68	6499	2686	2722
141	00:03:21	9.02	6499	2686	2722
142	00:03:30	7.62	6499	2686	2722
143	00:03:38	9.06	6499	2686	2722
144	00:03:47	8.64	6499	2685	2721
145	00:03:56	16.69	6499	2685	2721
146	00:04:12	60.16	6499	2684	2719
147	00:05:12	60.15	6499	2681	2717
148	00:06:13	60.12	6499	2679	2715
149	00:07:13	60.11	6499	2677	2712
150	00:08:13	10.27	6499	2676	2711
151	00:08:23	16.08	6499	2675	2710
152	00:08:39	60.08	6499	2674	2709
153	00:09:39	60.13	6499	2672	2706
154	00:10:39	60.11	6499	2670	2704
155	00:11:40	60.11	6499	2668	2702
156	00:12:40	44.64	6499	2666	2700
157	00:13:24	60.33	6499	2664	2698
158	00:14:25	10.29	6499	2663	2697
159	00:14:35	60.46	6499	2661	2695
160	00:15:35	60.10	6499	2659	2693
161	00:16:35	60.18	6499	2657	2691
162	00:17:36	60.13	6499	2655	2689
163	00:18:36	60.17	6499	2653	2686
164	00:19:36	60.12	6499	2651	2684
165	00:20:36	60.11	6499	2649	2682
166	00:21:36	60.12	6499	2647	2680
167	00:22:36	60.12	6499	2645	2678
168	00:23:36	60.16	6499	2643	2676
169	00:24:37	60.11	6499	2641	2673
170	00:25:37	60.11	6499	2639	2671
171	00:26:37	60.12	6499	2637	2669
172	00:27:37	43.22	6499	2635	2667
173	00:28:20	60.03	6499	2633	2665
174	00:29:20	60.12	6499	2631	2663
175	00:30:20	60.12	6499	2628	2661
176	00:31:20	60.12	6499	2626	2659
177	00:32:20	60.11	6499	2624	2656
178	00:33:21	45.46	6499	2622	2654
179	00:34:06	60.54	6499	2620	2653
180	00:35:07	60.11	6499	2618	2650
181	00:36:07	60.17	6499	2616	2648
182	00:37:07	60.12	6499	2614	2646
183	00:38:07	60.12	6499	2612	2644
184	00:39:07	60.14	6499	2610	2642
185	00:40:07	60.12	6499	2608	2640
186	00:41:07	60.42	6499	2606	2638
187	00:42:08	60.18	6499	2604	2636
188	00:43:08	60.12	6499	2602	2634
189	00:44:08	60.12	6499	2600	2632
190	00:45:08	60.11	6499	2598	2630
191	00:46:08	60.10	6499	2595	2628
192	00:47:08	60.15	6499	2593	2625
193	00:48:09	60.11	6499	2591	2623
194	00:49:09	60.11	6499	2589	2621
195	00:50:09	60.10	6499	2587	2619
196	00:51:09	46.56	6499	2586	2617
197	00:51:55	60.44	6499	2584	2616
198	00:52:56	60.14	6499	2582	2614
199	00:53:56	60.14	6499	2580	2612
200	00:54:56	60.14	6499	2578	2610
201	00:55:56	60.11	6499	2576	2608
202	00:56:56	60.12	6499	2574	2606
203	00:57:57	60.12	6499	2572	2604
204	00:58:57	42.65	6499	2570	2602
205	00:59:39	60.15	6499	2568	2600
206	01:00:39	60.12	6499	2566	2598
207	01:01:40	60.16	6499	2564	2596
208	01:02:40	60.12	6499	2562	2594
209	01:03:40	43.85	6499	2560	2593
210	01:04:24	60.52	6499	2559	2591
211	01:05:24	60.11	6499	2557	2589
212	01:06:24	60.15	6499	2555	2587
213	01:07:25	60.12	6499	2553	2585
214	01:08:25	60.12	6499	2551	2583
215	01:09:25	60.11	6499	2549	2581
216	01:10:25	60.14	6499	2547	2579
217	01:11:25	60.10	6499	2545	2577
218	01:12:25	60.11	6499	2543	2575
219	01:13:25	60.40	6499	2541	2574
220	01:14:26	60.12	6499	2539	2572
221	01:15:26	60.10	6499	2537	2570
222	01:16:26	60.12	6499	2535	2568
223	01:17:26	60.11	6499	2533	2566
224	01:18:26	60.35	6499	2531	2564
225	01:19:26	53.47	6499	2529	2562
226	01:20:20	29.43	6499	2528	2561
227	01:20:49	60.36	6499	2527	2559
228	01:21:50	60.12	6499	2525	2558
229	01:22:50	60.15	6499	2523	2556
230	01:23:50	60.16	6499	2521	2554
231	01:24:50	60.11	6499	2519	2552
232	01:25:50	60.17	6499	2517	2550
233	01:26:50	60.12	6499	2515	2548
234	01:27:51	60.16	6499	2513	2547
235	01:28:51	60.12	6499	2511	2545
236	01:29:51	60.10	6499	2509	2543
237	01:30:51	60.16	6499	2507	2541
238	01:31:51	60.12	6499	2505	2539
239	01:32:51	60.11	6499	2504	2537
240	01:33:51	60.11	6499	2502	2536
241	01:34:51	10.27	6499	2501	2535
242	01:35:02	60.44	6499	2500	2533
243	01:36:02	60.12	6499	2498	2532
244	01:37:02	60.13	6499	2496	2530
245	01:38:02	60.15	6499	2494	2528
246	01:39:03	60.11	6499	2492	2526
247	01:40:03	60.11	6499	2490	2524
248	01:41:03	60.16	6499	2488	2523
249	01:42:03	60.12	6499	2486	2521
250	01:43:03	60.11	6499	2484	2519
251	01:44:03	60.11	6499	2483	2517
252	01:45:03	60.11	6499	2481	2515
253	01:46:03	10.27	6499	2480	2514
254	01:46:14	60.12	6499	2478	2513
255	01:47:14	60.12	6499	2477	2512
256	01:48:14	60.12	6499	2475	2510
257	01:49:14	60.12	6499	2473	2508
258	01:50:14	60.14	6499	2471	2506
259	01:51:14	60.11	6499	2469	2505
260	01:52:14	53.21	6499	2467	2503
261	01:53:08	60.50	6499	2466	2501
262	01:54:08	60.11	6499	2464	2500
263	01:55:08	10.31	6499	2463	2499
264	01:55:18	60.11	6499	2462	2498
265	01:56:19	60.11	6499	2460	2496
266	01:57:19	60.11	6499	2458	2494
267	01:58:19	11.47	6499	2457	2493
268	01:58:30	60.21	6499	2456	2492
269	01:59:30	60.12	6499	2454	2490
270	02:00:31	60.15	6499	2452	2489
271	02:01:31	60.14	6499	2450	2487
272	02:02:31	60.13	6499	2448	2485
273	02:03:31	60.16	6499	2446	2483
274	02:04:31	60.15	6499	2445	2482
275	02:05:31	54.00	6499	2443	2480
276	02:06:25	15.07	6499	2442	2479
277	02:06:40	10.13	6499	2442	2479
278	02:06:51	33.83	6499	2441	2478
279	02:07:24	60.09	6499	2439	2477
280	02:08:24	46.04	6499	2438	2475
281	02:09:10	60.55	6499	2436	2474
282	02:10:11	36.73	6499	2435	2472
283	02:10:48	60.19	6499	2433	2471
284	02:11:48	60.12	6499	2431	2469
285	02:12:48	60.11	6499	2430	2467
286	02:13:48	60.14	6499	2428	2466
287	02:14:48	60.11	6499	2426	2464
288	02:15:48	60.12	6499	2424	2462
289	02:16:49	29.73	6499	2423	2461
290	02:17:18	60.18	6499	2422	2460
291	02:18:18	60.15	6499	2420	2458
292	02:19:19	60.11	6499	2418	2456
293	02:20:19	60.12	6499	2416	2455
294	02:21:19	10.27	6499	2415	2454
295	02:21:29	60.13	6499	2414	2453
296	02:22:29	60.11	6499	2412	2451
297	02:23:29	60.11	6499	2411	2449
298	02:24:29	60.13	6499	2409	2448
299	02:25:30	60.10	6499	2407	2446
300	02:26:30	60.11	6499	2405	2444
301	02:27:30	60.11	6499	2403	2443
302	02:28:30	60.16	6499	2402	2441
303	02:29:30	60.10	6499	2400	2439
304	02:30:30	60.15	6499	2398	2438
305	02:31:30	60.11	6499	2396	2436
306	02:32:30	60.11	6499	2395	2435
307	02:33:31	60.12	6499	2393	2433
308	02:34:31	60.12	6499	2391	2431
309	02:35:31	60.12	6499	2389	2430
310	02:36:31	60.16	6499	2388	2428
311	02:37:31	60.12	6499	2386	2426
312	02:38:31	60.37	6499	2384	2425
313	02:39:32	60.10	6499	2382	2423
314	02:40:32	60.12	6499	2381	2422
315	02:41:32	60.12	6499	2379	2420
316	02:42:32	60.36	6499	2377	2418
317	02:43:32	60.16	6499	2375	2417
318	02:44:32	52.69	6499	2374	2415
319	02:45:25	60.55	6499	2372	2414
320	02:46:26	60.42	6499	2371	2412
321	02:47:26	60.11	6499	2369	2410
322	02:48:26	60.13	6499	2367	2409
323	02:49:26	60.11	6499	2366	2407
324	02:50:26	60.11	6499	2364	2405
325	02:51:27	60.16	6499	2362	2404
326	02:52:27	28.89	6499	2361	2403
327	02:52:56	60.27	6499	2360	2401
328	02:53:56	13.70	6499	2358	2400
329	02:54:10	60.19	6499	2357	2399
330	02:55:10	60.12	6499	2356	2398
331	02:56:10	60.12	6499	2354	2396
332	02:57:10	60.38	6499	2352	2394
333	02:58:10	60.12	6499	2351	2393
334	02:59:10	60.10	6499	2349	2391
335	03:00:11	10.32	6499	2348	2390
336	03:00:21	60.47	6499	2347	2389
337	03:01:21	60.12	6499	2346	2387
338	03:02:21	60.16	6499	2344	2386
339	03:03:22	60.16	6499	2342	2384
340	03:04:22	60.38	6499	2340	2383
341	03:05:22	60.11	6499	2339	2381
342	03:06:22	60.11	6499	2337	2379
343	03:07:22	10.27	6499	2336	2378
344	03:07:33	60.11	6499	2335	2377
345	03:08:33	60.11	6499	2333	2376
346	03:09:33	60.16	6499	2332	2374
347	03:10:33	60.11	6499	2330	2372
348	03:11:33	60.15	6499	2329	2371
349	03:12:33	60.11	6499	2327	2369
350	03:13:33	60.12	6499	2325	2368
351	03:14:34	60.12	6499	2324	2366
352	03:15:34	60.15	6499	2322	2364
353	03:16:34	47.22	6499	2320	2363
354	03:17:21	60.25	6499	2319	2361
355	03:18:21	60.11	6499	2317	2360
356	03:19:21	60.14	6499	2316	2358
357	03:20:22	60.16	6499	2314	2357
358	03:21:22	60.11	6499	2312	2355
359	03:22:22	12.22	6499	2311	2354
360	03:22:34	43.10	6499	2311	2353
361	03:23:17	60.20	6499	2309	2352
362	03:24:17	60.12	6499	2308	2350
363	03:25:17	60.16	6499	2306	2349
364	03:26:18	60.11	6499	2304	2347
365	03:27:18	60.12	6499	2303	2346
366	03:28:18	60.11	6499	2301	2344
367	03:29:18	60.12	6499	2299	2342
368	03:30:18	60.11	6499	2298	2341
369	03:31:18	60.11	6499	2296	2339
370	03:32:18	60.14	6499	2294	2337
371	03:33:18	60.12	6499	2293	2336
372	03:34:19	60.11	6499	2291	2334
373	03:35:19	60.12	6499	2289	2333
374	03:36:19	60.12	6499	2288	2331
375	03:37:19	60.11	6499	2286	2329
376	03:38:19	60.12	6499	2284	2328
377	03:39:19	60.12	6499	2283	2326
378	03:40:19	60.11	6499	2281	2325
379	03:41:19	45.25	6499	2280	2323
380	03:42:05	16.37	6499	2279	2323
381	03:42:21	10.19	6499	2279	2322
382	03:42:31	60.12	6499	2278	2321
383	03:43:31	60.12	6499	2276	2320
384	03:44:31	60.11	6499	2274	2318
385	03:45:31	60.10	6499	2273	2317
386	03:46:32	60.15	6499	2271	2315
387	03:47:32	60.11	6499	2270	2313
388	03:48:32	60.12	6499	2268	2312
389	03:49:32	60.12	6499	2266	2310
390	03:50:32	60.12	6499	2265	2309
391	03:51:32	60.15	6499	2263	2307
392	03:52:32	10.27	6499	2262	2306
393	03:52:43	60.09	6499	2261	2305
394	03:53:43	60.11	6499	2260	2304
395	03:54:43	60.10	6499	2258	2302
396	03:55:43	60.12	6499	2257	2301
397	03:56:43	60.11	6499	2255	2299
398	03:57:43	60.12	6499	2253	2298
399	03:58:43	60.11	6499	2252	2296
400	03:59:43	60.12	6499	2250	2294
401	04:00:44	60.15	6499	2249	2293
402	04:01:44	36.72	6499	2247	2292
403	04:02:20	60.21	6499	2246	2290
404	04:03:21	60.15	6499	2245	2289
405	04:04:21	60.12	6499	2243	2287
406	04:05:21	35.28	6499	2242	2286
407	04:05:56	60.45	6499	2240	2285
408	04:06:57	60.18	6499	2239	2283
409	04:07:57	60.11	6499	2237	2282
410	04:08:57	60.12	6499	2236	2280
411	04:09:57	60.41	6499	2234	2279
412	04:10:57	60.11	6499	2232	2277
413	04:11:58	60.11	6499	2231	2276
414	04:12:58	60.11	6499	2229	2274
415	04:13:58	60.12	6499	2228	2273
416	04:14:58	60.12	6499	2226	2271
417	04:15:58	60.13	6499	2224	2269
418	04:16:58	23.01	6499	2223	2268
419	04:17:21	60.15	6499	2222	2267
420	04:18:21	60.12	6499	2221	2266
421	04:19:21	60.16	6499	2219	2264
422	04:20:22	60.12	6499	2218	2263
423	04:21:22	60.12	6499	2216	2261
424	04:22:22	60.36	6499	2214	2260
425	04:23:22	60.11	6499	2213	2258
426	04:24:22	60.14	6499	2211	2257
427	04:25:22	60.11	6499	2210	2255
428	04:26:23	60.15	6499	2208	2254
429	04:27:23	60.16	6499	2206	2252
430	04:28:23	60.34	6499	2205	2251
431	04:29:23	60.17	6499	2203	2249
432	04:30:23	60.11	6499	2202	2248
433	04:31:23	60.18	6499	2200	2246
434	04:32:24	60.11	6499	2198	2245
435	04:33:24	22.53	6499	2198	2244
436	04:33:46	60.44	6499	2196	2243
437	04:34:47	60.12	6499	2195	2241
438	04:35:47	60.11	6499	2193	2240
439	04:36:47	60.41	6499	2192	2238
440	04:37:47	60.13	6499	2190	2237
441	04:38:47	43.27	6499	2189	2235
442	04:39:31	14.97	6499	2188	2235
443	04:39:46	60.04	6499	2187	2234
444	04:40:46	60.14	6499	2186	2232
445	04:41:46	60.12	6499	2184	2231
446	04:42:46	48.86	6499	2183	2229
447	04:43:35	12.04	6499	2182	2228
448	04:43:47	9.01	6499	2182	2228
449	04:43:56	8.23	6499	2182	2228
450	04:44:04	9.05	6499	2181	2228
451	04:44:13	8.20	6499	2181	2228
452	04:44:21	9.02	6499	2181	2228
453	04:44:30	8.22	6499	2181	2228
454	04:44:39	9.02	6499	2181	2227
455	04:44:48	8.23	6499	2181	2227
456	04:44:56	9.02	6499	2180	2227
457	04:45:05	8.22	6499	2180	2227
458	04:45:13	9.02	6499	2180	2227
459	04:45:22	8.22	6499	2180	2226
460	04:45:30	9.02	6499	2180	2226
461	04:45:39	8.22	6499	2179	2226
462	04:45:48	9.03	6499	2179	2226
463	04:45:57	8.22	6499	2179	2226
464	04:46:05	9.02	6499	2179	2226
465	04:46:14	24.64	6499	2179	2225
466	04:46:39	9.03	6499	2178	2225
467	04:46:48	8.27	6499	2178	2225
468	04:46:56	9.01	6499	2178	2225
469	04:47:05	7.62	6499	2178	2224
470	04:47:12	9.03	6499	2178	2224
471	04:47:22	7.63	6499	2178	2224
472	04:47:29	9.02	6499	2178	2224
473	04:47:38	7.62	6499	2177	2224
474	04:47:46	9.02	6499	2177	2224
475	04:47:55	7.63	6499	2177	2223
476	04:48:02	9.01	6499	2177	2223
477	04:48:11	7.62	6499	2176	2223
478	04:48:19	9.02	6499	2176	2223
479	04:48:28	7.32	6499	2176	2223
480	04:48:35	9.02	6499	2176	2223
481	04:48:44	7.63	6499	2175	2222
482	04:48:52	9.02	6499	2175	2222
483	04:49:01	8.68	6499	2175	2222
484	04:49:10	60.30	6499	2174	2221
485	04:50:10	60.16	6499	2173	2220
486	04:51:10	60.12	6499	2172	2219
487	04:52:10	57.16	6499	2171	2218
488	04:53:07	60.10	6499	2169	2217
489	04:54:08	60.12	6499	2168	2215
490	04:55:08	60.14	6499	2167	2214
491	04:56:08	60.11	6499	2165	2212
492	04:57:08	60.15	6499	2164	2211
493	04:58:08	60.11	6499	2162	2209
494	04:59:08	60.15	6499	2160	2208
495	05:00:08	11.01	6499	2160	2207
496	05:00:19	60.46	6499	2159	2206
497	05:01:20	60.12	6499	2157	2205
498	05:02:20	10.31	6499	2025	2077
499	05:02:30	16.89	6499	0	0
500	05:02:47	60.39	6499	0	0
501	05:03:48	15.12	6499	0	0
502	05:04:03	60.29	6501	0	0
503	05:05:03	60.11	6501	0	0
504	05:06:03	60.12	6501	0	0
505	05:07:03	60.13	6501	0	0
506	05:08:03	60.11	6501	0	0
507	05:09:03	60.18	6445	0	0
508	05:10:04	60.11	-1	0	0
509	05:11:04	60.17	-1	0	0
510	05:12:04	60.16	-1	0	0
511	05:13:04	60.17	-1	0	0
512	05:14:04	60.18	-1	0	0
513	05:15:04	60.14	-1	0	0
514	05:16:05	60.12	-1	0	0
515	05:17:05	60.15	-1	0	0
516	05:18:05	60.14	-1	0	0
517	05:19:05	60.37	-1	0	0
518	05:20:05	60.12	-1	0	0
519	05:21:05	60.15	-1	0	0
520	05:22:06	58.49	-1	0	0
Created by AtlRunQuery on: 2018-12-01 15:30:59.146520
