LHC beam energy and intensities during run 359717:
(Begin/end of run: Sun Sep 02 2018 12:24:37 − 20:10:55)

LB	   Start time
(CEST)	   Duration
(sec)	   Beam energy
(GeV)	   Intensity Beam-1
(1e11 protons)	   Intensity Beam-2
(1e11 protons)
1	12:24:37	60.16	449	1154	901.9
2	12:25:38	60.12	450	1276	1024
3	12:26:38	21.82	450	1335	1181
4	12:26:59	30.47	450	1387	1183
5	12:27:30	60.19	450	1440	1182
6	12:28:30	60.11	449	1596	1245
7	12:29:30	60.13	449	1719	1358
8	12:30:30	60.16	450	1837	1446
9	12:31:31	17.71	450	1910	1561
10	12:31:48	31.10	449	1946	1605
11	12:32:19	60.45	449	2067	1684
12	12:33:20	60.12	450	2159	1805
13	12:34:20	60.11	450	2272	1924
14	12:35:20	60.15	450	2390	2079
15	12:36:20	60.12	450	2508	2162
16	12:37:20	60.11	450	2638	2270
17	12:38:20	60.12	449	2783	2389
18	12:39:21	16.75	449	2791	2498
19	12:39:37	60.19	450	2789	2709
20	12:40:37	60.11	450	2787	2815
21	12:41:38	60.15	449	2785	2814
22	12:42:38	60.10	450	2783	2812
23	12:43:38	25.91	475	2782	2811
24	12:44:04	25.27	509	2782	2810
25	12:44:29	19.44	553	2769	2798
26	12:44:48	60.66	596	2769	2797
27	12:45:49	50.48	778	2769	2797
28	12:46:40	60.23	977	2769	2796
29	12:47:40	60.11	1277	2768	2796
30	12:48:40	60.12	1624	2768	2795
31	12:49:40	60.10	1971	2768	2795
32	12:50:40	60.16	2319	2768	2795
33	12:51:40	60.12	2666	2768	2795
34	12:52:40	60.15	3013	2768	2795
35	12:53:41	60.12	3367	2768	2795
36	12:54:41	60.12	3714	2767	2795
37	12:55:41	60.11	4061	2767	2794
38	12:56:41	60.17	4409	2767	2794
39	12:57:41	60.11	4756	2766	2794
40	12:58:41	60.13	5104	2766	2794
41	12:59:41	60.11	5451	2765	2794
42	13:00:41	60.13	5798	2764	2793
43	13:01:42	60.15	6151	2763	2793
44	13:02:42	36.00	6483	2760	2793
45	13:03:18	10.11	6499	2760	2792
46	13:03:28	60.42	6499	2760	2792
47	13:04:28	60.11	6499	2759	2792
48	13:05:28	60.12	6499	2759	2792
49	13:06:28	60.11	6499	2759	2792
50	13:07:29	60.13	6499	2758	2792
51	13:08:29	60.12	6499	2758	2792
52	13:09:29	60.14	6499	2758	2792
53	13:10:29	60.39	6499	2757	2792
54	13:11:29	60.11	6499	2757	2792
55	13:12:30	60.12	6499	2757	2792
56	13:13:30	60.14	6499	2756	2791
57	13:14:30	60.14	6499	2755	2791
58	13:15:30	60.12	6499	2754	2791
59	13:16:30	21.55	6499	2753	2791
60	13:16:52	60.37	6499	2753	2790
61	13:17:52	60.12	6499	2752	2790
62	13:18:52	60.12	6499	2750	2790
63	13:19:52	60.12	6499	2746	2787
64	13:20:52	60.14	6499	2743	2783
65	13:21:52	60.14	6499	2740	2780
66	13:22:53	60.15	6499	2736	2777
67	13:23:53	52.34	6499	2733	2774
68	13:24:45	56.58	6499	2729	2772
69	13:25:42	35.67	6499	2727	2769
70	13:26:17	23.56	6499	2725	2768
71	13:26:41	60.23	6499	2723	2766
72	13:27:41	35.28	6499	2721	2764
73	13:28:16	42.48	6499	2719	2763
74	13:28:59	60.55	6499	2717	2761
75	13:29:59	60.11	6499	2714	2758
76	13:31:00	60.11	6499	2712	2756
77	13:32:00	60.13	6499	2708	2753
78	13:33:00	10.27	6499	2707	2751
79	13:33:10	60.42	6499	2704	2750
80	13:34:10	60.10	6499	2701	2747
81	13:35:11	60.17	6499	2698	2744
82	13:36:11	60.16	6499	2695	2742
83	13:37:11	15.24	6499	2693	2740
84	13:37:26	60.19	6499	2691	2738
85	13:38:26	60.14	6499	2688	2735
86	13:39:26	13.03	6499	2687	2734
87	13:39:39	60.09	6499	2685	2732
88	13:40:40	60.11	6499	2681	2730
89	13:41:40	32.34	6499	2679	2728
90	13:42:12	33.07	6499	2678	2726
91	13:42:45	60.10	6499	2676	2724
92	13:43:45	37.23	6499	2674	2722
93	13:44:22	39.11	6499	2672	2720
94	13:45:02	60.19	6499	2670	2718
95	13:46:02	38.29	6499	2668	2715
96	13:46:40	60.48	6499	2666	2713
97	13:47:40	60.11	6499	2664	2710
98	13:48:41	60.12	6499	2662	2708
99	13:49:41	60.12	6499	2660	2705
100	13:50:41	60.12	6499	2657	2703
101	13:51:41	60.15	6499	2655	2700
102	13:52:41	60.14	6499	2653	2698
103	13:53:41	60.13	6499	2651	2695
104	13:54:41	60.11	6499	2648	2693
105	13:55:41	10.07	6499	2647	2691
106	13:55:52	10.27	6499	2647	2691
107	13:56:02	37.93	6499	2646	2690
108	13:56:40	60.29	6499	2644	2688
109	13:57:40	42.10	6499	2642	2686
110	13:58:22	60.05	6499	2640	2684
111	13:59:22	60.14	6499	2638	2682
112	14:00:22	60.11	6499	2636	2679
113	14:01:22	60.13	6499	2634	2677
114	14:02:23	60.11	6499	2632	2675
115	14:03:23	60.22	6499	2630	2672
116	14:04:23	60.13	6499	2627	2670
117	14:05:23	33.72	6499	2626	2668
118	14:05:57	60.20	6499	2624	2666
119	14:06:57	60.14	6499	2622	2664
120	14:07:57	60.11	6499	2620	2662
121	14:08:57	10.32	6499	2619	2661
122	14:09:08	60.46	6499	2617	2659
123	14:10:08	60.16	6499	2615	2657
124	14:11:08	60.17	6499	2613	2655
125	14:12:08	60.10	6499	2611	2653
126	14:13:08	60.11	6499	2609	2651
127	14:14:09	60.14	6499	2607	2648
128	14:15:09	60.12	6499	2605	2646
129	14:16:09	41.31	6499	2603	2644
130	14:16:50	60.13	6499	2601	2643
131	14:17:50	60.12	6499	2599	2641
132	14:18:50	60.11	6499	2597	2638
133	14:19:50	60.17	6499	2595	2636
134	14:20:51	22.76	6499	2593	2635
135	14:21:13	60.47	6499	2592	2634
136	14:22:14	60.12	6499	2590	2631
137	14:23:14	60.11	6499	2588	2629
138	14:24:14	60.12	6499	2586	2627
139	14:25:14	60.15	6499	2584	2625
140	14:26:14	60.09	6499	2581	2623
141	14:27:14	60.10	6499	2579	2621
142	14:28:15	60.14	6499	2577	2619
143	14:29:15	60.15	6499	2575	2617
144	14:30:15	60.11	6499	2573	2615
145	14:31:15	60.13	6499	2571	2613
146	14:32:15	60.11	6499	2569	2611
147	14:33:15	26.85	6499	2568	2610
148	14:33:42	60.34	6499	2566	2608
149	14:34:42	60.12	6499	2564	2606
150	14:35:43	60.11	6499	2562	2604
151	14:36:43	60.10	6499	2560	2602
152	14:37:43	60.12	6499	2558	2600
153	14:38:43	60.11	6499	2556	2598
154	14:39:43	60.16	6499	2554	2596
155	14:40:43	60.16	6499	2552	2594
156	14:41:43	60.12	6499	2550	2593
157	14:42:43	60.11	6499	2548	2591
158	14:43:44	60.11	6499	2546	2589
159	14:44:44	60.12	6499	2544	2587
160	14:45:44	60.13	6499	2542	2585
161	14:46:44	60.14	6499	2540	2583
162	14:47:44	60.15	6499	2538	2581
163	14:48:44	60.11	6499	2536	2579
164	14:49:44	60.11	6499	2534	2577
165	14:50:44	60.12	6499	2532	2575
166	14:51:45	60.12	6499	2530	2574
167	14:52:45	60.16	6499	2528	2572
168	14:53:45	60.11	6499	2526	2570
169	14:54:45	60.10	6499	2524	2568
170	14:55:45	60.17	6499	2522	2566
171	14:56:45	60.14	6499	2520	2564
172	14:57:45	60.12	6499	2518	2562
173	14:58:45	60.12	6499	2516	2561
174	14:59:46	60.11	6499	2514	2559
175	15:00:46	60.10	6499	2512	2557
176	15:01:46	60.11	6499	2510	2555
177	15:02:46	24.41	6499	2509	2554
178	15:03:10	60.58	6499	2507	2552
179	15:04:11	60.13	6499	2505	2551
180	15:05:11	60.16	6499	2503	2549
181	15:06:11	60.12	6499	2501	2547
182	15:07:11	11.17	6499	2500	2546
183	15:07:22	60.21	6499	2499	2545
184	15:08:23	60.12	6499	2497	2543
185	15:09:23	60.14	6499	2495	2541
186	15:10:23	60.11	6499	2493	2539
187	15:11:23	60.16	6499	2491	2538
188	15:12:23	60.17	6499	2489	2536
189	15:13:23	60.12	6499	2487	2534
190	15:14:23	60.10	6499	2486	2532
191	15:15:24	25.22	6499	2484	2531
192	15:15:49	60.43	6499	2483	2530
193	15:16:49	60.12	6499	2481	2528
194	15:17:49	60.11	6499	2479	2526
195	15:18:49	60.13	6499	2477	2525
196	15:19:50	60.11	6499	2475	2523
197	15:20:50	60.12	6499	2473	2521
198	15:21:50	60.10	6499	2471	2519
199	15:22:50	60.12	6499	2469	2518
200	15:23:50	60.11	6499	2467	2516
201	15:24:50	60.16	6499	2465	2514
202	15:25:50	60.12	6499	2463	2512
203	15:26:50	60.16	6499	2461	2511
204	15:27:51	60.16	6499	2460	2509
205	15:28:51	60.14	6499	2458	2507
206	15:29:51	60.11	6499	2456	2505
207	15:30:51	10.27	6499	2455	2505
208	15:31:01	60.43	6499	2453	2503
209	15:32:02	60.11	6499	2452	2502
210	15:33:02	60.11	6499	2450	2500
211	15:34:02	60.11	6499	2448	2498
212	15:35:02	60.12	6499	2446	2497
213	15:36:02	60.11	6499	2444	2495
214	15:37:02	22.39	6499	2442	2494
215	15:37:25	60.03	6499	2441	2493
216	15:38:25	60.11	6499	2439	2491
217	15:39:25	60.15	6499	2437	2489
218	15:40:25	60.11	6499	2435	2487
219	15:41:25	28.98	6499	2434	2486
220	15:41:54	60.28	6499	2432	2485
221	15:42:54	60.14	6499	2431	2483
222	15:43:54	60.14	6499	2429	2482
223	15:44:55	60.11	6499	2427	2480
224	15:45:55	51.42	6499	2425	2478
225	15:46:46	60.32	6499	2423	2477
226	15:47:46	60.12	6499	2421	2475
227	15:48:47	60.13	6499	2420	2474
228	15:49:47	60.13	6499	2418	2472
229	15:50:47	60.14	6499	2416	2470
230	15:51:47	60.17	6499	2414	2469
231	15:52:47	10.03	6499	2413	2468
232	15:52:57	60.13	6499	2412	2467
233	15:53:57	60.15	6499	2410	2465
234	15:54:57	60.13	6499	2408	2463
235	15:55:58	60.11	6499	2406	2462
236	15:56:58	60.10	6499	2404	2460
237	15:57:58	10.27	6499	2403	2459
238	15:58:08	13.31	6499	2403	2459
239	15:58:21	60.15	6499	2402	2458
240	15:59:22	60.14	6499	2400	2456
241	16:00:22	60.11	6499	2398	2455
242	16:01:22	60.10	6499	2396	2453
243	16:02:22	60.16	6499	2394	2451
244	16:03:22	10.25	6499	2393	2450
245	16:03:32	60.62	6499	2392	2449
246	16:04:33	60.12	6499	2390	2448
247	16:05:33	60.14	6499	2388	2446
248	16:06:33	60.12	6499	2386	2445
249	16:07:33	60.10	6499	2384	2443
250	16:08:33	60.11	6499	2383	2441
251	16:09:34	60.10	6499	2381	2440
252	16:10:34	60.36	6499	2379	2438
253	16:11:34	60.12	6499	2377	2437
254	16:12:34	60.11	6499	2375	2435
255	16:13:34	60.13	6499	2373	2433
256	16:14:34	60.11	6499	2371	2432
257	16:15:34	60.17	6499	2370	2430
258	16:16:35	60.17	6499	2368	2429
259	16:17:35	60.11	6499	2366	2427
260	16:18:35	60.11	6499	2364	2425
261	16:19:35	60.11	6499	2362	2424
262	16:20:35	60.12	6499	2361	2422
263	16:21:35	60.12	6499	2359	2421
264	16:22:35	60.10	6499	2357	2419
265	16:23:35	13.05	6499	2356	2418
266	16:23:49	60.35	6499	2355	2417
267	16:24:49	60.10	6499	2353	2416
268	16:25:49	60.16	6499	2351	2414
269	16:26:49	60.12	6499	2349	2413
270	16:27:49	60.12	6499	2347	2411
271	16:28:49	60.16	6499	2346	2410
272	16:29:50	60.11	6499	2344	2408
273	16:30:50	60.16	6499	2342	2406
274	16:31:50	60.13	6499	2340	2405
275	16:32:50	60.15	6499	2338	2403
276	16:33:50	60.12	6499	2337	2402
277	16:34:50	60.12	6499	2335	2400
278	16:35:50	60.12	6499	2333	2399
279	16:36:50	60.11	6499	2331	2397
280	16:37:51	60.11	6499	2330	2396
281	16:38:51	60.15	6499	2328	2394
282	16:39:51	47.23	6499	2326	2393
283	16:40:38	60.50	6499	2325	2391
284	16:41:39	60.17	6499	2323	2390
285	16:42:39	60.12	6499	2321	2388
286	16:43:39	60.11	6499	2319	2387
287	16:44:39	60.11	6499	2317	2385
288	16:45:39	60.16	6499	2316	2384
289	16:46:39	60.36	6499	2314	2382
290	16:47:40	60.11	6499	2312	2381
291	16:48:40	60.11	6499	2310	2379
292	16:49:40	60.10	6499	2308	2378
293	16:50:40	60.37	6499	2306	2376
294	16:51:40	60.11	6499	2305	2374
295	16:52:40	60.11	6499	2303	2373
296	16:53:40	60.12	6499	2301	2372
297	16:54:41	60.35	6499	2299	2370
298	16:55:41	60.11	6499	2298	2368
299	16:56:41	60.39	6499	2296	2367
300	16:57:41	60.15	6499	2294	2365
301	16:58:42	60.15	6499	2292	2364
302	16:59:42	60.15	6499	2291	2362
303	17:00:42	60.11	6499	2289	2361
304	17:01:42	60.11	6499	2287	2359
305	17:02:42	60.12	6499	2285	2358
306	17:03:42	60.13	6499	2284	2356
307	17:04:42	60.12	6499	2282	2355
308	17:05:42	60.11	6499	2280	2353
309	17:06:43	60.14	6499	2278	2352
310	17:07:43	60.11	6499	2277	2350
311	17:08:43	60.17	6499	2275	2349
312	17:09:43	60.11	6499	2273	2347
313	17:10:43	60.18	6499	2271	2346
314	17:11:43	60.12	6499	2270	2344
315	17:12:43	60.11	6499	2268	2343
316	17:13:44	60.11	6499	2266	2341
317	17:14:44	60.12	6499	2264	2340
318	17:15:44	60.12	6499	2263	2338
319	17:16:44	48.83	6499	2261	2337
320	17:17:33	60.44	6499	2260	2335
321	17:18:33	60.12	6499	2258	2334
322	17:19:33	60.12	6499	2256	2332
323	17:20:33	60.11	6499	2254	2331
324	17:21:34	60.16	6499	2253	2329
325	17:22:34	60.13	6499	2251	2328
326	17:23:34	35.54	6499	2250	2327
327	17:24:09	15.45	6499	2249	2326
328	17:24:25	10.13	6499	2249	2326
329	17:24:35	33.93	6499	2248	2325
330	17:25:09	60.26	6499	2247	2324
331	17:26:09	60.17	6499	2245	2323
332	17:27:09	60.14	6499	2243	2321
333	17:28:09	60.11	6499	2241	2320
334	17:29:10	60.11	6499	2240	2318
335	17:30:10	60.10	6499	2238	2317
336	17:31:10	60.12	6499	2236	2315
337	17:32:10	60.11	6499	2235	2314
338	17:33:10	60.17	6499	2233	2312
339	17:34:10	60.12	6499	2231	2311
340	17:35:10	59.02	6499	2230	2309
341	17:36:09	60.47	6499	2228	2308
342	17:37:10	10.27	6499	2227	2307
343	17:37:20	60.11	6499	2226	2306
344	17:38:20	60.11	6499	2224	2305
345	17:39:20	60.16	6499	2223	2303
346	17:40:20	60.12	6499	2221	2302
347	17:41:21	60.13	6499	2219	2300
348	17:42:21	60.11	6499	2217	2299
349	17:43:21	60.14	6499	2216	2298
350	17:44:21	60.11	6499	2214	2296
351	17:45:21	32.07	6499	2213	2295
352	17:45:53	60.11	6499	2211	2294
353	17:46:53	29.99	6499	2210	2293
354	17:47:23	60.27	6499	2209	2292
355	17:48:23	30.14	6499	2208	2291
356	17:48:54	60.10	6499	2206	2290
357	17:49:54	60.12	6499	2205	2288
358	17:50:54	60.16	6498	2203	2287
359	17:51:54	60.16	6499	2201	2285
360	17:52:54	60.11	6499	2200	2284
361	17:53:54	52.46	6499	2198	2282
362	17:54:47	36.23	6499	2197	2281
363	17:55:23	60.11	6499	2196	2280
364	17:56:23	60.12	6499	2194	2279
365	17:57:23	60.14	6499	2192	2277
366	17:58:23	60.12	6499	2191	2276
367	17:59:23	60.11	6499	2189	2275
368	18:00:24	60.11	6499	2187	2273
369	18:01:24	29.21	6499	2186	2272
370	18:01:53	60.45	6499	2185	2271
371	18:02:53	59.05	6499	2183	2270
372	18:03:52	60.20	6499	2182	2268
373	18:04:53	28.66	6499	2180	2267
374	18:05:21	60.11	6499	2179	2266
375	18:06:21	60.17	6499	2178	2265
376	18:07:22	60.12	6499	2176	2263
377	18:08:22	60.13	6499	2174	2262
378	18:09:22	60.12	6499	2173	2260
379	18:10:22	41.96	6499	2171	2259
380	18:11:04	60.26	6499	2170	2258
381	18:12:04	60.13	6499	2168	2257
382	18:13:04	10.27	6499	2167	2256
383	18:13:14	60.10	6499	2166	2255
384	18:14:15	60.17	6499	2165	2254
385	18:15:15	60.12	6499	2163	2252
386	18:16:15	60.11	6499	2161	2251
387	18:17:15	60.12	6499	2160	2249
388	18:18:15	60.28	6499	2158	2248
389	18:19:15	60.11	6499	2156	2246
390	18:20:16	60.11	6499	2155	2245
391	18:21:16	60.12	6499	2153	2244
392	18:22:16	60.15	6499	2152	2242
393	18:23:16	60.11	6499	2150	2241
394	18:24:16	60.11	6499	2148	2239
395	18:25:16	60.16	6499	2147	2238
396	18:26:16	60.11	6499	2145	2237
397	18:27:16	60.11	6499	2144	2235
398	18:28:16	60.12	6499	2142	2234
399	18:29:17	60.14	6499	2140	2232
400	18:30:17	60.12	6499	2139	2231
401	18:31:17	60.16	6499	2137	2230
402	18:32:17	17.05	6499	2136	2229
403	18:32:34	10.24	6499	2136	2228
404	18:32:44	60.43	6499	2135	2228
405	18:33:45	60.16	6499	2133	2226
406	18:34:45	60.12	6499	2132	2225
407	18:35:45	60.17	6499	2130	2224
408	18:36:45	60.12	6499	2128	2222
409	18:37:45	60.12	6499	2127	2221
410	18:38:45	60.16	6499	2125	2219
411	18:39:46	60.10	6499	2124	2218
412	18:40:46	60.13	6499	2122	2217
413	18:41:46	60.14	6499	2120	2215
414	18:42:46	60.12	6499	2119	2214
415	18:43:46	60.16	6499	2117	2213
416	18:44:46	60.12	6499	2116	2211
417	18:45:46	60.16	6499	2114	2210
418	18:46:47	60.11	6499	2113	2208
419	18:47:47	60.17	6499	2111	2207
420	18:48:47	60.39	6499	2110	2206
421	18:49:47	60.11	6499	2108	2204
422	18:50:47	60.14	6499	2106	2203
423	18:51:47	60.15	6499	2105	2201
424	18:52:48	60.12	6499	2103	2200
425	18:53:48	60.14	6499	2102	2199
426	18:54:48	10.27	6499	2101	2198
427	18:54:58	60.38	6499	2100	2197
428	18:55:58	60.13	6499	2098	2196
429	18:56:59	60.14	6499	2097	2194
430	18:57:59	60.11	6499	2095	2193
431	18:58:59	60.11	6499	2094	2192
432	18:59:59	60.11	6499	2092	2190
433	19:00:59	60.13	6499	2090	2189
434	19:01:59	60.11	6499	2089	2188
435	19:02:59	60.11	6499	2087	2186
436	19:03:59	60.13	6499	2086	2185
437	19:05:00	60.12	6499	2084	2183
438	19:06:00	32.43	6499	2083	2182
439	19:06:32	60.27	6499	2082	2181
440	19:07:32	60.11	6499	2080	2180
441	19:08:33	60.12	6499	2079	2179
442	19:09:33	60.16	6499	2077	2177
443	19:10:33	60.14	6499	2076	2176
444	19:11:33	60.17	6499	2074	2175
445	19:12:33	59.84	6499	2073	2173
446	19:13:33	60.19	6499	2071	2172
447	19:14:33	60.12	6499	2070	2171
448	19:15:33	60.12	6499	2068	2169
449	19:16:33	60.11	6499	2066	2168
450	19:17:33	60.13	6499	2065	2167
451	19:18:34	60.10	6499	2063	2165
452	19:19:34	60.12	6499	2062	2164
453	19:20:34	60.11	6499	2060	2162
454	19:21:34	60.12	6499	2059	2161
455	19:22:34	60.10	6499	2057	2160
456	19:23:34	30.04	6499	2056	2159
457	19:24:04	60.17	6499	2055	2158
458	19:25:04	60.11	6499	2053	2156
459	19:26:04	60.11	6499	2052	2155
460	19:27:05	30.57	6499	2051	2154
461	19:27:35	59.04	6499	2050	2153
462	19:28:34	60.26	6499	2048	2152
463	19:29:34	60.11	6499	2047	2150
464	19:30:35	60.11	6499	2045	2149
465	19:31:35	60.17	6499	2044	2148
466	19:32:35	60.11	6499	2042	2146
467	19:33:35	60.12	6499	2041	2145
468	19:34:35	60.12	6499	2039	2144
469	19:35:35	60.12	6499	2037	2142
470	19:36:35	60.15	6499	2036	2141
471	19:37:35	60.12	6499	2034	2140
472	19:38:36	60.12	6499	2033	2138
473	19:39:36	60.12	6499	2031	2137
474	19:40:36	60.16	6499	2030	2136
475	19:41:36	60.12	6499	2028	2134
476	19:42:36	60.16	6499	2027	2133
477	19:43:36	60.12	6499	2025	2132
478	19:44:36	60.35	6499	2024	2130
479	19:45:37	60.11	6499	2022	2129
480	19:46:37	60.14	6499	2021	2128
481	19:47:37	60.17	6499	2019	2126
482	19:48:37	60.17	6499	2018	2125
483	19:49:37	39.32	6499	2017	2124
484	19:50:17	13.35	6499	2016	2124
485	19:50:30	9.02	6499	2016	2123
486	19:50:39	7.92	6499	2016	2123
487	19:50:47	9.01	6499	2016	2123
488	19:50:56	8.22	6499	2016	2123
489	19:51:04	9.02	6499	2015	2123
490	19:51:13	8.22	6499	2015	2123
491	19:51:21	9.02	6499	2015	2123
492	19:51:30	8.22	6499	2015	2122
493	19:51:39	9.02	6499	2014	2122
494	19:51:48	8.22	6499	2014	2122
495	19:51:56	9.02	6499	2014	2122
496	19:52:05	8.23	6499	2014	2122
497	19:52:13	9.02	6499	2014	2121
498	19:52:22	8.22	6499	2014	2121
499	19:52:30	9.02	6499	2013	2121
500	19:52:39	8.23	6499	2013	2121
501	19:52:48	9.03	6499	2013	2121
502	19:52:57	24.78	6499	2013	2120
503	19:53:21	9.02	6499	2012	2120
504	19:53:30	7.62	6499	2012	2120
505	19:53:38	9.02	6499	2012	2120
506	19:53:47	7.33	6499	2012	2120
507	19:53:54	9.00	6499	2012	2120
508	19:54:03	7.63	6499	2011	2119
509	19:54:11	9.03	6499	2011	2119
510	19:54:20	7.32	6499	2011	2119
511	19:54:27	9.02	6499	2011	2119
512	19:54:36	7.63	6499	2011	2119
513	19:54:44	9.05	6499	2010	2118
514	19:54:53	7.32	6499	2010	2118
515	19:55:00	9.02	6499	2010	2118
516	19:55:09	7.62	6499	2010	2118
517	19:55:17	9.02	6499	2010	2118
518	19:55:26	7.92	6499	2009	2118
519	19:55:34	9.03	6499	2009	2118
520	19:55:43	8.67	6499	2009	2117
521	19:55:52	60.29	6499	2008	2117
522	19:56:52	33.01	6499	2007	2116
523	19:57:25	60.46	6499	2006	2115
524	19:58:25	60.11	6499	2005	2114
525	19:59:26	60.16	6499	2004	2113
526	20:00:26	60.12	6499	2002	2112
527	20:01:26	34.56	6499	2001	2111
528	20:02:00	15.29	6499	2001	2110
529	20:02:16	60.22	6499	2000	2109
530	20:03:16	60.12	6499	1998	2108
531	20:04:16	60.16	6499	1997	2107
532	20:05:16	60.15	6499	1995	2105
533	20:06:16	37.23	6499	1994	2104
534	20:06:54	60.44	6499	20.82	22.04
535	20:07:54	24.12	6499	0	0
536	20:08:18	60.04	6501	0	0
537	20:09:18	60.16	6501	0	0
538	20:10:18	36.92	6501	0	0
Created by AtlRunQuery on: 2018-12-01 15:29:18.805833
