LHC beam energy and intensities during run 360161:
(Begin/end of run: Fri Sep 07 2018 02:12:28 − 08:52:09)

LB	   Start time
(CEST)	   Duration
(sec)	   Beam energy
(GeV)	   Intensity Beam-1
(1e11 protons)	   Intensity Beam-2
(1e11 protons)
1	02:12:28	60.11	449	1501	1621
2	02:13:28	60.11	449	1621	1753
3	02:14:28	10.27	450	1746	1777
4	02:14:38	17.83	450	1744	1812
5	02:14:56	40.04	449	1769	1937
6	02:15:36	60.14	450	1900	2014
7	02:16:36	60.44	450	2037	2120
8	02:17:37	60.10	450	2120	2200
9	02:18:37	60.17	449	2218	2355
10	02:19:37	60.12	449	2334	2479
11	02:20:37	60.43	450	2463	2599
12	02:21:37	60.11	450	2607	2719
13	02:22:37	60.11	449	2724	2825
14	02:23:38	60.45	449	2770	2823
15	02:24:38	60.12	449	2768	2821
16	02:25:38	55.52	456	2767	2819
17	02:26:34	20.67	516	2754	2805
18	02:26:54	60.44	553	2754	2804
19	02:27:55	60.12	714	2753	2803
20	02:28:55	10.27	933	2753	2803
21	02:29:05	60.12	976	2753	2802
22	02:30:05	60.11	1276	2753	2801
23	02:31:05	60.13	1623	2753	2801
24	02:32:06	60.16	1976	2753	2801
25	02:33:06	60.11	2323	2752	2801
26	02:34:06	60.16	2671	2752	2801
27	02:35:06	60.11	3018	2752	2801
28	02:36:06	60.11	3366	2752	2800
29	02:37:06	60.17	3713	2751	2800
30	02:38:06	60.12	4060	2751	2800
31	02:39:06	60.43	4408	2750	2800
32	02:40:07	60.13	4761	2750	2800
33	02:41:07	60.12	5108	2749	2799
34	02:42:07	60.12	5456	2748	2798
35	02:43:07	60.12	5803	2747	2798
36	02:44:07	60.11	6150	2745	2797
37	02:45:07	32.33	6482	2741	2796
38	02:45:40	15.26	6499	2740	2796
39	02:45:55	60.50	6499	2740	2795
40	02:46:56	60.12	6499	2740	2795
41	02:47:56	60.12	6499	2739	2795
42	02:48:56	60.12	6499	2739	2794
43	02:49:56	60.12	6499	2739	2794
44	02:50:56	60.11	6499	2738	2794
45	02:51:56	60.11	6499	2738	2794
46	02:52:56	60.11	6499	2737	2794
47	02:53:56	60.15	6499	2737	2794
48	02:54:57	60.11	6499	2736	2794
49	02:55:57	60.13	6499	2735	2793
50	02:56:57	60.11	6499	2733	2793
51	02:57:57	60.12	6499	2731	2792
52	02:58:57	29.25	6499	2730	2792
53	02:59:26	60.46	6499	2730	2791
54	03:00:27	60.11	6499	2727	2791
55	03:01:27	60.13	6499	2724	2789
56	03:02:27	60.15	6499	2719	2783
57	03:03:27	60.16	6499	2716	2779
58	03:04:27	60.12	6499	2712	2774
59	03:05:27	44.47	6499	2709	2771
60	03:06:12	34.94	6499	2707	2769
61	03:06:47	60.23	6499	2704	2767
62	03:07:47	24.60	6499	2701	2765
63	03:08:12	60.55	6499	2699	2762
64	03:09:12	60.11	6499	2695	2759
65	03:10:12	60.10	6499	2692	2756
66	03:11:12	60.11	6499	2689	2753
67	03:12:12	60.12	6499	2686	2751
68	03:13:13	60.37	6499	2683	2748
69	03:14:13	34.81	6499	2681	2746
70	03:14:48	31.73	6498	2679	2744
71	03:15:20	60.48	6499	2676	2742
72	03:16:20	60.11	6499	2673	2739
73	03:17:20	60.15	6499	2669	2737
74	03:18:20	60.14	6499	2666	2734
75	03:19:20	10.31	6499	2664	2732
76	03:19:31	11.27	6499	2664	2732
77	03:19:42	12.52	6499	2663	2731
78	03:19:54	9.01	6499	2663	2731
79	03:20:04	8.59	6499	2663	2731
80	03:20:12	9.03	6499	2662	2731
81	03:20:21	8.21	6499	2662	2730
82	03:20:29	9.02	6499	2662	2730
83	03:20:38	8.22	6499	2661	2730
84	03:20:47	9.02	6499	2661	2729
85	03:20:56	8.52	6499	2660	2729
86	03:21:04	9.02	6499	2660	2729
87	03:21:13	8.53	6499	2660	2728
88	03:21:22	9.02	6499	2659	2728
89	03:21:31	8.22	6499	2659	2728
90	03:21:39	9.02	6499	2658	2727
91	03:21:48	8.23	6499	2658	2727
92	03:21:56	9.01	6499	2658	2727
93	03:22:05	8.23	6499	2657	2726
94	03:22:13	9.02	6499	2657	2726
95	03:22:22	23.76	6499	2656	2726
96	03:22:46	9.03	6499	2656	2725
97	03:22:55	7.61	6499	2655	2725
98	03:23:03	9.02	6499	2655	2724
99	03:23:12	7.62	6499	2655	2724
100	03:23:19	9.02	6499	2654	2724
101	03:23:28	7.63	6499	2654	2724
102	03:23:36	9.01	6499	2654	2723
103	03:23:45	7.93	6499	2653	2723
104	03:23:53	9.02	6499	2653	2723
105	03:24:02	7.92	6499	2652	2722
106	03:24:10	9.03	6499	2652	2722
107	03:24:19	7.62	6499	2652	2722
108	03:24:27	9.02	6499	2651	2721
109	03:24:36	7.94	6499	2651	2721
110	03:24:44	9.03	6499	2650	2721
111	03:24:53	7.92	6499	2650	2721
112	03:25:01	9.02	6499	2650	2720
113	03:25:10	8.99	6499	2649	2720
114	03:25:19	60.31	6499	2648	2719
115	03:26:19	60.10	6499	2645	2716
116	03:27:19	39.25	6499	2643	2714
117	03:27:58	60.47	6499	2641	2712
118	03:28:59	60.11	6499	2638	2709
119	03:29:59	60.12	6499	2635	2707
120	03:30:59	60.16	6499	2632	2704
121	03:31:59	60.17	6499	2629	2702
122	03:32:59	60.11	6499	2626	2699
123	03:33:59	60.15	6499	2624	2697
124	03:34:59	60.15	6499	2621	2694
125	03:36:00	60.11	6499	2619	2692
126	03:37:00	60.11	6499	2616	2690
127	03:38:00	60.37	6499	2613	2687
128	03:39:00	60.12	6499	2611	2685
129	03:40:00	60.11	6499	2608	2682
130	03:41:00	60.11	6499	2606	2680
131	03:42:01	60.13	6499	2603	2678
132	03:43:01	27.51	6499	2601	2676
133	03:43:28	60.24	6499	2600	2675
134	03:44:28	60.17	6499	2597	2672
135	03:45:29	60.17	6499	2595	2670
136	03:46:29	60.11	6499	2592	2668
137	03:47:29	59.35	6499	2590	2665
138	03:48:28	60.17	6499	2587	2663
139	03:49:28	60.27	6498	2585	2661
140	03:50:29	60.12	6499	2582	2659
141	03:51:29	10.05	6499	2581	2657
142	03:51:39	60.16	6499	2580	2656
143	03:52:39	60.11	6499	2577	2654
144	03:53:39	60.12	6499	2575	2652
145	03:54:39	30.25	6499	2573	2650
146	03:55:09	60.52	6499	2571	2648
147	03:56:10	60.11	6499	2569	2646
148	03:57:10	48.17	6499	2567	2644
149	03:57:58	60.07	6499	2565	2642
150	03:58:58	60.15	6499	2562	2640
151	03:59:58	60.11	6499	2560	2638
152	04:00:59	60.12	6499	2558	2636
153	04:01:59	60.12	6499	2555	2634
154	04:02:59	60.13	6499	2553	2632
155	04:03:59	60.11	6499	2551	2630
156	04:04:59	60.12	6499	2548	2628
157	04:05:59	60.14	6499	2546	2626
158	04:06:59	60.15	6499	2544	2624
159	04:07:59	60.11	6499	2542	2621
160	04:09:00	60.10	6499	2540	2619
161	04:10:00	60.12	6499	2537	2617
162	04:11:00	60.15	6499	2535	2615
163	04:12:00	60.17	6499	2533	2613
164	04:13:00	57.97	6499	2531	2611
165	04:13:58	60.55	6499	2529	2609
166	04:14:59	60.12	6499	2526	2607
167	04:15:59	60.11	6499	2524	2605
168	04:16:59	60.12	6499	2522	2603
169	04:17:59	60.15	6499	2520	2601
170	04:18:59	60.12	6499	2518	2599
171	04:19:59	60.11	6499	2516	2597
172	04:20:59	60.12	6499	2513	2595
173	04:21:59	60.12	6499	2511	2593
174	04:23:00	60.11	6499	2509	2591
175	04:24:00	60.10	6499	2507	2590
176	04:25:00	60.11	6499	2505	2588
177	04:26:00	60.11	6499	2503	2586
178	04:27:00	60.11	6499	2501	2584
179	04:28:00	60.10	6499	2498	2582
180	04:29:00	60.12	6499	2496	2580
181	04:30:00	60.13	6499	2494	2578
182	04:31:01	60.17	6499	2492	2576
183	04:32:01	60.12	6499	2490	2574
184	04:33:01	23.22	6499	2489	2573
185	04:33:24	60.55	6499	2487	2571
186	04:34:25	60.11	6499	2485	2569
187	04:35:25	60.12	6499	2483	2568
188	04:36:25	60.12	6499	2481	2566
189	04:37:25	60.13	6499	2479	2564
190	04:38:25	60.16	6499	2477	2562
191	04:39:25	60.11	6499	2474	2560
192	04:40:25	60.11	6499	2472	2558
193	04:41:25	60.37	6499	2470	2556
194	04:42:26	60.11	6499	2468	2554
195	04:43:26	60.12	6499	2466	2553
196	04:44:26	60.15	6499	2464	2551
197	04:45:26	60.12	6499	2462	2549
198	04:46:26	60.17	6499	2460	2547
199	04:47:26	60.13	6499	2458	2545
200	04:48:27	60.12	6499	2456	2543
201	04:49:27	60.34	6499	2454	2542
202	04:50:27	60.11	6499	2452	2540
203	04:51:27	44.30	6499	2450	2538
204	04:52:11	60.43	6499	2448	2537
205	04:53:12	60.13	6499	2446	2535
206	04:54:12	60.11	6499	2444	2533
207	04:55:12	60.11	6499	2442	2531
208	04:56:12	60.11	6499	2440	2529
209	04:57:12	60.16	6499	2438	2527
210	04:58:13	60.10	6499	2436	2526
211	04:59:13	60.12	6499	2434	2524
212	05:00:13	60.12	6499	2432	2522
213	05:01:13	60.15	6499	2430	2520
214	05:02:13	15.50	6499	2429	2519
215	05:02:29	60.18	6499	2428	2518
216	05:03:29	60.11	6499	2425	2516
217	05:04:29	60.14	6499	2423	2515
218	05:05:29	60.12	6499	2422	2513
219	05:06:29	60.11	6499	2419	2511
220	05:07:29	60.12	6499	2418	2509
221	05:08:29	60.12	6499	2416	2508
222	05:09:29	60.14	6499	2414	2506
223	05:10:30	60.17	6499	2412	2504
224	05:11:30	60.17	6499	2410	2502
225	05:12:30	60.15	6499	2408	2500
226	05:13:30	60.16	6499	2406	2499
227	05:14:30	60.12	6499	2404	2497
228	05:15:30	20.58	6499	2403	2496
229	05:15:51	60.38	6499	2402	2495
230	05:16:51	60.12	6499	2400	2493
231	05:17:51	60.11	6499	2398	2491
232	05:18:52	60.15	6499	2396	2489
233	05:19:52	41.71	6499	2394	2488
234	05:20:33	10.13	6499	2393	2487
235	05:20:44	10.27	6499	2393	2487
236	05:20:54	10.27	6499	2393	2487
237	05:21:04	33.13	6499	2392	2486
238	05:21:37	19.02	6499	2391	2485
239	05:21:56	60.15	6499	2390	2484
240	05:22:56	60.11	6499	2388	2482
241	05:23:56	20.87	6499	2387	2481
242	05:24:17	10.19	6499	2386	2481
243	05:24:28	60.17	6499	2385	2480
244	05:25:28	60.12	6499	2383	2478
245	05:26:28	33.66	6499	2382	2477
246	05:27:01	10.29	6499	2381	2476
247	05:27:12	35.89	6499	2380	2475
248	05:27:48	41.01	6499	2379	2474
249	05:28:29	10.04	6499	2378	2474
250	05:28:39	60.16	6499	2377	2472
251	05:29:39	60.12	6499	2375	2471
252	05:30:39	60.12	6499	2373	2469
253	05:31:39	21.65	6499	2372	2468
254	05:32:01	60.23	6499	2371	2467
255	05:33:01	10.71	6499	2370	2466
256	05:33:12	10.10	6499	2369	2465
257	05:33:22	35.93	6499	2369	2465
258	05:33:58	60.25	6499	2367	2463
259	05:34:58	60.12	6499	2365	2462
260	05:35:58	60.12	6499	2363	2460
261	05:36:58	60.11	6499	2361	2458
262	05:37:58	60.11	6499	2359	2457
263	05:38:58	10.31	6499	2358	2456
264	05:39:09	60.48	6499	2357	2455
265	05:40:09	23.93	6499	2356	2454
266	05:40:33	60.21	6499	2355	2452
267	05:41:33	60.16	6499	2353	2451
268	05:42:34	60.17	6499	2351	2449
269	05:43:34	60.12	6499	2349	2447
270	05:44:34	60.11	6499	2347	2446
271	05:45:34	15.96	6499	2346	2445
272	05:45:50	60.20	6499	2345	2443
273	05:46:50	60.14	6499	2343	2442
274	05:47:50	60.12	6499	2341	2440
275	05:48:50	60.36	6498	2339	2438
276	05:49:51	60.11	6499	2337	2437
277	05:50:51	60.11	6499	2336	2435
278	05:51:51	60.11	6499	2334	2434
279	05:52:51	60.15	6499	2332	2432
280	05:53:51	10.27	6499	2331	2431
281	05:54:01	60.12	6499	2330	2430
282	05:55:02	60.10	6499	2328	2428
283	05:56:02	60.11	6499	2326	2427
284	05:57:02	60.14	6498	2324	2425
285	05:58:02	60.17	6499	2322	2423
286	05:59:02	60.11	6499	2320	2422
287	06:00:02	60.13	6499	2319	2420
288	06:01:02	57.99	6499	2317	2418
289	06:02:00	60.57	6499	2315	2417
290	06:03:01	60.10	6499	2313	2415
291	06:04:01	60.11	6499	2311	2414
292	06:05:01	60.17	6499	2310	2412
293	06:06:01	60.15	6499	2308	2410
294	06:07:01	60.10	6499	2306	2409
295	06:08:02	60.36	6499	2304	2407
296	06:09:02	60.11	6499	2302	2405
297	06:10:02	60.12	6499	2300	2404
298	06:11:02	60.15	6499	2299	2402
299	06:12:02	60.11	6499	2297	2401
300	06:13:02	60.14	6499	2295	2399
301	06:14:03	60.12	6499	2293	2397
302	06:15:03	60.16	6499	2291	2396
303	06:16:03	60.11	6499	2289	2394
304	06:17:03	60.12	6499	2288	2392
305	06:18:03	60.11	6499	2286	2391
306	06:19:03	60.13	6499	2284	2389
307	06:20:03	60.12	6499	2282	2388
308	06:21:03	60.11	6499	2280	2386
309	06:22:03	60.12	6499	2279	2384
310	06:23:04	60.13	6499	2277	2383
311	06:24:04	55.82	6499	2275	2381
312	06:25:00	60.53	6499	2273	2380
313	06:26:00	60.14	6499	2272	2378
314	06:27:00	60.11	6499	2270	2377
315	06:28:00	60.13	6499	2268	2375
316	06:29:00	60.12	6499	2266	2373
317	06:30:01	60.12	6499	2264	2372
318	06:31:01	60.11	6499	2262	2370
319	06:32:01	60.16	6499	2261	2369
320	06:33:01	60.12	6499	2259	2367
321	06:34:01	60.12	6499	2257	2365
322	06:35:01	60.12	6499	2255	2364
323	06:36:01	60.10	6499	2254	2362
324	06:37:01	60.13	6499	2252	2361
325	06:38:02	60.12	6499	2250	2359
326	06:39:02	60.16	6499	2248	2358
327	06:40:02	60.11	6499	2247	2356
328	06:41:02	60.12	6499	2245	2354
329	06:42:02	60.23	6498	2243	2353
330	06:43:02	60.11	6499	2241	2351
331	06:44:02	60.12	6499	2240	2350
332	06:45:03	60.11	6499	2238	2348
333	06:46:03	19.93	6499	2237	2347
334	06:46:23	60.56	6499	2236	2346
335	06:47:23	60.12	6499	2234	2344
336	06:48:23	60.11	6499	2232	2343
337	06:49:23	60.14	6499	2230	2341
338	06:50:23	60.11	6499	2228	2340
339	06:51:24	60.10	6499	2227	2338
340	06:52:24	60.12	6499	2225	2336
341	06:53:24	60.11	6499	2223	2335
342	06:54:24	60.16	6499	2221	2333
343	06:55:24	60.17	6499	2220	2332
344	06:56:24	60.16	6499	2218	2330
345	06:57:24	60.11	6499	2216	2329
346	06:58:25	60.11	6499	2214	2327
347	06:59:25	60.11	6499	2213	2326
348	07:00:25	60.13	6499	2211	2324
349	07:01:25	60.11	6499	2209	2322
350	07:02:25	60.12	6499	2207	2321
351	07:03:25	60.11	6499	2206	2319
352	07:04:25	60.12	6499	2204	2318
353	07:05:25	24.43	6499	2203	2317
354	07:05:50	60.46	6499	2201	2316
355	07:06:50	60.11	6499	2200	2314
356	07:07:50	60.10	6499	2198	2312
357	07:08:50	60.17	6499	2196	2311
358	07:09:51	60.11	6499	2195	2309
359	07:10:51	60.15	6499	2193	2308
360	07:11:51	60.18	6499	2191	2306
361	07:12:51	60.11	6499	2189	2305
362	07:13:51	60.15	6499	2188	2303
363	07:14:51	60.11	6499	2186	2302
364	07:15:51	60.16	6499	2184	2300
365	07:16:52	60.11	6499	2182	2299
366	07:17:52	60.11	6499	2181	2297
367	07:18:52	60.10	6499	2179	2296
368	07:19:52	60.14	6499	2177	2294
369	07:20:52	60.11	6499	2175	2292
370	07:21:52	60.11	6499	2174	2291
371	07:22:52	60.12	6499	2172	2290
372	07:23:52	60.16	6499	2170	2288
373	07:24:53	60.15	6499	2168	2286
374	07:25:53	60.12	6499	2167	2285
375	07:26:53	60.13	6499	2165	2283
376	07:27:53	60.12	6499	2163	2282
377	07:28:53	60.11	6499	2162	2280
378	07:29:53	60.13	6499	2160	2279
379	07:30:53	60.12	6499	2158	2277
380	07:31:53	60.13	6499	2157	2276
381	07:32:54	60.35	6498	2155	2274
382	07:33:54	60.12	6499	2153	2273
383	07:34:54	60.11	6499	2152	2271
384	07:35:54	60.12	6499	2150	2270
385	07:36:54	60.16	6499	2148	2268
386	07:37:54	32.58	6499	2147	2267
387	07:38:27	60.40	6499	2146	2266
388	07:39:27	60.11	6499	2144	2264
389	07:40:27	60.12	6499	2142	2263
390	07:41:28	60.10	6499	2140	2261
391	07:42:28	60.12	6499	2139	2260
392	07:43:28	60.35	6499	2137	2258
393	07:44:28	60.13	6499	2135	2257
394	07:45:28	30.92	6499	2134	2256
395	07:45:59	60.23	6499	2133	2254
396	07:46:59	60.12	6499	2131	2253
397	07:48:00	60.12	6499	2129	2251
398	07:49:00	60.11	6499	2128	2250
399	07:50:00	60.12	6499	2126	2248
400	07:51:00	60.12	6499	2124	2247
401	07:52:00	60.11	6499	2123	2246
402	07:53:00	60.11	6499	2121	2244
403	07:54:00	60.11	6499	2119	2243
404	07:55:00	60.11	6499	2118	2241
405	07:56:00	59.58	6499	2116	2240
406	07:57:00	60.17	6499	2114	2238
407	07:58:00	60.12	6499	2113	2237
408	07:59:00	60.11	6499	2111	2235
409	08:00:00	60.11	6498	2109	2234
410	08:01:01	60.11	6499	2108	2232
411	08:02:01	60.12	6499	2106	2231
412	08:03:01	60.16	6499	2104	2229
413	08:04:01	60.12	6499	2103	2228
414	08:05:01	60.13	6499	2101	2226
415	08:06:01	60.10	6499	2099	2225
416	08:07:01	60.11	6499	2098	2223
417	08:08:01	60.12	6499	2096	2222
418	08:09:02	60.12	6499	2094	2220
419	08:10:02	60.14	6499	2093	2219
420	08:11:02	60.12	6499	2091	2217
421	08:12:02	50.58	6499	2090	2216
422	08:12:53	36.89	6499	2089	2215
423	08:13:29	60.13	6499	2087	2214
424	08:14:30	60.15	6499	2086	2212
425	08:15:30	60.12	6499	2084	2211
426	08:16:30	60.17	6499	2082	2209
427	08:17:30	60.12	6499	2081	2208
428	08:18:30	60.12	6499	2079	2206
429	08:19:30	60.11	6499	2077	2205
430	08:20:30	60.11	6499	2076	2203
431	08:21:30	60.11	6499	2074	2202
432	08:22:31	60.36	6499	2072	2200
433	08:23:31	60.11	6499	2071	2199
434	08:24:31	60.16	6499	2069	2197
435	08:25:31	60.12	6499	2068	2196
436	08:26:31	60.15	6499	2066	2194
437	08:27:31	60.12	6499	2064	2193
438	08:28:32	60.11	6499	2063	2191
439	08:29:32	60.13	6499	2061	2190
440	08:30:32	60.34	6499	2059	2189
441	08:31:32	60.14	6499	2058	2187
442	08:32:32	60.11	6499	2056	2186
443	08:33:32	60.11	6499	2055	2184
444	08:34:32	60.15	6499	2053	2183
445	08:35:33	60.12	6499	2051	2181
446	08:36:33	60.16	6499	2050	2180
447	08:37:33	60.13	6499	2048	2178
448	08:38:33	60.17	6499	2046	2177
449	08:39:33	60.12	6499	2045	2175
450	08:40:33	19.94	6499	2044	2174
451	08:40:53	60.53	6499	2042	2173
452	08:41:54	60.11	6499	2041	2172
453	08:42:54	60.12	6499	2039	2170
454	08:43:54	60.18	6499	2038	2169
455	08:44:54	60.35	6499	2036	2167
456	08:45:55	60.13	6499	2034	2166
457	08:46:55	60.11	6499	2033	2165
458	08:47:55	10.26	6499	2016	2152
459	08:48:05	60.46	6499	0	0
460	08:49:06	60.11	6499	0	0
461	08:50:06	60.10	6501	0	0
462	08:51:06	62.75	6501	0	0
Created by AtlRunQuery on: 2018-12-01 15:43:56.973109
