LHC beam energy and intensities during run 360293:
(Begin/end of run: Sat Sep 08 2018 02:05:37 − 16:28:14)

LB	   Start time
(CEST)	   Duration
(sec)	   Beam energy
(GeV)	   Intensity Beam-1
(1e11 protons)	   Intensity Beam-2
(1e11 protons)
1	02:05:37	60.10	450	168.5	118.6
2	02:06:37	60.12	450	276	118.5
3	02:07:37	60.38	449	275.6	192.8
4	02:08:37	10.27	449	294.4	276.6
5	02:08:47	11.19	449	433.7	276.6
6	02:08:59	20.68	450	433.5	276.5
7	02:09:19	60.31	450	482.9	424.8
8	02:10:20	29.64	450	590.5	497.7
9	02:10:49	60.27	450	650.5	594.2
10	02:11:50	29.73	450	694.8	690.6
11	02:12:19	60.19	449	827.1	734.4
12	02:13:19	60.12	449	946.6	858.9
13	02:14:20	60.15	450	1066	1013
14	02:15:20	60.11	449	1167	1134
15	02:16:20	60.11	450	1165	1254
16	02:17:20	60.12	450	1304	1359
17	02:18:20	60.11	449	1389	1438
18	02:19:20	60.13	449	1423	1591
19	02:20:20	60.15	449	1447	1716
20	02:21:20	60.12	449	1576	1835
21	02:22:21	60.11	450	1722	1953
22	02:23:21	60.12	450	1729	2059
23	02:24:21	60.16	450	1799	2056
24	02:25:21	60.12	450	1915	2142
25	02:26:21	60.13	450	2034	2251
26	02:27:21	60.13	450	2134	2368
27	02:28:21	60.11	449	2251	2487
28	02:29:21	60.11	450	2368	2623
29	02:30:22	60.11	450	2485	2763
30	02:31:22	60.14	450	2699	2777
31	02:32:22	60.12	450	2751	2775
32	02:33:22	60.13	449	2750	2773
33	02:34:22	60.11	450	2748	2771
34	02:35:22	60.13	456	2745	2768
35	02:36:22	60.11	524	2745	2768
36	02:37:22	56.61	664	2745	2766
37	02:38:19	27.00	856	2732	2754
38	02:38:46	14.54	965	2732	2754
39	02:39:01	60.45	1032	2731	2753
40	02:40:01	60.17	1348	2731	2753
41	02:41:01	60.11	1696	2731	2752
42	02:42:01	60.18	2043	2731	2752
43	02:43:01	60.17	2390	2731	2752
44	02:44:02	60.11	2744	2731	2752
45	02:45:02	60.12	3091	2731	2752
46	02:46:02	60.12	3438	2731	2752
47	02:47:02	60.12	3786	2730	2752
48	02:48:02	60.46	4133	2730	2752
49	02:49:03	60.12	4486	2729	2751
50	02:50:03	60.10	4834	2729	2751
51	02:51:03	60.14	5181	2728	2751
52	02:52:03	60.11	5529	2728	2751
53	02:53:03	60.14	5876	2727	2750
54	02:54:03	60.12	6223	2724	2750
55	02:55:03	23.88	6499	2722	2749
56	02:55:27	17.23	6499	2722	2749
57	02:55:44	60.40	6499	2721	2748
58	02:56:45	60.11	6499	2721	2748
59	02:57:45	60.11	6499	2721	2748
60	02:58:45	60.15	6499	2720	2748
61	02:59:45	60.12	6499	2720	2748
62	03:00:45	60.17	6499	2719	2748
63	03:01:45	60.12	6499	2719	2747
64	03:02:46	60.11	6499	2718	2747
65	03:03:46	60.11	6499	2718	2747
66	03:04:46	60.39	6499	2717	2747
67	03:05:46	60.11	6499	2716	2747
68	03:06:46	60.11	6499	2715	2747
69	03:07:46	60.17	6499	2714	2746
70	03:08:47	28.94	6499	2713	2746
71	03:09:16	60.46	6499	2712	2746
72	03:10:16	60.15	6499	2711	2745
73	03:11:16	60.11	6499	2709	2745
74	03:12:16	60.12	6499	2705	2741
75	03:13:16	60.11	6499	2702	2737
76	03:14:16	60.11	6499	2700	2734
77	03:15:17	60.15	6499	2697	2731
78	03:16:17	60.12	6499	2695	2728
79	03:17:17	60.11	6499	2692	2725
80	03:18:17	60.13	6499	2690	2722
81	03:19:17	42.75	6499	2688	2720
82	03:20:00	10.39	6499	2687	2719
83	03:20:10	60.16	6499	2685	2717
84	03:21:10	60.12	6499	2683	2715
85	03:22:11	10.27	6499	2682	2713
86	03:22:21	24.38	6499	2681	2712
87	03:22:45	60.58	6499	2680	2710
88	03:23:46	60.14	6499	2678	2708
89	03:24:46	60.11	6499	2675	2705
90	03:25:46	60.14	6499	2673	2702
91	03:26:46	60.11	6499	2670	2699
92	03:27:46	60.12	6499	2668	2696
93	03:28:46	60.39	6499	2666	2694
94	03:29:47	60.12	6499	2663	2691
95	03:30:47	60.12	6499	2661	2688
96	03:31:47	10.26	6499	2660	2687
97	03:31:57	60.43	6499	2658	2685
98	03:32:58	60.39	6499	2656	2682
99	03:33:58	19.83	6499	2655	2681
100	03:34:18	60.14	6499	2653	2679
101	03:35:18	60.11	6499	2651	2676
102	03:36:18	60.12	6499	2649	2674
103	03:37:18	60.11	6499	2647	2671
104	03:38:18	60.12	6499	2644	2669
105	03:39:19	60.40	6499	2642	2666
106	03:40:19	60.14	6499	2640	2664
107	03:41:19	57.97	6499	2638	2661
108	03:42:17	60.34	6499	2636	2659
109	03:43:17	60.15	6499	2634	2656
110	03:44:18	60.11	6499	2632	2654
111	03:45:18	60.17	6499	2629	2651
112	03:46:18	60.10	6499	2627	2648
113	03:47:18	60.11	6499	2625	2646
114	03:48:18	60.11	6499	2623	2643
115	03:49:18	60.12	6499	2621	2641
116	03:50:18	60.11	6499	2619	2638
117	03:51:18	60.10	6499	2617	2636
118	03:52:18	60.14	6499	2614	2633
119	03:53:19	10.51	6499	2613	2632
120	03:53:29	60.14	6499	2612	2630
121	03:54:29	60.13	6499	2610	2628
122	03:55:29	60.12	6499	2608	2626
123	03:56:29	18.53	6499	2606	2624
124	03:56:48	60.14	6499	2605	2622
125	03:57:48	60.14	6499	2603	2620
126	03:58:48	60.18	6499	2600	2618
127	03:59:48	60.15	6499	2598	2615
128	04:00:49	33.27	6499	2597	2614
129	04:01:22	60.25	6499	2595	2612
130	04:02:22	60.11	6499	2593	2609
131	04:03:22	60.13	6499	2591	2607
132	04:04:22	56.46	6499	2589	2605
133	04:05:19	60.50	6499	2587	2603
134	04:06:19	60.10	6499	2585	2601
135	04:07:19	60.12	6499	2583	2598
136	04:08:20	50.22	6499	2581	2596
137	04:09:10	60.24	6499	2579	2594
138	04:10:10	60.14	6499	2577	2592
139	04:11:10	14.65	6499	2576	2591
140	04:11:25	60.27	6499	2575	2589
141	04:12:25	60.15	6499	2573	2587
142	04:13:25	60.12	6499	2571	2585
143	04:14:25	60.12	6499	2569	2583
144	04:15:25	60.14	6499	2567	2581
145	04:16:26	60.11	6499	2565	2578
146	04:17:26	42.58	6499	2563	2577
147	04:18:08	60.37	6499	2561	2575
148	04:19:09	60.13	6499	2559	2573
149	04:20:09	60.15	6499	2557	2571
150	04:21:09	60.11	6499	2555	2569
151	04:22:09	60.13	6499	2553	2566
152	04:23:09	60.15	6499	2551	2564
153	04:24:09	60.17	6499	2549	2562
154	04:25:10	60.15	6499	2547	2560
155	04:26:10	60.13	6499	2545	2558
156	04:27:10	60.12	6499	2543	2556
157	04:28:10	60.16	6499	2541	2554
158	04:29:10	60.17	6499	2539	2552
159	04:30:10	60.16	6499	2537	2550
160	04:31:10	60.13	6499	2535	2548
161	04:32:11	60.12	6499	2533	2546
162	04:33:11	60.13	6499	2531	2544
163	04:34:11	60.35	6499	2529	2542
164	04:35:11	60.15	6499	2528	2541
165	04:36:11	60.15	6499	2526	2539
166	04:37:11	35.27	6499	2524	2537
167	04:37:47	60.44	6499	2523	2536
168	04:38:47	60.15	6499	2521	2534
169	04:39:47	60.37	6499	2519	2532
170	04:40:48	60.11	6499	2517	2530
171	04:41:48	60.11	6499	2515	2528
172	04:42:48	60.36	6499	2513	2526
173	04:43:48	60.17	6499	2511	2524
174	04:44:48	60.17	6499	2509	2522
175	04:45:49	60.14	6499	2507	2520
176	04:46:49	60.11	6499	2505	2518
177	04:47:49	60.11	6499	2504	2516
178	04:48:49	60.10	6499	2502	2514
179	04:49:49	60.12	6499	2500	2512
180	04:50:49	60.12	6499	2498	2510
181	04:51:49	60.14	6499	2496	2508
182	04:52:49	60.22	6499	2494	2506
183	04:53:50	60.13	6499	2492	2504
184	04:54:50	60.11	6499	2490	2502
185	04:55:50	60.12	6499	2488	2501
186	04:56:50	60.13	6499	2486	2499
187	04:57:50	60.36	6499	2484	2497
188	04:58:51	60.10	6499	2482	2495
189	04:59:51	60.17	6499	2480	2493
190	05:00:51	60.17	6499	2478	2491
191	05:01:51	60.12	6499	2477	2489
192	05:02:51	60.12	6499	2475	2488
193	05:03:51	60.14	6499	2473	2486
194	05:04:51	60.34	6499	2471	2484
195	05:05:52	60.12	6499	2469	2482
196	05:06:52	60.12	6499	2467	2480
197	05:07:52	60.11	6499	2465	2478
198	05:08:52	60.11	6499	2463	2477
199	05:09:52	60.11	6499	2461	2475
200	05:10:52	60.12	6499	2459	2473
201	05:11:52	60.17	6499	2458	2471
202	05:12:53	60.11	6499	2456	2469
203	05:13:53	60.13	6499	2454	2467
204	05:14:53	60.11	6499	2452	2466
205	05:15:53	60.14	6499	2450	2464
206	05:16:53	60.13	6499	2448	2462
207	05:17:53	60.16	6499	2446	2460
208	05:18:53	60.36	6499	2444	2458
209	05:19:54	60.11	6499	2443	2457
210	05:20:54	60.11	6499	2441	2455
211	05:21:54	60.17	6499	2439	2453
212	05:22:54	32.63	6499	2437	2452
213	05:23:27	60.61	6499	2436	2450
214	05:24:27	60.15	6499	2434	2449
215	05:25:27	60.12	6499	2432	2447
216	05:26:28	60.09	6499	2431	2445
217	05:27:28	60.35	6499	2429	2443
218	05:28:28	60.16	6499	2427	2442
219	05:29:28	60.12	6499	2425	2440
220	05:30:28	60.11	6499	2423	2438
221	05:31:28	60.11	6499	2421	2437
222	05:32:29	60.13	6499	2419	2435
223	05:33:29	42.96	6499	2418	2433
224	05:34:12	60.27	6499	2416	2432
225	05:35:12	60.14	6499	2414	2430
226	05:36:12	60.12	6499	2412	2428
227	05:37:12	60.12	6499	2411	2427
228	05:38:12	60.12	6499	2409	2425
229	05:39:12	60.14	6499	2407	2423
230	05:40:13	60.12	6499	2405	2422
231	05:41:13	60.11	6499	2403	2420
232	05:42:13	60.12	6499	2401	2418
233	05:43:13	60.12	6499	2400	2417
234	05:44:13	60.11	6499	2398	2415
235	05:45:13	60.12	6499	2396	2413
236	05:46:13	60.11	6499	2394	2412
237	05:47:13	41.54	6499	2393	2410
238	05:47:55	45.22	6499	2391	2409
239	05:48:40	60.09	6499	2390	2408
240	05:49:40	60.12	6499	2388	2406
241	05:50:40	60.11	6499	2386	2404
242	05:51:40	60.11	6499	2384	2402
243	05:52:41	60.17	6499	2382	2401
244	05:53:41	60.11	6499	2380	2399
245	05:54:41	60.11	6499	2379	2398
246	05:55:41	60.13	6499	2377	2396
247	05:56:41	60.17	6499	2375	2394
248	05:57:41	60.14	6499	2373	2392
249	05:58:41	60.12	6499	2372	2391
250	05:59:41	60.11	6499	2370	2389
251	06:00:42	60.15	6499	2368	2387
252	06:01:42	60.12	6499	2366	2386
253	06:02:42	60.18	6499	2364	2384
254	06:03:42	60.14	6499	2362	2382
255	06:04:42	60.12	6499	2361	2381
256	06:05:42	60.11	6499	2359	2379
257	06:06:42	60.14	6499	2357	2378
258	06:07:43	60.11	6499	2355	2376
259	06:08:43	60.16	6498	2354	2374
260	06:09:43	21.51	6499	2352	2373
261	06:10:04	60.42	6499	2351	2372
262	06:11:05	60.12	6499	2349	2370
263	06:12:05	60.11	6499	2348	2369
264	06:13:05	60.11	6499	2346	2367
265	06:14:05	60.11	6499	2344	2366
266	06:15:05	16.66	6499	2343	2365
267	06:15:22	60.25	6499	2342	2364
268	06:16:22	60.38	6499	2340	2362
269	06:17:22	60.11	6499	2338	2360
270	06:18:23	60.15	6499	2337	2359
271	06:19:23	60.19	6499	2335	2357
272	06:20:23	60.12	6499	2333	2355
273	06:21:23	60.11	6499	2331	2354
274	06:22:23	60.11	6499	2330	2352
275	06:23:23	60.14	6499	2328	2350
276	06:24:23	60.10	6499	2326	2349
277	06:25:24	60.11	6499	2324	2347
278	06:26:24	60.12	6499	2323	2346
279	06:27:24	60.10	6499	2321	2344
280	06:28:24	60.11	6499	2319	2342
281	06:29:24	60.13	6499	2318	2341
282	06:30:24	60.11	6499	2316	2339
283	06:31:24	60.12	6499	2314	2338
284	06:32:24	60.14	6499	2312	2336
285	06:33:24	60.12	6499	2311	2335
286	06:34:25	60.10	6499	2309	2333
287	06:35:25	60.11	6499	2307	2331
288	06:36:25	60.11	6499	2305	2330
289	06:37:25	59.66	6499	2304	2328
290	06:38:25	60.42	6499	2302	2326
291	06:39:25	60.12	6499	2300	2325
292	06:40:25	60.13	6499	2299	2323
293	06:41:25	60.11	6499	2297	2322
294	06:42:25	60.16	6499	2295	2320
295	06:43:26	60.11	6499	2293	2319
296	06:44:26	60.11	6499	2292	2317
297	06:45:26	60.14	6499	2290	2316
298	06:46:26	60.12	6499	2288	2314
299	06:47:26	60.12	6499	2287	2313
300	06:48:26	60.28	6499	2285	2311
301	06:49:26	60.16	6499	2283	2309
302	06:50:27	60.12	6499	2282	2308
303	06:51:27	60.14	6499	2280	2306
304	06:52:27	60.15	6499	2278	2305
305	06:53:27	60.11	6499	2276	2303
306	06:54:27	60.11	6499	2275	2302
307	06:55:27	60.12	6499	2273	2300
308	06:56:27	60.13	6499	2271	2298
309	06:57:27	60.12	6499	2270	2297
310	06:58:28	60.11	6499	2268	2295
311	06:59:28	60.17	6499	2266	2294
312	07:00:28	60.13	6499	2265	2292
313	07:01:28	60.13	6499	2263	2291
314	07:02:28	53.24	6499	2261	2289
315	07:03:21	60.47	6499	2260	2288
316	07:04:22	60.12	6499	2258	2286
317	07:05:22	60.10	6499	2256	2285
318	07:06:22	60.11	6499	2255	2283
319	07:07:22	60.13	6499	2253	2282
320	07:08:22	60.12	6499	2251	2280
321	07:09:22	60.16	6499	2250	2279
322	07:10:23	60.36	6499	2248	2277
323	07:11:23	60.12	6499	2246	2276
324	07:12:23	60.12	6499	2245	2274
325	07:13:23	60.12	6499	2243	2273
326	07:14:23	60.12	6499	2241	2271
327	07:15:23	60.12	6499	2240	2270
328	07:16:24	30.80	6499	2239	2268
329	07:16:54	60.13	6499	2237	2267
330	07:17:54	60.10	6499	2236	2266
331	07:18:55	60.11	6499	2234	2264
332	07:19:55	60.12	6499	2232	2263
333	07:20:55	38.51	6499	2231	2262
334	07:21:33	60.44	6499	2230	2260
335	07:22:34	60.14	6499	2228	2259
336	07:23:34	60.14	6499	2226	2257
337	07:24:34	60.17	6499	2225	2256
338	07:25:34	60.12	6499	2223	2254
339	07:26:34	60.15	6499	2221	2253
340	07:27:34	60.16	6499	2220	2251
341	07:28:35	60.14	6499	2218	2250
342	07:29:35	60.12	6499	2217	2248
343	07:30:35	60.12	6499	2215	2247
344	07:31:35	60.12	6499	2213	2245
345	07:32:35	60.11	6499	2212	2244
346	07:33:35	60.11	6498	2210	2242
347	07:34:35	60.12	6499	2208	2241
348	07:35:35	60.11	6499	2207	2239
349	07:36:36	60.11	6499	2205	2238
350	07:37:36	60.12	6499	2204	2236
351	07:38:36	60.17	6499	2202	2235
352	07:39:36	60.16	6499	2200	2233
353	07:40:36	60.37	6498	2199	2232
354	07:41:36	60.16	6499	2197	2230
355	07:42:37	60.13	6499	2196	2229
356	07:43:37	60.12	6499	2194	2228
357	07:44:37	60.12	6499	2193	2226
358	07:45:37	60.12	6499	2191	2225
359	07:46:37	60.16	6499	2189	2223
360	07:47:37	60.12	6499	2188	2222
361	07:48:37	60.12	6499	2186	2220
362	07:49:38	60.12	6499	2185	2219
363	07:50:38	60.12	6499	2183	2217
364	07:51:38	60.11	6499	2181	2215
365	07:52:38	60.15	6499	2180	2214
366	07:53:38	60.14	6499	2178	2213
367	07:54:38	60.13	6499	2177	2211
368	07:55:38	60.16	6499	2175	2209
369	07:56:38	60.16	6499	2174	2208
370	07:57:39	60.39	6499	2172	2207
371	07:58:39	43.04	6499	2171	2205
372	07:59:22	60.46	6499	2169	2204
373	08:00:23	60.12	6499	2168	2202
374	08:01:23	60.15	6499	2166	2201
375	08:02:23	60.16	6499	2164	2200
376	08:03:23	60.13	6499	2163	2198
377	08:04:23	43.54	6499	2161	2197
378	08:05:07	50.77	6499	2160	2196
379	08:05:57	51.69	6499	2159	2194
380	08:06:49	60.22	6499	2157	2193
381	08:07:49	17.90	6499	2156	2192
382	08:08:07	60.30	6499	2155	2191
383	08:09:07	60.12	6499	2154	2190
384	08:10:08	60.12	6499	2152	2188
385	08:11:08	60.11	6499	2150	2187
386	08:12:08	60.10	6499	2149	2185
387	08:13:08	60.12	6499	2147	2184
388	08:14:08	60.15	6499	2146	2182
389	08:15:08	60.12	6499	2144	2181
390	08:16:08	60.12	6499	2143	2179
391	08:17:08	60.11	6499	2141	2178
392	08:18:09	60.11	6499	2139	2177
393	08:19:09	60.18	6499	2138	2175
394	08:20:09	60.11	6499	2136	2174
395	08:21:09	60.35	6499	2135	2172
396	08:22:09	60.11	6499	2133	2171
397	08:23:09	60.12	6499	2132	2169
398	08:24:10	10.27	6499	2131	2168
399	08:24:20	60.48	6499	2130	2168
400	08:25:20	10.65	6499	2129	2167
401	08:25:31	60.21	6498	2128	2166
402	08:26:31	60.11	6499	2127	2164
403	08:27:31	60.16	6499	2125	2163
404	08:28:31	60.12	6499	2123	2162
405	08:29:32	60.12	6499	2122	2160
406	08:30:32	60.13	6499	2120	2159
407	08:31:32	60.10	6499	2119	2157
408	08:32:32	13.01	6499	2118	2156
409	08:32:45	53.23	6499	2117	2155
410	08:33:38	60.49	6499	2116	2154
411	08:34:39	29.48	6499	2115	2153
412	08:35:08	60.19	6499	2113	2152
413	08:36:08	29.80	6499	2112	2151
414	08:36:38	60.12	6499	2111	2150
415	08:37:38	60.12	6499	2110	2148
416	08:38:38	60.12	6499	2108	2147
417	08:39:38	60.16	6499	2107	2146
418	08:40:39	60.25	6499	2105	2144
419	08:41:39	60.14	6499	2104	2143
420	08:42:39	60.11	6499	2102	2141
421	08:43:39	60.12	6499	2101	2140
422	08:44:39	60.13	6499	2099	2138
423	08:45:39	60.11	6499	2098	2137
424	08:46:39	60.11	6499	2096	2135
425	08:47:40	60.17	6499	2095	2134
426	08:48:40	60.11	6499	2093	2133
427	08:49:40	60.10	6499	2092	2131
428	08:50:40	60.12	6499	2090	2130
429	08:51:40	60.17	6499	2088	2128
430	08:52:40	60.14	6499	2087	2127
431	08:53:40	60.10	6499	2085	2125
432	08:54:41	60.40	6499	2084	2124
433	08:55:41	60.15	6499	2082	2123
434	08:56:41	60.36	6499	2081	2121
435	08:57:41	60.12	6499	2079	2120
436	08:58:42	60.22	6499	2078	2118
437	08:59:42	60.12	6499	2076	2117
438	09:00:42	22.40	6499	2075	2116
439	09:01:04	60.34	6499	2074	2115
440	09:02:05	50.42	6499	2073	2114
441	09:02:55	60.14	6499	2071	2112
442	09:03:55	60.12	6499	2070	2111
443	09:04:55	60.11	6499	2068	2110
444	09:05:55	60.17	6498	2067	2108
445	09:06:56	60.11	6499	2065	2107
446	09:07:56	60.11	6499	2064	2105
447	09:08:56	60.15	6499	2062	2104
448	09:09:56	60.13	6499	2061	2102
449	09:10:56	60.12	6499	2060	2101
450	09:11:56	60.15	6499	2058	2100
451	09:12:56	60.12	6499	2056	2098
452	09:13:56	60.16	6499	2055	2097
453	09:14:57	60.11	6499	2054	2095
454	09:15:57	60.14	6499	2052	2094
455	09:16:57	60.11	6499	2051	2093
456	09:17:57	60.27	6499	2049	2091
457	09:18:57	60.34	6499	2048	2090
458	09:19:58	60.10	6499	2046	2088
459	09:20:58	60.12	6499	2045	2087
460	09:21:58	60.16	6499	2043	2086
461	09:22:58	60.12	6499	2042	2084
462	09:23:58	60.11	6499	2040	2083
463	09:24:58	60.12	6499	2039	2081
464	09:25:58	60.10	6499	2037	2080
465	09:26:58	60.12	6499	2036	2079
466	09:27:59	10.27	6499	2035	2078
467	09:28:09	60.56	6499	2034	2077
468	09:29:09	60.12	6499	2033	2076
469	09:30:09	60.12	6499	2031	2074
470	09:31:10	60.17	6499	2030	2073
471	09:32:10	60.13	6499	2028	2072
472	09:33:10	60.17	6499	2027	2070
473	09:34:10	60.15	6499	2025	2069
474	09:35:10	60.11	6499	2024	2067
475	09:36:10	60.12	6499	2023	2066
476	09:37:10	60.11	6499	2021	2065
477	09:38:11	60.12	6499	2020	2063
478	09:39:11	60.11	6499	2018	2062
479	09:40:11	60.11	6499	2017	2061
480	09:41:11	60.11	6499	2015	2059
481	09:42:11	60.11	6499	2014	2058
482	09:43:11	60.13	6499	2012	2056
483	09:44:11	60.17	6499	2011	2055
484	09:45:11	60.12	6499	2009	2054
485	09:46:12	60.12	6499	2008	2052
486	09:47:12	60.11	6499	2007	2051
487	09:48:12	60.10	6499	2005	2050
488	09:49:12	60.12	6499	2004	2048
489	09:50:12	60.13	6499	2002	2047
490	09:51:12	60.13	6499	2001	2045
491	09:52:12	60.11	6499	2000	2044
492	09:53:12	60.13	6499	1998	2043
493	09:54:13	60.11	6499	1997	2041
494	09:55:13	60.17	6499	1995	2040
495	09:56:13	60.12	6499	1994	2038
496	09:57:13	60.16	6499	1993	2037
497	09:58:13	60.12	6499	1991	2036
498	09:59:13	60.12	6499	1990	2034
499	10:00:13	60.11	6499	1988	2033
500	10:01:13	60.10	6499	1987	2032
501	10:02:14	60.11	6499	1986	2030
502	10:03:14	60.13	6499	1984	2029
503	10:04:14	10.27	6499	1984	2028
504	10:04:24	60.43	6499	1983	2027
505	10:05:24	60.12	6499	1981	2026
506	10:06:25	60.10	6499	1980	2024
507	10:07:25	60.12	6499	1978	2023
508	10:08:25	60.11	6499	1977	2022
509	10:09:25	60.14	6499	1976	2020
510	10:10:25	60.12	6499	1974	2019
511	10:11:25	60.14	6498	1973	2018
512	10:12:25	60.11	6499	1971	2016
513	10:13:25	60.11	6499	1970	2015
514	10:14:26	60.11	6499	1969	2013
515	10:15:26	60.13	6499	1967	2012
516	10:16:26	60.37	6499	1966	2011
517	10:17:26	60.12	6499	1965	2009
518	10:18:26	60.16	6499	1963	2008
519	10:19:26	60.11	6499	1962	2007
520	10:20:27	60.16	6499	1961	2005
521	10:21:27	60.12	6499	1959	2004
522	10:22:27	60.12	6499	1958	2003
523	10:23:27	60.12	6499	1957	2001
524	10:24:27	60.12	6499	1955	2000
525	10:25:27	60.12	6499	1954	1998
526	10:26:27	60.15	6499	1952	1997
527	10:27:27	60.16	6499	1951	1996
528	10:28:28	60.15	6499	1950	1994
529	10:29:28	60.10	6499	1948	1993
530	10:30:28	60.12	6499	1947	1992
531	10:31:28	60.16	6498	1946	1990
532	10:32:28	60.17	6499	1944	1989
533	10:33:28	60.11	6499	1943	1988
534	10:34:28	60.12	6499	1942	1986
535	10:35:29	60.14	6499	1940	1985
536	10:36:29	60.11	6499	1939	1983
537	10:37:29	60.11	6499	1938	1982
538	10:38:29	60.11	6499	1936	1981
539	10:39:29	60.11	6499	1935	1979
540	10:40:29	60.10	6499	1934	1978
541	10:41:29	60.35	6499	1932	1977
542	10:42:30	60.15	6499	1931	1975
543	10:43:30	19.75	6499	1930	1974
544	10:43:49	60.59	6499	1929	1974
545	10:44:50	60.11	6499	1928	1972
546	10:45:50	60.11	6499	1926	1971
547	10:46:50	60.12	6499	1925	1970
548	10:47:50	60.14	6499	1924	1968
549	10:48:51	60.10	6499	1922	1967
550	10:49:51	60.13	6499	1921	1966
551	10:50:51	60.14	6499	1920	1964
552	10:51:51	60.11	6499	1918	1963
553	10:52:51	60.11	6499	1917	1962
554	10:53:51	60.10	6499	1916	1960
555	10:54:51	60.11	6499	1914	1959
556	10:55:51	60.16	6499	1913	1958
557	10:56:52	60.15	6499	1912	1956
558	10:57:52	60.11	6499	1910	1955
559	10:58:52	60.12	6499	1909	1953
560	10:59:52	60.17	6499	1908	1952
561	11:00:52	60.13	6499	1906	1951
562	11:01:52	60.12	6499	1905	1949
563	11:02:52	60.11	6499	1904	1948
564	11:03:52	60.11	6499	1902	1947
565	11:04:53	60.12	6499	1901	1945
566	11:05:53	60.12	6499	1900	1944
567	11:06:53	60.12	6499	1899	1943
568	11:07:53	60.12	6499	1897	1942
569	11:08:53	60.11	6499	1896	1940
570	11:09:53	60.12	6499	1895	1939
571	11:10:53	60.36	6499	1893	1938
572	11:11:54	60.11	6499	1892	1936
573	11:12:54	60.12	6499	1891	1935
574	11:13:54	60.12	6499	1889	1934
575	11:14:54	60.13	6498	1888	1932
576	11:15:54	60.13	6499	1887	1931
577	11:16:54	60.12	6499	1885	1930
578	11:17:54	10.27	6499	1885	1929
579	11:18:05	60.47	6499	1884	1928
580	11:19:05	60.13	6499	1883	1927
581	11:20:05	60.12	6499	1881	1925
582	11:21:05	60.12	6499	1880	1924
583	11:22:05	60.14	6499	1879	1923
584	11:23:06	60.11	6499	1877	1921
585	11:24:06	60.11	6499	1876	1920
586	11:25:06	60.12	6499	1875	1919
587	11:26:06	60.12	6499	1873	1918
588	11:27:06	60.11	6499	1872	1916
589	11:28:06	60.13	6499	1871	1915
590	11:29:06	10.27	6499	1870	1914
591	11:29:17	60.10	6499	1869	1913
592	11:30:17	60.14	6499	1868	1912
593	11:31:17	60.12	6499	1867	1911
594	11:32:17	60.13	6499	1866	1909
595	11:33:17	60.11	6499	1864	1908
596	11:34:17	60.15	6499	1863	1907
597	11:35:17	60.11	6499	1862	1905
598	11:36:17	60.17	6499	1861	1904
599	11:37:18	60.10	6499	1859	1903
600	11:38:18	60.11	6499	1858	1902
601	11:39:18	60.18	6499	1857	1900
602	11:40:18	60.17	6499	1856	1899
603	11:41:18	60.12	6499	1854	1898
604	11:42:18	60.14	6499	1853	1896
605	11:43:18	60.15	6499	1852	1895
606	11:44:19	60.12	6499	1850	1894
607	11:45:19	60.12	6499	1849	1892
608	11:46:19	60.12	6499	1848	1891
609	11:47:19	60.13	6499	1847	1890
610	11:48:19	60.17	6499	1846	1888
611	11:49:19	60.11	6499	1844	1887
612	11:50:19	60.12	6499	1843	1885
613	11:51:19	60.36	6499	1841	1883
614	11:52:20	60.12	6499	1839	1881
615	11:53:20	60.14	6499	1838	1879
616	11:54:20	60.11	6499	1836	1878
617	11:55:20	60.14	6499	1835	1876
618	11:56:20	60.12	6499	1833	1874
619	11:57:20	60.15	6499	1832	1872
620	11:58:21	60.13	6499	1830	1870
621	11:59:21	60.12	6499	1829	1869
622	12:00:21	60.14	6499	1828	1867
623	12:01:21	60.12	6499	1826	1865
624	12:02:21	60.11	6499	1825	1864
625	12:03:21	60.12	6499	1823	1862
626	12:04:21	60.41	6498	1822	1860
627	12:05:22	60.15	6499	1820	1858
628	12:06:22	60.11	6499	1819	1857
629	12:07:22	60.14	6499	1817	1855
630	12:08:22	50.55	6499	1816	1853
631	12:09:13	60.21	6499	1815	1852
632	12:10:13	60.11	6499	1813	1850
633	12:11:13	60.15	6499	1812	1848
634	12:12:13	60.12	6498	1811	1847
635	12:13:13	60.12	6499	1809	1845
636	12:14:13	60.12	6499	1808	1843
637	12:15:13	60.11	6499	1806	1842
638	12:16:14	60.10	6499	1805	1840
639	12:17:14	60.11	6499	1804	1839
640	12:18:14	60.17	6499	1802	1837
641	12:19:14	60.13	6499	1801	1835
642	12:20:14	60.15	6499	1799	1834
643	12:21:14	60.12	6499	1798	1832
644	12:22:14	60.16	6499	1797	1830
645	12:23:15	60.12	6499	1795	1829
646	12:24:15	60.11	6499	1794	1827
647	12:25:15	60.11	6499	1792	1825
648	12:26:15	60.11	6499	1791	1824
649	12:27:15	60.14	6499	1790	1822
650	12:28:15	60.11	6499	1788	1821
651	12:29:15	60.12	6499	1787	1819
652	12:30:15	60.11	6499	1786	1818
653	12:31:15	60.11	6499	1784	1816
654	12:32:16	60.15	6499	1783	1814
655	12:33:16	60.13	6499	1781	1813
656	12:34:16	60.11	6498	1780	1811
657	12:35:16	60.16	6499	1779	1810
658	12:36:16	60.14	6499	1777	1808
659	12:37:16	60.13	6499	1776	1806
660	12:38:16	60.16	6499	1775	1805
661	12:39:17	60.11	6499	1773	1803
662	12:40:17	60.16	6499	1772	1802
663	12:41:17	60.11	6499	1770	1800
664	12:42:17	60.12	6499	1769	1799
665	12:43:17	60.12	6499	1768	1797
666	12:44:17	52.60	6499	1766	1796
667	12:45:10	60.44	6499	1765	1794
668	12:46:10	60.14	6498	1764	1793
669	12:47:10	60.15	6499	1763	1791
670	12:48:10	60.13	6499	1761	1789
671	12:49:11	60.12	6499	1760	1788
672	12:50:11	60.10	6499	1758	1786
673	12:51:11	60.10	6499	1757	1785
674	12:52:11	60.13	6499	1756	1783
675	12:53:11	60.14	6499	1755	1782
676	12:54:11	60.12	6499	1753	1780
677	12:55:11	60.12	6499	1752	1779
678	12:56:11	60.12	6499	1751	1777
679	12:57:12	60.16	6499	1749	1776
680	12:58:12	60.39	6499	1748	1774
681	12:59:12	60.11	6499	1747	1773
682	13:00:12	60.13	6499	1745	1771
683	13:01:12	60.17	6498	1744	1770
684	13:02:13	60.12	6499	1743	1768
685	13:03:13	60.16	6499	1741	1767
686	13:04:13	60.10	6499	1740	1765
687	13:05:13	60.12	6499	1739	1764
688	13:06:13	60.12	6499	1737	1762
689	13:07:13	60.13	6499	1736	1761
690	13:08:13	60.13	6499	1735	1759
691	13:09:13	60.14	6499	1733	1758
692	13:10:14	60.40	6499	1732	1756
693	13:11:14	23.70	6499	1731	1755
694	13:11:38	60.23	6499	1730	1754
695	13:12:38	60.36	6499	1729	1753
696	13:13:38	60.12	6499	1728	1751
697	13:14:38	60.17	6499	1726	1749
698	13:15:39	60.15	6498	1724	1747
699	13:16:39	60.35	6499	1722	1746
700	13:17:39	60.12	6499	1720	1744
701	13:18:39	60.11	6499	1719	1742
702	13:19:39	60.12	6499	1717	1740
703	13:20:39	60.10	6499	1715	1738
704	13:21:39	60.18	6499	1714	1737
705	13:22:40	60.14	6499	1712	1735
706	13:23:40	60.10	6499	1711	1733
707	13:24:40	55.32	6499	1709	1731
708	13:25:35	60.41	6499	1708	1730
709	13:26:36	60.12	6499	1706	1728
710	13:27:36	60.10	6499	1705	1726
711	13:28:36	60.13	6499	1703	1725
712	13:29:36	60.11	6499	1702	1723
713	13:30:36	60.13	6499	1700	1721
714	13:31:36	60.10	6499	1699	1719
715	13:32:36	60.14	6499	1697	1718
716	13:33:36	60.15	6499	1696	1716
717	13:34:37	60.12	6499	1694	1714
718	13:35:37	60.13	6499	1693	1713
719	13:36:37	60.11	6499	1691	1711
720	13:37:37	60.13	6499	1690	1709
721	13:38:37	60.35	6499	1688	1708
722	13:39:37	60.11	6499	1687	1706
723	13:40:38	60.11	6498	1685	1704
724	13:41:38	60.12	6499	1684	1702
725	13:42:38	60.14	6499	1682	1701
726	13:43:38	60.12	6499	1681	1699
727	13:44:38	60.11	6499	1679	1697
728	13:45:38	60.11	6499	1678	1696
729	13:46:38	60.12	6499	1676	1694
730	13:47:38	60.16	6499	1675	1692
731	13:48:39	60.12	6499	1674	1691
732	13:49:39	60.11	6499	1672	1689
733	13:50:39	60.11	6499	1671	1687
734	13:51:39	60.16	6499	1669	1686
735	13:52:39	60.17	6499	1668	1684
736	13:53:39	60.13	6499	1666	1682
737	13:54:39	60.12	6499	1665	1681
738	13:55:39	60.13	6498	1664	1679
739	13:56:40	60.11	6499	1662	1678
740	13:57:40	36.49	6499	1661	1676
741	13:58:16	60.22	6499	1660	1675
742	13:59:16	52.98	6499	1659	1673
743	14:00:09	60.47	6499	1657	1672
744	14:01:10	60.38	6499	1656	1670
745	14:02:10	60.11	6499	1655	1669
746	14:03:10	60.16	6499	1653	1667
747	14:04:11	60.35	6499	1652	1665
748	14:05:11	60.12	6498	1650	1664
749	14:06:11	60.12	6498	1649	1662
750	14:07:11	60.12	6499	1648	1660
751	14:08:11	60.12	6499	1646	1659
752	14:09:11	60.14	6499	1645	1657
753	14:10:12	60.11	6499	1643	1655
754	14:11:12	60.15	6499	1642	1654
755	14:12:12	60.16	6498	1641	1652
756	14:13:12	60.12	6499	1639	1651
757	14:14:12	60.16	6499	1638	1649
758	14:15:12	60.12	6499	1637	1648
759	14:16:12	60.15	6499	1635	1646
760	14:17:12	60.11	6499	1634	1644
761	14:18:13	60.15	6499	1633	1643
762	14:19:13	60.11	6499	1631	1641
763	14:20:13	60.11	6499	1630	1640
764	14:21:13	60.12	6499	1629	1638
765	14:22:13	60.16	6499	1627	1636
766	14:23:13	60.16	6499	1626	1635
767	14:24:13	60.12	6498	1625	1633
768	14:25:14	60.11	6499	1623	1632
769	14:26:14	60.12	6499	1622	1630
770	14:27:14	60.12	6499	1621	1628
771	14:28:14	60.12	6499	1619	1627
772	14:29:14	60.17	6499	1618	1625
773	14:30:14	60.12	6499	1617	1624
774	14:31:14	60.11	6499	1615	1622
775	14:32:14	60.14	6499	1614	1621
776	14:33:15	60.11	6499	1613	1619
777	14:34:15	60.11	6499	1611	1617
778	14:35:15	10.27	6499	1611	1617
779	14:35:25	60.46	6499	1610	1616
780	14:36:26	60.11	6499	1608	1614
781	14:37:26	60.10	6499	1607	1612
782	14:38:26	60.17	6499	1606	1611
783	14:39:26	60.12	6499	1605	1609
784	14:40:26	60.12	6499	1603	1608
785	14:41:26	60.13	6499	1602	1606
786	14:42:26	60.11	6499	1601	1605
787	14:43:26	60.13	6499	1600	1603
788	14:44:26	10.26	6499	1599	1602
789	14:44:37	60.12	6499	1598	1601
790	14:45:37	60.12	6499	1597	1600
791	14:46:37	60.12	6499	1595	1598
792	14:47:37	60.13	6499	1594	1597
793	14:48:37	60.13	6499	1593	1595
794	14:49:37	60.16	6499	1592	1594
795	14:50:38	36.07	6499	1591	1592
796	14:51:14	35.81	6499	1590	1592
797	14:51:49	60.41	6499	1589	1590
798	14:52:50	60.12	6498	1588	1589
799	14:53:50	60.12	6499	1586	1587
800	14:54:50	60.39	6499	1585	1586
801	14:55:50	60.12	6499	1584	1584
802	14:56:51	60.12	6499	1583	1583
803	14:57:51	60.11	6499	1582	1581
804	14:58:51	60.11	6499	1580	1580
805	14:59:51	60.12	6499	1579	1578
806	15:00:51	60.11	6499	1578	1577
807	15:01:51	60.11	6499	1577	1575
808	15:02:51	60.11	6499	1576	1574
809	15:03:51	60.11	6499	1574	1572
810	15:04:51	60.11	6499	1573	1571
811	15:05:52	60.11	6499	1572	1570
812	15:06:52	60.13	6499	1571	1568
813	15:07:52	60.13	6499	1569	1567
814	15:08:52	60.12	6499	1568	1565
815	15:09:52	60.12	6499	1567	1564
816	15:10:52	60.12	6499	1566	1562
817	15:11:52	60.11	6499	1565	1561
818	15:12:52	60.11	6499	1564	1559
819	15:13:53	60.12	6499	1562	1558
820	15:14:53	60.11	6499	1561	1557
821	15:15:53	60.14	6498	1560	1555
822	15:16:53	60.14	6499	1559	1554
823	15:17:53	60.12	6499	1558	1552
824	15:18:53	60.12	6499	1557	1551
825	15:19:53	60.17	6499	1555	1549
826	15:20:53	60.11	6498	1554	1548
827	15:21:54	60.11	6499	1553	1546
828	15:22:54	60.11	6499	1552	1545
829	15:23:54	60.14	6499	1551	1544
830	15:24:54	60.12	6499	1549	1542
831	15:25:54	37.81	6499	1549	1541
832	15:26:32	12.32	6499	1548	1540
833	15:26:44	9.06	6499	1548	1540
834	15:26:53	8.23	6499	1548	1540
835	15:27:01	9.01	6499	1548	1540
836	15:27:10	7.92	6499	1548	1540
837	15:27:18	9.02	6499	1547	1540
838	15:27:27	8.23	6499	1547	1540
839	15:27:36	9.01	6499	1547	1539
840	15:27:45	7.93	6499	1547	1539
841	15:27:53	9.01	6499	1547	1539
842	15:28:02	7.92	6498	1547	1539
843	15:28:10	9.01	6499	1546	1539
844	15:28:19	7.92	6499	1546	1538
845	15:28:26	9.02	6498	1546	1538
846	15:28:35	7.92	6499	1546	1538
847	15:28:43	9.02	6499	1546	1538
848	15:28:52	8.22	6499	1546	1538
849	15:29:01	9.03	6499	1546	1537
850	15:29:10	23.45	6499	1545	1537
851	15:29:33	9.02	6499	1545	1537
852	15:29:42	7.33	6499	1545	1537
853	15:29:49	9.02	6499	1545	1536
854	15:29:58	7.62	6499	1545	1536
855	15:30:06	9.02	6499	1544	1536
856	15:30:15	7.31	6499	1544	1536
857	15:30:22	9.03	6499	1544	1536
858	15:30:31	7.61	6499	1544	1535
859	15:30:39	9.02	6499	1544	1535
860	15:30:48	7.32	6499	1544	1535
861	15:30:55	9.02	6499	1544	1535
862	15:31:04	7.64	6499	1543	1535
863	15:31:12	9.02	6499	1543	1535
864	15:31:21	7.32	6499	1543	1534
865	15:31:28	9.02	6499	1543	1534
866	15:31:37	7.66	6499	1543	1534
867	15:31:45	9.02	6499	1543	1534
868	15:31:54	8.70	6499	1543	1534
869	15:32:03	17.87	6499	1542	1533
870	15:32:21	60.55	6499	1542	1533
871	15:33:21	35.39	6499	1541	1532
872	15:33:57	25.13	6499	1540	1531
873	15:34:22	60.50	6499	1540	1530
874	15:35:22	22.38	6499	1539	1529
875	15:35:45	38.45	6499	1538	1528
876	15:36:23	48.88	6499	1538	1527
877	15:37:12	10.34	6499	1537	1527
878	15:37:22	31.90	6499	1537	1526
879	15:37:54	31.18	6499	1537	1526
880	15:38:25	60.44	6499	1536	1525
881	15:39:26	10.27	6499	1535	1524
882	15:39:36	20.04	6499	1535	1523
883	15:39:56	60.53	6499	1534	1522
884	15:40:57	60.28	6499	1533	1521
885	15:41:57	60.11	6499	1532	1520
886	15:42:57	16.24	6498	1532	1519
887	15:43:13	60.18	6499	1531	1518
888	15:44:13	60.11	6498	1530	1517
889	15:45:14	10.27	6499	1529	1516
890	15:45:24	60.41	6499	1528	1515
891	15:46:24	60.12	6498	1527	1514
892	15:47:24	60.11	6499	1526	1512
893	15:48:25	60.11	6499	1525	1511
894	15:49:25	60.18	6499	1524	1509
895	15:50:25	60.13	6499	1522	1508
896	15:51:25	60.11	6499	1521	1507
897	15:52:25	60.12	6499	1520	1505
898	15:53:25	60.12	6499	1519	1504
899	15:54:25	60.13	6499	1518	1503
900	15:55:25	60.17	6499	1517	1501
901	15:56:26	60.36	6499	1516	1500
902	15:57:26	60.12	6499	1515	1499
903	15:58:26	60.13	6499	1514	1497
904	15:59:26	60.12	6498	1513	1496
905	16:00:26	60.12	6499	1512	1495
906	16:01:26	60.13	6499	1511	1494
907	16:02:27	60.11	6499	1510	1492
908	16:03:27	60.12	6499	1509	1491
909	16:04:27	60.13	6499	1508	1490
910	16:05:27	60.12	6499	1507	1489
911	16:06:27	60.11	6498	1506	1488
912	16:07:27	60.11	6499	1505	1486
913	16:08:27	60.12	6499	1504	1485
914	16:09:27	60.12	6499	1503	1484
915	16:10:27	60.37	6499	1502	1483
916	16:11:28	60.16	6499	1501	1482
917	16:12:28	60.16	6499	1500	1480
918	16:13:28	60.14	6498	1499	1479
919	16:14:28	60.13	6499	1498	1478
920	16:15:28	60.14	6499	1497	1477
921	16:16:29	60.17	6499	1496	1476
922	16:17:29	60.11	6499	1495	1475
923	16:18:29	60.12	6499	1494	1473
924	16:19:29	60.17	6499	1493	1472
925	16:20:29	60.12	6499	1492	1471
926	16:21:29	60.10	6499	1491	1470
927	16:22:29	60.12	6499	696.7	682
928	16:23:30	60.11	6499	0	0
929	16:24:30	60.11	6499	0	0
930	16:25:30	60.15	6499	0	0
931	16:26:30	60.12	6501	0	0
932	16:27:30	43.67	6501	0	0
Created by AtlRunQuery on: 2018-12-01 15:48:58.146851
