LHC beam energy and intensities during run 360373:
(Begin/end of run: Sun Sep 09 2018 13:54:30 − Mon Sep 10, 03:11:30)

LB	   Start time
(CEST)	   Duration
(sec)	   Beam energy
(GeV)	   Intensity Beam-1
(1e11 protons)	   Intensity Beam-2
(1e11 protons)
1	13:54:30	60.12	449	0	0
2	13:55:30	42.66	449	0	0
3	13:56:13	54.82	449	0	0
4	13:57:08	60.33	449	0	0
5	13:58:08	29.67	449	0	0
6	13:58:38	60.24	449	0	0
7	13:59:38	29.88	449	0	0
8	14:00:08	60.10	449	0	0
9	14:01:08	60.12	449	0	0
10	14:02:08	60.11	449	0	0
11	14:03:08	60.17	449	0	0
12	14:04:08	60.12	449	0	0
13	14:05:08	60.12	449	0	0
14	14:06:09	60.12	449	0	0
15	14:07:09	60.16	449	0	0
16	14:08:09	60.12	449	0	0
17	14:09:09	60.11	449	0	0
18	14:10:09	60.12	449	0	0
19	14:11:09	60.12	449	0	0
20	14:12:09	60.11	449	0	0
21	14:13:09	60.12	449	0	0
22	14:14:09	60.12	449	0	0
23	14:15:10	60.11	449	0	0
24	14:16:10	60.43	449	0	0
25	14:17:10	60.11	449	0	0
26	14:18:10	60.17	449	0	0
27	14:19:10	60.11	449	0	0
28	14:20:11	60.11	449	0	0
29	14:21:11	60.12	449	0	0
30	14:22:11	60.11	449	0	0
31	14:23:11	60.13	449	0	0
32	14:24:11	60.12	449	0	0
33	14:25:11	60.12	449	0	0
34	14:26:11	60.11	449	0	0
35	14:27:11	60.15	449	0	0
36	14:28:12	60.12	449	0	0
37	14:29:12	60.11	449	0	0
38	14:30:12	60.11	449	0	0
39	14:31:12	60.12	449	0	0
40	14:32:12	60.13	449	0	0
41	14:33:12	60.12	449	0	0
42	14:34:12	60.17	449	0	0
43	14:35:12	60.13	449	0	0
44	14:36:13	60.12	449	0	0
45	14:37:13	60.15	449	0	0
46	14:38:13	60.10	449	0	0
47	14:39:13	60.12	449	0	0
48	14:40:13	60.17	449	0	0
49	14:41:13	60.15	449	0	0
50	14:42:13	60.45	449	0	0
51	14:43:14	60.10	449	0	0
52	14:44:14	60.14	449	0	0
53	14:45:14	60.11	449	0	0
54	14:46:14	60.12	449	0	0
55	14:47:14	60.11	449	0	0
56	14:48:14	60.12	449	0	0
57	14:49:14	60.12	449	0	0
58	14:50:15	60.11	449	0	0
59	14:51:15	60.12	449	0	0
60	14:52:15	60.11	449	0	0
61	14:53:15	60.12	449	0	0
62	14:54:15	60.11	449	0	0
63	14:55:15	60.12	449	0	0
64	14:56:15	60.11	449	0	0
65	14:57:15	60.17	449	0	0
66	14:58:16	60.36	449	0	0
67	14:59:16	60.12	449	0	0
68	15:00:16	60.12	449	0	0
69	15:01:16	60.12	449	0	0
70	15:02:16	60.10	449	0	0
71	15:03:16	60.16	449	0	0
72	15:04:17	60.29	449	0	0
73	15:05:17	60.17	449	0	0
74	15:06:17	60.12	449	0	0
75	15:07:17	60.12	449	0	0
76	15:08:17	60.12	449	0	0
77	15:09:17	60.12	449	0	0
78	15:10:17	60.12	449	0	0
79	15:11:18	60.12	449	0	0
80	15:12:18	60.12	449	0	0
81	15:13:18	60.17	449	0	0
82	15:14:18	60.11	449	0	0
83	15:15:18	60.12	449	0	0
84	15:16:18	60.15	449	0	0
85	15:17:18	60.12	449	0	0
86	15:18:19	60.12	449	0	0
87	15:19:19	60.50	449	0	0
88	15:20:19	60.13	449	0	0
89	15:21:19	60.12	449	0	0
90	15:22:19	60.11	449	0	0
91	15:23:19	60.12	449	0	0
92	15:24:20	60.37	449	0	0
93	15:25:20	60.13	449	0	0
94	15:26:20	60.12	449	0	0
95	15:27:20	60.12	449	0	0
96	15:28:20	60.12	449	0	0
97	15:29:20	60.16	449	0	0
98	15:30:21	60.11	449	0	0
99	15:31:21	60.11	449	0	0
100	15:32:21	60.37	449	0	0
101	15:33:21	60.13	449	0	0
102	15:34:21	60.12	449	0	0
103	15:35:21	60.11	449	0	0
104	15:36:22	60.12	449	0	0
105	15:37:22	60.11	449	0	0
106	15:38:22	60.11	449	0	0
107	15:39:22	60.11	449	0	0
108	15:40:22	60.12	449	0	0
109	15:41:22	60.11	449	0	0
110	15:42:22	60.16	449	0	0
111	15:43:22	60.11	449	0	0
112	15:44:23	60.12	449	0	0
113	15:45:23	60.13	449	0	0
114	15:46:23	60.11	449	0	0
115	15:47:23	60.11	449	0	0
116	15:48:23	60.14	449	0	0
117	15:49:23	60.16	449	0	0
118	15:50:23	60.12	449	0	0
119	15:51:23	60.11	449	0	0
120	15:52:24	60.11	449	0	0
121	15:53:24	60.12	449	0	0
122	15:54:24	60.12	449	0	0
123	15:55:24	60.11	449	0	0
124	15:56:24	60.12	449	0	0
125	15:57:24	60.12	449	0	0
126	15:58:24	60.11	449	0	0
127	15:59:24	60.11	449	0	0
128	16:00:24	60.11	449	0	0
129	16:01:25	60.12	449	0	0
130	16:02:25	60.11	449	0	0
131	16:03:25	60.15	449	0	0
132	16:04:25	60.12	449	0	0
133	16:05:25	60.11	449	0	0
134	16:06:25	60.11	449	0	0
135	16:07:25	60.11	449	0	0
136	16:08:25	60.13	449	0	0
137	16:09:25	60.41	449	0	0
138	16:10:26	60.13	449	0	0
139	16:11:26	60.12	449	0	0
140	16:12:26	60.12	449	0	0
141	16:13:26	60.12	449	0	0
142	16:14:26	60.11	449	0	0
143	16:15:27	60.14	449	0	0
144	16:16:27	60.16	449	0	0
145	16:17:27	60.14	450	0	0
146	16:18:27	60.11	450	0	0
147	16:19:27	60.12	450	0	0
148	16:20:27	60.12	449	0	0
149	16:21:27	60.12	450	0	0
150	16:22:27	60.12	449	0	0
151	16:23:28	60.17	449	0	0
152	16:24:28	60.12	450	0	0.03244
153	16:25:28	60.09	450	0.07116	0.1022
154	16:26:28	60.12	450	0.1015	0.1021
155	16:27:28	60.11	449	0.1015	0.102
156	16:28:28	60.11	450	0.1015	0.102
157	16:29:28	60.11	450	0.1014	0.1019
158	16:30:28	60.11	449	0.1014	0.1019
159	16:31:28	60.12	449	0.1014	0.1018
160	16:32:29	60.10	450	0.1014	0.1018
161	16:33:29	60.17	449	0.1014	0.1018
162	16:34:29	60.12	450	0.1013	0.1017
163	16:35:29	60.11	450	0.1013	0.1017
164	16:36:29	60.12	450	0.1007	0.1015
165	16:37:29	60.12	450	0.09973	0.101
166	16:38:29	60.11	450	0.09928	0.1006
167	16:39:29	60.12	449	12.99	4.785
168	16:40:30	60.11	450	13.5	13.61
169	16:41:30	60.18	449	13.48	13.6
170	16:42:30	60.11	450	108.5	40.85
171	16:43:30	60.12	450	225.2	123.8
172	16:44:30	60.16	449	283.2	285.7
173	16:45:30	60.12	450	282.6	285.5
174	16:46:30	60.11	449	282.1	285.3
175	16:47:30	60.11	449	281.6	285
176	16:48:31	60.36	449	281	284.7
177	16:49:31	60.12	449	280.4	357.4
178	16:50:31	60.12	450	416.9	480.3
179	16:51:31	60.12	450	540.5	608.1
180	16:52:31	60.16	450	643.6	711.9
181	16:53:31	60.11	449	730.6	835.9
182	16:54:32	60.12	450	874	958.4
183	16:55:32	60.12	449	1016	1082
184	16:56:32	60.11	450	1138	1204
185	16:57:32	60.14	450	1260	1364
186	16:58:32	60.12	450	1372	1448
187	16:59:32	60.11	450	1459	1559
188	17:00:32	60.17	449	1607	1681
189	17:01:32	60.12	450	1727	1802
190	17:02:33	60.37	450	1848	1951
191	17:03:33	60.36	449	1968	2087
192	17:04:33	60.11	449	2091	2176
193	17:05:33	60.12	450	2193	2276
194	17:06:34	60.18	450	2313	2397
195	17:07:34	60.12	450	2432	2535
196	17:08:34	60.11	450	2552	2678
197	17:09:34	60.18	449	2671	2799
198	17:10:34	60.12	450	2822	2850
199	17:11:34	60.16	450	2820	2849
200	17:12:34	60.13	449	2819	2847
201	17:13:35	60.11	450	2817	2844
202	17:14:35	60.10	450	2814	2840
203	17:15:35	60.11	450	2810	2836
204	17:16:35	27.51	482	2808	2834
205	17:17:02	19.36	520	2795	2820
206	17:17:22	60.43	558	2795	2820
207	17:18:22	10.27	718	2794	2819
208	17:18:32	10.27	751	2794	2819
209	17:18:43	46.68	789	2794	2818
210	17:19:29	60.06	969	2794	2818
211	17:20:29	60.12	1266	2794	2817
212	17:21:30	10.27	1619	2794	2817
213	17:21:40	60.35	1677	2794	2817
214	17:22:40	60.11	2024	2794	2817
215	17:23:40	60.11	2372	2793	2817
216	17:24:40	42.48	2719	2793	2816
217	17:25:23	60.24	2968	2792	2816
218	17:26:23	60.13	3315	2792	2816
219	17:27:23	60.11	3663	2792	2816
220	17:28:23	60.12	4010	2791	2816
221	17:29:23	60.11	4358	2791	2816
222	17:30:24	60.11	4711	2790	2815
223	17:31:24	60.13	5058	2790	2815
224	17:32:24	60.12	5406	2789	2815
225	17:33:24	60.11	5753	2787	2814
226	17:34:24	60.13	6101	2786	2813
227	17:35:24	49.32	6447	2781	2813
228	17:36:14	21.00	6499	2779	2812
229	17:36:34	60.48	6499	2779	2812
230	17:37:35	60.11	6499	2779	2811
231	17:38:35	60.15	6499	2778	2811
232	17:39:35	60.13	6499	2778	2811
233	17:40:35	60.16	6499	2777	2811
234	17:41:36	60.15	6499	2777	2811
235	17:42:36	60.11	6499	2776	2811
236	17:43:36	60.11	6499	2776	2811
237	17:44:36	60.12	6499	2775	2811
238	17:45:36	60.12	6499	2775	2810
239	17:46:36	60.12	6499	2774	2810
240	17:47:36	60.11	6499	2773	2810
241	17:48:36	60.11	6499	2772	2810
242	17:49:36	60.14	6499	2770	2809
243	17:50:37	29.15	6499	2769	2809
244	17:51:06	60.33	6499	2768	2808
245	17:52:06	60.13	6499	2767	2808
246	17:53:06	60.18	6499	2764	2807
247	17:54:06	60.12	6499	2760	2804
248	17:55:07	60.13	6499	2756	2799
249	17:56:07	60.13	6499	2753	2795
250	17:57:07	60.12	6499	2750	2792
251	17:58:07	60.13	6499	2747	2788
252	17:59:07	18.21	6499	2745	2786
253	17:59:25	10.35	6499	2744	2785
254	17:59:36	60.16	6499	2742	2783
255	18:00:36	12.86	6499	2741	2781
256	18:00:49	60.32	6499	2739	2779
257	18:01:49	60.11	6499	2736	2776
258	18:02:49	33.59	6499	2735	2774
259	18:03:23	21.65	6499	2734	2773
260	18:03:44	60.46	6499	2732	2771
261	18:04:45	60.37	6499	2730	2768
262	18:05:45	60.12	6499	2727	2765
263	18:06:45	60.11	6499	2724	2761
264	18:07:45	60.11	6499	2721	2758
265	18:08:45	60.12	6499	2718	2755
266	18:09:46	60.11	6499	2715	2751
267	18:10:46	60.12	6499	2712	2748
268	18:11:46	60.10	6499	2710	2745
269	18:12:46	60.17	6499	2707	2742
270	18:13:46	10.31	6499	2706	2741
271	18:13:56	60.44	6499	2704	2739
272	18:14:57	60.11	6499	2701	2736
273	18:15:57	60.17	6499	2698	2733
274	18:16:57	60.11	6499	2696	2730
275	18:17:57	60.12	6499	2693	2727
276	18:18:57	60.17	6499	2691	2724
277	18:19:57	60.11	6499	2688	2722
278	18:20:58	60.12	6499	2686	2719
279	18:21:58	39.28	6499	2684	2716
280	18:22:37	60.45	6499	2682	2714
281	18:23:37	60.11	6499	2679	2711
282	18:24:38	60.12	6499	2677	2709
283	18:25:38	60.13	6499	2674	2706
284	18:26:38	60.15	6499	2672	2704
285	18:27:38	60.11	6499	2670	2701
286	18:28:38	60.15	6499	2667	2698
287	18:29:38	60.11	6499	2665	2696
288	18:30:38	60.12	6499	2663	2693
289	18:31:38	60.11	6499	2660	2690
290	18:32:39	60.12	6499	2658	2687
291	18:33:39	60.15	6499	2656	2685
292	18:34:39	60.12	6499	2654	2682
293	18:35:39	60.16	6499	2652	2680
294	18:36:39	60.12	6499	2649	2677
295	18:37:39	60.16	6499	2647	2675
296	18:38:39	53.83	6499	2645	2672
297	18:39:33	60.53	6499	2643	2670
298	18:40:34	60.24	6499	2641	2668
299	18:41:34	60.14	6499	2639	2665
300	18:42:34	60.11	6499	2636	2663
301	18:43:34	60.12	6499	2634	2660
302	18:44:34	60.11	6499	2632	2658
303	18:45:34	60.15	6499	2630	2655
304	18:46:35	60.11	6499	2628	2653
305	18:47:35	60.13	6499	2626	2651
306	18:48:35	60.14	6499	2623	2648
307	18:49:35	60.11	6499	2621	2646
308	18:50:35	60.12	6499	2619	2644
309	18:51:35	10.30	6499	2618	2643
310	18:51:46	60.45	6499	2616	2641
311	18:52:46	60.17	6499	2614	2639
312	18:53:46	57.97	6499	2612	2637
313	18:54:44	23.47	6499	2611	2635
314	18:55:08	60.19	6499	2609	2634
315	18:56:08	60.35	6499	2607	2632
316	18:57:08	60.11	6499	2605	2629
317	18:58:08	60.11	6499	2603	2627
318	18:59:08	60.14	6499	2600	2625
319	19:00:08	60.11	6499	2598	2623
320	19:01:09	60.16	6499	2596	2621
321	19:02:09	60.13	6499	2594	2619
322	19:03:09	60.12	6499	2592	2616
323	19:04:09	60.39	6499	2590	2614
324	19:05:09	60.10	6499	2588	2612
325	19:06:09	60.11	6499	2586	2610
326	19:07:10	60.13	6499	2584	2608
327	19:08:10	60.16	6499	2582	2606
328	19:09:10	60.11	6499	2580	2604
329	19:10:10	60.12	6499	2577	2602
330	19:11:10	50.41	6499	2576	2600
331	19:12:01	60.57	6499	2574	2598
332	19:13:01	60.11	6499	2572	2596
333	19:14:01	60.12	6499	2570	2594
334	19:15:01	60.11	6499	2567	2592
335	19:16:01	60.15	6499	2565	2590
336	19:17:02	60.11	6499	2563	2588
337	19:18:02	60.14	6499	2561	2586
338	19:19:02	60.11	6499	2559	2584
339	19:20:02	60.15	6499	2557	2582
340	19:21:02	60.13	6499	2555	2580
341	19:22:02	60.11	6499	2553	2579
342	19:23:02	60.11	6499	2551	2576
343	19:24:02	60.12	6499	2549	2574
344	19:25:03	60.14	6499	2547	2572
345	19:26:03	60.10	6499	2545	2570
346	19:27:03	60.12	6499	2543	2568
347	19:28:03	60.12	6499	2541	2566
348	19:29:03	60.14	6499	2539	2564
349	19:30:03	52.92	6499	2537	2563
350	19:30:56	60.57	6499	2535	2561
351	19:31:57	60.15	6499	2533	2559
352	19:32:57	39.30	6499	2531	2557
353	19:33:36	40.64	6499	2530	2556
354	19:34:17	60.14	6499	2528	2554
355	19:35:17	60.18	6499	2526	2552
356	19:36:17	60.15	6499	2524	2550
357	19:37:17	60.12	6499	2522	2549
358	19:38:17	60.12	6499	2520	2547
359	19:39:17	60.16	6499	2518	2545
360	19:40:18	60.12	6499	2515	2543
361	19:41:18	60.12	6499	2513	2541
362	19:42:18	60.34	6499	2511	2539
363	19:43:18	60.12	6499	2509	2537
364	19:44:18	60.12	6499	2507	2536
365	19:45:18	60.10	6499	2505	2534
366	19:46:19	60.37	6499	2503	2532
367	19:47:19	60.11	6499	2501	2530
368	19:48:19	60.16	6499	2499	2528
369	19:49:19	30.59	6499	2497	2527
370	19:49:50	60.44	6499	2495	2525
371	19:50:50	60.13	6499	2493	2523
372	19:51:50	60.14	6499	2491	2522
373	19:52:50	60.12	6499	2489	2520
374	19:53:51	14.27	6499	2488	2519
375	19:54:05	60.19	6499	2486	2518
376	19:55:05	60.19	6499	2484	2516
377	19:56:05	60.11	6499	2482	2514
378	19:57:05	60.13	6499	2480	2512
379	19:58:05	60.16	6499	2478	2510
380	19:59:06	60.15	6499	2476	2509
381	20:00:06	60.14	6499	2474	2507
382	20:01:06	60.11	6499	2472	2505
383	20:02:06	60.12	6499	2470	2503
384	20:03:06	60.16	6499	2468	2502
385	20:04:06	51.45	6499	2466	2500
386	20:04:58	60.49	6499	2464	2498
387	20:05:58	60.12	6499	2462	2497
388	20:06:58	60.14	6499	2460	2495
389	20:07:59	60.11	6499	2458	2493
390	20:08:59	60.17	6499	2456	2491
391	20:09:59	60.12	6499	2454	2490
392	20:10:59	40.65	6499	2452	2488
393	20:11:40	60.27	6499	2451	2487
394	20:12:40	60.12	6499	2449	2485
395	20:13:40	60.11	6499	2447	2483
396	20:14:40	60.11	6499	2444	2482
397	20:15:40	60.15	6499	2443	2480
398	20:16:40	60.12	6499	2441	2479
399	20:17:40	60.12	6499	2439	2477
400	20:18:41	60.11	6499	2437	2475
401	20:19:41	60.17	6499	2435	2473
402	20:20:41	60.35	6499	2433	2472
403	20:21:41	60.11	6499	2431	2470
404	20:22:41	60.12	6499	2429	2468
405	20:23:41	10.27	6499	2428	2468
406	20:23:52	60.46	6499	2427	2467
407	20:24:52	60.14	6499	2425	2465
408	20:25:52	60.10	6499	2423	2463
409	20:26:52	60.11	6499	2421	2462
410	20:27:53	60.17	6499	2419	2460
411	20:28:53	60.11	6499	2417	2458
412	20:29:53	60.12	6499	2415	2457
413	20:30:53	60.12	6499	2413	2455
414	20:31:53	60.10	6499	2411	2453
415	20:32:53	60.11	6499	2409	2452
416	20:33:53	60.12	6499	2408	2450
417	20:34:53	60.13	6499	2406	2448
418	20:35:54	60.15	6499	2404	2447
419	20:36:54	60.36	6499	2402	2445
420	20:37:54	60.16	6499	2400	2444
421	20:38:54	60.12	6499	2398	2442
422	20:39:54	60.11	6499	2396	2440
423	20:40:54	60.12	6499	2394	2439
424	20:41:55	60.11	6499	2392	2437
425	20:42:55	56.97	6499	2391	2435
426	20:43:52	60.24	6499	2389	2434
427	20:44:52	60.23	6499	2387	2432
428	20:45:52	43.23	6499	2385	2431
429	20:46:35	60.50	6499	2384	2429
430	20:47:36	60.11	6499	2382	2428
431	20:48:36	60.36	6499	2380	2426
432	20:49:36	60.15	6499	2378	2425
433	20:50:36	60.41	6499	2376	2423
434	20:51:37	60.11	6499	2374	2421
435	20:52:37	60.11	6499	2372	2420
436	20:53:37	60.11	6499	2370	2418
437	20:54:37	60.11	6499	2369	2417
438	20:55:37	60.13	6499	2367	2415
439	20:56:37	60.10	6499	2365	2414
440	20:57:38	49.28	6499	2363	2412
441	20:58:27	60.21	6499	2362	2411
442	20:59:27	60.11	6499	2360	2409
443	21:00:27	60.12	6499	2358	2408
444	21:01:27	60.12	6499	2356	2406
445	21:02:27	60.15	6499	2354	2405
446	21:03:28	60.13	6499	2352	2403
447	21:04:28	60.15	6499	2351	2401
448	21:05:28	60.14	6499	2349	2400
449	21:06:28	60.12	6499	2347	2398
450	21:07:28	60.12	6499	2345	2397
451	21:08:28	60.11	6499	2344	2395
452	21:09:28	60.11	6499	2342	2393
453	21:10:28	60.14	6499	2340	2392
454	21:11:29	48.51	6499	2338	2390
455	21:12:17	60.35	6499	2337	2389
456	21:13:17	60.11	6499	2335	2387
457	21:14:18	60.12	6499	2333	2386
458	21:15:18	60.12	6499	2331	2384
459	21:16:18	60.16	6499	2329	2383
460	21:17:18	60.12	6499	2328	2381
461	21:18:18	60.11	6499	2326	2380
462	21:19:18	60.41	6499	2324	2378
463	21:20:19	60.10	6499	2322	2376
464	21:21:19	60.11	6499	2320	2375
465	21:22:19	60.13	6499	2318	2373
466	21:23:19	60.12	6499	2317	2372
467	21:24:19	60.12	6499	2315	2370
468	21:25:19	60.15	6499	2313	2369
469	21:26:19	60.11	6499	2311	2367
470	21:27:19	47.18	6499	2310	2366
471	21:28:07	60.30	6499	2308	2365
472	21:29:07	60.11	6499	2306	2363
473	21:30:07	60.12	6499	2304	2361
474	21:31:07	60.12	6499	2303	2360
475	21:32:07	60.15	6499	2301	2358
476	21:33:07	23.69	6499	2300	2357
477	21:33:31	60.54	6499	2298	2356
478	21:34:32	60.40	6499	2297	2355
479	21:35:32	60.12	6499	2295	2353
480	21:36:32	60.11	6499	2293	2352
481	21:37:32	60.15	6499	2291	2350
482	21:38:32	60.12	6499	2290	2348
483	21:39:32	60.14	6499	2288	2347
484	21:40:33	60.11	6499	2286	2345
485	21:41:33	60.12	6499	2284	2344
486	21:42:33	60.11	6499	2282	2342
487	21:43:33	60.14	6499	2281	2341
488	21:44:33	60.11	6499	2279	2339
489	21:45:33	60.12	6499	2277	2338
490	21:46:33	60.11	6499	2275	2336
491	21:47:33	60.14	6499	2274	2335
492	21:48:34	60.17	6499	2272	2333
493	21:49:34	60.14	6499	2270	2332
494	21:50:34	60.15	6499	2269	2330
495	21:51:34	60.14	6499	2267	2329
496	21:52:34	60.11	6499	2265	2327
497	21:53:34	60.12	6499	2263	2326
498	21:54:34	60.16	6499	2262	2324
499	21:55:35	60.11	6499	2260	2323
500	21:56:35	60.12	6499	2258	2321
501	21:57:35	27.05	6499	2257	2320
502	21:58:02	60.36	6499	2256	2319
503	21:59:02	60.13	6499	2254	2318
504	22:00:02	60.11	6499	2252	2316
505	22:01:02	60.13	6499	2250	2315
506	22:02:03	60.12	6499	2249	2313
507	22:03:03	60.35	6499	2247	2312
508	22:04:03	60.12	6499	2245	2310
509	22:05:03	60.11	6499	2244	2309
510	22:06:03	60.22	6499	2242	2307
511	22:07:04	60.38	6499	2240	2306
512	22:08:04	60.10	6499	2238	2304
513	22:09:04	60.12	6499	2237	2303
514	22:10:04	60.13	6499	2235	2301
515	22:11:04	60.14	6499	2233	2300
516	22:12:04	60.17	6498	2231	2298
517	22:13:05	60.12	6499	2230	2297
518	22:14:05	60.10	6499	2228	2295
519	22:15:05	60.12	6499	2226	2294
520	22:16:05	60.11	6499	2225	2292
521	22:17:05	60.12	6499	2223	2291
522	22:18:05	60.12	6499	2221	2289
523	22:19:05	24.96	6499	2220	2288
524	22:19:30	60.51	6499	2219	2287
525	22:20:31	60.11	6499	2217	2286
526	22:21:31	60.11	6499	2215	2284
527	22:22:31	60.11	6499	2214	2283
528	22:23:31	60.13	6499	2212	2281
529	22:24:31	60.11	6499	2210	2280
530	22:25:31	60.12	6499	2209	2278
531	22:26:31	60.16	6499	2207	2277
532	22:27:32	60.12	6499	2205	2276
533	22:28:32	60.14	6499	2204	2274
534	22:29:32	60.16	6499	2202	2273
535	22:30:32	60.15	6499	2200	2271
536	22:31:32	60.16	6499	2199	2270
537	22:32:32	60.11	6499	2197	2268
538	22:33:32	60.16	6499	2195	2267
539	22:34:33	60.13	6499	2194	2265
540	22:35:33	60.13	6499	2192	2264
541	22:36:33	60.14	6499	2190	2263
542	22:37:33	60.10	6499	2189	2261
543	22:38:33	60.14	6499	2187	2260
544	22:39:33	60.12	6499	2185	2258
545	22:40:33	60.11	6499	2184	2257
546	22:41:33	60.41	6499	2182	2255
547	22:42:34	60.10	6499	2180	2254
548	22:43:34	60.10	6499	2179	2252
549	22:44:34	60.13	6499	2177	2251
550	22:45:34	60.11	6499	2175	2250
551	22:46:34	60.11	6499	2173	2248
552	22:47:34	60.12	6499	2172	2247
553	22:48:35	10.26	6498	2171	2246
554	22:48:45	60.43	6499	2170	2245
555	22:49:45	60.11	6499	2168	2243
556	22:50:45	60.11	6499	2167	2242
557	22:51:45	60.12	6499	2165	2240
558	22:52:46	60.12	6499	2164	2239
559	22:53:46	60.11	6499	2162	2238
560	22:54:46	60.12	6499	2160	2236
561	22:55:46	60.38	6499	2159	2235
562	22:56:46	60.14	6499	2157	2233
563	22:57:46	60.12	6499	2156	2232
564	22:58:47	60.10	6499	2154	2230
565	22:59:47	60.11	6499	2152	2229
566	23:00:47	60.11	6499	2151	2228
567	23:01:47	60.15	6499	2149	2226
568	23:02:47	60.13	6499	2147	2225
569	23:03:47	60.16	6499	2146	2223
570	23:04:47	60.12	6499	2144	2222
571	23:05:47	60.12	6499	2142	2221
572	23:06:48	60.11	6499	2141	2219
573	23:07:48	60.36	6499	2139	2218
574	23:08:48	60.15	6499	2138	2216
575	23:09:48	60.17	6499	2136	2215
576	23:10:48	60.11	6499	2134	2213
577	23:11:48	60.12	6499	2133	2212
578	23:12:49	60.16	6499	2131	2210
579	23:13:49	60.14	6499	2130	2209
580	23:14:49	60.12	6499	2128	2208
581	23:15:49	60.13	6499	2126	2206
582	23:16:49	60.15	6499	2125	2205
583	23:17:49	47.56	6499	2123	2203
584	23:18:37	60.43	6499	2122	2202
585	23:19:37	60.37	6499	2120	2201
586	23:20:38	60.17	6499	2119	2199
587	23:21:38	60.12	6499	2117	2198
588	23:22:38	60.14	6499	2115	2197
589	23:23:38	60.12	6499	2114	2195
590	23:24:38	60.17	6499	2112	2194
591	23:25:38	60.12	6499	2111	2192
592	23:26:38	60.11	6499	2109	2191
593	23:27:39	60.17	6499	2108	2190
594	23:28:39	60.11	6499	2106	2188
595	23:29:39	60.12	6499	2104	2187
596	23:30:39	60.17	6499	2103	2185
597	23:31:39	60.11	6499	2101	2184
598	23:32:39	10.27	6499	2100	2183
599	23:32:50	60.10	6499	2099	2182
600	23:33:50	60.11	6499	2098	2181
601	23:34:50	60.11	6499	2096	2179
602	23:35:50	60.35	6499	2095	2178
603	23:36:50	60.11	6499	2093	2177
604	23:37:50	20.14	6499	2092	2176
605	23:38:10	50.54	6499	2091	2175
606	23:39:01	60.12	6499	2090	2173
607	23:40:01	60.45	6499	2088	2172
608	23:41:02	60.11	6499	2087	2171
609	23:42:02	60.11	6499	2085	2169
610	23:43:02	60.11	6499	2083	2168
611	23:44:02	10.27	6499	2083	2167
612	23:44:12	60.45	6499	2082	2166
613	23:45:13	60.11	6499	2080	2165
614	23:46:13	60.15	6499	2078	2164
615	23:47:13	25.64	6499	2077	2162
616	23:47:39	60.26	6498	2076	2161
617	23:48:39	60.15	6498	2075	2160
618	23:49:39	60.12	6499	2073	2159
619	23:50:39	60.12	6499	2072	2157
620	23:51:39	60.12	6499	2070	2156
621	23:52:39	60.11	6499	2069	2155
622	23:53:39	60.15	6499	2067	2153
623	23:54:40	60.13	6499	2066	2152
624	23:55:40	60.12	6499	2064	2150
625	23:56:40	60.11	6499	2062	2149
626	23:57:40	60.11	6499	2061	2148
627	23:58:40	54.27	6499	2060	2146
628	23:59:34	60.24	6499	2058	2145
629	00:00:35	60.12	6499	2057	2143
630	00:01:35	60.12	6499	2055	2142
631	00:02:35	60.14	6499	2054	2141
632	00:03:35	60.12	6499	2052	2139
633	00:04:35	60.12	6499	2050	2138
634	00:05:35	60.26	6499	2049	2137
635	00:06:35	28.95	6499	2048	2136
636	00:07:04	59.45	6499	2047	2135
637	00:08:04	60.23	6499	2045	2133
638	00:09:04	23.50	6499	2044	2132
639	00:09:28	60.03	6498	2043	2131
640	00:10:28	60.05	6499	2042	2130
641	00:11:28	60.37	6499	2040	2129
642	00:12:28	60.12	6499	2039	2127
643	00:13:28	18.29	6499	2038	2126
644	00:13:46	60.58	6499	2036	2125
645	00:14:47	60.15	6499	2035	2124
646	00:15:47	60.11	6499	2033	2123
647	00:16:47	60.12	6499	2032	2121
648	00:17:47	60.15	6499	2030	2120
649	00:18:47	60.13	6499	2029	2119
650	00:19:48	60.11	6499	2027	2117
651	00:20:48	60.16	6499	2026	2116
652	00:21:48	60.11	6498	2025	2114
653	00:22:48	60.12	6499	2023	2113
654	00:23:48	60.14	6499	2022	2112
655	00:24:48	60.16	6499	2020	2110
656	00:25:48	60.34	6499	2019	2109
657	00:26:49	60.11	6499	2017	2108
658	00:27:49	60.12	6499	2016	2106
659	00:28:49	60.12	6499	2014	2105
660	00:29:49	60.11	6499	2013	2104
661	00:30:49	60.14	6499	2011	2102
662	00:31:49	60.12	6499	2010	2101
663	00:32:50	60.11	6499	2008	2100
664	00:33:50	60.12	6499	2007	2098
665	00:34:50	60.11	6499	2005	2097
666	00:35:50	60.12	6498	2004	2096
667	00:36:50	60.12	6499	2002	2094
668	00:37:50	60.42	6499	2001	2093
669	00:38:51	60.13	6499	2000	2092
670	00:39:51	60.13	6499	1998	2090
671	00:40:51	60.15	6499	1997	2089
672	00:41:51	60.14	6499	1995	2087
673	00:42:51	60.11	6499	1994	2086
674	00:43:51	60.11	6499	1992	2085
675	00:44:51	10.30	6499	1991	2084
676	00:45:02	60.45	6499	1991	2083
677	00:46:02	60.11	6499	1989	2082
678	00:47:02	60.12	6499	1988	2080
679	00:48:02	60.11	6499	1986	2079
680	00:49:02	60.14	6499	1985	2078
681	00:50:03	60.11	6499	1983	2076
682	00:51:03	60.16	6499	1982	2075
683	00:52:03	60.37	6499	1980	2074
684	00:53:03	60.14	6499	1979	2072
685	00:54:03	60.11	6499	1978	2071
686	00:55:03	60.11	6499	1976	2070
687	00:56:04	60.12	6499	1975	2068
688	00:57:04	60.12	6499	1973	2067
689	00:58:04	60.12	6499	1972	2066
690	00:59:04	60.15	6499	1970	2064
691	01:00:04	60.11	6499	1969	2063
692	01:01:04	60.12	6499	1967	2062
693	01:02:04	60.13	6499	1966	2060
694	01:03:04	60.16	6499	1965	2059
695	01:04:05	60.14	6499	1963	2058
696	01:05:05	60.12	6499	1962	2056
697	01:06:05	60.11	6499	1960	2055
698	01:07:05	60.14	6499	1959	2054
699	01:08:05	60.14	6499	1957	2052
700	01:09:05	60.15	6499	1956	2051
701	01:10:05	60.11	6499	1955	2050
702	01:11:05	60.12	6499	1953	2048
703	01:12:06	60.10	6499	1952	2047
704	01:13:06	22.20	6498	1950	2046
705	01:13:28	60.20	6499	1949	2045
706	01:14:28	27.64	6499	1948	2044
707	01:14:56	60.56	6499	1947	2043
708	01:15:56	60.12	6499	1946	2042
709	01:16:56	60.15	6499	1944	2041
710	01:17:57	60.15	6499	1943	2039
711	01:18:57	60.12	6499	1941	2038
712	01:19:57	60.11	6498	1940	2037
713	01:20:57	60.12	6499	1938	2035
714	01:21:57	60.12	6499	1937	2034
715	01:22:57	60.16	6499	1935	2033
716	01:23:57	60.10	6499	1934	2032
717	01:24:57	60.17	6499	1932	2030
718	01:25:58	60.16	6499	1931	2029
719	01:26:58	60.35	6498	1929	2028
720	01:27:58	60.15	6499	1928	2026
721	01:28:58	60.15	6499	1926	2025
722	01:29:58	60.43	6499	1925	2024
723	01:30:59	60.11	6499	1923	2022
724	01:31:59	60.16	6499	1922	2021
725	01:32:59	60.12	6499	1921	2020
726	01:33:59	60.14	6499	1919	2018
727	01:34:59	60.14	6499	1918	2017
728	01:36:00	60.35	6499	1916	2016
729	01:37:00	60.13	6499	1915	2015
730	01:38:00	60.13	6499	1913	2013
731	01:39:00	60.12	6499	1912	2012
732	01:40:00	60.17	6499	1910	2011
733	01:41:00	60.13	6499	1909	2009
734	01:42:01	60.13	6498	1908	2008
735	01:43:01	60.15	6499	1906	2007
736	01:44:01	60.11	6499	1905	2005
737	01:45:01	51.43	6499	1903	2004
738	01:45:52	60.51	6499	1902	2003
739	01:46:53	60.12	6499	1901	2002
740	01:47:53	60.12	6499	1899	2001
741	01:48:53	60.12	6499	1898	1999
742	01:49:53	60.11	6499	1896	1998
743	01:50:53	60.12	6499	1895	1997
744	01:51:53	60.17	6499	1893	1996
745	01:52:54	60.36	6499	1892	1994
746	01:53:54	60.12	6499	1891	1993
747	01:54:54	60.11	6499	1889	1992
748	01:55:54	60.15	6499	1888	1990
749	01:56:54	56.59	6499	1886	1989
750	01:57:51	60.28	6499	1885	1988
751	01:58:51	60.11	6499	1884	1987
752	01:59:51	60.14	6499	1882	1985
753	02:00:52	60.12	6499	1881	1984
754	02:01:52	60.13	6499	1879	1983
755	02:02:52	60.11	6498	1878	1981
756	02:03:52	60.15	6499	1876	1980
757	02:04:52	60.11	6499	1875	1979
758	02:05:52	60.10	6499	1874	1978
759	02:06:52	60.15	6499	1872	1976
760	02:07:52	34.01	6499	1871	1975
761	02:08:26	60.22	6499	1870	1974
762	02:09:27	60.18	6499	1869	1973
763	02:10:27	60.10	6499	1867	1972
764	02:11:27	60.12	6499	1866	1971
765	02:12:27	60.11	6499	1864	1969
766	02:13:27	60.12	6499	1863	1968
767	02:14:27	60.13	6499	1862	1967
768	02:15:27	60.13	6499	1860	1966
769	02:16:28	60.11	6499	1859	1964
770	02:17:28	60.11	6499	1858	1963
771	02:18:28	60.11	6498	1856	1962
772	02:19:28	38.01	6499	1855	1961
773	02:20:06	60.56	6499	1854	1960
774	02:21:06	60.11	6499	1853	1959
775	02:22:07	60.10	6499	1851	1957
776	02:23:07	60.15	6499	1850	1956
777	02:24:07	60.15	6499	1848	1955
778	02:25:07	60.12	6499	1847	1953
779	02:26:07	60.17	6499	1846	1952
780	02:27:07	60.12	6499	1844	1951
781	02:28:07	60.17	6499	1843	1950
782	02:29:08	60.12	6499	1842	1948
783	02:30:08	60.16	6499	1840	1947
784	02:31:08	60.12	6499	1839	1946
785	02:32:08	60.12	6499	1837	1944
786	02:33:08	60.16	6499	1836	1943
787	02:34:08	60.13	6499	1835	1942
788	02:35:08	60.16	6499	1833	1940
789	02:36:08	60.10	6498	1832	1939
790	02:37:09	60.12	6499	1831	1938
791	02:38:09	60.12	6499	1829	1936
792	02:39:09	60.34	6499	1828	1935
793	02:40:09	60.11	6499	1827	1934
794	02:41:09	60.13	6499	1825	1933
795	02:42:09	60.12	6499	1824	1931
796	02:43:10	37.42	6499	1823	1930
797	02:43:47	20.38	6499	1822	1930
798	02:44:07	60.46	6499	1821	1929
799	02:45:08	60.11	6499	1820	1927
800	02:46:08	60.11	6499	1819	1926
801	02:47:08	60.12	6499	1818	1924
802	02:48:08	60.39	6499	1816	1923
803	02:49:09	60.12	6499	1815	1922
804	02:50:09	60.36	6499	1813	1920
805	02:51:09	60.11	6499	1811	1918
806	02:52:09	60.13	6499	1810	1916
807	02:53:09	60.13	6499	1808	1914
808	02:54:09	60.16	6499	1806	1912
809	02:55:10	60.10	6499	1805	1910
810	02:56:10	60.37	6499	1803	1908
811	02:57:10	60.12	6499	1801	1906
812	02:58:10	60.11	6499	1800	1905
813	02:59:10	60.14	6499	1798	1903
814	03:00:10	60.11	6499	1797	1901
815	03:01:10	60.11	6499	1795	1899
816	03:02:11	60.37	6499	1793	1898
817	03:03:11	60.14	6499	1792	1896
818	03:04:11	60.11	6499	1790	1894
819	03:05:11	60.14	6499	1789	1892
820	03:06:11	11.41	6499	1788	1891
821	03:06:23	60.52	6499	16.87	17.81
822	03:07:23	60.12	6499	0	0
823	03:08:23	60.12	6499	0	0
824	03:09:24	60.11	6499	0	0
825	03:10:24	66.11	6499	0	0
Created by AtlRunQuery on: 2018-12-01 15:54:30.610059
