LHC beam energy and intensities during run 361738:
(Begin/end of run: Mon Sep 24 2018 12:37:29 − Tue Sep 25, 00:36:55)

LB	   Start time
(CEST)	   Duration
(sec)	   Beam energy
(GeV)	   Intensity Beam-1
(1e11 protons)	   Intensity Beam-2
(1e11 protons)
1	12:37:29	60.17	2909	0	0
2	12:38:29	55.06	3266	0	0
3	12:39:24	49.55	3565	0	0
4	12:40:14	60.27	3565	0	0
5	12:41:14	18.40	3565	0	0
6	12:41:33	31.22	3565	0	0
7	12:42:04	60.46	3565	0	0
8	12:43:04	60.11	3565	0	0
9	12:44:04	60.11	3565	0	0
10	12:45:04	60.13	3565	0	0
11	12:46:05	60.11	3565	0	0
12	12:47:05	60.12	3565	0	0
13	12:48:05	60.12	3565	0	0
14	12:49:05	60.11	3565	0	0
15	12:50:05	60.11	3354	0	0
16	12:51:05	60.16	2997	0	0
17	12:52:05	60.12	2641	0	0
18	12:53:05	60.11	2284	0	0
19	12:54:06	60.12	1922	0	0
20	12:55:06	60.12	1565	0	0
21	12:56:06	60.11	1209	0	0
22	12:57:06	60.12	852	0	0
23	12:58:06	60.14	495	0	0
24	12:59:06	60.12	139	0	0
25	13:00:06	60.12	59	0	0
26	13:01:06	60.11	59	0	0
27	13:02:07	60.11	59	0	0
28	13:03:07	60.10	59	0	0
29	13:04:07	60.17	59	0	0
30	13:05:07	60.12	59	0	0
31	13:06:07	60.15	59	0	0
32	13:07:07	60.11	59	0	0
33	13:08:07	60.16	188	0	0
34	13:09:07	60.13	449	0	0
35	13:10:08	60.10	450	0	0
36	13:11:08	60.12	449	0	0
37	13:12:08	60.17	450	0	0
38	13:13:08	60.12	450	0	0
39	13:14:08	60.12	449	0	0
40	13:15:08	60.12	450	0	0
41	13:16:08	60.12	450	0	0
42	13:17:08	60.12	449	0	0
43	13:18:09	60.10	449	0	0
44	13:19:09	60.15	449	0	0
45	13:20:09	60.11	450	0	0
46	13:21:09	60.11	449	0	0
47	13:22:09	60.12	449	0	0
48	13:23:09	60.13	450	0	0
49	13:24:09	60.12	450	0	0
50	13:25:09	60.11	450	0	0
51	13:26:10	60.11	449	0	0
52	13:27:10	60.12	450	0	0
53	13:28:10	60.15	450	0	0
54	13:29:10	60.11	449	0	0
55	13:30:10	60.11	450	0	0
56	13:31:10	60.11	449	0	0
57	13:32:10	60.13	450	0.0538	0
58	13:33:10	60.12	449	0.05696	0
59	13:34:11	60.11	450	0.05685	0.05236
60	13:35:11	60.11	449	0.05675	0.05222
61	13:36:11	60.13	450	0.05665	0.0521
62	13:37:11	60.15	450	0.05658	0.05198
63	13:38:11	60.12	449	0.0565	0.05187
64	13:39:11	60.11	450	0.05641	0.05176
65	13:40:11	60.12	450	0.05632	0.05166
66	13:41:11	60.11	449	0.05623	0.05156
67	13:42:11	60.12	450	0.05607	0.05141
68	13:43:12	60.12	450	8.68	0.9088
69	13:44:12	60.11	450	12.51	12.82
70	13:45:12	11.28	450	12.49	12.82
71	13:45:23	60.40	450	12.48	12.81
72	13:46:23	60.10	450	2.638	2.71
73	13:47:24	60.12	450	0	0
74	13:48:24	37.26	450	0	0
75	13:49:01	60.23	450	0	0
76	13:50:01	60.15	450	0	0
77	13:51:01	60.16	450	0	0
78	13:52:02	60.16	450	0	0
79	13:53:02	60.11	450	0	0
80	13:54:02	60.11	449	0	0
81	13:55:02	60.12	449	0	0.01354
82	13:56:02	60.13	450	0	0.05487
83	13:57:02	60.13	449	0.05539	0.05473
84	13:58:02	60.11	450	0.4382	0.05448
85	13:59:02	60.18	449	12.52	0.05421
86	14:00:03	60.12	450	12.49	10
87	14:01:03	60.10	450	12.45	12.46
88	14:02:03	60.11	450	12.41	12.44
89	14:03:03	60.11	450	21.34	12.42
90	14:04:03	60.12	450	25.06	12.39
91	14:05:03	60.12	450	24.99	12.36
92	14:06:03	60.17	450	24.92	12.32
93	14:07:03	60.10	450	24.86	12.29
94	14:08:04	60.12	449	24.79	12.26
95	14:09:04	60.11	449	24.73	12.23
96	14:10:04	60.16	450	24.67	12.2
97	14:11:04	60.17	449	24.62	12.17
98	14:12:04	60.12	449	24.56	12.15
99	14:13:04	60.11	449	24.52	12.12
100	14:14:04	60.11	450	24.47	12.1
101	14:15:04	60.18	450	24.43	12.08
102	14:16:05	60.13	449	24.38	12.05
103	14:17:05	60.11	450	24.34	12.03
104	14:18:05	60.12	450	34.94	12.01
105	14:19:05	60.14	450	36.62	11.99
106	14:20:05	60.13	449	143	51.65
107	14:21:05	60.11	450	45.73	37.3
108	14:22:05	60.12	450	0	0
109	14:23:05	60.11	450	0	0
110	14:24:06	60.16	449	0	0
111	14:25:06	60.15	449	0	0
112	14:26:06	60.11	449	0	0
113	14:27:06	60.11	450	0	0
114	14:28:06	60.10	450	0.04907	0.02508
115	14:29:06	60.13	450	0.04898	0.0547
116	14:30:06	60.12	449	0.04889	0.05462
117	14:31:06	60.11	450	0.04882	0.05455
118	14:32:07	60.10	450	7.957	0.1156
119	14:33:07	60.11	450	53.17	12.46
120	14:34:07	60.11	450	140.9	94.13
121	14:35:07	60.12	449	276	203.1
122	14:36:07	60.11	449	419.6	324.8
123	14:37:07	60.10	450	539.9	446
124	14:38:07	60.13	450	636.6	598
125	14:39:07	60.12	450	724.9	685.7
126	14:40:07	60.48	450	850.3	796.8
127	14:41:08	60.11	449	1001	917.2
128	14:42:08	60.12	449	1121	1037
129	14:43:08	60.12	449	1239	1179
130	14:44:08	60.12	449	1344	1317
131	14:45:08	60.12	450	1421	1403
132	14:46:09	60.11	450	1575	1503
133	14:47:09	60.12	450	1696	1623
134	14:48:09	60.12	449	1814	1755
135	14:49:09	60.18	449	1931	1899
136	14:50:09	60.13	449	2045	2020
137	14:51:09	60.17	449	2140	2116
138	14:52:09	40.87	450	2256	2173
139	14:52:50	60.31	450	2292	2307
140	14:53:51	60.11	450	2293	2321
141	14:54:51	60.15	450	2442	2385
142	14:55:51	60.17	450	2566	2504
143	14:56:51	60.12	450	2681	2632
144	14:57:51	60.12	450	2746	2782
145	14:58:51	60.11	450	2745	2790
146	14:59:51	60.11	449	2743	2788
147	15:00:51	60.11	449	2742	2786
148	15:01:52	60.10	450	2739	2783
149	15:02:52	60.12	476	2737	2781
150	15:03:52	60.11	573	2737	2779
151	15:04:52	60.13	741	2737	2777
152	15:05:52	60.16	969	2737	2775
153	15:06:52	60.12	1267	2736	2775
154	15:07:52	13.23	1614	2736	2774
155	15:08:05	30.00	1689	2724	2763
156	15:08:35	60.52	1863	2724	2762
157	15:09:36	60.12	2216	2724	2762
158	15:10:36	60.12	2563	2724	2762
159	15:11:36	60.11	2911	2723	2762
160	15:12:36	60.11	3258	2723	2762
161	15:13:36	60.11	3606	2723	2762
162	15:14:37	60.11	3959	2722	2761
163	15:15:37	60.11	4306	2722	2760
164	15:16:37	60.11	4654	2721	2760
165	15:17:37	60.11	5001	2720	2759
166	15:18:37	60.11	5348	2720	2759
167	15:19:37	60.35	5696	2718	2758
168	15:20:37	60.12	6043	2716	2757
169	15:21:38	51.87	6396	2711	2756
170	15:22:29	10.25	6499	2710	2756
171	15:22:40	60.42	6499	2709	2755
172	15:23:40	60.13	6499	2709	2755
173	15:24:40	60.11	6499	2708	2754
174	15:25:40	60.12	6499	2708	2753
175	15:26:41	60.11	6499	2707	2753
176	15:27:41	60.34	6499	2707	2753
177	15:28:41	60.13	6499	2706	2753
178	15:29:41	60.11	6499	2706	2753
179	15:30:41	60.17	6499	2705	2753
180	15:31:41	60.12	6499	2704	2753
181	15:32:41	60.11	6499	2704	2753
182	15:33:42	60.17	6499	2703	2752
183	15:34:42	31.35	6499	2702	2752
184	15:35:13	60.07	6499	2701	2751
185	15:36:13	60.12	6499	2699	2751
186	15:37:13	23.49	6499	2698	2750
187	15:37:37	60.42	6499	2697	2750
188	15:38:37	60.11	6499	2695	2749
189	15:39:37	60.17	6499	2692	2748
190	15:40:37	60.15	6499	2688	2743
191	15:41:38	33.02	6499	2685	2739
192	15:42:11	60.19	6499	2682	2736
193	15:43:11	60.11	6499	2679	2732
194	15:44:11	60.15	6499	2676	2728
195	15:45:11	60.11	6499	2673	2724
196	15:46:11	60.11	6499	2670	2721
197	15:47:11	60.12	6499	2667	2717
198	15:48:11	10.27	6499	2665	2715
199	15:48:22	60.43	6499	2663	2713
200	15:49:22	60.11	6499	2660	2710
201	15:50:22	60.13	6499	2657	2706
202	15:51:22	60.12	6499	2654	2703
203	15:52:23	60.26	6499	2652	2700
204	15:53:23	60.13	6499	2649	2697
205	15:54:23	60.13	6499	2647	2695
206	15:55:23	60.37	6499	2644	2692
207	15:56:23	60.11	6499	2642	2689
208	15:57:24	52.34	6499	2640	2687
209	15:58:16	12.57	6499	2639	2685
210	15:58:28	9.02	6499	2638	2685
211	15:58:37	8.52	6499	2638	2684
212	15:58:46	9.02	6499	2638	2684
213	15:58:55	8.49	6499	2638	2684
214	15:59:04	9.01	6499	2637	2684
215	15:59:13	8.52	6499	2637	2683
216	15:59:21	9.03	6499	2636	2683
217	15:59:30	8.52	6499	2636	2683
218	15:59:39	9.02	6499	2636	2682
219	15:59:48	8.52	6499	2635	2682
220	15:59:56	9.07	6499	2635	2681
221	16:00:05	8.22	6499	2635	2681
222	16:00:13	9.02	6499	2634	2681
223	16:00:22	8.59	6499	2634	2680
224	16:00:31	9.02	6499	2634	2680
225	16:00:40	8.52	6499	2633	2680
226	16:00:49	9.03	6499	2633	2679
227	16:00:58	23.81	6499	2632	2679
228	16:01:21	9.02	6499	2632	2678
229	16:01:30	7.62	6499	2631	2678
230	16:01:38	9.02	6499	2631	2678
231	16:01:47	7.92	6499	2631	2678
232	16:01:55	9.03	6499	2631	2678
233	16:02:04	7.93	6499	2630	2677
234	16:02:12	9.02	6499	2630	2677
235	16:02:21	7.64	6499	2629	2677
236	16:02:29	9.02	6499	2629	2676
237	16:02:38	7.93	6499	2629	2676
238	16:02:46	9.01	6499	2628	2675
239	16:02:55	7.93	6499	2628	2675
240	16:03:03	9.02	6499	2628	2675
241	16:03:12	7.92	6499	2627	2674
242	16:03:19	9.02	6499	2627	2674
243	16:03:28	7.62	6499	2626	2674
244	16:03:36	9.04	6499	2626	2674
245	16:03:45	8.68	6499	2626	2673
246	16:03:54	21.44	6499	2625	2673
247	16:04:15	57.52	6499	2624	2671
248	16:05:13	60.44	6499	2621	2668
249	16:06:13	60.12	6499	2619	2666
250	16:07:13	60.12	6499	2616	2664
251	16:08:13	60.11	6499	2614	2661
252	16:09:14	60.11	6499	2612	2658
253	16:10:14	60.12	6499	2610	2656
254	16:11:14	60.11	6499	2607	2653
255	16:12:14	60.17	6499	2605	2651
256	16:13:14	60.11	6499	2603	2648
257	16:14:14	60.14	6499	2600	2646
258	16:15:14	60.13	6499	2598	2643
259	16:16:14	60.12	6499	2595	2640
260	16:17:15	60.15	6499	2593	2638
261	16:18:15	60.12	6499	2590	2635
262	16:19:15	60.36	6499	2588	2633
263	16:20:15	60.11	6499	2585	2630
264	16:21:15	60.11	6499	2583	2628
265	16:22:15	60.10	6499	2581	2625
266	16:23:16	60.13	6499	2578	2623
267	16:24:16	51.14	6499	2576	2621
268	16:25:07	60.33	6499	2574	2618
269	16:26:07	29.95	6499	2572	2617
270	16:26:37	60.21	6499	2570	2615
271	16:27:37	60.12	6499	2568	2613
272	16:28:37	60.11	6499	2565	2610
273	16:29:38	60.11	6499	2563	2608
274	16:30:38	10.28	6499	2562	2607
275	16:30:48	60.44	6499	2560	2605
276	16:31:48	60.14	6499	2558	2603
277	16:32:48	60.12	6499	2556	2601
278	16:33:49	60.14	6499	2553	2599
279	16:34:49	60.10	6499	2551	2597
280	16:35:49	60.11	6499	2549	2595
281	16:36:49	60.37	6499	2547	2592
282	16:37:49	60.11	6499	2544	2590
283	16:38:49	60.11	6499	2542	2588
284	16:39:50	60.35	6499	2540	2586
285	16:40:50	60.11	6499	2538	2584
286	16:41:50	60.17	6499	2536	2582
287	16:42:50	10.27	6499	2535	2581
288	16:43:00	60.42	6499	2533	2579
289	16:44:01	60.16	6499	2531	2577
290	16:45:01	39.76	6499	2529	2576
291	16:45:41	60.23	6499	2527	2574
292	16:46:41	12.61	6499	2526	2573
293	16:46:54	60.26	6499	2525	2571
294	16:47:54	60.12	6499	2523	2570
295	16:48:54	60.17	6499	2520	2567
296	16:49:54	60.12	6499	2518	2565
297	16:50:54	60.11	6499	2516	2564
298	16:51:54	60.11	6499	2514	2562
299	16:52:55	60.15	6499	2512	2560
300	16:53:55	21.30	6499	2511	2558
301	16:54:16	60.15	6499	2509	2557
302	16:55:16	60.14	6499	2507	2555
303	16:56:16	60.12	6499	2505	2553
304	16:57:16	60.11	6499	2503	2551
305	16:58:16	60.11	6499	2501	2549
306	16:59:17	60.17	6499	2499	2547
307	17:00:17	60.17	6499	2497	2545
308	17:01:17	54.80	6499	2494	2544
309	17:02:12	60.45	6499	2492	2542
310	17:03:12	60.11	6499	2490	2540
311	17:04:12	60.11	6499	2488	2538
312	17:05:12	60.11	6499	2486	2536
313	17:06:13	60.13	6499	2484	2534
314	17:07:13	60.11	6499	2482	2532
315	17:08:13	60.10	6499	2480	2530
316	17:09:13	57.56	6499	2478	2529
317	17:10:10	25.07	6499	2477	2527
318	17:10:36	60.47	6499	2475	2526
319	17:11:36	60.15	6499	2473	2524
320	17:12:36	60.11	6499	2471	2522
321	17:13:36	32.47	6499	2470	2521
322	17:14:09	60.25	6499	2468	2520
323	17:15:09	60.11	6499	2466	2518
324	17:16:09	60.16	6499	2464	2516
325	17:17:09	60.12	6499	2462	2514
326	17:18:09	58.59	6499	2460	2512
327	17:19:08	38.16	6499	2458	2511
328	17:19:46	60.10	6499	2457	2510
329	17:20:46	60.12	6499	2455	2508
330	17:21:46	60.16	6499	2453	2506
331	17:22:47	60.12	6499	2451	2504
332	17:23:47	60.11	6499	2449	2502
333	17:24:47	60.36	6499	2447	2500
334	17:25:47	60.12	6499	2445	2499
335	17:26:47	60.12	6499	2443	2497
336	17:27:47	60.15	6499	2441	2495
337	17:28:47	60.13	6499	2439	2493
338	17:29:48	60.17	6499	2437	2491
339	17:30:48	60.16	6499	2435	2490
340	17:31:48	60.16	6499	2433	2488
341	17:32:48	60.12	6499	2431	2486
342	17:33:48	60.11	6499	2429	2485
343	17:34:48	60.10	6499	2426	2483
344	17:35:48	60.12	6499	2425	2481
345	17:36:49	60.12	6499	2423	2479
346	17:37:49	60.14	6499	2421	2478
347	17:38:49	60.12	6499	2419	2476
348	17:39:49	60.12	6499	2417	2474
349	17:40:49	60.11	6499	2415	2473
350	17:41:49	60.13	6499	2413	2471
351	17:42:49	46.85	6499	2411	2469
352	17:43:36	60.48	6499	2410	2468
353	17:44:37	10.26	6499	2409	2467
354	17:44:47	60.13	6499	2407	2466
355	17:45:47	60.11	6499	2405	2464
356	17:46:47	60.11	6499	2403	2462
357	17:47:47	60.12	6499	2401	2460
358	17:48:47	60.13	6499	2399	2459
359	17:49:47	60.11	6499	2397	2457
360	17:50:48	60.11	6499	2395	2455
361	17:51:48	60.12	6499	2393	2454
362	17:52:48	60.11	6499	2392	2452
363	17:53:48	60.16	6499	2390	2450
364	17:54:48	60.11	6499	2388	2449
365	17:55:48	60.15	6499	2386	2447
366	17:56:48	60.12	6499	2384	2445
367	17:57:48	60.10	6499	2382	2444
368	17:58:49	60.14	6499	2380	2442
369	17:59:49	60.10	6499	2378	2440
370	18:00:49	36.33	6499	2376	2439
371	18:01:25	60.36	6499	2375	2438
372	18:02:26	60.11	6499	2373	2436
373	18:03:26	60.12	6499	2371	2434
374	18:04:26	30.45	6499	2370	2433
375	18:04:56	60.22	6499	2368	2432
376	18:05:56	60.13	6499	2366	2430
377	18:06:57	60.15	6499	2365	2428
378	18:07:57	60.12	6499	2363	2427
379	18:08:57	60.12	6499	2361	2425
380	18:09:57	60.12	6499	2359	2424
381	18:10:57	60.12	6499	2357	2422
382	18:11:57	60.15	6499	2355	2420
383	18:12:57	60.14	6499	2353	2419
384	18:13:57	60.12	6499	2351	2417
385	18:14:58	60.12	6499	2349	2416
386	18:15:58	60.16	6499	2348	2414
387	18:16:58	60.10	6499	2346	2412
388	18:17:58	60.12	6499	2344	2411
389	18:18:58	60.16	6499	2342	2409
390	18:19:58	60.12	6499	2340	2408
391	18:20:58	60.17	6499	2338	2406
392	18:21:59	60.12	6499	2336	2404
393	18:22:59	60.16	6499	2335	2403
394	18:23:59	60.11	6499	2333	2401
395	18:24:59	53.73	6499	2331	2400
396	18:25:53	60.51	6499	2329	2398
397	18:26:53	60.14	6499	2327	2397
398	18:27:53	60.12	6499	2325	2395
399	18:28:53	60.12	6499	2324	2394
400	18:29:54	60.13	6499	2322	2392
401	18:30:54	60.11	6499	2320	2390
402	18:31:54	60.16	6499	2318	2389
403	18:32:54	60.11	6499	2316	2387
404	18:33:54	60.17	6499	2314	2386
405	18:34:54	28.65	6499	2313	2385
406	18:35:23	60.25	6499	2312	2383
407	18:36:23	60.11	6499	2310	2382
408	18:37:23	60.13	6499	2308	2380
409	18:38:23	60.11	6499	2306	2379
410	18:39:23	60.12	6499	2304	2377
411	18:40:24	60.12	6499	2302	2375
412	18:41:24	60.12	6499	2301	2374
413	18:42:24	60.16	6499	2299	2372
414	18:43:24	60.15	6499	2297	2371
415	18:44:24	60.12	6499	2295	2369
416	18:45:24	60.10	6499	2293	2368
417	18:46:24	60.15	6499	2291	2366
418	18:47:25	56.42	6499	2290	2365
419	18:48:21	60.34	6499	2288	2363
420	18:49:21	60.11	6499	2286	2361
421	18:50:21	60.11	6499	2284	2360
422	18:51:21	60.11	6499	2282	2358
423	18:52:22	60.12	6499	2281	2357
424	18:53:22	60.11	6499	2279	2355
425	18:54:22	60.12	6499	2277	2354
426	18:55:22	60.15	6499	2275	2352
427	18:56:22	60.14	6499	2273	2351
428	18:57:22	60.12	6499	2272	2349
429	18:58:22	60.14	6499	2270	2347
430	18:59:23	60.12	6499	2268	2346
431	19:00:23	60.11	6499	2266	2344
432	19:01:23	60.12	6499	2264	2343
433	19:02:23	60.11	6499	2263	2341
434	19:03:23	60.12	6499	2261	2340
435	19:04:23	60.36	6499	2259	2338
436	19:05:23	60.11	6499	2258	2337
437	19:06:24	60.16	6499	2256	2335
438	19:07:24	11.42	6499	2255	2335
439	19:07:35	60.46	6499	2254	2334
440	19:08:36	60.16	6499	2252	2332
441	19:09:36	60.15	6499	2250	2330
442	19:10:36	60.12	6499	2248	2329
443	19:11:36	56.73	6499	2247	2327
444	19:12:33	60.23	6499	2245	2326
445	19:13:33	60.11	6499	2243	2324
446	19:14:33	60.16	6499	2241	2323
447	19:15:33	60.11	6499	2240	2321
448	19:16:33	60.11	6499	2238	2320
449	19:17:33	60.11	6499	2236	2318
450	19:18:34	60.13	6499	2234	2317
451	19:19:34	60.12	6499	2233	2315
452	19:20:34	60.14	6499	2231	2314
453	19:21:34	60.11	6499	2229	2312
454	19:22:34	60.12	6499	2227	2311
455	19:23:34	60.12	6499	2226	2309
456	19:24:34	60.12	6499	2224	2308
457	19:25:34	60.12	6499	2222	2306
458	19:26:35	10.27	6499	2221	2305
459	19:26:45	22.79	6499	2221	2305
460	19:27:08	60.25	6499	2219	2304
461	19:28:08	29.74	6499	2218	2303
462	19:28:38	60.19	6499	2217	2302
463	19:29:38	59.83	6499	2215	2300
464	19:30:38	60.15	6499	2213	2299
465	19:31:38	60.17	6499	2212	2297
466	19:32:38	60.15	6499	2210	2296
467	19:33:38	60.10	6499	2208	2294
468	19:34:38	60.12	6499	2206	2293
469	19:35:38	60.11	6499	2205	2291
470	19:36:38	60.12	6499	2203	2290
471	19:37:39	60.10	6499	2201	2288
472	19:38:39	60.11	6499	2200	2287
473	19:39:39	60.16	6499	2198	2286
474	19:40:39	60.12	6499	2196	2284
475	19:41:39	60.12	6499	2194	2282
476	19:42:39	60.12	6499	2192	2281
477	19:43:39	60.12	6499	2191	2280
478	19:44:39	60.12	6499	2189	2278
479	19:45:40	60.11	6499	2187	2277
480	19:46:40	42.93	6499	2186	2275
481	19:47:23	60.25	6499	2184	2274
482	19:48:23	52.38	6499	2183	2273
483	19:49:15	60.44	6499	2181	2271
484	19:50:16	60.16	6499	2179	2270
485	19:51:16	60.11	6499	2178	2268
486	19:52:16	60.12	6499	2176	2267
487	19:53:16	60.11	6499	2174	2266
488	19:54:16	60.16	6499	2172	2264
489	19:55:16	60.17	6499	2171	2263
490	19:56:16	60.14	6499	2169	2261
491	19:57:17	60.11	6499	2167	2260
492	19:58:17	60.12	6499	2166	2258
493	19:59:17	60.11	6499	2164	2257
494	20:00:17	60.13	6499	2162	2256
495	20:01:17	60.12	6499	2161	2254
496	20:02:17	60.12	6499	2159	2253
497	20:03:17	60.15	6499	2157	2251
498	20:04:17	60.11	6499	2156	2250
499	20:05:18	60.12	6499	2154	2248
500	20:06:18	60.16	6499	2152	2247
501	20:07:18	60.37	6499	2150	2245
502	20:08:18	60.11	6499	2149	2244
503	20:09:18	60.11	6499	2147	2243
504	20:10:18	60.13	6499	2146	2241
505	20:11:19	60.11	6499	2144	2240
506	20:12:19	60.12	6499	2142	2238
507	20:13:19	47.96	6499	2141	2237
508	20:14:07	60.25	6499	2139	2236
509	20:15:07	60.17	6499	2138	2234
510	20:16:07	60.11	6499	2136	2233
511	20:17:07	60.14	6499	2134	2231
512	20:18:07	60.11	6499	2133	2230
513	20:19:08	60.11	6499	2131	2228
514	20:20:08	60.12	6499	2129	2227
515	20:21:08	27.19	6499	2128	2226
516	20:21:35	60.47	6499	2127	2225
517	20:22:35	60.16	6499	2125	2224
518	20:23:36	60.11	6499	2124	2222
519	20:24:36	60.11	6499	2122	2221
520	20:25:36	60.12	6499	2120	2219
521	20:26:36	60.17	6499	2119	2218
522	20:27:36	60.12	6499	2117	2216
523	20:28:36	60.10	6499	2115	2215
524	20:29:36	60.14	6499	2114	2214
525	20:30:36	60.11	6499	2112	2212
526	20:31:37	60.13	6499	2111	2211
527	20:32:37	60.12	6499	2109	2209
528	20:33:37	60.13	6499	2107	2208
529	20:34:37	60.11	6499	2106	2207
530	20:35:37	60.14	6499	2104	2205
531	20:36:37	60.13	6499	2102	2204
532	20:37:37	60.12	6499	2101	2202
533	20:38:37	60.15	6499	2099	2201
534	20:39:38	60.12	6499	2098	2199
535	20:40:38	60.12	6499	2096	2198
536	20:41:38	60.14	6499	2094	2197
537	20:42:38	29.70	6499	2093	2196
538	20:43:08	60.08	6499	2092	2195
539	20:44:08	60.11	6499	2090	2193
540	20:45:08	60.12	6499	2089	2192
541	20:46:08	60.15	6499	2087	2190
542	20:47:08	60.12	6499	2086	2189
543	20:48:08	60.11	6499	2084	2187
544	20:49:08	60.11	6499	2082	2186
545	20:50:09	60.11	6499	2081	2185
546	20:51:09	60.41	6499	2079	2183
547	20:52:09	60.11	6499	2078	2182
548	20:53:09	60.11	6499	2076	2181
549	20:54:09	14.10	6499	2075	2180
550	20:54:23	60.09	6499	2074	2179
551	20:55:23	60.15	6499	2072	2177
552	20:56:24	60.13	6499	2071	2176
553	20:57:24	60.35	6499	2069	2175
554	20:58:24	60.15	6499	2068	2173
555	20:59:24	15.13	6499	2067	2172
556	20:59:39	60.52	6499	2066	2171
557	21:00:40	60.37	6499	2064	2170
558	21:01:40	60.16	6499	2063	2169
559	21:02:40	60.13	6499	2061	2167
560	21:03:41	60.39	6499	2059	2166
561	21:04:41	60.12	6499	2058	2165
562	21:05:41	60.16	6499	2056	2163
563	21:06:41	60.13	6499	2055	2162
564	21:07:41	60.16	6499	2053	2160
565	21:08:41	60.11	6499	2052	2159
566	21:09:42	60.10	6499	2050	2158
567	21:10:42	60.16	6499	2048	2156
568	21:11:42	60.16	6499	2047	2155
569	21:12:42	60.12	6499	2045	2153
570	21:13:42	60.11	6499	2044	2152
571	21:14:42	60.12	6499	2042	2151
572	21:15:42	60.12	6499	2041	2149
573	21:16:42	60.15	6499	2039	2148
574	21:17:43	60.17	6499	2038	2147
575	21:18:43	60.12	6499	2036	2145
576	21:19:43	60.11	6499	2035	2144
577	21:20:43	60.13	6499	2033	2142
578	21:21:43	60.18	6499	2032	2141
579	21:22:43	60.14	6499	2030	2140
580	21:23:43	60.12	6499	2029	2138
581	21:24:44	60.11	6499	2027	2137
582	21:25:44	60.12	6499	2026	2136
583	21:26:44	60.15	6499	2024	2134
584	21:27:44	60.14	6499	2022	2133
585	21:28:44	10.27	6499	2022	2132
586	21:28:54	60.45	6499	2021	2131
587	21:29:55	60.12	6499	2019	2130
588	21:30:55	60.12	6499	2018	2128
589	21:31:55	60.17	6499	2016	2127
590	21:32:55	60.12	6499	2014	2126
591	21:33:55	60.12	6499	2013	2124
592	21:34:55	60.16	6499	2011	2123
593	21:35:56	60.13	6499	2010	2122
594	21:36:56	60.17	6499	2008	2120
595	21:37:56	60.12	6499	2007	2119
596	21:38:56	60.17	6499	2005	2117
597	21:39:56	60.12	6499	2004	2116
598	21:40:56	60.11	6499	2002	2115
599	21:41:56	60.11	6499	2001	2113
600	21:42:57	60.10	6499	2000	2112
601	21:43:57	10.27	6499	1999	2111
602	21:44:07	60.12	6499	1998	2110
603	21:45:07	60.13	6498	1996	2109
604	21:46:07	60.12	6499	1995	2108
605	21:47:07	60.10	6499	1993	2106
606	21:48:07	48.14	6499	1992	2105
607	21:48:56	60.55	6499	1991	2104
608	21:49:56	60.12	6499	1989	2103
609	21:50:56	60.12	6499	1988	2101
610	21:51:56	60.14	6499	1986	2100
611	21:52:56	60.12	6499	1985	2099
612	21:53:57	60.14	6499	1983	2098
613	21:54:57	60.12	6499	1982	2096
614	21:55:57	60.11	6499	1980	2095
615	21:56:57	60.13	6499	1979	2093
616	21:57:57	60.11	6499	1977	2092
617	21:58:57	60.11	6499	1976	2091
618	21:59:57	60.10	6499	1974	2089
619	22:00:57	60.11	6499	1973	2088
620	22:01:58	60.12	6499	1971	2087
621	22:02:58	60.17	6499	1970	2086
622	22:03:58	60.11	6499	1969	2084
623	22:04:58	60.12	6499	1967	2083
624	22:05:58	60.12	6499	1966	2082
625	22:06:58	60.13	6499	1964	2080
626	22:07:58	60.11	6499	1963	2079
627	22:08:58	60.11	6499	1961	2077
628	22:09:59	60.16	6499	1960	2076
629	22:10:59	60.11	6499	1958	2075
630	22:11:59	60.11	6499	1957	2073
631	22:12:59	60.12	6499	1956	2072
632	22:13:59	60.36	6499	1954	2071
633	22:14:59	60.17	6499	1953	2069
634	22:16:00	60.11	6499	1951	2068
635	22:17:00	60.11	6499	1950	2067
636	22:18:00	16.76	6499	1949	2066
637	22:18:17	60.43	6499	1948	2065
638	22:19:17	60.11	6499	1947	2064
639	22:20:17	60.11	6499	1945	2062
640	22:21:17	60.12	6499	1944	2061
641	22:22:17	60.13	6499	1942	2060
642	22:23:17	60.12	6499	1941	2059
643	22:24:18	60.11	6499	1940	2057
644	22:25:18	60.11	6499	1938	2056
645	22:26:18	60.17	6499	1937	2055
646	22:27:18	60.15	6499	1935	2053
647	22:28:18	60.11	6499	1934	2052
648	22:29:18	60.10	6499	1933	2051
649	22:30:18	60.12	6499	1931	2050
650	22:31:18	60.15	6499	1930	2048
651	22:32:19	60.40	6499	1928	2047
652	22:33:19	60.12	6499	1927	2046
653	22:34:19	60.17	6499	1926	2044
654	22:35:19	60.11	6499	1924	2043
655	22:36:19	60.11	6499	1923	2042
656	22:37:19	60.11	6499	1921	2040
657	22:38:20	60.13	6499	1920	2039
658	22:39:20	60.12	6499	1918	2038
659	22:40:20	60.16	6499	1917	2036
660	22:41:20	60.12	6499	1916	2035
661	22:42:20	60.12	6499	1914	2034
662	22:43:20	60.11	6499	1913	2032
663	22:44:20	60.13	6499	1912	2031
664	22:45:20	60.13	6499	1910	2030
665	22:46:21	60.12	6499	1909	2029
666	22:47:21	60.12	6499	1907	2027
667	22:48:21	60.13	6499	1906	2026
668	22:49:21	60.11	6499	1905	2025
669	22:50:21	60.13	6499	1903	2023
670	22:51:21	60.13	6499	1902	2022
671	22:52:21	60.17	6499	1900	2021
672	22:53:21	60.17	6499	1899	2020
673	22:54:22	60.43	6499	1898	2018
674	22:55:22	60.13	6499	1896	2017
675	22:56:22	15.68	6499	1895	2016
676	22:56:38	60.45	6499	1894	2015
677	22:57:38	60.11	6499	1893	2014
678	22:58:38	60.14	6499	1892	2013
679	22:59:39	60.15	6499	1890	2012
680	23:00:39	60.12	6499	1889	2010
681	23:01:39	60.15	6499	1888	2009
682	23:02:39	60.13	6499	1886	2008
683	23:03:39	60.15	6499	1885	2006
684	23:04:39	60.35	6499	1884	2005
685	23:05:40	60.16	6499	1882	2004
686	23:06:40	60.12	6499	1881	2003
687	23:07:40	60.11	6499	1880	2001
688	23:08:40	60.14	6499	1878	2000
689	23:09:40	60.10	6499	1877	1999
690	23:10:40	60.11	6499	1876	1998
691	23:11:40	60.12	6499	1874	1996
692	23:12:41	60.12	6499	1873	1995
693	23:13:41	60.12	6499	1872	1994
694	23:14:41	60.12	6499	1870	1992
695	23:15:41	60.15	6499	1869	1991
696	23:16:41	60.12	6499	1868	1990
697	23:17:41	60.11	6499	1866	1989
698	23:18:41	60.17	6499	1865	1987
699	23:19:41	60.12	6499	1864	1986
700	23:20:42	60.17	6499	1862	1985
701	23:21:42	60.11	6499	1861	1984
702	23:22:42	60.13	6499	1860	1982
703	23:23:42	60.17	6499	1858	1981
704	23:24:42	60.12	6499	1857	1980
705	23:25:42	60.11	6499	1856	1978
706	23:26:42	60.13	6499	1854	1977
707	23:27:43	60.11	6499	1853	1976
708	23:28:43	60.11	6499	1852	1975
709	23:29:43	53.99	6499	1850	1974
710	23:30:37	60.55	6499	1849	1973
711	23:31:37	60.14	6499	1848	1971
712	23:32:37	60.11	6499	1846	1970
713	23:33:38	60.11	6499	1845	1969
714	23:34:38	60.15	6499	1844	1967
715	23:35:38	60.12	6499	1842	1966
716	23:36:38	60.13	6499	1841	1965
717	23:37:38	60.11	6499	1840	1964
718	23:38:38	60.35	6499	1838	1962
719	23:39:38	60.14	6499	1837	1961
720	23:40:39	60.14	6499	1836	1960
721	23:41:39	60.14	6499	1834	1959
722	23:42:39	60.13	6499	1832	1957
723	23:43:39	60.13	6499	1831	1956
724	23:44:39	60.11	6499	1830	1955
725	23:45:39	60.10	6499	1828	1953
726	23:46:39	60.15	6499	1827	1952
727	23:47:40	60.11	6499	1826	1951
728	23:48:40	60.14	6499	1824	1949
729	23:49:40	60.18	6499	1823	1948
730	23:50:40	10.31	6499	1822	1948
731	23:50:50	60.43	6499	1821	1947
732	23:51:51	60.14	6499	1820	1945
733	23:52:51	60.10	6499	1819	1944
734	23:53:51	60.11	6499	1817	1943
735	23:54:51	60.15	6499	1816	1942
736	23:55:51	60.12	6499	1815	1940
737	23:56:51	60.12	6499	1813	1939
738	23:57:51	60.17	6499	1812	1938
739	23:58:52	60.12	6499	1810	1936
740	23:59:52	60.11	6499	1809	1935
741	00:00:52	60.17	6499	1808	1934
742	00:01:52	60.13	6499	1806	1933
743	00:02:52	60.11	6499	1805	1931
744	00:03:52	60.16	6499	1804	1930
745	00:04:52	60.13	6499	1802	1929
746	00:05:53	60.13	6499	1800	1927
747	00:06:53	60.13	6499	1798	1925
748	00:07:53	60.12	6499	1797	1923
749	00:08:53	60.16	6499	1795	1921
750	00:09:53	60.11	6499	1793	1920
751	00:10:53	60.15	6499	1792	1918
752	00:11:53	60.12	6499	1790	1917
753	00:12:53	60.13	6499	1788	1915
754	00:13:54	60.14	6499	1786	1913
755	00:14:54	60.12	6499	1785	1912
756	00:15:54	60.11	6499	1783	1910
757	00:16:54	60.13	6499	1781	1909
758	00:17:54	60.13	6499	1779	1907
759	00:18:54	60.17	6499	1778	1906
760	00:19:54	60.14	6499	1776	1904
761	00:20:55	42.83	6499	1775	1903
762	00:21:37	12.36	6499	1774	1902
763	00:21:50	9.01	6499	1774	1902
764	00:21:59	8.22	6499	1774	1902
765	00:22:07	9.01	6499	1774	1902
766	00:22:16	8.19	6499	1773	1902
767	00:22:24	9.02	6499	1773	1902
768	00:22:33	8.22	6499	1773	1901
769	00:22:41	9.02	6499	1773	1901
770	00:22:50	8.22	6499	1772	1901
771	00:22:59	9.03	6499	1772	1901
772	00:23:08	8.22	6499	1772	1900
773	00:23:16	9.02	6499	1772	1900
774	00:23:25	8.22	6499	1771	1900
775	00:23:33	9.02	6499	1771	1900
776	00:23:42	8.52	6499	1771	1899
777	00:23:51	9.02	6499	1771	1899
778	00:24:00	8.23	6499	1771	1899
779	00:24:08	9.01	6498	1771	1899
780	00:24:17	23.46	6498	1770	1898
781	00:24:40	9.04	6499	1770	1898
782	00:24:49	7.60	6499	1769	1898
783	00:24:57	9.02	6499	1769	1898
784	00:25:06	7.62	6499	1769	1897
785	00:25:14	9.04	6499	1769	1897
786	00:25:23	7.91	6499	1769	1897
787	00:25:31	9.02	6499	1768	1897
788	00:25:40	7.92	6499	1768	1897
789	00:25:48	9.02	6499	1768	1896
790	00:25:57	7.92	6499	1768	1896
791	00:26:04	9.01	6499	1767	1896
792	00:26:14	7.62	6499	1767	1896
793	00:26:21	9.03	6499	1767	1895
794	00:26:30	7.92	6499	1767	1895
795	00:26:38	9.03	6499	1766	1895
796	00:26:47	7.31	6499	1766	1895
797	00:26:54	9.03	6499	1766	1895
798	00:27:03	8.49	6499	1766	1895
799	00:27:12	60.49	6499	1765	1894
800	00:28:12	60.12	6499	1763	1892
801	00:29:13	60.11	6499	1762	1890
802	00:30:13	60.11	6499	1760	1888
803	00:31:13	60.16	6499	1758	1887
804	00:32:13	43.03	6499	1757	1885
805	00:32:56	60.45	6499	21.36	24.09
806	00:33:56	60.12	6499	0	0
807	00:34:57	60.11	6502	0	0
808	00:35:57	58.76	6502	0	0
Created by AtlRunQuery on: 2018-12-01 19:06:16.164723
