LHC beam energy and intensities during run 362297:
(Begin/end of run: Sat Sep 29 2018 19:45:52 − Sun Sep 30, 05:41:21)

LB	   Start time
(CEST)	   Duration
(sec)	   Beam energy
(GeV)	   Intensity Beam-1
(1e11 protons)	   Intensity Beam-2
(1e11 protons)
1	19:45:52	60.11	449	2039	1963
2	19:46:53	60.12	449	2120	2073
3	19:47:53	60.12	449	2227	2157
4	19:48:53	11.16	450	2292	2271
5	19:49:04	60.22	450	2373	2313
6	19:50:04	36.60	449	2445	2446
7	19:50:41	10.71	450	2500	2469
8	19:50:51	32.15	450	2600	2468
9	19:51:24	10.27	449	2598	2615
10	19:51:34	16.88	449	2597	2626
11	19:51:51	10.17	449	2596	2625
12	19:52:01	36.07	449	2748	2624
13	19:52:37	60.34	450	2748	2775
14	19:53:37	60.17	449	2746	2778
15	19:54:38	51.29	449	2745	2777
16	19:55:29	60.20	450	2744	2775
17	19:56:29	17.15	484	2743	2774
18	19:56:46	60.24	506	2743	2774
19	19:57:46	60.10	633	2743	2773
20	19:58:47	60.15	829	2743	2771
21	19:59:47	60.12	1084	2743	2771
22	20:00:47	60.12	1412	2743	2770
23	20:01:47	45.28	1759	2742	2770
24	20:02:32	28.18	2020	2731	2758
25	20:03:00	60.57	2182	2731	2758
26	20:04:01	60.12	2535	2731	2758
27	20:05:01	60.11	2882	2731	2758
28	20:06:01	60.12	3230	2731	2758
29	20:07:01	60.13	3577	2730	2758
30	20:08:01	60.14	3925	2730	2758
31	20:09:02	60.11	4278	2730	2757
32	20:10:02	60.11	4625	2729	2757
33	20:11:02	60.13	4973	2729	2757
34	20:12:02	60.13	5320	2728	2757
35	20:13:02	60.12	5667	2727	2756
36	20:14:02	60.12	6015	2726	2756
37	20:15:02	60.11	6362	2723	2755
38	20:16:02	10.31	6499	2721	2755
39	20:16:13	10.27	6499	2721	2755
40	20:16:23	60.42	6499	2721	2754
41	20:17:23	60.11	6499	2720	2754
42	20:18:23	60.11	6499	2720	2754
43	20:19:24	60.11	6499	2719	2754
44	20:20:24	60.37	6499	2719	2754
45	20:21:24	60.11	6499	2718	2753
46	20:22:24	60.13	6499	2718	2753
47	20:23:24	60.12	6499	2717	2753
48	20:24:24	60.35	6499	2717	2753
49	20:25:25	60.11	6499	2716	2753
50	20:26:25	60.17	6499	2716	2753
51	20:27:25	60.12	6499	2715	2753
52	20:28:25	60.12	6499	2713	2752
53	20:29:25	50.54	6499	2712	2752
54	20:30:16	60.42	6499	2711	2751
55	20:31:16	60.11	6499	2710	2751
56	20:32:16	60.16	6499	2708	2751
57	20:33:17	60.15	6499	2706	2750
58	20:34:17	60.17	6499	2703	2746
59	20:35:17	60.11	6499	2700	2744
60	20:36:17	60.14	6499	2697	2741
61	20:37:17	60.11	6499	2694	2738
62	20:38:17	60.11	6499	2692	2736
63	20:39:17	60.11	6499	2688	2733
64	20:40:17	10.31	6499	2687	2731
65	20:40:28	60.43	6499	2685	2730
66	20:41:28	60.12	6499	2682	2727
67	20:42:28	60.11	6499	2679	2724
68	20:43:28	48.93	6499	2677	2722
69	20:44:17	60.38	6499	2675	2720
70	20:45:18	60.10	6499	2672	2717
71	20:46:18	60.12	6499	2669	2714
72	20:47:18	60.16	6499	2667	2711
73	20:48:18	60.13	6499	2664	2709
74	20:49:18	60.14	6499	2661	2706
75	20:50:18	58.30	6499	2658	2703
76	20:51:17	60.22	6499	2655	2700
77	20:52:17	60.15	6499	2653	2698
78	20:53:17	60.15	6499	2650	2695
79	20:54:17	39.29	6499	2648	2693
80	20:54:57	33.84	6499	2646	2691
81	20:55:30	19.49	6499	2645	2690
82	20:55:50	8.99	6499	2645	2689
83	20:55:59	8.26	6499	2644	2689
84	20:56:07	9.02	6499	2644	2689
85	20:56:16	8.48	6499	2644	2689
86	20:56:25	9.03	6499	2644	2688
87	20:56:34	8.52	6499	2643	2688
88	20:56:42	9.02	6499	2643	2688
89	20:56:51	8.23	6499	2643	2687
90	20:56:59	9.04	6499	2642	2687
91	20:57:08	8.23	6499	2642	2687
92	20:57:17	9.22	6499	2641	2686
93	20:57:26	8.32	6499	2641	2686
94	20:57:34	9.02	6499	2641	2686
95	20:57:43	8.22	6499	2640	2685
96	20:57:51	9.01	6499	2640	2685
97	20:58:00	8.56	6499	2640	2685
98	20:58:09	9.02	6499	2640	2685
99	20:58:18	9.91	6499	2639	2684
100	20:58:28	60.55	6499	2638	2683
101	20:59:28	60.12	6499	2635	2680
102	21:00:29	60.14	6499	2633	2678
103	21:01:29	28.53	6499	2631	2676
104	21:01:57	60.15	6499	2629	2674
105	21:02:57	60.14	6499	2627	2672
106	21:03:58	60.16	6499	2624	2669
107	21:04:58	60.11	6499	2622	2667
108	21:05:58	60.12	6499	2619	2665
109	21:06:58	60.12	6499	2617	2662
110	21:07:58	60.12	6499	2614	2659
111	21:08:58	10.27	6499	2613	2658
112	21:09:08	60.45	6499	2612	2656
113	21:10:09	60.16	6499	2610	2654
114	21:11:09	60.12	6499	2607	2652
115	21:12:09	33.95	6499	2606	2650
116	21:12:43	60.27	6499	2604	2648
117	21:13:43	60.18	6499	2602	2646
118	21:14:44	60.12	6499	2600	2644
119	21:15:44	58.61	6499	2598	2641
120	21:16:42	60.38	6499	2596	2639
121	21:17:43	60.37	6499	2594	2637
122	21:18:43	60.11	6499	2591	2634
123	21:19:43	60.10	6499	2589	2632
124	21:20:43	60.11	6499	2587	2630
125	21:21:43	60.14	6499	2585	2627
126	21:22:44	10.29	6499	2584	2626
127	21:22:54	60.11	6499	2582	2625
128	21:23:54	60.12	6499	2580	2623
129	21:24:54	60.11	6499	2578	2620
130	21:25:54	60.13	6499	2576	2618
131	21:26:54	60.13	6499	2574	2616
132	21:27:54	60.16	6499	2572	2614
133	21:28:55	60.11	6499	2570	2612
134	21:29:55	60.11	6499	2568	2610
135	21:30:55	60.16	6499	2566	2608
136	21:31:55	60.14	6499	2564	2605
137	21:32:55	60.14	6499	2561	2603
138	21:33:55	60.17	6499	2559	2601
139	21:34:55	60.16	6499	2557	2599
140	21:35:56	60.11	6499	2555	2597
141	21:36:56	25.85	6499	2554	2596
142	21:37:22	60.57	6499	2552	2594
143	21:38:22	60.36	6499	2550	2592
144	21:39:22	60.12	6499	2548	2590
145	21:40:23	60.11	6499	2546	2588
146	21:41:23	60.12	6499	2544	2586
147	21:42:23	60.12	6499	2542	2584
148	21:43:23	60.12	6499	2540	2582
149	21:44:23	60.12	6499	2538	2580
150	21:45:23	60.15	6499	2536	2578
151	21:46:23	60.17	6499	2534	2576
152	21:47:23	60.11	6499	2531	2574
153	21:48:24	60.12	6499	2529	2572
154	21:49:24	60.12	6499	2527	2571
155	21:50:24	60.11	6499	2525	2569
156	21:51:24	60.10	6499	2523	2567
157	21:52:24	60.12	6499	2521	2565
158	21:53:24	60.12	6499	2519	2563
159	21:54:24	60.13	6499	2517	2561
160	21:55:24	60.16	6499	2515	2559
161	21:56:25	60.11	6499	2513	2557
162	21:57:25	60.16	6499	2511	2556
163	21:58:25	60.15	6499	2509	2554
164	21:59:25	60.11	6499	2507	2552
165	22:00:25	60.15	6499	2505	2550
166	22:01:25	60.13	6499	2503	2548
167	22:02:25	60.14	6499	2501	2546
168	22:03:25	60.14	6499	2499	2544
169	22:04:26	60.12	6499	2497	2542
170	22:05:26	60.14	6499	2495	2541
171	22:06:26	60.12	6499	2493	2539
172	22:07:26	60.12	6499	2491	2537
173	22:08:26	60.12	6499	2489	2535
174	22:09:26	20.67	6499	2488	2534
175	22:09:47	60.52	6499	2486	2533
176	22:10:47	47.05	6499	2484	2531
177	22:11:34	60.14	6499	2483	2529
178	22:12:35	60.16	6499	2480	2528
179	22:13:35	60.16	6499	2478	2526
180	22:14:35	60.10	6499	2476	2524
181	22:15:35	60.13	6499	2474	2522
182	22:16:35	60.11	6499	2472	2521
183	22:17:35	60.16	6499	2470	2519
184	22:18:35	60.12	6499	2468	2517
185	22:19:36	60.14	6499	2466	2516
186	22:20:36	60.11	6499	2464	2514
187	22:21:36	60.12	6499	2462	2512
188	22:22:36	60.11	6499	2460	2510
189	22:23:36	60.13	6499	2458	2509
190	22:24:36	60.14	6499	2456	2507
191	22:25:36	60.13	6499	2454	2505
192	22:26:36	60.12	6499	2452	2503
193	22:27:37	60.14	6499	2451	2502
194	22:28:37	18.33	6499	2449	2501
195	22:28:55	60.48	6499	2448	2499
196	22:29:56	60.13	6499	2446	2498
197	22:30:56	60.15	6499	2444	2496
198	22:31:56	60.36	6499	2442	2494
199	22:32:56	60.37	6499	2440	2493
200	22:33:57	60.10	6499	2438	2491
201	22:34:57	60.17	6499	2436	2489
202	22:35:57	21.34	6499	2435	2488
203	22:36:18	60.13	6499	2434	2487
204	22:37:18	60.16	6499	2432	2485
205	22:38:18	60.17	6499	2430	2483
206	22:39:19	60.17	6499	2428	2482
207	22:40:19	60.16	6499	2426	2480
208	22:41:19	60.14	6499	2424	2478
209	22:42:19	60.15	6499	2422	2477
210	22:43:19	60.14	6499	2420	2475
211	22:44:19	60.11	6499	2418	2473
212	22:45:19	51.93	6499	2416	2472
213	22:46:11	60.57	6499	2414	2470
214	22:47:12	60.12	6499	2412	2469
215	22:48:12	60.12	6499	2411	2467
216	22:49:12	60.13	6499	2409	2465
217	22:50:12	60.12	6499	2407	2464
218	22:51:12	60.12	6499	2405	2462
219	22:52:13	60.12	6499	2403	2461
220	22:53:13	60.13	6499	2401	2459
221	22:54:13	60.11	6499	2399	2457
222	22:55:13	60.15	6499	2397	2456
223	22:56:13	60.11	6499	2395	2454
224	22:57:13	60.12	6499	2393	2452
225	22:58:13	60.15	6499	2391	2451
226	22:59:13	60.13	6499	2389	2449
227	23:00:14	60.11	6499	2387	2448
228	23:01:14	60.11	6499	2385	2446
229	23:02:14	60.12	6499	2384	2445
230	23:03:14	60.12	6499	2382	2443
231	23:04:14	60.16	6499	2380	2441
232	23:05:14	60.16	6499	2378	2440
233	23:06:14	60.12	6499	2376	2438
234	23:07:14	60.13	6499	2374	2436
235	23:08:15	60.17	6499	2372	2435
236	23:09:15	60.11	6499	2370	2433
237	23:10:15	15.99	6499	2369	2432
238	23:10:31	60.78	6499	2368	2431
239	23:11:32	60.17	6499	2366	2430
240	23:12:32	60.11	6499	2364	2428
241	23:13:32	60.12	6499	2362	2426
242	23:14:32	60.12	6499	2360	2425
243	23:15:32	60.12	6499	2358	2423
244	23:16:32	60.13	6499	2357	2422
245	23:17:32	60.12	6499	2355	2420
246	23:18:33	60.34	6499	2353	2419
247	23:19:33	60.12	6499	2351	2417
248	23:20:33	60.12	6499	2349	2416
249	23:21:33	60.11	6499	2347	2414
250	23:22:33	60.12	6499	2345	2412
251	23:23:33	60.11	6499	2343	2411
252	23:24:33	60.11	6499	2341	2409
253	23:25:34	60.12	6499	2339	2408
254	23:26:34	60.14	6499	2338	2406
255	23:27:34	60.12	6499	2336	2405
256	23:28:34	60.14	6499	2334	2403
257	23:29:34	60.16	6499	2332	2402
258	23:30:34	60.12	6499	2330	2400
259	23:31:34	60.13	6499	2328	2399
260	23:32:35	10.29	6499	2327	2398
261	23:32:45	60.44	6499	2326	2397
262	23:33:45	60.12	6499	2324	2395
263	23:34:45	60.11	6499	2322	2394
264	23:35:45	10.27	6499	2321	2393
265	23:35:56	60.12	6499	2320	2392
266	23:36:56	60.40	6499	2318	2390
267	23:37:56	60.14	6499	2316	2389
268	23:38:56	60.13	6499	2314	2387
269	23:39:57	60.12	6499	2313	2386
270	23:40:57	21.79	6499	2311	2385
271	23:41:18	60.10	6499	2310	2384
272	23:42:19	60.15	6499	2308	2382
273	23:43:19	60.13	6499	2306	2381
274	23:44:19	60.12	6499	2305	2379
275	23:45:19	60.14	6499	2303	2378
276	23:46:19	60.13	6499	2301	2376
277	23:47:19	60.12	6499	2299	2375
278	23:48:19	60.14	6499	2297	2373
279	23:49:19	60.12	6499	2295	2372
280	23:50:20	60.12	6499	2294	2370
281	23:51:20	50.73	6499	2292	2369
282	23:52:10	60.47	6499	2290	2368
283	23:53:11	60.15	6499	2288	2366
284	23:54:11	60.09	6499	2287	2364
285	23:55:11	60.14	6499	2285	2363
286	23:56:11	60.11	6499	2283	2361
287	23:57:11	60.14	6499	2281	2360
288	23:58:12	60.12	6499	2279	2358
289	23:59:12	60.17	6499	2277	2357
290	00:00:12	60.13	6499	2276	2355
291	00:01:12	60.11	6499	2274	2354
292	00:02:12	60.16	6499	2272	2352
293	00:03:12	60.15	6499	2270	2351
294	00:04:12	60.12	6499	2268	2350
295	00:05:12	60.12	6499	2266	2348
296	00:06:13	60.11	6499	2265	2347
297	00:07:13	60.12	6499	2263	2345
298	00:08:13	60.12	6499	2261	2344
299	00:09:13	60.14	6498	2259	2342
300	00:10:13	60.10	6499	2258	2341
301	00:11:13	60.11	6499	2256	2339
302	00:12:13	42.83	6499	2254	2338
303	00:12:56	60.47	6499	2253	2337
304	00:13:57	60.11	6499	2251	2335
305	00:14:57	60.15	6499	2249	2334
306	00:15:57	60.14	6499	2248	2332
307	00:16:57	60.11	6499	2246	2331
308	00:17:57	60.11	6499	2244	2329
309	00:18:57	60.12	6499	2242	2328
310	00:19:57	51.26	6499	2240	2327
311	00:20:49	60.22	6499	2239	2325
312	00:21:49	60.11	6499	2237	2324
313	00:22:49	60.12	6499	2236	2322
314	00:23:49	60.12	6499	2234	2321
315	00:24:49	60.13	6499	2232	2319
316	00:25:49	60.15	6499	2230	2318
317	00:26:49	60.19	6499	2229	2317
318	00:27:50	60.12	6499	2227	2315
319	00:28:50	60.10	6499	2225	2314
320	00:29:50	60.13	6499	2223	2312
321	00:30:50	60.13	6499	2222	2311
322	00:31:50	60.13	6499	2220	2309
323	00:32:50	60.36	6499	2218	2308
324	00:33:51	60.10	6499	2216	2306
325	00:34:51	60.13	6499	2215	2305
326	00:35:51	60.12	6499	2213	2303
327	00:36:51	60.11	6499	2211	2302
328	00:37:51	60.15	6499	2209	2301
329	00:38:51	10.27	6499	2208	2300
330	00:39:01	60.42	6499	2207	2299
331	00:40:02	60.12	6499	2205	2297
332	00:41:02	60.12	6499	2204	2296
333	00:42:02	60.17	6499	2202	2295
334	00:43:02	60.13	6499	2200	2293
335	00:44:02	60.12	6499	2198	2292
336	00:45:03	60.13	6499	2197	2290
337	00:46:03	60.11	6499	2195	2289
338	00:47:03	60.17	6499	2193	2288
339	00:48:03	60.10	6499	2191	2286
340	00:49:03	60.13	6499	2190	2285
341	00:50:03	60.16	6499	2188	2283
342	00:51:03	60.12	6499	2186	2282
343	00:52:03	60.12	6499	2185	2280
344	00:53:04	60.14	6499	2183	2279
345	00:54:04	60.11	6499	2181	2278
346	00:55:04	60.10	6499	2179	2276
347	00:56:04	60.12	6499	2178	2275
348	00:57:04	60.11	6499	2176	2273
349	00:58:04	60.12	6499	2174	2272
350	00:59:04	60.11	6499	2173	2270
351	01:00:04	60.13	6499	2171	2269
352	01:01:05	60.16	6499	2169	2268
353	01:02:05	10.27	6499	2168	2267
354	01:02:15	60.44	6499	2167	2266
355	01:03:15	60.12	6499	2166	2265
356	01:04:16	60.12	6499	2164	2263
357	01:05:16	60.14	6499	2162	2262
358	01:06:16	60.12	6499	2161	2260
359	01:07:16	60.11	6499	2159	2259
360	01:08:16	60.14	6499	2157	2258
361	01:09:16	60.35	6499	2156	2256
362	01:10:17	60.13	6499	2154	2255
363	01:11:17	60.15	6499	2152	2253
364	01:12:17	60.10	6499	2151	2252
365	01:13:17	60.15	6499	2149	2251
366	01:14:17	60.13	6499	2147	2249
367	01:15:17	60.12	6499	2146	2248
368	01:16:17	60.14	6499	2144	2247
369	01:17:17	60.14	6499	2143	2245
370	01:18:18	60.11	6499	2141	2244
371	01:19:18	60.15	6499	2139	2242
372	01:20:18	60.10	6499	2138	2241
373	01:21:18	60.11	6499	2136	2240
374	01:22:18	60.11	6499	2135	2238
375	01:23:18	60.12	6499	2133	2237
376	01:24:18	60.11	6499	2131	2235
377	01:25:18	52.36	6499	2130	2234
378	01:26:11	60.45	6499	2128	2233
379	01:27:11	60.17	6499	2127	2232
380	01:28:11	60.12	6499	2125	2230
381	01:29:11	60.15	6499	2123	2229
382	01:30:12	60.15	6499	2122	2228
383	01:31:12	60.13	6499	2120	2226
384	01:32:12	60.12	6499	2118	2225
385	01:33:12	60.16	6499	2117	2223
386	01:34:12	60.12	6499	2115	2222
387	01:35:12	60.15	6499	2113	2221
388	01:36:12	60.11	6499	2112	2219
389	01:37:13	60.15	6499	2110	2218
390	01:38:13	60.15	6499	2108	2217
391	01:39:13	60.11	6499	2107	2215
392	01:40:13	60.12	6499	2105	2214
393	01:41:13	60.17	6499	2104	2213
394	01:42:13	60.13	6499	2102	2211
395	01:43:13	60.12	6499	2100	2210
396	01:44:14	60.10	6499	2099	2209
397	01:45:14	60.14	6499	2097	2207
398	01:46:14	60.12	6499	2096	2206
399	01:47:14	60.12	6499	2094	2204
400	01:48:14	60.12	6499	2093	2203
401	01:49:14	60.15	6499	2091	2202
402	01:50:14	60.12	6499	2089	2200
403	01:51:14	60.12	6499	2088	2199
404	01:52:15	60.11	6499	2086	2198
405	01:53:15	60.12	6499	2084	2196
406	01:54:15	10.07	6499	2084	2196
407	01:54:25	60.45	6499	2083	2195
408	01:55:25	60.11	6499	2081	2193
409	01:56:25	60.11	6499	2080	2192
410	01:57:25	60.12	6499	2078	2191
411	01:58:26	60.10	6499	2076	2189
412	01:59:26	60.41	6499	2075	2188
413	02:00:26	60.13	6499	2073	2187
414	02:01:26	60.12	6499	2072	2185
415	02:02:26	60.13	6499	2070	2184
416	02:03:27	60.13	6499	2069	2183
417	02:04:27	60.15	6499	2067	2181
418	02:05:27	60.14	6499	2065	2180
419	02:06:27	60.16	6499	2064	2179
420	02:07:27	60.12	6499	2062	2177
421	02:08:27	60.38	6499	2060	2176
422	02:09:28	60.13	6499	2059	2175
423	02:10:28	60.12	6499	2057	2173
424	02:11:28	60.13	6499	2056	2172
425	02:12:28	60.18	6499	2054	2171
426	02:13:28	60.13	6499	2053	2169
427	02:14:28	60.11	6499	2051	2168
428	02:15:28	60.17	6498	2050	2166
429	02:16:29	60.11	6499	2048	2165
430	02:17:29	60.11	6499	2046	2164
431	02:18:29	60.12	6499	2045	2162
432	02:19:29	60.16	6499	2043	2161
433	02:20:29	60.13	6499	2042	2160
434	02:21:29	60.12	6499	2040	2158
435	02:22:29	60.17	6499	2038	2157
436	02:23:29	60.15	6499	2037	2156
437	02:24:30	60.16	6499	2035	2154
438	02:25:30	60.11	6499	2034	2153
439	02:26:30	60.12	6499	2032	2151
440	02:27:30	60.18	6499	2030	2150
441	02:28:30	60.17	6499	2029	2149
442	02:29:30	60.17	6499	2027	2148
443	02:30:31	60.11	6499	2026	2146
444	02:31:31	60.11	6499	2024	2145
445	02:32:31	60.11	6499	2022	2144
446	02:33:31	60.16	6499	2021	2142
447	02:34:31	60.17	6499	2019	2141
448	02:35:31	60.12	6499	2018	2140
449	02:36:31	60.15	6499	2016	2138
450	02:37:31	60.12	6498	2014	2137
451	02:38:32	60.13	6499	2013	2136
452	02:39:32	60.12	6499	2011	2134
453	02:40:32	52.07	6499	2010	2133
454	02:41:24	60.54	6499	2008	2132
455	02:42:24	60.10	6499	2007	2130
456	02:43:25	60.14	6499	2005	2129
457	02:44:25	60.12	6499	2004	2128
458	02:45:25	60.36	6499	2002	2126
459	02:46:25	60.15	6499	2000	2125
460	02:47:25	60.12	6499	1999	2124
461	02:48:25	60.12	6499	1997	2122
462	02:49:26	60.16	6499	1996	2121
463	02:50:26	60.14	6499	1994	2120
464	02:51:26	60.14	6499	1993	2119
465	02:52:26	60.13	6499	1991	2117
466	02:53:26	60.12	6499	1990	2116
467	02:54:26	60.11	6499	1988	2115
468	02:55:26	60.16	6499	1987	2113
469	02:56:27	60.12	6499	1985	2112
470	02:57:27	60.23	6499	1984	2111
471	02:58:27	60.15	6499	1982	2109
472	02:59:27	60.14	6499	1981	2108
473	03:00:27	60.13	6499	1979	2107
474	03:01:27	60.12	6499	1978	2106
475	03:02:27	60.16	6499	1976	2104
476	03:03:28	60.11	6499	1975	2103
477	03:04:28	60.13	6499	1973	2102
478	03:05:28	60.10	6499	1972	2100
479	03:06:28	60.13	6499	1970	2099
480	03:07:28	60.17	6499	1969	2098
481	03:08:28	60.17	6499	1967	2096
482	03:09:28	60.16	6499	1966	2095
483	03:10:29	60.12	6499	1964	2094
484	03:11:29	60.15	6499	1963	2093
485	03:12:29	10.37	6499	1962	2092
486	03:12:39	60.49	6499	1961	2091
487	03:13:40	60.10	6499	1959	2090
488	03:14:40	60.11	6499	1958	2088
489	03:15:40	60.18	6499	1956	2087
490	03:16:40	60.14	6499	1955	2086
491	03:17:40	60.12	6499	1953	2085
492	03:18:40	60.16	6499	1952	2083
493	03:19:40	60.14	6499	1951	2082
494	03:20:41	60.16	6499	1949	2081
495	03:21:41	60.11	6499	1947	2079
496	03:22:41	60.12	6499	1946	2078
497	03:23:41	60.38	6499	1944	2077
498	03:24:41	60.12	6499	1943	2076
499	03:25:42	60.15	6499	1941	2074
500	03:26:42	60.17	6499	1940	2073
501	03:27:42	60.12	6499	1938	2072
502	03:28:42	60.12	6499	1937	2070
503	03:29:42	60.13	6499	1935	2069
504	03:30:42	60.11	6499	1934	2068
505	03:31:42	60.18	6499	1932	2067
506	03:32:42	60.13	6499	1931	2065
507	03:33:43	60.12	6499	1929	2064
508	03:34:43	60.19	6499	1928	2063
509	03:35:43	60.15	6499	1927	2062
510	03:36:43	60.18	6499	1925	2060
511	03:37:43	60.12	6499	1924	2059
512	03:38:43	60.12	6499	1922	2058
513	03:39:43	60.12	6499	1921	2056
514	03:40:44	60.12	6499	1919	2055
515	03:41:44	60.36	6499	1918	2054
516	03:42:44	60.15	6499	1916	2053
517	03:43:44	60.11	6499	1915	2051
518	03:44:44	60.11	6499	1914	2050
519	03:45:44	60.11	6499	1912	2049
520	03:46:45	60.16	6499	1911	2048
521	03:47:45	60.12	6499	1909	2046
522	03:48:45	60.18	6499	1908	2045
523	03:49:45	40.61	6499	1907	2044
524	03:50:26	60.36	6499	1906	2043
525	03:51:26	60.16	6499	1904	2042
526	03:52:26	60.19	6499	1903	2040
527	03:53:26	60.15	6499	1901	2039
528	03:54:26	60.13	6499	1900	2038
529	03:55:27	60.17	6499	1899	2037
530	03:56:27	60.11	6499	1897	2035
531	03:57:27	60.12	6499	1896	2034
532	03:58:27	60.14	6499	1894	2033
533	03:59:27	60.10	6499	1893	2032
534	04:00:27	60.17	6499	1891	2030
535	04:01:27	60.16	6499	1890	2029
536	04:02:28	60.30	6499	1888	2028
537	04:03:28	60.13	6499	1887	2027
538	04:04:28	60.13	6499	1885	2025
539	04:05:28	60.37	6499	1884	2024
540	04:06:29	60.16	6499	1883	2023
541	04:07:29	60.40	6499	1881	2022
542	04:08:29	60.16	6499	1880	2020
543	04:09:29	60.13	6499	1878	2019
544	04:10:29	60.11	6499	1877	2018
545	04:11:29	60.14	6499	1875	2017
546	04:12:30	60.11	6499	1874	2015
547	04:13:30	60.12	6499	1873	2014
548	04:14:30	60.16	6499	1871	2013
549	04:15:30	60.13	6499	1870	2012
550	04:16:30	60.14	6499	1868	2010
551	04:17:30	60.12	6499	1867	2009
552	04:18:30	60.15	6499	1866	2008
553	04:19:31	60.16	6499	1864	2007
554	04:20:31	60.37	6499	1863	2006
555	04:21:31	60.11	6499	1861	2004
556	04:22:31	60.14	6499	1860	2003
557	04:23:31	60.11	6499	1859	2002
558	04:24:31	60.16	6499	1857	2001
559	04:25:32	60.15	6499	1856	1999
560	04:26:32	60.16	6499	1854	1998
561	04:27:32	10.29	6499	1854	1997
562	04:27:42	60.39	6499	1853	1997
563	04:28:43	60.14	6499	1851	1995
564	04:29:43	60.11	6499	1850	1994
565	04:30:43	60.14	6499	1849	1993
566	04:31:43	60.14	6499	1847	1992
567	04:32:43	60.14	6499	1846	1991
568	04:33:43	60.17	6499	1844	1989
569	04:34:43	60.12	6499	1843	1988
570	04:35:44	60.14	6499	1842	1987
571	04:36:44	60.16	6499	1840	1986
572	04:37:44	60.10	6499	1839	1984
573	04:38:44	60.15	6499	1838	1983
574	04:39:44	60.13	6499	1836	1982
575	04:40:44	60.10	6499	1835	1981
576	04:41:44	60.13	6499	1834	1980
577	04:42:44	60.14	6499	1832	1978
578	04:43:45	60.12	6499	1831	1977
579	04:44:45	60.11	6499	1830	1976
580	04:45:45	60.16	6499	1828	1975
581	04:46:45	60.13	6499	1827	1973
582	04:47:45	60.13	6499	1825	1972
583	04:48:45	36.22	6499	1824	1971
584	04:49:21	60.27	6499	1823	1970
585	04:50:22	60.12	6499	1822	1969
586	04:51:22	41.16	6498	1821	1968
587	04:52:03	60.09	6499	1820	1967
588	04:53:03	60.15	6499	1818	1966
589	04:54:03	60.16	6499	1817	1965
590	04:55:03	60.14	6499	1816	1964
591	04:56:04	60.18	6499	1814	1962
592	04:57:04	60.11	6499	1813	1961
593	04:58:04	60.13	6499	1812	1960
594	04:59:04	60.13	6499	1810	1959
595	05:00:04	60.13	6499	1809	1958
596	05:01:04	60.38	6499	1808	1956
597	05:02:05	60.11	6499	1806	1955
598	05:03:05	60.17	6499	1805	1954
599	05:04:05	60.14	6499	1804	1953
600	05:05:05	60.12	6499	1802	1952
601	05:06:05	60.16	6499	1801	1951
602	05:07:05	60.10	6499	1800	1949
603	05:08:05	60.13	6499	1798	1948
604	05:09:06	60.40	6499	1797	1947
605	05:10:06	18.61	6498	1796	1946
606	05:10:25	60.58	6499	1795	1945
607	05:11:25	60.11	6499	1794	1944
608	05:12:25	60.38	6499	1792	1943
609	05:13:26	60.14	6499	1791	1942
610	05:14:26	60.14	6499	1789	1940
611	05:15:26	60.19	6498	1787	1939
612	05:16:26	60.16	6499	1784	1937
613	05:17:26	60.12	6499	1781	1935
614	05:18:26	60.12	6499	1779	1933
615	05:19:26	60.10	6499	1777	1932
616	05:20:27	60.14	6499	1775	1930
617	05:21:27	60.11	6499	1773	1928
618	05:22:27	60.15	6499	1771	1927
619	05:23:27	60.15	6499	1769	1925
620	05:24:27	60.15	6499	1767	1924
621	05:25:27	60.17	6499	1765	1922
622	05:26:27	60.11	6499	1763	1920
623	05:27:28	60.15	6499	1761	1919
624	05:28:28	60.14	6499	1759	1917
625	05:29:28	60.11	6499	1757	1916
626	05:30:28	60.15	6499	1755	1914
627	05:31:28	60.14	6499	1753	1913
628	05:32:28	60.15	6499	1752	1911
629	05:33:28	60.14	6499	1750	1910
630	05:34:29	60.14	6499	1748	1908
631	05:35:29	60.16	6499	1746	1906
632	05:36:29	10.28	6499	1074	1174
633	05:36:39	60.43	6499	0	0
634	05:37:40	60.12	6499	0	0
635	05:38:40	60.11	6499	0	0
636	05:39:40	60.11	6499	0	0
637	05:40:40	41.12	6499	0	0
Created by AtlRunQuery on: 2018-12-01 19:36:25.149787
