LHC beam energy and intensities during run 363198:
(Begin/end of run: Mon Oct 08 2018 21:36:57 − Tue Oct 09, 16:07:21)

LB	   Start time
(CEST)	   Duration
(sec)	   Beam energy
(GeV)	   Intensity Beam-1
(1e11 protons)	   Intensity Beam-2
(1e11 protons)
1	21:36:57	60.41	59	0	0
2	21:37:58	57.27	59	0	0
3	21:38:55	41.40	59	0	0
4	21:39:36	60.14	59	0	0
5	21:40:36	60.11	59	0	0
6	21:41:36	60.12	59	0	0
7	21:42:37	60.13	59	0	0
8	21:43:37	60.11	59	0	0
9	21:44:37	60.13	59	0	0
10	21:45:37	60.12	59	0	0
11	21:46:37	60.13	59	0	0
12	21:47:37	60.37	59	0	0
13	21:48:38	60.12	59	0	0
14	21:49:38	60.11	59	0	0
15	21:50:38	60.12	59	0	0
16	21:51:38	60.10	59	0	0
17	21:52:38	60.12	59	0	0
18	21:53:38	60.11	59	0	0
19	21:54:38	60.12	59	0	0
20	21:55:38	60.11	59	0	0
21	21:56:39	60.39	59	0	0
22	21:57:39	60.11	59	0	0
23	21:58:39	60.37	59	0	0
24	21:59:39	60.44	59	0	0
25	22:00:40	60.10	59	0	0
26	22:01:40	60.13	59	0	0
27	22:02:40	60.12	59	0	0
28	22:03:40	60.12	59	0	0
29	22:04:40	60.11	59	0	0
30	22:05:40	60.12	59	0	0
31	22:06:41	31.76	59	0	0
32	22:07:12	14.96	59	0	0
33	22:07:27	60.29	59	0	0
34	22:08:28	60.12	59	0	0
35	22:09:28	60.11	59	0	0
36	22:10:28	60.12	59	0	0
37	22:11:28	60.15	59	0	0
38	22:12:28	60.12	59	0	0
39	22:13:28	60.12	59	0	0
40	22:14:28	60.11	59	0	0
41	22:15:28	60.13	374	0	0
42	22:16:29	60.13	736	0	0
43	22:17:29	60.17	1093	0	0
44	22:18:29	60.12	1450	0	0
45	22:19:29	60.14	1806	0	0
46	22:20:29	60.12	2163	0	0
47	22:21:29	60.11	2520	0	0
48	22:22:29	60.10	2876	0	0
49	22:23:29	60.44	3233	0	0
50	22:24:30	60.11	3565	0	0
51	22:25:30	60.39	3565	0	0
52	22:26:30	60.11	3565	0	0
53	22:27:30	60.38	3565	0	0
54	22:28:31	60.12	3565	0	0
55	22:29:31	60.12	3565	0	0
56	22:30:31	60.11	3565	0	0
57	22:31:31	60.12	3565	0	0
58	22:32:31	60.11	3565	0	0
59	22:33:31	60.11	3565	0	0
60	22:34:32	60.13	3564	0	0
61	22:35:32	60.11	3227	0	0
62	22:36:32	60.11	2870	0	0
63	22:37:32	60.10	2514	0	0
64	22:38:32	60.11	2157	0	0
65	22:39:32	60.13	1800	0	0
66	22:40:32	60.11	1444	0	0
67	22:41:32	60.12	1087	0	0
68	22:42:32	60.11	731	0	0
69	22:43:33	60.14	368	0	0
70	22:44:33	60.13	59	0	0
71	22:45:33	60.12	59	0	0
72	22:46:33	60.16	59	0	0
73	22:47:33	60.13	59	0	0
74	22:48:33	60.12	59	0	0
75	22:49:33	60.12	59	0	0
76	22:50:33	60.13	59	0	0
77	22:51:34	60.12	59	0	0
78	22:52:34	60.13	59	0	0
79	22:53:34	60.11	59	0	0
80	22:54:34	60.11	59	0	0
81	22:55:34	60.12	334	0	0
82	22:56:34	60.12	449	0	0
83	22:57:34	60.11	450	0	0
84	22:58:34	60.12	450	0	0
85	22:59:35	60.11	450	0	0
86	23:00:35	60.10	450	0	0
87	23:01:35	60.12	449	0	0
88	23:02:35	60.10	450	0	0
89	23:03:35	60.11	450	0	0
90	23:04:35	35.28	450	0	0
91	23:05:10	60.21	450	0	0
92	23:06:11	60.11	449	0.03007	0
93	23:07:11	60.12	449	0.09106	0.06313
94	23:08:11	60.13	450	0.09105	0.0877
95	23:09:11	60.15	450	0.09105	0.08768
96	23:10:11	60.12	449	0.09104	0.08766
97	23:11:11	60.13	449	0.09104	0.08765
98	23:12:11	60.12	450	0.09104	0.08764
99	23:13:11	60.12	450	0.09103	0.08762
100	23:14:12	60.13	450	0.09098	0.08756
101	23:15:12	60.13	449	0.09094	0.08751
102	23:16:12	60.15	449	0.09092	0.08748
103	23:17:12	60.12	450	0.09092	0.08747
104	23:18:12	60.12	450	5.476	0.08737
105	23:19:12	60.10	449	11.87	10.27
106	23:20:12	60.14	450	11.84	12.09
107	23:21:12	60.13	450	11.81	12.05
108	23:22:13	60.11	449	11.78	12.01
109	23:23:13	60.14	449	11.75	11.96
110	23:24:13	60.12	450	11.71	11.91
111	23:25:13	60.15	449	12.03	11.85
112	23:26:13	60.12	450	23.61	16.8
113	23:27:13	60.12	450	23.57	23.68
114	23:28:13	60.12	450	83.13	23.61
115	23:29:13	60.12	449	130.1	122.4
116	23:30:14	60.15	450	243	141.8
117	23:31:14	60.11	449	124.9	123.1
118	23:32:14	60.12	449	0	0
119	23:33:14	60.11	450	0	0
120	23:34:14	60.12	450	0	0
121	23:35:14	60.13	449	0	0
122	23:36:14	60.16	450	0	0
123	23:37:15	60.12	450	0.03863	0
124	23:38:15	60.13	450	0.09701	0.06411
125	23:39:15	60.39	450	0.09699	0.08215
126	23:40:15	60.12	449	0.09698	0.08206
127	23:41:15	60.11	449	0.09697	0.08195
128	23:42:15	60.12	449	0.09695	0.08185
129	23:43:15	60.11	450	0.09694	0.08175
130	23:44:16	60.15	449	0.09692	0.08166
131	23:45:16	60.12	449	0.09675	0.08133
132	23:46:16	60.11	450	0.09663	0.08106
133	23:47:16	60.12	450	11.97	4.612
134	23:48:16	60.12	450	12.04	11.93
135	23:49:16	60.12	450	12.03	11.93
136	23:50:16	60.12	450	12	11.92
137	23:51:16	60.12	449	11.97	11.89
138	23:52:17	60.12	449	57.43	11.87
139	23:53:17	60.12	449	147.3	98.64
140	23:54:17	60.12	449	275.2	208.7
141	23:55:17	60.11	450	425.9	329.1
142	23:56:17	60.11	449	547.6	449
143	23:57:17	60.10	450	641.5	591.4
144	23:58:17	60.11	450	733.7	683.1
145	23:59:17	60.11	450	853.3	795.4
146	00:00:17	60.12	449	1011	914.1
147	00:01:18	60.16	449	1134	1034
148	00:02:18	60.12	450	1254	1168
149	00:03:18	60.11	449	1358	1311
150	00:04:18	60.38	449	1440	1396
151	00:05:18	60.11	450	1587	1499
152	00:06:18	60.13	449	1717	1619
153	00:07:19	60.12	450	1741	1744
154	00:08:19	60.11	450	1739	1742
155	00:09:19	60.13	450	1753	1740
156	00:10:19	60.12	450	1892	1816
157	00:11:19	60.12	450	2028	1934
158	00:12:19	60.11	450	2111	2052
159	00:13:19	60.12	449	2209	2154
160	00:14:19	60.12	450	2325	2275
161	00:15:20	60.12	450	2455	2392
162	00:16:20	60.12	449	2596	2508
163	00:17:20	60.11	449	2713	2626
164	00:18:20	60.11	449	2759	2773
165	00:19:20	60.13	450	2758	2771
166	00:20:20	60.12	450	2756	2769
167	00:21:20	60.11	450	2754	2767
168	00:22:20	60.11	449	2752	2765
169	00:23:20	60.11	450	2750	2762
170	00:24:21	60.13	497	2749	2760
171	00:25:21	60.12	616	2749	2760
172	00:26:21	60.10	803	2748	2758
173	00:27:21	60.12	1049	2748	2758
174	00:28:21	60.12	1370	2748	2757
175	00:29:21	35.51	1717	2747	2757
176	00:29:57	25.92	1925	2736	2746
177	00:30:23	60.60	2076	2736	2746
178	00:31:23	60.12	2423	2736	2746
179	00:32:23	60.14	2771	2736	2746
180	00:33:23	60.12	3118	2736	2746
181	00:34:24	60.11	3471	2736	2746
182	00:35:24	60.11	3819	2735	2746
183	00:36:24	60.15	4166	2734	2745
184	00:37:24	60.03	4513	2734	2745
185	00:38:24	60.16	4861	2733	2745
186	00:39:24	60.11	5208	2733	2745
187	00:40:24	60.10	5556	2731	2744
188	00:41:24	60.12	5903	2730	2743
189	00:42:25	60.16	6256	2727	2742
190	00:43:25	23.72	6499	2724	2742
191	00:43:48	12.59	6499	2723	2742
192	00:44:01	60.70	6499	2723	2742
193	00:45:02	60.12	6499	2723	2741
194	00:46:02	60.11	6499	2722	2741
195	00:47:02	60.11	6499	2722	2741
196	00:48:02	60.11	6499	2722	2741
197	00:49:02	60.16	6499	2721	2741
198	00:50:02	60.11	6499	2721	2741
199	00:51:02	60.12	6499	2720	2741
200	00:52:03	60.12	6499	2720	2741
201	00:53:03	60.12	6499	2720	2741
202	00:54:03	60.12	6499	2719	2741
203	00:55:03	60.11	6499	2719	2741
204	00:56:03	60.17	6499	2718	2741
205	00:57:03	60.11	6499	2717	2740
206	00:58:03	60.14	6499	2716	2740
207	00:59:03	29.00	6499	2715	2740
208	00:59:32	60.45	6499	2713	2739
209	01:00:33	60.14	6499	2712	2739
210	01:01:33	60.13	6499	2711	2739
211	01:02:33	60.11	6499	2709	2738
212	01:03:33	60.12	6499	2706	2735
213	01:04:33	60.13	6499	2702	2732
214	01:05:34	60.11	6499	2699	2729
215	01:06:34	60.11	6499	2696	2725
216	01:07:34	50.95	6499	2692	2722
217	01:08:25	60.50	6499	2688	2718
218	01:09:25	60.11	6499	2684	2714
219	01:10:25	60.11	6499	2680	2710
220	01:11:25	52.06	6499	2677	2707
221	01:12:17	32.66	6499	2675	2704
222	01:12:50	10.47	6499	2674	2703
223	01:13:01	60.20	6499	2671	2701
224	01:14:01	54.56	6499	2668	2698
225	01:14:55	60.44	6499	2665	2694
226	01:15:56	60.40	6499	2662	2691
227	01:16:56	60.11	6499	2659	2687
228	01:17:56	60.11	6499	2656	2684
229	01:18:56	60.12	6499	2654	2682
230	01:19:57	60.16	6499	2651	2679
231	01:20:57	60.10	6499	2648	2676
232	01:21:57	60.16	6499	2646	2673
233	01:22:57	13.10	6499	2644	2671
234	01:23:10	60.32	6499	2643	2670
235	01:24:10	20.84	6499	2641	2668
236	01:24:31	60.58	6499	2639	2666
237	01:25:32	60.11	6499	2636	2663
238	01:26:32	60.11	6499	2634	2660
239	01:27:32	15.33	6499	2632	2659
240	01:27:47	12.79	6499	2631	2658
241	01:28:00	9.03	6499	2631	2658
242	01:28:09	8.48	6499	2631	2657
243	01:28:18	9.06	6499	2630	2657
244	01:28:27	8.18	6499	2630	2657
245	01:28:35	9.02	6499	2630	2657
246	01:28:44	8.52	6499	2630	2656
247	01:28:52	9.02	6499	2629	2656
248	01:29:01	8.52	6499	2629	2656
249	01:29:10	9.02	6499	2628	2655
250	01:29:19	8.52	6499	2628	2655
251	01:29:28	9.02	6499	2628	2654
252	01:29:37	8.52	6499	2627	2654
253	01:29:45	9.02	6499	2627	2654
254	01:29:54	8.53	6499	2626	2653
255	01:30:03	9.01	6499	2626	2653
256	01:30:12	8.22	6499	2626	2653
257	01:30:20	9.23	6499	2626	2653
258	01:30:29	23.85	6499	2625	2652
259	01:30:53	9.03	6499	2624	2651
260	01:31:02	7.91	6499	2624	2651
261	01:31:10	9.03	6499	2624	2651
262	01:31:19	7.92	6499	2624	2650
263	01:31:27	9.02	6499	2623	2650
264	01:31:36	7.62	6499	2623	2650
265	01:31:43	9.02	6499	2622	2650
266	01:31:52	7.93	6499	2622	2649
267	01:32:00	9.03	6499	2622	2649
268	01:32:09	7.92	6499	2621	2648
269	01:32:17	9.02	6499	2621	2648
270	01:32:26	7.63	6499	2621	2648
271	01:32:34	9.02	6499	2620	2647
272	01:32:43	7.94	6499	2620	2647
273	01:32:51	9.02	6499	2620	2647
274	01:33:00	7.92	6499	2619	2647
275	01:33:08	9.06	6499	2619	2646
276	01:33:17	8.92	6499	2619	2646
277	01:33:26	60.34	6499	2617	2645
278	01:34:26	60.11	6499	2615	2642
279	01:35:26	60.14	6499	2612	2639
280	01:36:26	50.40	6499	2610	2637
281	01:37:17	60.58	6499	2608	2635
282	01:38:17	60.35	6499	2605	2632
283	01:39:18	60.16	6499	2603	2630
284	01:40:18	60.11	6499	2601	2627
285	01:41:18	60.12	6499	2598	2625
286	01:42:18	60.11	6499	2596	2622
287	01:43:18	60.16	6499	2593	2620
288	01:44:18	60.11	6499	2591	2618
289	01:45:19	60.12	6499	2588	2616
290	01:46:19	48.24	6499	2586	2613
291	01:47:07	60.49	6499	2584	2611
292	01:48:07	45.24	6499	2583	2609
293	01:48:53	60.20	6499	2581	2607
294	01:49:53	60.12	6499	2579	2605
295	01:50:53	60.14	6499	2576	2603
296	01:51:53	60.12	6499	2574	2601
297	01:52:53	40.57	6499	2572	2599
298	01:53:34	60.45	6499	2571	2597
299	01:54:34	60.11	6499	2568	2595
300	01:55:34	60.12	6499	2566	2593
301	01:56:35	60.15	6499	2563	2590
302	01:57:35	60.15	6499	2561	2588
303	01:58:35	60.28	6499	2559	2586
304	01:59:35	60.13	6499	2556	2584
305	02:00:35	60.39	6499	2554	2582
306	02:01:36	28.73	6499	2552	2580
307	02:02:04	60.24	6499	2551	2578
308	02:03:05	60.13	6499	2548	2576
309	02:04:05	60.11	6499	2546	2574
310	02:05:05	60.11	6499	2543	2572
311	02:06:05	60.11	6499	2541	2570
312	02:07:05	60.12	6499	2539	2568
313	02:08:05	60.11	6499	2537	2566
314	02:09:05	60.16	6499	2535	2564
315	02:10:05	60.17	6499	2532	2562
316	02:11:06	60.12	6499	2530	2560
317	02:12:06	60.11	6499	2528	2558
318	02:13:06	60.11	6499	2526	2556
319	02:14:06	60.11	6499	2524	2554
320	02:15:06	60.14	6499	2521	2552
321	02:16:06	60.15	6499	2519	2550
322	02:17:06	60.16	6499	2517	2548
323	02:18:06	60.11	6499	2515	2546
324	02:19:07	60.12	6499	2512	2544
325	02:20:07	60.12	6499	2510	2542
326	02:21:07	60.11	6499	2508	2540
327	02:22:07	60.11	6499	2506	2538
328	02:23:07	60.15	6499	2504	2536
329	02:24:07	60.13	6499	2502	2534
330	02:25:07	60.11	6499	2500	2532
331	02:26:07	60.13	6499	2497	2530
332	02:27:08	60.12	6499	2495	2529
333	02:28:08	60.15	6499	2493	2527
334	02:29:08	60.11	6499	2491	2525
335	02:30:08	60.11	6499	2489	2523
336	02:31:08	60.12	6499	2487	2521
337	02:32:08	60.16	6499	2484	2519
338	02:33:08	60.12	6499	2482	2517
339	02:34:08	60.15	6499	2480	2516
340	02:35:09	60.11	6499	2478	2514
341	02:36:09	60.12	6499	2476	2512
342	02:37:09	60.12	6499	2474	2510
343	02:38:09	60.11	6499	2472	2508
344	02:39:09	60.12	6499	2470	2507
345	02:40:09	60.17	6499	2468	2505
346	02:41:09	60.12	6499	2465	2503
347	02:42:09	60.11	6499	2463	2501
348	02:43:10	60.11	6499	2461	2500
349	02:44:10	60.12	6499	2459	2498
350	02:45:10	60.17	6499	2457	2496
351	02:46:10	60.11	6499	2455	2494
352	02:47:10	60.15	6499	2453	2492
353	02:48:10	60.14	6499	2451	2491
354	02:49:10	60.11	6499	2449	2489
355	02:50:11	60.12	6499	2447	2487
356	02:51:11	53.43	6499	2445	2486
357	02:52:04	60.53	6499	2443	2484
358	02:53:05	60.11	6499	2441	2482
359	02:54:05	60.12	6499	2439	2481
360	02:55:05	60.16	6499	2437	2479
361	02:56:05	60.11	6499	2435	2477
362	02:57:05	60.11	6499	2433	2475
363	02:58:05	60.11	6499	2431	2474
364	02:59:05	60.15	6499	2429	2472
365	03:00:05	59.11	6499	2427	2470
366	03:01:05	10.10	6499	2426	2469
367	03:01:15	10.26	6499	2425	2469
368	03:01:25	60.16	6499	2424	2468
369	03:02:25	60.11	6499	2422	2467
370	03:03:25	60.11	6499	2420	2465
371	03:04:25	60.11	6499	2418	2463
372	03:05:25	35.32	6499	2417	2462
373	03:06:01	60.44	6499	2415	2460
374	03:07:01	19.19	6499	2414	2459
375	03:07:20	60.25	6499	2412	2458
376	03:08:21	59.62	6499	2410	2457
377	03:09:20	60.10	6499	2408	2455
378	03:10:20	60.11	6499	2406	2453
379	03:11:20	60.12	6499	2404	2452
380	03:12:21	55.15	6499	2403	2450
381	03:13:16	60.12	6499	2401	2448
382	03:14:16	60.12	6499	2399	2447
383	03:15:16	60.11	6499	2397	2445
384	03:16:16	60.12	6499	2395	2444
385	03:17:16	60.12	6499	2393	2442
386	03:18:16	60.11	6499	2391	2440
387	03:19:16	60.12	6499	2389	2439
388	03:20:17	60.16	6499	2387	2437
389	03:21:17	60.13	6499	2385	2436
390	03:22:17	60.11	6499	2383	2434
391	03:23:17	60.13	6499	2381	2432
392	03:24:17	60.12	6499	2379	2431
393	03:25:17	60.12	6499	2377	2429
394	03:26:17	10.73	6499	2376	2428
395	03:26:28	60.44	6499	2375	2427
396	03:27:29	60.12	6499	2373	2426
397	03:28:29	60.12	6499	2371	2424
398	03:29:29	60.17	6499	2370	2423
399	03:30:29	60.12	6499	2368	2421
400	03:31:29	10.27	6499	2367	2420
401	03:31:39	60.11	6499	2365	2419
402	03:32:39	60.10	6499	2364	2418
403	03:33:40	60.11	6499	2362	2416
404	03:34:40	60.12	6499	2360	2414
405	03:35:40	60.11	6499	2358	2413
406	03:36:40	60.15	6499	2356	2411
407	03:37:40	60.18	6499	2354	2410
408	03:38:40	60.12	6499	2352	2408
409	03:39:40	60.12	6499	2350	2406
410	03:40:40	60.15	6499	2348	2405
411	03:41:41	60.12	6499	2347	2403
412	03:42:41	60.11	6499	2345	2402
413	03:43:41	60.10	6499	2343	2400
414	03:44:41	60.11	6499	2341	2399
415	03:45:41	60.12	6499	2339	2397
416	03:46:41	60.12	6499	2337	2395
417	03:47:41	60.12	6499	2335	2394
418	03:48:41	60.12	6499	2333	2392
419	03:49:42	60.16	6499	2332	2391
420	03:50:42	60.14	6499	2330	2389
421	03:51:42	60.11	6499	2328	2387
422	03:52:42	60.11	6499	2326	2386
423	03:53:42	60.35	6499	2324	2384
424	03:54:42	60.10	6499	2322	2383
425	03:55:42	60.10	6499	2320	2381
426	03:56:43	60.11	6499	2318	2379
427	03:57:43	60.11	6499	2316	2378
428	03:58:43	60.13	6499	2314	2376
429	03:59:43	60.11	6499	2313	2375
430	04:00:43	60.15	6499	2311	2373
431	04:01:43	60.40	6499	2309	2372
432	04:02:44	60.39	6499	2307	2370
433	04:03:44	60.15	6499	2304	2368
434	04:04:44	60.11	6499	2302	2367
435	04:05:44	60.14	6499	2300	2365
436	04:06:44	15.42	6499	2299	2364
437	04:07:00	60.52	6499	2297	2363
438	04:08:00	60.35	6499	2295	2361
439	04:09:01	60.11	6499	2293	2360
440	04:10:01	60.12	6499	2292	2358
441	04:11:01	60.16	6499	2290	2356
442	04:12:01	60.11	6499	2288	2355
443	04:13:01	60.38	6499	2286	2353
444	04:14:02	60.15	6499	2284	2351
445	04:15:02	60.12	6499	2282	2350
446	04:16:02	60.11	6499	2280	2348
447	04:17:02	60.14	6499	2278	2346
448	04:18:02	60.11	6499	2276	2345
449	04:19:02	60.14	6499	2274	2343
450	04:20:02	60.11	6499	2272	2341
451	04:21:02	60.16	6499	2271	2340
452	04:22:03	60.14	6499	2269	2338
453	04:23:03	60.15	6498	2267	2336
454	04:24:03	60.13	6499	2265	2335
455	04:25:03	60.11	6499	2263	2333
456	04:26:03	60.11	6499	2261	2332
457	04:27:03	60.11	6499	2259	2330
458	04:28:03	56.62	6499	2257	2328
459	04:29:00	60.68	6499	2255	2327
460	04:30:01	60.12	6499	2253	2325
461	04:31:01	60.11	6499	2252	2323
462	04:32:01	60.15	6499	2250	2322
463	04:33:01	60.14	6499	2248	2320
464	04:34:01	60.12	6499	2246	2319
465	04:35:01	60.41	6499	2244	2317
466	04:36:02	60.11	6499	2242	2315
467	04:37:02	60.14	6499	2240	2314
468	04:38:02	60.12	6499	2238	2312
469	04:39:02	60.12	6499	2237	2310
470	04:40:02	60.13	6499	2235	2309
471	04:41:02	60.11	6499	2233	2307
472	04:42:02	39.78	6499	2231	2306
473	04:42:42	60.20	6499	2230	2304
474	04:43:42	60.11	6499	2228	2303
475	04:44:43	60.13	6499	2226	2301
476	04:45:43	60.12	6499	2224	2300
477	04:46:43	60.14	6499	2222	2298
478	04:47:43	60.12	6499	2220	2296
479	04:48:43	60.13	6499	2219	2295
480	04:49:43	25.75	6499	2217	2294
481	04:50:09	60.47	6499	2216	2292
482	04:51:09	60.16	6499	2214	2291
483	04:52:10	60.38	6499	2212	2289
484	04:53:10	60.12	6499	2210	2288
485	04:54:10	60.13	6499	2208	2286
486	04:55:10	60.11	6499	2207	2284
487	04:56:10	60.12	6499	2205	2283
488	04:57:10	60.12	6499	2203	2281
489	04:58:11	60.10	6499	2201	2280
490	04:59:11	60.17	6499	2199	2278
491	05:00:11	60.11	6499	2198	2276
492	05:01:11	60.12	6499	2196	2275
493	05:02:11	60.11	6499	2194	2273
494	05:03:11	60.37	6499	2192	2272
495	05:04:12	60.11	6499	2190	2270
496	05:05:12	60.36	6499	2189	2269
497	05:06:12	60.11	6499	2187	2267
498	05:07:12	60.37	6499	2185	2265
499	05:08:12	60.11	6499	2183	2264
500	05:09:13	60.15	6499	2181	2262
501	05:10:13	60.13	6499	2179	2261
502	05:11:13	60.11	6499	2177	2259
503	05:12:13	60.17	6499	2175	2258
504	05:13:13	60.12	6499	2174	2256
505	05:14:13	57.25	6499	2172	2254
506	05:15:11	60.47	6499	2170	2253
507	05:16:11	60.11	6499	2168	2251
508	05:17:11	60.36	6499	2166	2250
509	05:18:11	60.11	6499	2164	2248
510	05:19:12	60.16	6499	2162	2246
511	05:20:12	60.14	6499	2160	2245
512	05:21:12	60.11	6499	2158	2243
513	05:22:12	60.12	6499	2157	2242
514	05:23:12	60.11	6499	2155	2240
515	05:24:12	60.15	6499	2153	2239
516	05:25:12	60.11	6499	2151	2237
517	05:26:12	60.12	6499	2149	2235
518	05:27:13	60.13	6499	2147	2234
519	05:28:13	60.15	6499	2145	2232
520	05:29:13	60.13	6499	2143	2231
521	05:30:13	60.11	6499	2142	2229
522	05:31:13	60.12	6499	2140	2227
523	05:32:13	60.16	6499	2138	2226
524	05:33:13	60.40	6499	2136	2224
525	05:34:14	60.10	6499	2134	2223
526	05:35:14	60.17	6499	2132	2221
527	05:36:14	60.17	6499	2130	2220
528	05:37:14	60.12	6499	2128	2218
529	05:38:14	60.14	6499	2127	2216
530	05:39:14	60.12	6499	2125	2215
531	05:40:15	19.81	6499	2124	2214
532	05:40:34	31.15	6499	2123	2213
533	05:41:06	60.43	6499	2121	2212
534	05:42:06	60.13	6499	2119	2210
535	05:43:06	24.16	6499	2118	2209
536	05:43:30	10.46	6499	2118	2209
537	05:43:41	60.13	6499	2116	2208
538	05:44:41	60.12	6499	2115	2206
539	05:45:41	60.10	6499	2113	2204
540	05:46:41	60.15	6499	2111	2203
541	05:47:41	60.11	6499	2109	2201
542	05:48:41	24.01	6499	2108	2200
543	05:49:05	60.19	6499	2106	2199
544	05:50:06	60.35	6499	2105	2197
545	05:51:06	60.14	6499	2103	2196
546	05:52:06	60.12	6499	2101	2194
547	05:53:06	60.15	6499	2099	2192
548	05:54:06	60.10	6499	2097	2191
549	05:55:06	60.12	6499	2095	2189
550	05:56:07	60.12	6499	2093	2187
551	05:57:07	32.45	6499	2092	2186
552	05:57:39	60.28	6499	2091	2185
553	05:58:39	60.11	6499	2089	2183
554	05:59:39	60.17	6499	2087	2182
555	06:00:40	60.11	6499	2085	2180
556	06:01:40	60.11	6499	2083	2178
557	06:02:40	60.12	6499	2081	2177
558	06:03:40	60.13	6499	2079	2175
559	06:04:40	25.27	6499	2078	2174
560	06:05:05	60.19	6499	2077	2173
561	06:06:06	59.21	6499	2075	2171
562	06:07:05	24.74	6499	2074	2170
563	06:07:30	60.35	6499	2072	2169
564	06:08:30	60.11	6499	2070	2168
565	06:09:30	60.16	6499	2069	2166
566	06:10:30	60.14	6499	2067	2164
567	06:11:30	60.11	6499	2065	2163
568	06:12:30	60.11	6499	2063	2161
569	06:13:31	60.12	6499	2062	2159
570	06:14:31	60.12	6499	2060	2158
571	06:15:31	60.37	6499	2058	2156
572	06:16:31	60.12	6499	2056	2155
573	06:17:31	60.13	6499	2054	2153
574	06:18:31	60.11	6499	2052	2151
575	06:19:31	60.12	6499	2051	2150
576	06:20:32	60.11	6499	2049	2148
577	06:21:32	60.11	6499	2047	2146
578	06:22:32	60.13	6499	2045	2145
579	06:23:32	60.12	6499	2043	2143
580	06:24:32	60.14	6499	2042	2141
581	06:25:32	60.13	6499	2040	2140
582	06:26:32	60.12	6499	2038	2138
583	06:27:32	60.13	6499	2036	2137
584	06:28:33	60.18	6499	2035	2135
585	06:29:33	60.12	6499	2033	2133
586	06:30:33	60.11	6498	2031	2132
587	06:31:33	60.11	6499	2029	2130
588	06:32:33	60.12	6499	2027	2128
589	06:33:33	60.12	6499	2025	2127
590	06:34:33	60.15	6499	2023	2125
591	06:35:33	10.33	6499	2022	2124
592	06:35:44	60.46	6499	2021	2123
593	06:36:44	60.17	6499	2019	2121
594	06:37:44	60.13	6499	2017	2120
595	06:38:45	60.16	6499	2015	2118
596	06:39:45	60.16	6499	2014	2117
597	06:40:45	60.13	6499	2012	2115
598	06:41:45	60.12	6499	2010	2113
599	06:42:45	60.38	6499	2008	2112
600	06:43:46	60.11	6499	2006	2110
601	06:44:46	60.11	6499	2004	2108
602	06:45:46	60.38	6499	2003	2107
603	06:46:46	60.12	6499	2001	2105
604	06:47:46	60.11	6499	1999	2104
605	06:48:46	60.12	6499	1997	2102
606	06:49:46	60.15	6499	1995	2100
607	06:50:47	60.12	6499	1993	2099
608	06:51:47	60.17	6498	1992	2097
609	06:52:47	60.11	6499	1990	2095
610	06:53:47	60.11	6499	1988	2094
611	06:54:47	60.11	6499	1986	2092
612	06:55:47	60.15	6499	1984	2090
613	06:56:47	60.12	6499	1982	2089
614	06:57:47	60.11	6499	1981	2087
615	06:58:48	60.10	6499	1979	2086
616	06:59:48	60.14	6499	1977	2084
617	07:00:48	60.10	6499	1975	2082
618	07:01:48	60.12	6499	1974	2081
619	07:02:48	60.15	6499	1972	2079
620	07:03:48	60.13	6499	1970	2077
621	07:04:48	60.17	6499	1968	2076
622	07:05:49	60.11	6499	1966	2074
623	07:06:49	60.11	6499	1964	2073
624	07:07:49	60.14	6499	1963	2071
625	07:08:49	40.29	6499	1961	2070
626	07:09:29	60.44	6499	1960	2068
627	07:10:30	60.11	6499	1958	2067
628	07:11:30	60.12	6499	1956	2065
629	07:12:30	10.27	6499	1955	2064
630	07:12:40	11.36	6499	1955	2064
631	07:12:51	60.26	6499	1954	2063
632	07:13:52	60.12	6499	1952	2061
633	07:14:52	60.13	6499	1950	2060
634	07:15:52	60.11	6499	1948	2058
635	07:16:52	60.14	6499	1947	2057
636	07:17:52	60.14	6499	1945	2055
637	07:18:52	60.11	6499	1943	2053
638	07:19:52	60.15	6499	1941	2052
639	07:20:53	60.12	6499	1940	2050
640	07:21:53	60.17	6499	1938	2049
641	07:22:53	60.17	6499	1936	2047
642	07:23:53	60.11	6499	1934	2045
643	07:24:53	60.11	6499	1933	2044
644	07:25:53	60.36	6499	1931	2042
645	07:26:54	60.16	6499	1929	2041
646	07:27:54	60.12	6499	1927	2039
647	07:28:54	60.13	6499	1926	2038
648	07:29:54	60.13	6499	1924	2036
649	07:30:54	60.15	6499	1922	2034
650	07:31:54	60.11	6499	1921	2033
651	07:32:54	60.12	6499	1919	2031
652	07:33:55	10.31	6499	1918	2030
653	07:34:05	60.13	6499	1917	2029
654	07:35:05	60.36	6499	1915	2028
655	07:36:05	60.14	6499	1914	2026
656	07:37:06	60.18	6499	1912	2025
657	07:38:06	60.11	6499	1910	2023
658	07:39:06	60.14	6499	1908	2022
659	07:40:06	60.13	6499	1907	2020
660	07:41:06	10.30	6499	1906	2019
661	07:41:16	60.44	6499	1905	2018
662	07:42:17	60.10	6499	1903	2017
663	07:43:17	60.12	6499	1901	2015
664	07:44:17	60.17	6499	1900	2014
665	07:45:17	60.35	6499	1898	2012
666	07:46:18	60.11	6499	1896	2010
667	07:47:18	60.12	6499	1894	2009
668	07:48:18	60.12	6498	1893	2007
669	07:49:18	23.21	6499	1892	2006
670	07:49:41	60.50	6499	1890	2005
671	07:50:42	28.58	6498	1889	2004
672	07:51:10	60.33	6499	1888	2003
673	07:52:11	60.12	6499	1886	2001
674	07:53:11	60.12	6499	1885	2000
675	07:54:11	60.17	6499	1883	1998
676	07:55:11	60.16	6499	1881	1997
677	07:56:11	60.12	6499	1880	1995
678	07:57:11	60.12	6499	1878	1994
679	07:58:11	60.10	6499	1876	1992
680	07:59:11	60.36	6499	1875	1991
681	08:00:12	60.11	6499	1873	1989
682	08:01:12	60.11	6499	1871	1988
683	08:02:12	60.11	6499	1870	1986
684	08:03:12	60.11	6499	1868	1985
685	08:04:12	60.12	6499	1866	1983
686	08:05:12	60.11	6499	1865	1981
687	08:06:12	60.11	6499	1863	1980
688	08:07:13	60.11	6499	1861	1978
689	08:08:13	60.11	6499	1860	1977
690	08:09:13	60.16	6499	1858	1975
691	08:10:13	60.11	6499	1856	1974
692	08:11:13	59.96	6499	1855	1972
693	08:12:13	60.79	6499	1853	1971
694	08:13:14	60.39	6499	1851	1969
695	08:14:14	60.12	6499	1850	1968
696	08:15:14	60.12	6499	1848	1966
697	08:16:14	60.12	6499	1847	1965
698	08:17:15	60.17	6499	1845	1963
699	08:18:15	60.11	6499	1843	1962
700	08:19:15	60.11	6499	1842	1960
701	08:20:15	60.29	6499	1840	1959
702	08:21:15	60.14	6499	1838	1957
703	08:22:15	60.13	6499	1837	1956
704	08:23:16	60.15	6499	1835	1954
705	08:24:16	60.11	6498	1833	1953
706	08:25:16	60.17	6499	1832	1951
707	08:26:16	60.13	6499	1830	1950
708	08:27:16	60.10	6499	1828	1948
709	08:28:16	60.15	6499	1827	1947
710	08:29:16	60.12	6499	1825	1945
711	08:30:16	60.11	6499	1823	1944
712	08:31:17	60.12	6498	1822	1942
713	08:32:17	60.16	6499	1820	1941
714	08:33:17	60.11	6499	1819	1940
715	08:34:17	60.12	6499	1817	1938
716	08:35:17	60.15	6499	1815	1937
717	08:36:17	60.11	6499	1814	1935
718	08:37:17	60.13	6499	1812	1934
719	08:38:17	60.11	6499	1810	1932
720	08:39:18	60.10	6499	1809	1930
721	08:40:18	60.09	6499	1807	1929
722	08:41:18	60.12	6499	1806	1927
723	08:42:18	60.16	6499	1804	1925
724	08:43:18	60.36	6499	1802	1922
725	08:44:18	60.12	6499	1799	1920
726	08:45:19	60.12	6499	1797	1918
727	08:46:19	60.10	6499	1795	1915
728	08:47:19	60.13	6499	1793	1913
729	08:48:19	60.17	6499	1791	1911
730	08:49:19	60.17	6499	1789	1909
731	08:50:19	60.12	6499	1788	1907
732	08:51:19	60.11	6499	1786	1905
733	08:52:19	60.14	6499	1784	1903
734	08:53:20	60.13	6499	1782	1901
735	08:54:20	60.13	6499	1780	1899
736	08:55:20	60.13	6499	1778	1897
737	08:56:20	60.13	6499	1776	1895
738	08:57:20	60.12	6499	1775	1894
739	08:58:20	60.12	6499	1773	1892
740	08:59:20	60.12	6499	1771	1890
741	09:00:20	60.11	6499	1769	1888
742	09:01:21	60.11	6499	1768	1886
743	09:02:21	60.12	6499	1766	1885
744	09:03:21	60.12	6499	1764	1883
745	09:04:21	60.16	6499	1762	1881
746	09:05:21	60.25	6499	1761	1879
747	09:06:21	60.14	6498	1759	1878
748	09:07:21	60.14	6499	1757	1876
749	09:08:22	60.11	6499	1756	1874
750	09:09:22	60.11	6499	1754	1873
751	09:10:22	60.18	6499	1752	1871
752	09:11:22	60.18	6499	1751	1869
753	09:12:22	60.13	6499	1749	1867
754	09:13:22	60.11	6499	1747	1866
755	09:14:22	60.17	6499	1746	1864
756	09:15:23	60.11	6499	1744	1862
757	09:16:23	60.13	6499	1743	1861
758	09:17:23	60.17	6499	1741	1859
759	09:18:23	60.11	6499	1739	1858
760	09:19:23	60.13	6499	1738	1856
761	09:20:23	60.17	6499	1736	1854
762	09:21:23	60.12	6499	1735	1853
763	09:22:24	60.14	6499	1733	1851
764	09:23:24	60.11	6499	1731	1850
765	09:24:24	60.12	6499	1730	1848
766	09:25:24	56.35	6499	1728	1846
767	09:26:20	60.43	6499	1727	1845
768	09:27:21	60.15	6499	1725	1843
769	09:28:21	60.17	6499	1724	1842
770	09:29:21	60.13	6499	1722	1840
771	09:30:21	60.15	6499	1720	1839
772	09:31:21	60.16	6499	1719	1837
773	09:32:21	60.15	6499	1717	1836
774	09:33:22	60.12	6499	1716	1834
775	09:34:22	60.14	6499	1714	1833
776	09:35:22	60.11	6499	1713	1831
777	09:36:22	60.16	6499	1711	1830
778	09:37:22	60.12	6499	1710	1828
779	09:38:22	60.11	6499	1708	1827
780	09:39:22	60.11	6499	1706	1825
781	09:40:22	60.13	6499	1705	1824
782	09:41:23	60.11	6499	1703	1822
783	09:42:23	60.12	6499	1702	1821
784	09:43:23	60.11	6499	1700	1819
785	09:44:23	60.17	6499	1699	1818
786	09:45:23	60.39	6499	1697	1816
787	09:46:24	60.17	6499	1696	1815
788	09:47:24	60.13	6499	1694	1813
789	09:48:24	60.12	6499	1693	1812
790	09:49:24	60.12	6499	1691	1810
791	09:50:24	60.12	6499	1690	1809
792	09:51:24	52.53	6499	1689	1808
793	09:52:17	60.47	6499	1687	1806
794	09:53:17	60.15	6499	1686	1805
795	09:54:17	10.26	6499	1685	1804
796	09:54:28	60.44	6499	1684	1803
797	09:55:28	60.10	6499	1682	1802
798	09:56:28	33.29	6499	1681	1801
799	09:57:01	60.42	6499	1680	1800
800	09:58:02	55.93	6499	1679	1798
801	09:58:58	60.57	6499	1677	1797
802	09:59:58	60.12	6499	1676	1796
803	10:00:58	60.15	6499	1674	1794
804	10:01:59	60.12	6499	1673	1793
805	10:02:59	10.27	6499	1672	1792
806	10:03:09	60.43	6499	1671	1791
807	10:04:09	60.11	6499	1670	1790
808	10:05:10	60.13	6499	1668	1788
809	10:06:10	10.31	6499	1667	1787
810	10:06:20	10.97	6499	1667	1787
811	10:06:31	60.19	6499	1665	1785
812	10:07:31	60.11	6499	1663	1784
813	10:08:31	60.11	6499	1661	1782
814	10:09:31	60.17	6499	1659	1780
815	10:10:32	60.16	6499	1658	1779
816	10:11:32	60.15	6499	1656	1777
817	10:12:32	60.12	6499	1654	1775
818	10:13:32	60.11	6499	1652	1773
819	10:14:32	60.40	6499	1650	1772
820	10:15:32	60.11	6499	1648	1770
821	10:16:33	60.11	6499	1646	1768
822	10:17:33	60.11	6499	1645	1767
823	10:18:33	60.11	6499	1643	1765
824	10:19:33	60.12	6499	1641	1764
825	10:20:33	60.13	6499	1639	1762
826	10:21:33	60.17	6499	1637	1760
827	10:22:33	60.15	6499	1635	1759
828	10:23:34	60.11	6499	1634	1757
829	10:24:34	60.11	6498	1632	1756
830	10:25:34	60.11	6499	1630	1754
831	10:26:34	60.13	6499	1628	1753
832	10:27:34	60.12	6499	1627	1751
833	10:28:34	60.11	6499	1625	1749
834	10:29:34	60.14	6499	1623	1748
835	10:30:34	60.17	6499	1621	1746
836	10:31:35	60.11	6499	1620	1745
837	10:32:35	60.10	6499	1618	1743
838	10:33:35	60.14	6499	1616	1742
839	10:34:35	60.13	6499	1615	1740
840	10:35:35	60.11	6499	1613	1739
841	10:36:35	60.12	6499	1611	1737
842	10:37:35	60.12	6499	1610	1736
843	10:38:35	60.35	6499	1608	1735
844	10:39:36	60.10	6499	1606	1733
845	10:40:36	60.11	6498	1605	1732
846	10:41:36	60.16	6499	1603	1730
847	10:42:36	60.17	6499	1601	1729
848	10:43:36	60.15	6499	1600	1727
849	10:44:36	60.12	6499	1598	1725
850	10:45:37	60.15	6499	1596	1724
851	10:46:37	60.11	6499	1595	1723
852	10:47:37	60.16	6499	1593	1721
853	10:48:37	60.12	6499	1591	1720
854	10:49:37	60.10	6499	1590	1718
855	10:50:37	54.56	6499	1588	1717
856	10:51:32	15.02	6499	1587	1716
857	10:51:47	60.21	6499	1586	1715
858	10:52:47	60.13	6499	1585	1714
859	10:53:47	15.97	6499	1584	1713
860	10:54:03	60.57	6499	1583	1712
861	10:55:04	60.12	6499	1581	1710
862	10:56:04	60.12	6499	1579	1709
863	10:57:04	60.11	6499	1578	1707
864	10:58:04	60.15	6499	1576	1706
865	10:59:04	60.11	6499	1575	1705
866	11:00:04	60.12	6499	1573	1703
867	11:01:04	60.39	6499	1572	1702
868	11:02:05	60.15	6499	1570	1700
869	11:03:05	60.11	6499	1568	1699
870	11:04:05	60.12	6499	1567	1698
871	11:05:05	60.12	6499	1565	1696
872	11:06:05	60.16	6499	1564	1695
873	11:07:05	60.12	6499	1562	1693
874	11:08:06	60.12	6499	1561	1692
875	11:09:06	60.11	6499	1559	1691
876	11:10:06	60.11	6499	1558	1689
877	11:11:06	60.13	6499	1556	1688
878	11:12:06	60.11	6499	1555	1687
879	11:13:06	60.11	6499	1553	1685
880	11:14:06	60.12	6499	1552	1684
881	11:15:06	60.13	6499	1550	1682
882	11:16:06	60.10	6499	1549	1681
883	11:17:07	60.12	6498	1547	1680
884	11:18:07	60.12	6499	1546	1678
885	11:19:07	60.17	6499	1544	1677
886	11:20:07	60.13	6499	1543	1676
887	11:21:07	60.12	6499	1542	1674
888	11:22:07	60.11	6499	1540	1673
889	11:23:07	60.12	6499	1539	1672
890	11:24:07	60.10	6499	1537	1670
891	11:25:08	60.11	6499	1536	1669
892	11:26:08	60.12	6499	1534	1668
893	11:27:08	60.12	6499	1533	1666
894	11:28:08	60.11	6498	1531	1665
895	11:29:08	60.12	6499	1530	1664
896	11:30:08	60.12	6499	1529	1662
897	11:31:08	60.12	6499	1527	1661
898	11:32:08	60.16	6499	1526	1660
899	11:33:09	60.11	6499	1524	1658
900	11:34:09	10.28	6499	1524	1658
901	11:34:19	60.45	6499	1523	1657
902	11:35:19	60.15	6499	1521	1656
903	11:36:20	60.11	6499	1520	1654
904	11:37:20	60.12	6499	1518	1653
905	11:38:20	60.17	6499	1517	1652
906	11:39:20	60.10	6499	1516	1650
907	11:40:20	60.17	6499	1514	1649
908	11:41:20	60.12	6499	1513	1648
909	11:42:20	60.11	6499	1512	1646
910	11:43:20	60.11	6499	1510	1645
911	11:44:21	60.11	6499	1509	1644
912	11:45:21	60.12	6499	1507	1642
913	11:46:21	10.29	6499	1507	1642
914	11:46:31	60.11	6499	1506	1641
915	11:47:31	60.12	6499	1504	1640
916	11:48:31	60.12	6499	1503	1638
917	11:49:31	60.11	6498	1502	1637
918	11:50:32	60.11	6499	1500	1636
919	11:51:32	60.14	6498	1499	1635
920	11:52:32	60.12	6499	1498	1633
921	11:53:32	60.13	6499	1496	1632
922	11:54:32	60.13	6499	1495	1631
923	11:55:32	60.12	6498	1494	1630
924	11:56:32	60.11	6499	1492	1628
925	11:57:32	60.12	6499	1491	1627
926	11:58:32	60.14	6499	1490	1626
927	11:59:33	60.36	6499	1488	1625
928	12:00:33	60.16	6499	1487	1623
929	12:01:33	60.12	6499	1486	1622
930	12:02:33	60.16	6499	1484	1621
931	12:03:33	21.70	6499	1483	1620
932	12:03:55	60.44	6499	1483	1619
933	12:04:56	60.16	6499	1481	1618
934	12:05:56	60.40	6499	1480	1617
935	12:06:56	60.13	6499	1479	1616
936	12:07:56	60.11	6499	1477	1614
937	12:08:56	60.14	6499	1476	1613
938	12:09:57	60.12	6499	1475	1612
939	12:10:57	60.11	6499	1473	1611
940	12:11:57	60.17	6499	1472	1610
941	12:12:57	60.11	6499	1471	1608
942	12:13:57	60.37	6499	1470	1607
943	12:14:57	60.11	6499	1468	1606
944	12:15:57	60.17	6499	1467	1605
945	12:16:58	60.12	6499	1466	1604
946	12:17:58	60.11	6499	1464	1602
947	12:18:58	60.15	6499	1463	1601
948	12:19:58	60.12	6499	1462	1600
949	12:20:58	60.11	6499	1461	1599
950	12:21:58	60.11	6499	1460	1598
951	12:22:58	57.66	6499	1458	1596
952	12:23:56	47.23	6499	1457	1596
953	12:24:43	60.23	6499	1456	1594
954	12:25:44	60.39	6498	1455	1593
955	12:26:44	60.12	6499	1454	1592
956	12:27:44	60.11	6499	1452	1591
957	12:28:44	60.10	6499	1451	1590
958	12:29:44	60.12	6499	1450	1589
959	12:30:44	60.36	6499	1449	1587
960	12:31:45	60.39	6499	1448	1586
961	12:32:45	60.13	6499	1446	1585
962	12:33:45	60.10	6499	1445	1584
963	12:34:45	60.12	6499	1444	1583
964	12:35:45	60.11	6499	1443	1582
965	12:36:46	60.12	6499	1442	1581
966	12:37:46	60.12	6499	1440	1579
967	12:38:46	60.12	6499	1439	1578
968	12:39:46	45.11	6499	1438	1577
969	12:40:31	60.12	6499	1437	1576
970	12:41:31	60.12	6499	1436	1575
971	12:42:31	60.12	6499	1435	1574
972	12:43:31	60.12	6499	1433	1573
973	12:44:32	60.13	6499	1432	1572
974	12:45:32	31.57	6498	1431	1571
975	12:46:03	60.46	6499	1430	1570
976	12:47:04	60.13	6499	1429	1569
977	12:48:04	60.11	6499	1428	1568
978	12:49:04	60.11	6499	1427	1567
979	12:50:04	60.16	6499	1426	1566
980	12:51:04	60.31	6499	1424	1564
981	12:52:05	60.37	6499	1423	1563
982	12:53:05	60.10	6499	1422	1562
983	12:54:05	60.11	6499	1421	1561
984	12:55:05	60.12	6499	1420	1560
985	12:56:05	60.36	6499	1419	1559
986	12:57:06	60.11	6499	1418	1558
987	12:58:06	60.11	6499	1416	1557
988	12:59:06	60.12	6499	1415	1556
989	13:00:06	60.11	6499	1414	1555
990	13:01:06	60.12	6499	1413	1553
991	13:02:06	60.43	6499	1412	1552
992	13:03:07	60.14	6499	1411	1551
993	13:04:07	60.12	6498	1410	1550
994	13:05:07	60.15	6498	1408	1549
995	13:06:07	60.14	6499	1407	1548
996	13:07:07	60.12	6499	1406	1547
997	13:08:07	60.11	6498	1405	1546
998	13:09:07	60.14	6499	1404	1545
999	13:10:07	60.12	6499	1403	1544
1000	13:11:08	60.11	6499	1402	1543
1001	13:12:08	60.13	6499	1401	1542
1002	13:13:08	60.12	6498	1400	1541
1003	13:14:08	60.13	6499	1399	1540
1004	13:15:08	60.12	6499	1397	1538
1005	13:16:08	60.10	6499	1396	1537
1006	13:17:08	60.11	6499	1395	1536
1007	13:18:08	60.12	6499	1394	1535
1008	13:19:09	60.15	6499	1393	1534
1009	13:20:09	60.17	6499	1392	1533
1010	13:21:09	60.11	6499	1391	1532
1011	13:22:09	60.16	6498	1390	1531
1012	13:23:09	60.14	6499	1389	1530
1013	13:24:09	60.11	6499	1388	1529
1014	13:25:09	60.12	6499	1387	1528
1015	13:26:09	60.15	6499	1385	1527
1016	13:27:10	60.11	6499	1384	1526
1017	13:28:10	60.12	6499	1383	1525
1018	13:29:10	60.12	6499	1382	1524
1019	13:30:10	60.11	6499	1381	1523
1020	13:31:10	60.11	6499	1380	1522
1021	13:32:10	60.12	6499	1379	1521
1022	13:33:10	60.11	6499	1378	1520
1023	13:34:10	60.12	6499	1377	1519
1024	13:35:11	60.11	6499	1376	1518
1025	13:36:11	60.12	6499	1375	1517
1026	13:37:11	60.12	6499	1374	1516
1027	13:38:11	60.12	6499	1373	1515
1028	13:39:11	27.71	6499	1372	1514
1029	13:39:39	60.45	6499	1371	1513
1030	13:40:39	60.12	6499	1370	1512
1031	13:41:39	60.12	6499	1369	1511
1032	13:42:39	60.12	6499	1368	1510
1033	13:43:40	60.11	6499	1367	1509
1034	13:44:40	60.11	6499	1366	1508
1035	13:45:40	60.17	6499	1365	1507
1036	13:46:40	60.13	6499	1364	1506
1037	13:47:40	60.41	6499	1363	1505
1038	13:48:40	60.12	6499	1362	1504
1039	13:49:41	60.12	6499	1361	1503
1040	13:50:41	60.35	6499	1360	1502
1041	13:51:41	60.12	6499	1359	1501
1042	13:52:41	60.11	6499	1358	1500
1043	13:53:41	60.16	6499	1357	1499
1044	13:54:41	60.12	6499	1356	1498
1045	13:55:42	60.12	6499	1355	1497
1046	13:56:42	60.12	6499	1354	1496
1047	13:57:42	60.11	6499	1353	1495
1048	13:58:42	60.11	6499	1352	1494
1049	13:59:42	60.17	6499	1351	1493
1050	14:00:42	60.15	6499	1350	1492
1051	14:01:42	60.14	6499	1349	1491
1052	14:02:42	60.13	6499	1348	1490
1053	14:03:43	60.11	6498	1347	1489
1054	14:04:43	60.12	6499	1346	1488
1055	14:05:43	60.11	6499	1345	1487
1056	14:06:43	60.12	6499	1344	1486
1057	14:07:43	60.11	6499	1343	1485
1058	14:08:43	60.12	6499	1342	1485
1059	14:09:43	60.11	6498	1341	1484
1060	14:10:43	60.11	6499	1340	1483
1061	14:11:44	60.12	6499	1339	1482
1062	14:12:44	60.12	6499	1338	1481
1063	14:13:44	60.16	6499	1337	1480
1064	14:14:44	60.11	6499	1336	1479
1065	14:15:44	60.11	6499	1335	1478
1066	14:16:44	60.17	6499	1334	1477
1067	14:17:44	60.11	6499	1333	1476
1068	14:18:44	60.11	6498	1332	1475
1069	14:19:45	60.12	6499	1331	1474
1070	14:20:45	60.36	6499	1330	1473
1071	14:21:45	60.12	6499	1329	1472
1072	14:22:45	60.12	6499	1328	1471
1073	14:23:45	60.12	6498	1327	1470
1074	14:24:45	60.12	6499	1326	1470
1075	14:25:45	60.11	6499	1325	1469
1076	14:26:46	60.15	6499	1324	1468
1077	14:27:46	60.12	6499	1323	1467
1078	14:28:46	60.13	6499	1323	1466
1079	14:29:46	60.10	6499	1322	1465
1080	14:30:46	60.29	6499	1321	1464
1081	14:31:46	60.11	6499	1320	1463
1082	14:32:46	60.16	6499	1319	1462
1083	14:33:47	60.12	6499	1318	1461
1084	14:34:47	60.10	6499	1317	1460
1085	14:35:47	55.44	6499	1316	1460
1086	14:36:42	60.50	6499	1315	1459
1087	14:37:43	60.16	6499	1314	1458
1088	14:38:43	60.12	6499	1313	1457
1089	14:39:43	60.40	6498	1312	1456
1090	14:40:44	60.10	6499	1311	1455
1091	14:41:44	60.17	6499	1311	1454
1092	14:42:44	60.11	6499	1310	1453
1093	14:43:44	60.11	6499	1309	1452
1094	14:44:44	60.12	6499	1308	1452
1095	14:45:44	60.12	6499	1307	1451
1096	14:46:44	60.16	6499	1306	1450
1097	14:47:44	60.11	6499	1305	1449
1098	14:48:45	60.13	6499	1304	1448
1099	14:49:45	60.11	6499	1303	1447
1100	14:50:45	60.12	6499	1302	1446
1101	14:51:45	60.12	6499	1301	1445
1102	14:52:45	60.11	6499	1301	1444
1103	14:53:45	60.16	6499	1300	1444
1104	14:54:45	60.12	6499	1299	1443
1105	14:55:45	60.14	6499	1298	1442
1106	14:56:46	60.11	6499	1297	1441
1107	14:57:46	60.10	6499	1296	1440
1108	14:58:46	60.15	6499	1295	1439
1109	14:59:46	60.12	6498	1294	1438
1110	15:00:46	60.12	6499	1293	1437
1111	15:01:46	60.12	6499	1293	1437
1112	15:02:46	60.11	6499	1292	1436
1113	15:03:46	60.15	6499	1291	1435
1114	15:04:47	60.12	6499	1290	1434
1115	15:05:47	60.17	6499	1289	1433
1116	15:06:47	60.35	6499	1288	1432
1117	15:07:47	60.12	6499	1287	1431
1118	15:08:47	60.13	6499	1286	1431
1119	15:09:47	60.17	6499	1286	1430
1120	15:10:48	60.35	6499	1285	1429
1121	15:11:48	60.12	6499	1284	1428
1122	15:12:48	60.14	6499	1283	1427
1123	15:13:48	60.12	6499	1282	1426
1124	15:14:48	60.16	6499	1281	1426
1125	15:15:48	60.14	6499	1280	1425
1126	15:16:49	60.16	6499	1280	1424
1127	15:17:49	60.12	6499	1279	1423
1128	15:18:49	60.35	6499	1278	1422
1129	15:19:49	60.12	6499	1277	1421
1130	15:20:49	60.17	6499	1276	1420
1131	15:21:50	60.11	6499	1275	1420
1132	15:22:50	60.13	6499	1275	1419
1133	15:23:50	60.11	6499	1274	1418
1134	15:24:50	60.12	6499	1273	1417
1135	15:25:50	60.14	6499	1272	1416
1136	15:26:50	60.11	6499	1271	1415
1137	15:27:50	60.12	6499	1270	1415
1138	15:28:50	60.12	6499	1269	1414
1139	15:29:50	60.11	6499	1269	1413
1140	15:30:51	60.11	6499	1268	1412
1141	15:31:51	60.17	6499	1267	1411
1142	15:32:51	60.14	6499	1266	1411
1143	15:33:51	60.10	6498	1265	1410
1144	15:34:51	60.36	6499	1264	1409
1145	15:35:51	60.12	6499	1264	1408
1146	15:36:52	60.15	6499	1263	1407
1147	15:37:52	60.10	6499	1262	1406
1148	15:38:52	55.86	6499	1261	1406
1149	15:39:48	60.62	6499	1260	1405
1150	15:40:48	60.11	6499	1260	1404
1151	15:41:48	60.16	6499	1259	1403
1152	15:42:49	60.10	6499	1258	1402
1153	15:43:49	60.11	6499	1257	1402
1154	15:44:49	60.17	6499	1256	1401
1155	15:45:49	60.13	6499	1256	1400
1156	15:46:49	60.12	6499	1255	1399
1157	15:47:49	59.14	6499	1254	1398
1158	15:48:48	12.14	6499	1253	1398
1159	15:49:01	9.02	6499	1253	1398
1160	15:49:10	8.49	6499	1253	1398
1161	15:49:18	9.06	6499	1253	1398
1162	15:49:27	8.47	6498	1253	1398
1163	15:49:36	9.03	6499	1253	1397
1164	15:49:45	8.23	6499	1253	1397
1165	15:49:53	9.01	6499	1253	1397
1166	15:50:02	8.21	6499	1253	1397
1167	15:50:10	9.04	6499	1252	1397
1168	15:50:19	8.50	6499	1252	1397
1169	15:50:28	9.02	6499	1252	1397
1170	15:50:37	8.52	6499	1252	1397
1171	15:50:45	9.03	6499	1252	1397
1172	15:50:54	8.52	6499	1252	1396
1173	15:51:03	9.02	6499	1252	1396
1174	15:51:12	8.22	6499	1252	1396
1175	15:51:20	9.02	6499	1252	1396
1176	15:51:29	23.44	6499	1251	1396
1177	15:51:52	9.02	6499	1251	1396
1178	15:52:01	7.63	6499	1251	1396
1179	15:52:09	9.02	6499	1251	1396
1180	15:52:18	7.92	6499	1251	1395
1181	15:52:26	9.02	6499	1251	1395
1182	15:52:35	7.62	6499	1251	1395
1183	15:52:43	9.02	6499	1251	1395
1184	15:52:52	7.93	6499	1251	1395
1185	15:53:00	9.02	6499	1250	1395
1186	15:53:09	7.32	6499	1250	1395
1187	15:53:16	9.02	6499	1250	1395
1188	15:53:25	7.62	6499	1250	1395
1189	15:53:33	9.02	6499	1250	1394
1190	15:53:42	7.92	6498	1250	1394
1191	15:53:49	9.01	6499	1250	1394
1192	15:53:58	7.63	6499	1250	1394
1193	15:54:06	9.03	6499	1250	1394
1194	15:54:15	8.69	6499	1250	1394
1195	15:54:24	60.42	6499	1249	1394
1196	15:55:24	60.13	6499	1248	1393
1197	15:56:24	60.17	6499	1248	1392
1198	15:57:25	60.16	6499	1247	1392
1199	15:58:25	60.13	6499	1246	1391
1200	15:59:25	60.11	6499	1246	1390
1201	16:00:25	60.12	6499	1245	1389
1202	16:01:25	60.12	6499	1244	1389
1203	16:02:25	60.11	6499	1243	1388
1204	16:03:25	60.14	6499	1242	1387
1205	16:04:25	48.67	6499	1242	1386
1206	16:05:14	60.57	6499	6.837	10.95
1207	16:06:15	65.97	6499	0	0
Created by AtlRunQuery on: 2018-12-01 19:58:43.680247
