LHC beam energy and intensities during run 363664:
(Begin/end of run: Tue Oct 16 2018 00:10:39 − 12:51:52)

LB	   Start time
(CEST)	   Duration
(sec)	   Beam energy
(GeV)	   Intensity Beam-1
(1e11 protons)	   Intensity Beam-2
(1e11 protons)
1	00:10:39	60.15	0	0	0
2	00:11:39	12.93	0	0	0
3	00:11:52	60.20	0	0	0
4	00:12:52	60.11	0	0	0
5	00:13:52	60.11	0	0	0
6	00:14:52	60.12	0	0	0
7	00:15:53	60.11	0	0	0
8	00:16:53	60.12	0	0	0
9	00:17:53	60.12	0	0	0
10	00:18:53	60.11	0	0	0
11	00:19:53	60.12	0	0	0
12	00:20:53	60.13	0	0	0
13	00:21:53	60.14	0	0	0
14	00:22:53	60.11	0	0	0
15	00:23:54	60.13	0	0	0
16	00:24:54	60.12	0	0	0
17	00:25:54	60.11	0	0	0
18	00:26:54	60.12	0	0	0
19	00:27:54	60.12	0	0	0
20	00:28:54	60.11	0	0	0
21	00:29:54	60.13	0	0	0
22	00:30:54	60.12	0	0	0
23	00:31:55	60.13	0	0	0
24	00:32:55	60.11	0	0	0
25	00:33:55	60.13	0	0	0
26	00:34:55	60.11	0	0	0
27	00:35:55	60.14	0	0	0
28	00:36:55	60.11	0	0	0
29	00:37:55	60.13	0	0	0
30	00:38:55	60.12	0	0	0
31	00:39:56	60.12	0	0	0
32	00:40:56	60.13	0	0	0
33	00:41:56	60.12	0	0	0
34	00:42:56	60.12	0	0	0
35	00:43:56	60.12	0	0	0
36	00:44:56	60.16	0	0	0
37	00:45:56	60.11	0	0	0
38	00:46:56	60.12	0	0	0
39	00:47:57	60.36	0	0	0
40	00:48:57	60.12	0	0	0
41	00:49:57	60.11	0	0	0
42	00:50:57	60.12	0	0	0
43	00:51:57	60.11	0	0	0
44	00:52:57	60.11	0	0	0
45	00:53:57	60.11	0	0	0
46	00:54:58	60.11	0	0	0
47	00:55:58	60.14	0	0	0
48	00:56:58	60.12	0	0	0
49	00:57:58	60.12	0	0	0
50	00:58:58	60.11	0	0	0
51	00:59:58	60.13	0	0	0
52	01:00:58	60.11	0	0	0
53	01:01:58	60.12	0	0	0
54	01:02:59	60.11	0	0	0
55	01:03:59	60.12	0	0	0
56	01:04:59	60.10	0	0	0
57	01:05:59	60.15	0	0	0
58	01:06:59	60.12	0	0	0
59	01:07:59	60.12	0	0	0
60	01:08:59	60.16	0	0	0
61	01:09:59	60.12	0	0	0
62	01:11:00	60.13	0	0	0
63	01:12:00	60.39	0	0	0
64	01:13:00	60.12	0	0	0
65	01:14:00	60.15	0	0	0
66	01:15:00	60.11	0	0	0
67	01:16:00	60.15	0	0	0
68	01:17:01	60.12	0	0	0
69	01:18:01	60.11	0	0	0
70	01:19:01	60.12	0	0	0
71	01:20:01	60.12	0	0	0
72	01:21:01	60.13	0	0	0
73	01:22:01	60.15	0	0	0
74	01:23:01	60.13	0	0	0
75	01:24:01	60.12	0	0	0
76	01:25:02	60.11	0	0	0
77	01:26:02	60.13	0	0	0
78	01:27:02	60.11	0	0	0
79	01:28:02	60.14	0	0	0
80	01:29:02	60.12	0	0	0
81	01:30:02	60.11	0	0	0
82	01:31:02	60.12	0	0	0
83	01:32:02	60.12	0	0	0
84	01:33:03	60.11	0	0	0
85	01:34:03	60.13	0	0	0
86	01:35:03	60.11	0	0	0
87	01:36:03	60.12	0	0	0
88	01:37:03	60.10	0	0	0
89	01:38:03	60.11	0	0	0
90	01:39:03	60.13	0	0	0
91	01:40:03	60.11	0	0	0
92	01:41:03	60.12	0	0	0
93	01:42:04	60.12	0	0	0
94	01:43:04	60.11	0	0	0
95	01:44:04	60.11	0	0	0
96	01:45:04	60.13	0	0	0
97	01:46:04	60.17	0	0	0
98	01:47:04	60.12	0	0	0
99	01:48:04	60.12	0	0	0
100	01:49:04	60.12	0	0	0
101	01:50:05	60.11	0	0	0
102	01:51:05	60.12	0	0	0
103	01:52:05	60.12	0	0	0
104	01:53:05	60.12	0	0	0
105	01:54:05	60.12	0	0	0
106	01:55:05	60.12	0	0	0
107	01:56:05	60.11	0	0	0
108	01:57:05	60.16	0	0	0
109	01:58:06	60.12	0	0	0
110	01:59:06	60.11	0	0	0
111	02:00:06	60.12	0	0	0
112	02:01:06	60.12	0	0	0
113	02:02:06	60.18	0	0	0
114	02:03:06	60.13	0	0	0
115	02:04:06	60.11	0	0	0
116	02:05:06	60.10	0	0	0
117	02:06:07	60.11	0	0	0
118	02:07:07	60.12	0	0	0
119	02:08:07	60.11	0	0	0
120	02:09:07	60.11	0	0	0
121	02:10:07	60.13	0	0	0
122	02:11:07	60.12	0	0	0
123	02:12:07	60.13	0	0	0
124	02:13:07	60.10	0	0	0
125	02:14:07	60.11	0	0	0
126	02:15:08	60.11	0	0	0
127	02:16:08	60.12	0	0	0
128	02:17:08	60.10	0	0	0
129	02:18:08	60.12	0	0	0
130	02:19:08	60.11	0	0	0
131	02:20:08	60.16	0	0	0
132	02:21:08	60.12	0	0	0
133	02:22:08	60.12	0	0	0
134	02:23:09	60.11	0	0	0
135	02:24:09	60.13	0	0	0
136	02:25:09	60.12	0	0	0
137	02:26:09	60.13	0	0	0
138	02:27:09	60.11	0	0	0
139	02:28:09	60.11	0	0	0
140	02:29:09	60.15	0	0	0
141	02:30:09	60.12	0	0	0
142	02:31:10	60.17	0	0	0
143	02:32:10	60.11	0	0	0
144	02:33:10	60.17	0	0	0
145	02:34:10	60.13	0	0	0
146	02:35:10	60.12	0	0	0
147	02:36:10	60.11	0	0	0
148	02:37:10	60.14	0	0	0
149	02:38:10	60.12	0	0	0
150	02:39:11	60.15	0	0	0
151	02:40:11	60.12	0	0	0
152	02:41:11	60.12	0	0	0
153	02:42:11	60.12	0	0	0
154	02:43:11	60.12	0	0	0
155	02:44:11	60.11	0	0	0
156	02:45:11	60.12	0	0	0
157	02:46:11	60.10	0	0	0
158	02:47:12	60.12	0	0	0
159	02:48:12	60.13	0	0	0
160	02:49:12	60.12	0	0	0
161	02:50:12	60.09	0	0	0
162	02:51:12	60.15	0	0	0
163	02:52:12	60.12	0	0	0
164	02:53:12	60.12	0	0	0
165	02:54:12	60.12	0	0	0
166	02:55:12	60.11	0	0	0
167	02:56:13	60.17	0	0	0
168	02:57:13	60.11	0	0	0
169	02:58:13	60.12	0	0	0
170	02:59:13	60.40	0	0	0
171	03:00:13	60.16	0	0	0
172	03:01:14	60.12	0	0	0
173	03:02:14	60.13	0	0	0
174	03:03:14	60.12	0	0	0
175	03:04:14	60.11	0	0	0
176	03:05:14	60.11	0	0	0
177	03:06:14	60.12	0	0	0
178	03:07:14	60.11	0	0	0
179	03:08:14	60.12	0	0	0
180	03:09:14	60.13	0	0	0
181	03:10:15	60.12	0	0	0
182	03:11:15	60.12	0	0	0
183	03:12:15	60.36	0	0	0
184	03:13:15	60.11	0	0	0
185	03:14:15	60.17	0	0	0
186	03:15:16	60.12	0	0	0
187	03:16:16	60.12	0	0	0
188	03:17:16	60.11	0	0	0
189	03:18:16	60.12	0	0	0
190	03:19:16	60.15	0	0	0
191	03:20:16	60.12	0	0	0
192	03:21:16	60.12	0	0	0
193	03:22:16	60.41	0	0	0
194	03:23:17	60.12	0	0	0
195	03:24:17	60.12	0	0	0
196	03:25:17	60.13	0	0	0
197	03:26:17	60.12	0	0	0
198	03:27:17	60.11	0	0	0
199	03:28:17	60.12	0	0	0
200	03:29:17	60.12	0	0	0
201	03:30:18	60.11	0	0	0
202	03:31:18	60.38	0	0	0
203	03:32:18	60.13	0	0	0
204	03:33:18	60.12	0	0	0
205	03:34:18	60.12	0	0	0
206	03:35:18	60.10	0	0	0
207	03:36:19	60.11	0	0	0
208	03:37:19	60.36	0	0	0
209	03:38:19	60.12	0	0	0
210	03:39:19	60.11	0	0	0
211	03:40:19	60.12	0	0	0
212	03:41:19	60.13	0	0	0
213	03:42:20	60.11	0	0	0
214	03:43:20	60.12	0	0	0
215	03:44:20	60.11	0	0	0
216	03:45:20	60.13	0	0	0
217	03:46:20	60.12	0	0	0
218	03:47:20	60.13	0	0	0
219	03:48:20	60.11	0	0	0
220	03:49:20	60.14	0	0	0
221	03:50:20	60.15	0	0	0
222	03:51:21	60.12	0	0	0
223	03:52:21	60.12	0	0	0
224	03:53:21	60.11	0	0	0
225	03:54:21	60.16	0	0	0
226	03:55:21	60.12	0	0	0
227	03:56:21	60.11	0	0	0
228	03:57:21	60.12	0	0	0
229	03:58:22	60.12	0	0	0
230	03:59:22	60.12	0	0	0
231	04:00:22	60.11	0	0	0
232	04:01:22	60.11	0	0	0
233	04:02:22	60.13	0	0	0
234	04:03:22	60.12	0	0	0
235	04:04:22	60.14	0	0	0
236	04:05:22	60.11	0	0	0
237	04:06:22	60.11	0	0	0
238	04:07:23	60.13	0	0	0
239	04:08:23	60.16	0	0	0
240	04:09:23	60.40	0	0	0
241	04:10:23	60.12	0	0	0
242	04:11:23	60.12	0	0	0
243	04:12:23	60.38	0	0	0
244	04:13:24	60.11	0	0	0
245	04:14:24	60.16	0	0	0
246	04:15:24	60.12	0	0	0
247	04:16:24	60.12	0	0	0
248	04:17:24	60.12	0	0	0
249	04:18:25	60.11	0	0	0
250	04:19:25	60.11	0	0	0
251	04:20:25	60.12	0	0	0
252	04:21:25	60.12	0	0	0
253	04:22:25	60.10	0	0	0
254	04:23:25	60.12	0	0	0
255	04:24:25	60.11	0	0	0
256	04:25:25	60.11	0	0	0
257	04:26:25	60.13	0	0	0
258	04:27:26	60.12	0	0	0
259	04:28:26	60.11	0	0	0
260	04:29:26	60.11	0	0	0
261	04:30:26	60.11	0	0	0
262	04:31:26	60.10	0	0	0
263	04:32:26	60.12	0	0	0
264	04:33:26	60.13	0	0	0
265	04:34:26	60.15	0	0	0
266	04:35:26	60.13	0	0	0
267	04:36:27	60.14	0	0	0
268	04:37:27	60.16	0	0	0
269	04:38:27	60.13	0	0	0
270	04:39:27	60.12	0	0	0
271	04:40:27	60.11	0	0	0
272	04:41:27	60.10	0	0	0
273	04:42:27	60.15	0	0	0
274	04:43:28	60.11	0	0	0
275	04:44:28	60.11	0	0	0
276	04:45:28	60.12	0	0	0
277	04:46:28	60.11	0	0	0
278	04:47:28	60.11	0	0	0
279	04:48:28	60.11	0	0	0
280	04:49:28	60.12	0	0	0
281	04:50:28	60.13	0	0	0
282	04:51:28	60.11	0	0	0
283	04:52:29	60.11	0	0	0
284	04:53:29	60.12	0	0	0
285	04:54:29	60.11	0	0	0
286	04:55:29	60.12	0	0	0
287	04:56:29	60.12	0	0	0
288	04:57:29	60.12	0	0	0
289	04:58:29	60.12	0	0	0
290	04:59:29	60.13	0	0	0
291	05:00:30	60.11	0	0	0
292	05:01:30	60.12	0	0	0
293	05:02:30	60.12	0	0	0
294	05:03:30	60.11	0	0	0
295	05:04:30	60.11	0	0	0
296	05:05:30	60.11	0	0	0
297	05:06:30	60.12	0	0	0
298	05:07:30	60.11	0	0	0
299	05:08:30	60.12	0	0	0
300	05:09:31	60.11	0	0	0
301	05:10:31	60.14	0	0	0
302	05:11:31	60.12	0	0	0
303	05:12:31	60.11	0	0	0
304	05:13:31	60.18	0	0	0
305	05:14:31	60.15	0	0	0
306	05:15:31	60.11	0	0	0
307	05:16:31	60.11	0	0	0
308	05:17:32	60.11	0	0	0
309	05:18:32	60.12	0	0	0
310	05:19:32	60.12	0	0	0
311	05:20:32	60.11	0	0	0
312	05:21:32	60.12	0	0	0
313	05:22:32	60.12	0	0	0
314	05:23:32	60.12	0	0	0
315	05:24:32	60.12	0	0	0
316	05:25:32	60.10	0	0	0
317	05:26:33	60.10	0	0	0
318	05:27:33	60.13	0	0	0
319	05:28:33	60.11	0	0	0
320	05:29:33	60.13	0	0	0
321	05:30:33	60.17	0	0	0
322	05:31:33	60.11	0	0	0
323	05:32:33	60.39	0	0	0
324	05:33:34	60.12	0	0	0
325	05:34:34	60.16	0	0	0
326	05:35:34	60.18	0	0	0
327	05:36:34	60.11	0	0	0
328	05:37:34	60.15	0	0	0
329	05:38:34	60.16	0	0	0
330	05:39:35	60.15	0	0	0
331	05:40:35	60.11	0	0	0
332	05:41:35	60.14	0	0	0
333	05:42:35	60.11	0	0	0
334	05:43:35	60.13	0	0	0
335	05:44:35	60.11	0	0	0
336	05:45:35	60.11	0	0	0
337	05:46:35	60.11	0	0	0
338	05:47:36	60.12	0	0	0
339	05:48:36	60.12	0	0	0
340	05:49:36	60.10	0	0	0
341	05:50:36	60.11	0	0	0
342	05:51:36	60.12	0	0	0
343	05:52:36	60.11	0	0	0
344	05:53:36	60.11	0	0	0
345	05:54:36	60.12	0	0	0
346	05:55:37	60.12	0	0	0
347	05:56:37	60.12	0	0	0
348	05:57:37	60.12	0	0	0
349	05:58:37	60.16	0	0	0
350	05:59:37	60.11	0	0	0
351	06:00:37	60.12	0	0	0
352	06:01:37	60.12	0	0	0
353	06:02:37	60.12	0	0	0
354	06:03:38	60.12	0	0	0
355	06:04:38	60.12	0	0	0
356	06:05:38	60.11	0	0	0
357	06:06:38	60.12	0	0	0
358	06:07:38	60.12	0	0	0
359	06:08:38	60.16	0	0	0
360	06:09:38	60.12	0	0	0
361	06:10:38	60.12	0	0	0
362	06:11:39	60.11	0	0	0
363	06:12:39	60.12	0	0	0
364	06:13:39	60.12	0	0	0
365	06:14:39	60.11	0	0	0
366	06:15:39	60.11	0	0	0
367	06:16:39	60.11	0	0	0
368	06:17:39	60.12	0	0	0
369	06:18:39	60.12	0	0	0
370	06:19:39	60.12	0	0	0
371	06:20:40	60.11	0	0	0
372	06:21:40	60.38	0	0	0
373	06:22:40	60.11	0	0	0
374	06:23:40	60.17	0	0	0
375	06:24:40	60.12	0	0	0
376	06:25:40	60.11	0	0	0
377	06:26:41	60.16	0	0	0
378	06:27:41	60.12	0	0	0
379	06:28:41	60.11	0	0	0
380	06:29:41	60.11	0	0	0
381	06:30:41	60.11	0	0	0
382	06:31:41	60.11	0	0	0
383	06:32:41	60.10	0	0	0
384	06:33:41	60.11	0	0	0
385	06:34:41	60.11	0	0	0
386	06:35:42	60.12	0	0	0
387	06:36:42	60.13	0	0	0
388	06:37:42	60.11	0	0	0
389	06:38:42	60.15	0	0	0
390	06:39:42	60.14	0	0	0
391	06:40:42	60.11	0	0	0
392	06:41:42	60.11	0	0	0
393	06:42:42	60.11	0	0	0
394	06:43:43	60.13	0	0	0
395	06:44:43	60.11	0	0	0
396	06:45:43	60.12	0	0	0
397	06:46:43	60.13	0	0	0
398	06:47:43	60.13	0	0	0
399	06:48:43	60.13	0	0	0
400	06:49:43	60.17	0	0	0
401	06:50:43	60.12	0	0	0
402	06:51:44	60.12	0	0	0
403	06:52:44	60.14	0	0	0
404	06:53:44	60.12	0	0	0
405	06:54:44	60.12	0	0	0
406	06:55:44	60.12	0	0	0
407	06:56:44	60.14	0	0	0
408	06:57:44	60.12	0	0	0
409	06:58:44	60.11	0	0	0
410	06:59:45	60.14	0	0	0
411	07:00:45	60.11	0	0	0
412	07:01:45	60.15	0	0	0
413	07:02:45	60.15	0	0	0
414	07:03:45	60.11	0	0	0
415	07:04:45	60.13	0	0	0
416	07:05:45	60.11	0	0	0
417	07:06:46	60.11	0	0	0
418	07:07:46	60.12	0	0	0
419	07:08:46	60.13	0	0	0
420	07:09:46	60.11	0	0	0
421	07:10:46	60.12	0	0	0
422	07:11:46	60.12	0	0	0
423	07:12:46	60.11	0	0	0
424	07:13:46	60.17	0	0	0
425	07:14:46	60.12	0	0	0
426	07:15:47	60.11	0	0	0
427	07:16:47	60.15	0	0	0
428	07:17:47	60.15	0	0	0
429	07:18:47	60.12	0	0	0
430	07:19:47	60.12	0	0	0
431	07:20:47	60.14	0	0	0
432	07:21:47	60.12	0	0	0
433	07:22:48	60.12	0	0	0
434	07:23:48	60.11	0	0	0
435	07:24:48	60.11	0	0	0
436	07:25:48	60.14	0	0	0
437	07:26:48	60.13	0	0	0
438	07:27:48	60.16	0	0	0
439	07:28:48	60.10	0	0	0
440	07:29:48	60.12	0	0	0
441	07:30:48	60.11	0	0	0
442	07:31:49	60.12	0	0	0
443	07:32:49	60.12	0	0	0
444	07:33:49	60.11	0	0	0
445	07:34:49	60.10	0	0	0
446	07:35:49	60.15	0	0	0
447	07:36:49	60.11	0	0	0
448	07:37:49	60.13	0	0	0
449	07:38:49	60.11	0	0	0
450	07:39:50	60.12	0	0	0
451	07:40:50	60.16	0	0	0
452	07:41:50	60.10	0	0	0
453	07:42:50	60.12	0	0	0
454	07:43:50	60.39	0	0	0
455	07:44:50	60.10	0	0	0
456	07:45:51	60.13	0	0	0
457	07:46:51	60.36	0	0	0
458	07:47:51	60.13	0	0	0
459	07:48:51	60.13	0	0	0
460	07:49:51	60.12	0	0	0
461	07:50:51	60.10	0	0	0
462	07:51:52	60.11	0	0	0
463	07:52:52	60.12	33	0	0
464	07:53:52	60.11	59	0	0
465	07:54:52	60.13	59	0	0
466	07:55:52	60.11	59	0	0
467	07:56:52	60.11	59	0	0
468	07:57:52	60.12	59	0	0
469	07:58:52	60.10	59	0	0
470	07:59:52	60.12	59	0	0
471	08:00:53	60.11	59	0	0
472	08:01:53	60.11	59	0	0
473	08:02:53	60.12	59	0	0
474	08:03:53	60.11	331	0	0
475	08:04:53	60.12	687	0	0
476	08:05:53	60.13	1044	0	0
477	08:06:53	60.15	1401	0	0
478	08:07:53	60.13	1757	0	0
479	08:08:54	60.11	2120	0	0
480	08:09:54	60.11	2476	0	0
481	08:10:54	60.12	2833	0	0
482	08:11:54	60.12	3190	0	0
483	08:12:54	60.12	3545	0	0
484	08:13:54	60.12	3565	0	0
485	08:14:54	60.15	3565	0	0
486	08:15:54	60.13	3565	0	0
487	08:16:55	60.17	3565	0	0
488	08:17:55	60.12	3565	0	0
489	08:18:55	60.11	3565	0	0
490	08:19:55	60.12	3565	0	0
491	08:20:55	60.10	3565	0	0
492	08:21:55	60.11	3565	0	0
493	08:22:55	60.16	3565	0	0
494	08:23:55	60.15	3282	0	0
495	08:24:56	60.11	2919	0	0
496	08:25:56	60.14	2563	0	0
497	08:26:56	60.11	2206	0	0
498	08:27:56	60.12	1850	0	0
499	08:28:56	60.11	1493	0	0
500	08:29:56	60.11	1136	0	0
501	08:30:56	60.11	780	0	0
502	08:31:56	60.12	423	0	0
503	08:32:56	60.16	71	0	0
504	08:33:57	60.12	59	0	0
505	08:34:57	60.12	59	0	0
506	08:35:57	60.12	59	0	0
507	08:36:57	60.11	59	0	0
508	08:37:57	60.12	59	0	0
509	08:38:57	60.11	59	0	0
510	08:39:57	60.11	59	0	0
511	08:40:57	60.12	59	0	0
512	08:41:58	60.11	59	0	0
513	08:42:58	60.11	59	0	0
514	08:43:58	60.13	59	0	0
515	08:44:58	60.11	59	0	0
516	08:45:58	60.11	59	0	0
517	08:46:58	60.12	59	0	0
518	08:47:58	60.11	59	0	0
519	08:48:58	60.11	170	0	0
520	08:49:59	60.10	450	0	0
521	08:50:59	32.23	450	0	0
522	08:51:31	60.19	450	0	0
523	08:52:31	60.13	449	0.01223	0
524	08:53:31	60.11	450	0.1126	0
525	08:54:31	60.11	450	0.1125	0.08609
526	08:55:31	60.12	449	0.1125	0.09784
527	08:56:32	60.13	450	0.1125	0.09782
528	08:57:32	60.12	449	0.1125	0.09779
529	08:58:32	60.13	450	0.1124	0.09744
530	08:59:32	60.11	449	0.1123	0.09709
531	09:00:32	60.13	450	0.05571	0.04813
532	09:01:32	60.11	450	0.04363	0
533	09:02:32	60.11	450	0.09657	0.06906
534	09:03:32	60.12	450	0.09655	0.08226
535	09:04:32	60.11	450	0.09651	0.08212
536	09:05:33	60.11	450	0.09644	0.08188
537	09:06:33	60.12	450	4.892	0.08144
538	09:07:33	60.11	450	12.67	9.413
539	09:08:33	60.13	450	19.23	12.25
540	09:09:33	60.11	449	25.07	23.26
541	09:10:33	60.12	450	25.05	24.41
542	09:11:33	60.14	450	25.03	24.4
543	09:12:33	60.14	450	25.01	24.39
544	09:13:34	60.12	450	24.98	24.38
545	09:14:34	60.11	449	73.98	40.18
546	09:15:34	60.15	450	81.5	71.27
547	09:16:34	60.12	449	128.8	96.01
548	09:17:34	60.12	450	174.5	134.9
549	09:18:34	60.11	450	181.9	173.9
550	09:19:34	60.12	450	202.4	174.9
551	09:20:34	60.12	450	241.7	215.1
552	09:21:35	60.12	450	285.7	255.1
553	09:22:35	60.12	450	332.5	294.9
554	09:23:35	60.12	450	337.7	331.8
555	09:24:35	60.14	450	360.3	332.7
556	09:25:35	60.13	449	398.8	366.9
557	09:26:35	60.13	450	439.4	404.7
558	09:27:35	60.11	449	488.6	444.2
559	09:28:35	60.13	449	491.1	478.6
560	09:29:36	60.10	450	516.3	479.3
561	09:30:36	60.12	450	555.4	524.2
562	09:31:36	60.12	450	594.8	530.5
563	09:32:36	60.35	450	646.5	550.6
564	09:33:36	60.13	449	645.9	621.6
565	09:34:36	60.11	450	645.7	632.4
566	09:35:36	60.12	449	645.5	632.2
567	09:36:37	60.11	450	645.3	631.8
568	09:37:37	58.40	450	645.1	631.3
569	09:38:35	22.55	492	631.7	618
570	09:38:58	60.36	527	631.7	617.8
571	09:39:58	60.14	668	631.7	617.4
572	09:40:58	60.11	873	631.7	617
573	09:41:58	60.11	1141	631.6	616.9
574	09:42:58	60.11	1478	631.5	616.8
575	09:43:58	60.13	1826	631.5	616.8
576	09:44:59	60.17	2179	631.5	616.8
577	09:45:59	60.11	2526	631.5	616.8
578	09:46:59	60.12	2874	631.5	616.8
579	09:47:59	60.11	3221	631.5	616.7
580	09:48:59	60.15	3569	631.5	616.7
581	09:49:59	60.11	3916	631.4	616.6
582	09:50:59	60.12	4263	631.3	616.5
583	09:51:59	60.11	4611	631.3	616.5
584	09:53:00	60.11	4964	631.2	616.5
585	09:54:00	60.14	5311	631.2	616.5
586	09:55:00	60.18	5659	631	616.5
587	09:56:00	60.12	6006	630.8	616.4
588	09:57:00	60.12	6354	630.2	616.2
589	09:58:00	10.32	6499	630	616.1
590	09:58:11	10.27	6499	630	616.1
591	09:58:21	60.41	6499	630	616.1
592	09:59:21	60.12	6499	629.9	616
593	10:00:21	60.11	6499	629.8	616
594	10:01:22	60.11	6499	629.7	616
595	10:02:22	60.11	6499	629.6	616
596	10:03:22	60.12	6499	629.5	616
597	10:04:22	60.11	6499	629.4	616
598	10:05:22	60.12	6499	629.4	616
599	10:06:22	60.11	6499	629.4	616
600	10:07:22	60.12	6499	629.4	615.9
601	10:08:22	51.43	6499	629.4	615.9
602	10:09:14	60.52	6499	629.4	615.9
603	10:10:14	10.27	6499	629.3	615.9
604	10:10:25	60.41	6499	629.3	615.9
605	10:11:25	51.87	6499	629.3	615.8
606	10:12:17	60.60	6499	629.2	615.8
607	10:13:17	60.16	6499	629.2	615.8
608	10:14:18	60.11	6499	629.2	615.8
609	10:15:18	60.11	6499	629	615.6
610	10:16:18	60.10	6499	628.5	614.8
611	10:17:18	60.11	6499	628.1	614.2
612	10:18:18	60.16	6499	627.7	613.5
613	10:19:18	60.11	6499	627.2	612.9
614	10:20:18	60.14	6499	626.8	612.3
615	10:21:18	60.12	6499	626.5	611.9
616	10:22:19	60.12	6499	626.1	611.3
617	10:23:19	60.12	6499	625.6	610.7
618	10:24:19	50.63	6499	625.2	610.2
619	10:25:09	60.32	6499	624.8	609.6
620	10:26:10	30.31	6499	624.4	609.2
621	10:26:40	30.06	6499	624.2	608.9
622	10:27:10	30.31	6499	623.9	608.6
623	10:27:40	30.05	6499	623.7	608.3
624	10:28:10	30.31	6499	623.5	608
625	10:28:41	30.30	6499	623.2	607.7
626	10:29:11	10.27	6499	623.1	607.6
627	10:29:21	30.38	6499	622.9	607.3
628	10:29:52	30.05	6499	622.7	607.1
629	10:30:22	30.31	6499	622.4	606.8
630	10:30:52	30.31	6499	622.2	606.5
631	10:31:22	17.97	6499	622	606.3
632	10:31:40	30.50	6499	621.8	606
633	10:32:11	30.30	6499	621.5	605.7
634	10:32:41	30.31	6499	621.2	605.2
635	10:33:11	30.05	6499	620.8	604.7
636	10:33:41	23.99	6499	620.5	604.3
637	10:34:05	30.18	6499	620.1	603.8
638	10:34:36	30.10	6499	619.7	603.2
639	10:35:06	30.30	6499	619.2	602.6
640	10:35:36	30.31	6499	618.8	602
641	10:36:06	30.06	6499	618.4	601.4
642	10:36:36	30.35	6499	618	600.8
643	10:37:07	30.30	6499	617.6	600.2
644	10:37:37	30.30	6499	617.2	599.5
645	10:38:07	30.31	6499	616.8	598.8
646	10:38:38	26.37	6499	616.4	598.3
647	10:39:04	30.03	6499	616	597.7
648	10:39:34	30.10	6499	615.7	597.1
649	10:40:04	30.10	6499	615.3	596.5
650	10:40:34	30.31	6499	615	596
651	10:41:05	30.30	6499	614.7	595.5
652	10:41:35	30.32	6499	614.3	595
653	10:42:05	30.30	6499	614	594.5
654	10:42:36	30.30	6499	613.7	594.1
655	10:43:06	30.11	6499	613.4	593.6
656	10:43:36	30.30	6499	613.2	593.2
657	10:44:06	30.31	6499	612.9	592.7
658	10:44:37	30.30	6499	612.5	592.2
659	10:45:07	30.11	6499	612.3	591.8
660	10:45:37	30.06	6499	612	591.3
661	10:46:07	30.31	6499	611.6	590.8
662	10:46:37	30.31	6499	611.3	590.3
663	10:47:08	30.05	6499	610.9	589.9
664	10:47:38	30.09	6499	610.6	589.4
665	10:48:08	30.31	6499	610.3	588.9
666	10:48:38	30.34	6499	609.9	588.4
667	10:49:08	26.24	6499	609.6	587.9
668	10:49:35	30.13	6499	609.3	587.5
669	10:50:05	30.30	6499	609	586.9
670	10:50:35	30.31	6499	608.6	586.4
671	10:51:05	30.11	6499	608.3	585.9
672	10:51:35	30.31	6499	608	585.4
673	10:52:06	30.30	6499	607.7	584.9
674	10:52:36	30.31	6499	607.4	584.4
675	10:53:06	30.31	6499	607.1	584
676	10:53:37	30.10	6499	606.8	583.5
677	10:54:07	30.30	6499	606.5	583.1
678	10:54:37	30.31	6499	606.2	582.6
679	10:55:07	30.32	6499	605.9	582.2
680	10:55:38	30.05	6499	605.6	581.7
681	10:56:08	30.30	6499	605.3	581.3
682	10:56:38	30.31	6499	605	580.8
683	10:57:08	30.30	6499	604.7	580.4
684	10:57:39	30.31	6499	604.5	580
685	10:58:09	30.09	6499	604.2	579.6
686	10:58:39	30.30	6499	603.9	579.2
687	10:59:09	30.30	6499	603.6	578.8
688	10:59:40	30.30	6499	603.3	578.4
689	11:00:10	30.31	6499	603	578
690	11:00:40	30.30	6499	602.7	577.6
691	11:01:11	30.10	6499	602.4	577.2
692	11:01:41	30.30	6499	602.1	576.8
693	11:02:11	30.30	6499	601.8	576.4
694	11:02:41	30.33	6499	601.5	576
695	11:03:12	30.06	6499	601.2	575.6
696	11:03:42	30.31	6499	600.9	575.3
697	11:04:12	30.22	6499	600.6	574.9
698	11:04:42	30.10	6499	600.3	574.5
699	11:05:12	30.30	6499	600	574.2
700	11:05:43	30.30	6499	599.7	573.8
701	11:06:13	11.39	6499	599.6	573.6
702	11:06:24	30.22	6499	599.3	573.4
703	11:06:55	30.11	6499	599.1	573
704	11:07:25	30.05	6499	598.8	572.7
705	11:07:55	30.31	6499	598.5	572.3
706	11:08:25	30.31	6499	598.2	572
707	11:08:55	30.29	6499	598	571.7
708	11:09:26	30.31	6499	597.7	571.4
709	11:09:56	30.08	6499	597.5	571.1
710	11:10:26	30.30	6499	597.2	570.8
711	11:10:56	30.31	6499	597	570.6
712	11:11:27	10.30	6499	596.8	570.4
713	11:11:37	30.39	6499	596.6	570.2
714	11:12:07	30.31	6499	596.4	569.9
715	11:12:38	30.31	6499	596.1	569.7
716	11:13:08	30.31	6499	595.9	569.4
717	11:13:38	30.30	6499	595.6	569.2
718	11:14:09	30.12	6499	595.4	568.9
719	11:14:39	30.30	6499	595.2	568.6
720	11:15:09	30.06	6499	594.9	568.4
721	11:15:39	30.05	6499	594.7	568.2
722	11:16:09	30.33	6499	594.5	567.9
723	11:16:39	30.31	6499	594.2	567.7
724	11:17:10	30.09	6499	594	567.4
725	11:17:40	30.30	6499	593.7	567.2
726	11:18:10	30.31	6499	593.5	566.9
727	11:18:40	30.32	6499	593.3	566.7
728	11:19:11	30.07	6499	593.1	566.5
729	11:19:41	30.31	6499	592.8	566.3
730	11:20:11	30.31	6499	592.6	566.1
731	11:20:41	30.06	6499	592.4	565.8
732	11:21:11	30.30	6499	592.2	565.6
733	11:21:42	30.09	6499	591.9	565.4
734	11:22:12	30.30	6499	591.7	565.1
735	11:22:42	30.06	6499	591.5	564.9
736	11:23:12	30.21	6499	591.3	564.7
737	11:23:42	30.30	6499	591.1	564.5
738	11:24:13	30.34	6499	590.9	564.3
739	11:24:43	30.09	6499	590.7	564.1
740	11:25:13	30.32	6499	590.4	563.9
741	11:25:43	30.08	6499	590.2	563.7
742	11:26:14	30.34	6499	590	563.5
743	11:26:44	30.31	6499	589.8	563.3
744	11:27:14	30.09	6499	589.6	563.1
745	11:27:44	30.31	6499	589.4	562.9
746	11:28:15	30.31	6499	589.2	562.7
747	11:28:45	30.30	6499	589.1	562.5
748	11:29:15	30.05	6499	588.8	562.3
749	11:29:45	30.06	6499	588.6	562.1
750	11:30:15	30.10	6499	588.4	561.9
751	11:30:45	30.08	6499	588.3	561.7
752	11:31:16	30.05	6499	588	561.5
753	11:31:46	30.30	6499	587.8	561.3
754	11:32:16	30.31	6499	587.6	561.1
755	11:32:46	30.34	6499	587.4	560.9
756	11:33:17	30.06	6499	587.2	560.7
757	11:33:47	30.31	6499	587	560.4
758	11:34:17	30.31	6499	586.8	560.2
759	11:34:47	30.31	6499	586.6	560
760	11:35:18	30.05	6499	586.4	559.8
761	11:35:48	30.31	6499	586.2	559.6
762	11:36:18	30.30	6499	585.9	559.4
763	11:36:48	30.31	6499	585.7	559.2
764	11:37:18	30.31	6499	585.5	559
765	11:37:49	30.30	6499	585.3	558.7
766	11:38:19	30.30	6499	585.1	558.5
767	11:38:49	30.30	6499	584.9	558.3
768	11:39:20	30.32	6499	584.7	558.1
769	11:39:50	30.06	6499	584.4	557.9
770	11:40:20	30.30	6499	584.2	557.7
771	11:40:50	30.31	6499	584	557.5
772	11:41:21	30.29	6499	583.8	557.3
773	11:41:51	30.31	6499	583.6	557
774	11:42:21	30.30	6499	583.3	556.9
775	11:42:52	23.67	6499	583.2	556.7
776	11:43:15	30.17	6499	583	556.5
777	11:43:45	30.30	6499	582.8	556.3
778	11:44:16	30.30	6499	582.6	556.1
779	11:44:46	30.10	6499	582.4	555.9
780	11:45:16	30.30	6499	582.2	555.8
781	11:45:46	30.08	6499	582	555.6
782	11:46:17	30.30	6499	581.8	555.4
783	11:46:47	30.33	6499	581.6	555.2
784	11:47:17	30.10	6499	581.4	555
785	11:47:47	30.30	6499	581.2	554.8
786	11:48:18	30.30	6499	580.9	554.6
787	11:48:48	30.30	6499	580.7	554.4
788	11:49:18	30.30	6499	580.5	554.2
789	11:49:48	30.06	6499	580.3	554
790	11:50:19	30.23	6499	580.1	553.8
791	11:50:49	30.31	6499	579.9	553.6
792	11:51:19	30.07	6499	579.7	553.4
793	11:51:49	30.31	6499	579.5	553.2
794	11:52:19	30.34	6499	579.3	553
795	11:52:50	30.30	6499	579.1	552.8
796	11:53:20	30.30	6499	578.9	552.7
797	11:53:50	30.31	6499	578.7	552.5
798	11:54:21	30.30	6499	578.5	552.2
799	11:54:51	30.33	6499	578.3	552.1
800	11:55:21	30.09	6499	578.1	551.9
801	11:55:51	30.30	6499	577.9	551.7
802	11:56:22	13.76	6499	577.8	551.5
803	11:56:35	30.54	6499	577.6	551.4
804	11:57:06	30.31	6499	577.4	551.2
805	11:57:36	30.11	6499	577.2	551
806	11:58:06	30.31	6499	577	550.9
807	11:58:37	30.30	6499	576.8	550.7
808	11:59:07	30.31	6499	576.6	550.5
809	11:59:37	30.31	6499	576.4	550.3
810	12:00:08	30.33	6499	576.2	550.1
811	12:00:38	30.05	6499	576	549.9
812	12:01:08	30.30	6499	575.9	549.8
813	12:01:38	30.31	6499	575.6	549.6
814	12:02:09	30.30	6499	575.4	549.4
815	12:02:39	30.06	6499	575.2	549.2
816	12:03:09	30.30	6499	575	549
817	12:03:39	30.31	6499	574.8	548.8
818	12:04:10	30.30	6499	574.6	548.7
819	12:04:40	30.30	6499	574.4	548.5
820	12:05:10	30.06	6499	574.3	548.3
821	12:05:40	30.30	6499	574	548.1
822	12:06:11	30.30	6499	573.9	547.9
823	12:06:41	30.31	6499	573.7	547.7
824	12:07:11	30.30	6499	573.5	547.5
825	12:07:41	30.06	6499	573.3	547.3
826	12:08:12	30.31	6499	573.1	547.1
827	12:08:42	31.46	6499	572.8	546.9
828	12:09:13	60.23	6499	572.6	546.7
829	12:10:14	60.11	6499	572.2	546.3
830	12:11:14	60.14	6499	571.8	545.9
831	12:12:14	60.12	6499	571.4	545.6
832	12:13:14	60.12	6499	571	545.2
833	12:14:14	60.11	6499	570.6	544.9
834	12:15:14	60.10	6499	570.3	544.5
835	12:16:14	60.12	6499	569.9	544.2
836	12:17:14	60.12	6499	569.5	543.8
837	12:18:14	60.11	6499	569.2	543.5
838	12:19:15	60.12	6499	568.8	543.1
839	12:20:15	60.12	6499	568.4	542.7
840	12:21:15	60.13	6499	568.1	542.4
841	12:22:15	60.10	6499	567.7	542
842	12:23:15	60.12	6499	567.3	541.7
843	12:24:15	60.12	6499	567	541.3
844	12:25:15	19.30	6499	566.7	541.1
845	12:25:35	12.69	6499	566.6	541
846	12:25:47	9.03	6499	566.6	541
847	12:25:56	8.50	6499	566.5	541
848	12:26:05	9.04	6499	566.5	540.9
849	12:26:14	8.79	6499	566.4	540.9
850	12:26:23	9.02	6499	566.4	540.8
851	12:26:32	8.21	6499	566.3	540.8
852	12:26:40	9.03	6499	566.3	540.8
853	12:26:49	8.57	6499	566.2	540.7
854	12:26:57	9.03	6499	566.2	540.7
855	12:27:07	8.52	6499	566.1	540.6
856	12:27:15	9.02	6499	566.1	540.6
857	12:27:24	8.52	6499	566	540.5
858	12:27:33	9.02	6499	566	540.5
859	12:27:42	8.53	6499	565.9	540.4
860	12:27:50	9.02	6499	565.9	540.4
861	12:27:59	8.52	6499	565.9	540.4
862	12:28:08	9.02	6499	565.9	540.4
863	12:28:17	24.36	6499	565.8	540.3
864	12:28:41	9.01	6499	565.7	540.2
865	12:28:50	7.92	6499	565.7	540.2
866	12:28:58	9.02	6499	565.6	540.1
867	12:29:07	7.92	6499	565.6	540.1
868	12:29:15	9.02	6499	565.6	540
869	12:29:24	8.24	6499	565.5	540
870	12:29:32	9.02	6499	565.4	539.9
871	12:29:41	7.91	6499	565.4	539.9
872	12:29:49	9.02	6499	565.3	539.8
873	12:29:58	7.92	6499	565.3	539.8
874	12:30:06	9.02	6499	565.2	539.8
875	12:30:15	7.93	6499	565.2	539.7
876	12:30:23	9.02	6499	565.1	539.7
877	12:30:32	7.92	6499	565.1	539.6
878	12:30:40	9.03	6499	565.1	539.6
879	12:30:49	7.92	6499	565	539.6
880	12:30:57	9.02	6499	565	539.5
881	12:31:06	8.98	6499	564.9	539.5
882	12:31:15	60.34	6499	564.8	539.4
883	12:32:15	60.16	6499	564.5	539.1
884	12:33:15	60.41	6499	564.2	538.8
885	12:34:16	60.13	6499	563.9	538.6
886	12:35:16	60.11	6499	563.6	538.3
887	12:36:16	60.13	6499	563.3	538
888	12:37:16	60.11	6499	562.9	537.7
889	12:38:16	60.12	6499	562.6	537.3
890	12:39:16	60.15	6499	562.2	537
891	12:40:17	60.11	6499	561.9	536.7
892	12:41:17	60.12	6499	561.5	536.3
893	12:42:17	60.11	6499	561.2	536
894	12:43:17	60.37	6499	560.9	535.7
895	12:44:17	60.12	6499	560.5	535.3
896	12:45:17	60.10	6499	560.1	535
897	12:46:17	60.14	6499	559.8	534.7
898	12:47:18	60.11	6499	559.5	534.3
899	12:48:18	10.27	6499	401.1	382.5
900	12:48:28	60.42	6499	0	0
901	12:49:28	60.12	6502	0	0
902	12:50:29	60.12	6502	0	0
903	12:51:29	23.52	6502	0	0
Created by AtlRunQuery on: 2018-12-02 09:13:34.798706
