LHC beam energy and intensities during run 363738:
(Begin/end of run: Wed Oct 17 2018 06:54:14 − 20:03:52)

LB	   Start time
(CEST)	   Duration
(sec)	   Beam energy
(GeV)	   Intensity Beam-1
(1e11 protons)	   Intensity Beam-2
(1e11 protons)
1	06:54:14	60.38	449	813.7	818.1
2	06:55:14	40.09	449	812.5	817.6
3	06:55:55	60.33	449	959.4	872.8
4	06:56:55	60.11	449	1075	987.5
5	06:57:55	10.30	449	1111	1118
6	06:58:05	60.12	450	1215	1127
7	06:59:05	60.12	449	1304	1268
8	07:00:06	60.14	450	1390	1350
9	07:01:06	60.11	449	1510	1457
10	07:02:06	60.12	449	1655	1570
11	07:03:06	60.12	449	1769	1684
12	07:04:06	60.12	450	1882	1817
13	07:05:06	60.11	449	1982	1950
14	07:06:06	60.15	450	2055	2032
15	07:07:06	60.13	449	2202	2127
16	07:08:07	60.11	450	2318	2240
17	07:09:07	60.16	449	2430	2366
18	07:10:07	60.37	450	2542	2504
19	07:11:07	60.12	450	2644	2619
20	07:12:07	60.45	450	2642	2663
21	07:13:08	60.12	450	2641	2662
22	07:14:08	60.17	449	2640	2660
23	07:15:08	60.11	449	2639	2658
24	07:16:08	38.48	450	2638	2656
25	07:16:47	10.58	449	2625	2644
26	07:16:57	60.44	450	2624	2642
27	07:17:58	60.13	449	2623	2640
28	07:18:58	60.12	450	2621	2637
29	07:19:58	60.12	450	2619	2634
30	07:20:58	60.12	486	2618	2633
31	07:21:58	60.10	595	2618	2631
32	07:22:58	60.12	774	2618	2629
33	07:23:58	60.12	1011	2617	2628
34	07:24:58	60.11	1321	2617	2628
35	07:25:59	60.11	1674	2617	2628
36	07:26:59	60.11	2022	2617	2628
37	07:27:59	60.12	2369	2617	2628
38	07:28:59	60.11	2717	2617	2628
39	07:29:59	60.12	3064	2616	2628
40	07:30:59	60.12	3411	2616	2627
41	07:31:59	60.15	3759	2616	2627
42	07:32:59	60.12	4106	2615	2627
43	07:34:00	60.12	4459	2615	2627
44	07:35:00	60.12	4807	2614	2626
45	07:36:00	60.12	5154	2614	2626
46	07:37:00	60.11	5502	2613	2626
47	07:38:00	60.11	5849	2611	2626
48	07:39:00	60.13	6196	2609	2625
49	07:40:00	24.08	6497	2606	2624
50	07:40:24	10.24	6499	2606	2623
51	07:40:35	60.44	6499	2606	2623
52	07:41:35	60.13	6499	2605	2623
53	07:42:35	60.12	6499	2605	2622
54	07:43:35	60.14	6499	2604	2622
55	07:44:35	60.15	6499	2604	2622
56	07:45:36	60.16	6499	2603	2622
57	07:46:36	60.12	6499	2603	2621
58	07:47:36	60.11	6499	2603	2621
59	07:48:36	60.11	6499	2603	2621
60	07:49:36	60.13	6499	2602	2620
61	07:50:36	60.10	6499	2602	2620
62	07:51:36	60.16	6499	2602	2620
63	07:52:36	60.12	6499	2602	2620
64	07:53:37	60.16	6499	2601	2620
65	07:54:37	60.16	6499	2601	2620
66	07:55:37	60.11	6499	2601	2620
67	07:56:37	60.14	6499	2601	2620
68	07:57:37	60.12	6499	2600	2620
69	07:58:37	60.13	6499	2600	2620
70	07:59:37	60.11	6499	2600	2620
71	08:00:38	60.16	6499	2599	2620
72	08:01:38	60.37	6499	2599	2620
73	08:02:38	60.12	6499	2598	2619
74	08:03:38	60.14	6499	2597	2619
75	08:04:38	49.33	6499	2595	2619
76	08:05:28	60.42	6499	2594	2619
77	08:06:28	60.16	6499	2593	2618
78	08:07:28	60.12	6499	2592	2618
79	08:08:28	60.14	6499	2591	2618
80	08:09:28	60.11	6499	2591	2617
81	08:10:29	60.11	6499	2590	2617
82	08:11:29	60.11	6499	2588	2617
83	08:12:29	60.10	6499	2586	2616
84	08:13:29	60.11	6499	2582	2611
85	08:14:29	60.11	6499	2579	2608
86	08:15:29	60.11	6499	2576	2603
87	08:16:29	33.17	6499	2574	2599
88	08:17:02	60.32	6499	2570	2594
89	08:18:03	41.84	6499	2567	2589
90	08:18:45	60.52	6499	2564	2584
91	08:19:45	54.33	6499	2560	2579
92	08:20:39	19.08	6499	2559	2576
93	08:20:58	60.14	6499	2556	2573
94	08:21:59	60.12	6499	2553	2568
95	08:22:59	47.34	6499	2550	2564
96	08:23:46	60.41	6499	2547	2560
97	08:24:47	60.11	6499	2543	2555
98	08:25:47	60.14	6499	2540	2551
99	08:26:47	48.66	6499	2537	2547
100	08:27:35	60.60	6499	2534	2543
101	08:28:36	60.11	6499	2530	2539
102	08:29:36	60.11	6499	2527	2535
103	08:30:36	60.40	6499	2523	2532
104	08:31:37	60.11	6499	2520	2528
105	08:32:37	60.12	6499	2517	2524
106	08:33:37	60.11	6499	2514	2521
107	08:34:37	60.17	6499	2511	2518
108	08:35:37	60.12	6499	2508	2515
109	08:36:37	10.31	6499	2507	2514
110	08:36:48	60.46	6499	2505	2512
111	08:37:48	60.14	6499	2502	2510
112	08:38:48	60.12	6499	2499	2508
113	08:39:48	60.11	6499	2497	2505
114	08:40:48	60.11	6499	2495	2503
115	08:41:49	60.11	6499	2493	2501
116	08:42:49	60.15	6499	2490	2498
117	08:43:49	60.11	6499	2488	2496
118	08:44:49	21.86	6499	2487	2494
119	08:45:11	60.54	6499	2485	2493
120	08:46:11	60.11	6499	2483	2490
121	08:47:11	60.13	6499	2481	2488
122	08:48:12	60.41	6499	2479	2486
123	08:49:12	60.16	6499	2477	2484
124	08:50:12	60.12	6499	2474	2481
125	08:51:12	60.11	6499	2472	2479
126	08:52:12	15.16	6499	2471	2478
127	08:52:27	60.25	6499	2470	2476
128	08:53:28	60.11	6498	2468	2474
129	08:54:28	60.16	6499	2465	2472
130	08:55:28	60.16	6499	2463	2470
131	08:56:28	60.13	6499	2461	2468
132	08:57:28	60.11	6499	2459	2465
133	08:58:28	60.11	6499	2457	2463
134	08:59:29	60.12	6499	2455	2461
135	09:00:29	60.11	6499	2453	2459
136	09:01:29	60.16	6499	2451	2457
137	09:02:29	60.16	6499	2449	2455
138	09:03:29	10.26	6499	2448	2454
139	09:03:39	60.44	6499	2446	2453
140	09:04:40	60.13	6499	2444	2451
141	09:05:40	60.12	6499	2442	2449
142	09:06:40	60.12	6499	2440	2446
143	09:07:40	60.13	6499	2438	2445
144	09:08:40	60.11	6499	2436	2443
145	09:09:40	60.12	6499	2434	2441
146	09:10:41	60.12	6499	2432	2439
147	09:11:41	60.10	6499	2430	2436
148	09:12:41	60.11	6499	2428	2435
149	09:13:41	60.17	6499	2426	2432
150	09:14:41	60.12	6499	2424	2430
151	09:15:41	60.13	6499	2422	2429
152	09:16:41	60.17	6499	2420	2427
153	09:17:41	60.12	6499	2418	2425
154	09:18:42	57.43	6499	2416	2423
155	09:19:39	60.53	6499	2414	2421
156	09:20:40	60.16	6499	2412	2419
157	09:21:40	60.12	6499	2410	2417
158	09:22:40	60.12	6499	2408	2415
159	09:23:40	60.12	6499	2406	2413
160	09:24:40	60.41	6499	2404	2412
161	09:25:40	60.12	6499	2402	2410
162	09:26:41	60.11	6499	2400	2408
163	09:27:41	60.11	6499	2398	2406
164	09:28:41	60.16	6499	2396	2404
165	09:29:41	60.17	6499	2394	2402
166	09:30:41	60.11	6499	2392	2400
167	09:31:41	23.63	6499	2390	2399
168	09:32:05	60.05	6499	2389	2398
169	09:33:05	60.12	6499	2387	2396
170	09:34:05	60.12	6499	2385	2394
171	09:35:05	60.16	6499	2383	2392
172	09:36:05	10.27	6499	2382	2391
173	09:36:16	60.44	6499	2381	2390
174	09:37:16	60.12	6499	2379	2388
175	09:38:16	60.15	6499	2377	2386
176	09:39:16	60.12	6499	2375	2385
177	09:40:16	60.14	6499	2373	2383
178	09:41:17	60.12	6499	2371	2381
179	09:42:17	60.12	6499	2369	2379
180	09:43:17	60.14	6499	2367	2378
181	09:44:17	60.16	6499	2365	2376
182	09:45:17	60.12	6499	2362	2374
183	09:46:17	60.17	6499	2359	2372
184	09:47:17	60.12	6499	2357	2370
185	09:48:17	60.12	6499	2355	2368
186	09:49:18	60.12	6499	2353	2366
187	09:50:18	60.12	6499	2351	2364
188	09:51:18	60.17	6499	2350	2363
189	09:52:18	60.11	6499	2348	2361
190	09:53:18	60.17	6499	2346	2359
191	09:54:18	60.11	6499	2344	2357
192	09:55:18	60.12	6499	2342	2355
193	09:56:19	60.11	6499	2340	2354
194	09:57:19	25.21	6499	2339	2352
195	09:57:44	60.20	6499	2338	2351
196	09:58:44	60.10	6499	2336	2349
197	09:59:44	10.29	6499	2335	2348
198	09:59:54	60.35	6499	2333	2347
199	10:00:55	60.12	6499	2332	2346
200	10:01:55	60.11	6499	2330	2344
201	10:02:55	60.13	6499	2328	2342
202	10:03:55	60.16	6499	2326	2340
203	10:04:55	60.11	6499	2324	2339
204	10:05:55	60.15	6499	2322	2337
205	10:06:56	60.13	6499	2320	2335
206	10:07:56	60.17	6499	2319	2334
207	10:08:56	60.12	6499	2317	2332
208	10:09:56	60.12	6499	2315	2330
209	10:10:56	60.11	6499	2313	2328
210	10:11:56	60.13	6499	2311	2327
211	10:12:56	60.10	6499	2309	2325
212	10:13:56	60.14	6499	2307	2324
213	10:14:57	60.15	6499	2305	2322
214	10:15:57	60.15	6499	2304	2320
215	10:16:57	60.17	6499	2302	2319
216	10:17:57	60.14	6499	2300	2317
217	10:18:57	11.32	6499	2299	2316
218	10:19:09	60.56	6499	2298	2315
219	10:20:09	60.12	6499	2296	2313
220	10:21:09	60.11	6499	2294	2312
221	10:22:09	60.12	6499	2292	2310
222	10:23:09	60.11	6499	2290	2308
223	10:24:10	60.11	6499	2289	2307
224	10:25:10	60.12	6499	2287	2305
225	10:26:10	60.16	6499	2285	2303
226	10:27:10	60.11	6499	2283	2302
227	10:28:10	60.10	6499	2281	2300
228	10:29:10	60.12	6499	2279	2299
229	10:30:10	60.17	6499	2277	2297
230	10:31:10	60.18	6499	2276	2295
231	10:32:11	60.17	6499	2274	2294
232	10:33:11	60.11	6499	2272	2292
233	10:34:11	60.15	6499	2270	2291
234	10:35:11	60.14	6499	2268	2289
235	10:36:11	60.34	6499	2266	2287
236	10:37:12	60.14	6499	2265	2286
237	10:38:12	60.16	6499	2263	2284
238	10:39:12	10.27	6499	2262	2283
239	10:39:22	11.11	6499	2262	2283
240	10:39:33	60.26	6499	2261	2282
241	10:40:33	15.75	6499	2260	2281
242	10:40:49	60.44	6499	2258	2280
243	10:41:50	60.11	6499	2257	2278
244	10:42:50	60.11	6499	2255	2277
245	10:43:50	60.14	6499	2253	2275
246	10:44:50	60.12	6499	2252	2274
247	10:45:50	60.16	6499	2250	2272
248	10:46:50	60.13	6499	2248	2271
249	10:47:50	60.15	6499	2246	2269
250	10:48:51	60.17	6499	2244	2267
251	10:49:51	60.16	6499	2243	2266
252	10:50:51	60.14	6499	2241	2264
253	10:51:51	60.17	6499	2239	2263
254	10:52:51	60.15	6499	2237	2261
255	10:53:51	60.13	6499	2235	2260
256	10:54:51	60.12	6499	2234	2258
257	10:55:52	60.11	6499	2232	2257
258	10:56:52	60.16	6499	2230	2255
259	10:57:52	60.11	6499	2228	2253
260	10:58:52	60.16	6499	2226	2252
261	10:59:52	60.18	6499	2225	2250
262	11:00:52	40.85	6499	2223	2249
263	11:01:33	60.44	6499	2222	2248
264	11:02:34	60.17	6499	2220	2246
265	11:03:34	60.12	6499	2218	2245
266	11:04:34	60.13	6499	2216	2243
267	11:05:34	60.12	6499	2214	2242
268	11:06:34	60.11	6499	2212	2240
269	11:07:34	60.15	6499	2211	2239
270	11:08:34	60.17	6499	2209	2237
271	11:09:35	60.15	6499	2207	2236
272	11:10:35	60.15	6499	2205	2234
273	11:11:35	60.11	6499	2203	2233
274	11:12:35	60.19	6499	2202	2231
275	11:13:35	60.14	6499	2200	2230
276	11:14:35	60.16	6499	2198	2228
277	11:15:35	60.11	6499	2196	2227
278	11:16:36	60.11	6499	2195	2225
279	11:17:36	60.12	6499	2193	2224
280	11:18:36	60.13	6499	2191	2222
281	11:19:36	60.16	6499	2189	2221
282	11:20:36	60.13	6499	2187	2219
283	11:21:36	60.38	6499	2186	2218
284	11:22:37	60.12	6499	2184	2216
285	11:23:37	60.16	6499	2182	2215
286	11:24:37	60.11	6499	2180	2213
287	11:25:37	60.13	6499	2178	2212
288	11:26:37	60.18	6499	2177	2211
289	11:27:37	17.06	6499	2176	2210
290	11:27:54	60.61	6499	2174	2209
291	11:28:55	60.13	6499	2173	2207
292	11:29:55	60.15	6499	2171	2206
293	11:30:55	60.16	6499	2169	2204
294	11:31:55	60.12	6499	2167	2203
295	11:32:56	60.14	6499	2165	2201
296	11:33:56	60.12	6499	2164	2200
297	11:34:56	60.16	6499	2162	2198
298	11:35:56	60.19	6499	2160	2197
299	11:36:56	60.17	6499	2158	2196
300	11:37:56	60.15	6499	2157	2194
301	11:38:56	60.14	6499	2155	2193
302	11:39:57	60.13	6499	2153	2191
303	11:40:57	60.18	6499	2152	2190
304	11:41:57	60.11	6499	2150	2188
305	11:42:57	60.16	6499	2148	2187
306	11:43:57	60.17	6499	2146	2186
307	11:44:57	60.12	6499	2145	2184
308	11:45:57	60.12	6499	2143	2183
309	11:46:58	60.11	6499	2141	2181
310	11:47:58	60.19	6499	2139	2180
311	11:48:58	60.12	6499	2138	2178
312	11:49:58	60.13	6499	2136	2177
313	11:50:58	60.15	6499	2134	2175
314	11:51:58	60.12	6498	2133	2174
315	11:52:58	42.88	6499	2131	2173
316	11:53:41	60.41	6499	2130	2172
317	11:54:42	60.14	6499	2128	2170
318	11:55:42	60.13	6499	2126	2169
319	11:56:42	60.14	6499	2125	2167
320	11:57:42	60.16	6499	2123	2166
321	11:58:42	60.15	6499	2121	2165
322	11:59:42	60.13	6499	2120	2163
323	12:00:43	60.17	6499	2118	2162
324	12:01:43	60.15	6499	2116	2160
325	12:02:43	60.16	6499	2114	2159
326	12:03:43	60.12	6499	2113	2157
327	12:04:43	60.17	6499	2111	2156
328	12:05:43	60.11	6499	2109	2155
329	12:06:43	60.13	6499	2107	2153
330	12:07:44	60.13	6499	2106	2152
331	12:08:44	39.57	6499	2104	2151
332	12:09:23	60.15	6499	2103	2149
333	12:10:23	60.14	6499	2101	2148
334	12:11:24	60.16	6499	2100	2147
335	12:12:24	24.04	6499	2099	2146
336	12:12:48	60.17	6499	2098	2145
337	12:13:48	60.39	6499	2096	2143
338	12:14:48	24.50	6499	2095	2142
339	12:15:13	60.25	6499	2093	2141
340	12:16:13	60.36	6498	2092	2140
341	12:17:13	60.37	6499	2090	2138
342	12:18:14	60.36	6499	2088	2137
343	12:19:14	60.11	6499	2087	2136
344	12:20:14	19.54	6499	2086	2135
345	12:20:34	60.40	6499	2084	2134
346	12:21:34	60.16	6499	2083	2132
347	12:22:34	60.11	6499	2081	2131
348	12:23:34	60.14	6499	2079	2130
349	12:24:35	60.11	6499	2078	2128
350	12:25:35	60.15	6499	2076	2127
351	12:26:35	60.14	6499	2075	2125
352	12:27:35	60.15	6499	2073	2124
353	12:28:35	60.15	6499	2071	2123
354	12:29:35	60.14	6499	2070	2121
355	12:30:35	60.18	6499	2068	2120
356	12:31:36	60.12	6499	2066	2119
357	12:32:36	60.12	6499	2065	2117
358	12:33:36	60.14	6499	2063	2116
359	12:34:36	60.13	6499	2062	2114
360	12:35:36	60.12	6499	2060	2113
361	12:36:36	60.12	6499	2058	2112
362	12:37:36	60.15	6499	2057	2110
363	12:38:37	60.12	6499	2055	2109
364	12:39:37	60.14	6499	2054	2107
365	12:40:37	60.11	6499	2052	2106
366	12:41:37	60.14	6499	2050	2105
367	12:42:37	60.18	6499	2049	2103
368	12:43:37	60.16	6499	2047	2102
369	12:44:37	60.15	6499	2045	2101
370	12:45:38	34.31	6499	2044	2100
371	12:46:12	60.36	6499	2043	2098
372	12:47:12	60.15	6499	2041	2097
373	12:48:12	60.10	6499	2040	2096
374	12:49:12	60.14	6499	2038	2094
375	12:50:13	60.14	6499	2036	2093
376	12:51:13	60.12	6499	2035	2092
377	12:52:13	60.13	6499	2033	2090
378	12:53:13	60.36	6499	2032	2089
379	12:54:13	60.11	6499	2030	2088
380	12:55:13	60.16	6499	2029	2086
381	12:56:14	60.14	6499	2027	2085
382	12:57:14	60.15	6499	2025	2083
383	12:58:14	60.16	6499	2024	2082
384	12:59:14	60.14	6499	2022	2081
385	13:00:14	60.16	6499	2020	2079
386	13:01:14	60.11	6499	2019	2078
387	13:02:14	60.15	6499	2017	2077
388	13:03:15	60.16	6499	2016	2075
389	13:04:15	60.13	6499	2014	2074
390	13:05:15	60.16	6499	2012	2073
391	13:06:15	60.13	6499	2011	2071
392	13:07:15	60.11	6499	2009	2070
393	13:08:15	60.17	6499	2008	2069
394	13:09:15	60.13	6499	2006	2067
395	13:10:16	60.17	6499	2005	2066
396	13:11:16	60.15	6499	2003	2064
397	13:12:16	60.13	6499	2001	2063
398	13:13:16	60.41	6499	2000	2062
399	13:14:16	60.18	6499	1998	2060
400	13:15:17	42.62	6499	1997	2059
401	13:15:59	60.38	6499	1996	2058
402	13:17:00	60.15	6499	1994	2057
403	13:18:00	60.10	6499	1993	2055
404	13:19:00	60.14	6499	1991	2054
405	13:20:00	60.13	6499	1989	2053
406	13:21:00	60.15	6499	1988	2051
407	13:22:00	60.12	6499	1986	2050
408	13:23:00	60.20	6499	1985	2048
409	13:24:01	60.18	6499	1983	2047
410	13:25:01	60.15	6499	1982	2046
411	13:26:01	60.17	6499	1980	2044
412	13:27:01	60.14	6499	1978	2043
413	13:28:01	60.16	6499	1977	2042
414	13:29:01	60.12	6499	1975	2040
415	13:30:02	60.14	6499	1974	2039
416	13:31:02	60.17	6499	1972	2038
417	13:32:02	60.17	6499	1971	2036
418	13:33:02	60.16	6499	1969	2035
419	13:34:02	60.12	6499	1968	2034
420	13:35:02	60.12	6499	1966	2032
421	13:36:02	60.18	6499	1964	2031
422	13:37:03	60.11	6499	1963	2030
423	13:38:03	60.13	6499	1961	2028
424	13:39:03	60.15	6499	1960	2027
425	13:40:03	60.11	6499	1958	2025
426	13:41:03	60.13	6499	1957	2024
427	13:42:03	60.12	6499	1955	2023
428	13:43:03	60.16	6499	1954	2021
429	13:44:04	60.13	6499	1952	2020
430	13:45:04	27.58	6499	1951	2019
431	13:45:31	60.37	6499	1950	2018
432	13:46:32	60.16	6499	1948	2017
433	13:47:32	60.15	6499	1947	2015
434	13:48:32	60.13	6499	1945	2014
435	13:49:32	60.11	6499	1944	2013
436	13:50:32	60.17	6499	1942	2011
437	13:51:32	29.98	6499	1941	2010
438	13:52:02	60.19	6499	1940	2009
439	13:53:02	60.15	6499	1939	2008
440	13:54:03	60.16	6499	1937	2007
441	13:55:03	60.17	6499	1936	2005
442	13:56:03	60.17	6499	1934	2004
443	13:57:03	60.16	6499	1933	2003
444	13:58:03	60.11	6499	1931	2001
445	13:59:03	60.16	6499	1930	2000
446	14:00:04	60.11	6499	1928	1999
447	14:01:04	60.12	6499	1927	1997
448	14:02:04	60.12	6499	1925	1996
449	14:03:04	60.15	6499	1924	1995
450	14:04:04	60.13	6499	1922	1993
451	14:05:04	60.16	6499	1921	1992
452	14:06:04	60.16	6499	1919	1991
453	14:07:05	60.14	6499	1918	1989
454	14:08:05	60.11	6499	1916	1988
455	14:09:05	60.15	6499	1915	1987
456	14:10:05	60.13	6499	1913	1985
457	14:11:05	60.14	6499	1912	1984
458	14:12:05	60.11	6499	1911	1983
459	14:13:05	60.12	6499	1909	1982
460	14:14:05	60.16	6499	1908	1980
461	14:15:06	60.14	6499	1906	1979
462	14:16:06	60.13	6499	1905	1978
463	14:17:06	10.30	6499	1904	1977
464	14:17:16	60.43	6499	1903	1976
465	14:18:17	23.66	6498	1902	1975
466	14:18:40	60.51	6499	1901	1974
467	14:19:41	60.17	6499	1899	1973
468	14:20:41	60.12	6499	1898	1972
469	14:21:41	60.11	6499	1896	1970
470	14:22:41	60.16	6499	1895	1969
471	14:23:41	60.10	6499	1894	1967
472	14:24:41	60.13	6499	1892	1966
473	14:25:42	47.39	6499	1891	1965
474	14:26:29	60.35	6499	1890	1964
475	14:27:29	10.27	6499	1889	1963
476	14:27:40	60.46	6499	1888	1962
477	14:28:40	60.15	6499	1886	1961
478	14:29:40	60.11	6499	1885	1959
479	14:30:40	60.11	6499	1884	1958
480	14:31:40	60.14	6499	1882	1957
481	14:32:40	60.11	6499	1881	1956
482	14:33:41	60.11	6499	1879	1954
483	14:34:41	60.11	6498	1878	1953
484	14:35:41	60.11	6499	1877	1952
485	14:36:41	60.15	6499	1875	1950
486	14:37:41	60.15	6499	1874	1949
487	14:38:41	60.35	6499	1872	1948
488	14:39:42	60.16	6499	1871	1946
489	14:40:42	60.17	6499	1870	1945
490	14:41:42	60.15	6499	1868	1944
491	14:42:42	60.16	6499	1867	1942
492	14:43:42	60.17	6499	1865	1941
493	14:44:42	60.11	6499	1864	1940
494	14:45:42	60.13	6499	1863	1939
495	14:46:43	60.35	6499	1861	1937
496	14:47:43	60.12	6499	1860	1936
497	14:48:43	60.16	6499	1859	1935
498	14:49:43	60.11	6499	1857	1933
499	14:50:43	60.12	6499	1856	1932
500	14:51:43	60.14	6499	1854	1931
501	14:52:44	60.10	6499	1853	1930
502	14:53:44	60.12	6499	1852	1928
503	14:54:44	60.11	6499	1850	1927
504	14:55:44	60.11	6499	1849	1926
505	14:56:44	55.29	6499	1848	1925
506	14:57:39	60.43	6499	1847	1923
507	14:58:40	60.16	6499	1845	1922
508	14:59:40	60.11	6499	1844	1921
509	15:00:40	60.16	6499	1843	1920
510	15:01:40	60.12	6499	1841	1918
511	15:02:40	60.11	6499	1840	1917
512	15:03:40	59.59	6499	1838	1916
513	15:04:40	60.48	6499	1837	1914
514	15:05:41	60.15	6499	1836	1913
515	15:06:41	60.12	6499	1834	1912
516	15:07:41	60.16	6499	1833	1911
517	15:08:41	60.12	6499	1832	1909
518	15:09:41	60.14	6499	1830	1908
519	15:10:41	60.17	6499	1829	1907
520	15:11:41	60.16	6499	1828	1906
521	15:12:42	60.12	6499	1826	1904
522	15:13:42	60.12	6499	1825	1903
523	15:14:42	60.16	6499	1824	1902
524	15:15:42	60.17	6499	1822	1901
525	15:16:42	60.11	6499	1821	1899
526	15:17:42	60.11	6499	1819	1898
527	15:18:42	60.11	6499	1818	1897
528	15:19:42	60.13	6499	1817	1895
529	15:20:43	60.11	6499	1816	1894
530	15:21:43	39.37	6499	1814	1893
531	15:22:22	60.16	6499	1813	1892
532	15:23:22	60.17	6499	1812	1891
533	15:24:22	60.12	6499	1811	1889
534	15:25:23	60.16	6499	1809	1887
535	15:26:23	60.11	6499	1807	1885
536	15:27:23	60.11	6499	1805	1883
537	15:28:23	60.13	6499	1804	1882
538	15:29:23	60.12	6499	1802	1880
539	15:30:23	60.18	6499	1801	1878
540	15:31:23	60.11	6499	1799	1877
541	15:32:23	60.18	6499	1797	1875
542	15:33:24	60.15	6499	1796	1873
543	15:34:24	60.19	6499	1794	1872
544	15:35:24	60.12	6499	1793	1870
545	15:36:24	60.39	6499	1791	1868
546	15:37:24	60.12	6499	1789	1867
547	15:38:25	60.16	6499	1788	1865
548	15:39:25	60.12	6499	1786	1863
549	15:40:25	60.15	6499	1785	1862
550	15:41:25	60.13	6499	1783	1860
551	15:42:25	60.11	6499	1782	1859
552	15:43:25	60.12	6499	1780	1857
553	15:44:25	60.11	6499	1779	1855
554	15:45:25	60.39	6499	1777	1854
555	15:46:26	60.12	6499	1775	1852
556	15:47:26	60.37	6499	1774	1850
557	15:48:26	60.11	6499	1772	1849
558	15:49:26	60.16	6499	1771	1847
559	15:50:27	60.10	6499	1769	1846
560	15:51:27	60.20	6499	1768	1844
561	15:52:27	60.11	6499	1766	1842
562	15:53:27	60.11	6499	1765	1841
563	15:54:27	60.15	6499	1763	1839
564	15:55:27	60.13	6499	1762	1837
565	15:56:27	60.39	6499	1760	1836
566	15:57:28	60.12	6499	1758	1834
567	15:58:28	60.17	6499	1757	1833
568	15:59:28	60.12	6499	1756	1831
569	16:00:28	60.39	6499	1754	1830
570	16:01:29	60.11	6499	1753	1828
571	16:02:29	60.12	6499	1751	1826
572	16:03:29	60.12	6499	1750	1825
573	16:04:29	60.14	6499	1748	1823
574	16:05:29	60.41	6499	1747	1822
575	16:06:30	60.14	6499	1745	1820
576	16:07:30	60.36	6499	1744	1819
577	16:08:30	60.15	6499	1742	1817
578	16:09:30	60.18	6499	1741	1815
579	16:10:30	48.66	6499	1739	1814
580	16:11:19	60.37	6499	1738	1813
581	16:12:19	60.12	6499	1737	1811
582	16:13:19	60.13	6499	1735	1810
583	16:14:20	60.13	6499	1734	1808
584	16:15:20	60.15	6499	1732	1807
585	16:16:20	60.18	6499	1731	1805
586	16:17:20	60.12	6499	1730	1803
587	16:18:20	60.11	6498	1728	1802
588	16:19:20	60.16	6499	1727	1800
589	16:20:20	60.12	6499	1725	1799
590	16:21:21	60.12	6499	1724	1797
591	16:22:21	60.12	6498	1722	1796
592	16:23:21	60.11	6499	1721	1794
593	16:24:21	60.10	6498	1720	1793
594	16:25:21	60.14	6499	1718	1791
595	16:26:21	60.11	6499	1717	1790
596	16:27:21	60.11	6499	1715	1788
597	16:28:21	60.12	6499	1714	1787
598	16:29:22	60.11	6499	1712	1785
599	16:30:22	60.15	6499	1711	1784
600	16:31:22	60.39	6498	1710	1782
601	16:32:22	60.19	6499	1708	1781
602	16:33:22	60.14	6499	1707	1779
603	16:34:22	60.13	6499	1706	1778
604	16:35:23	60.10	6499	1704	1776
605	16:36:23	60.12	6499	1703	1775
606	16:37:23	60.40	6498	1701	1773
607	16:38:23	60.14	6499	1700	1772
608	16:39:23	60.18	6499	1699	1770
609	16:40:24	60.13	6499	1697	1769
610	16:41:24	35.95	6499	1696	1768
611	16:42:00	60.52	6499	1695	1767
612	16:43:00	60.11	6499	1694	1765
613	16:44:00	60.13	6499	1692	1764
614	16:45:00	60.13	6498	1690	1762
615	16:46:01	60.16	6499	1688	1760
616	16:47:01	60.12	6499	1687	1759
617	16:48:01	60.11	6499	1685	1757
618	16:49:01	60.13	6499	1683	1755
619	16:50:01	60.11	6499	1682	1754
620	16:51:01	60.12	6499	1680	1752
621	16:52:01	60.13	6499	1678	1751
622	16:53:01	60.16	6499	1677	1749
623	16:54:02	60.12	6499	1675	1748
624	16:55:02	60.11	6499	1674	1746
625	16:56:02	60.16	6499	1672	1744
626	16:57:02	60.12	6499	1670	1743
627	16:58:02	60.16	6499	1669	1741
628	16:59:02	60.15	6499	1667	1739
629	17:00:02	10.32	6499	1666	1739
630	17:00:13	13.80	6499	1666	1738
631	17:00:27	60.15	6499	1665	1737
632	17:01:27	60.18	6499	1663	1736
633	17:02:27	60.12	6499	1662	1734
634	17:03:27	60.12	6499	1660	1732
635	17:04:27	60.16	6499	1659	1731
636	17:05:27	60.15	6499	1657	1729
637	17:06:27	60.16	6499	1655	1728
638	17:07:28	60.14	6499	1654	1726
639	17:08:28	60.36	6499	1652	1725
640	17:09:28	60.18	6499	1651	1723
641	17:10:28	60.12	6499	1649	1722
642	17:11:28	60.11	6499	1648	1720
643	17:12:28	60.10	6499	1646	1718
644	17:13:29	60.11	6499	1645	1717
645	17:14:29	60.11	6499	1643	1715
646	17:15:29	60.12	6499	1642	1714
647	17:16:29	60.15	6499	1640	1712
648	17:17:29	60.16	6499	1639	1710
649	17:18:29	60.40	6499	1637	1709
650	17:19:30	60.15	6499	1636	1707
651	17:20:30	60.15	6498	1634	1706
652	17:21:30	60.13	6499	1633	1704
653	17:22:30	37.10	6499	1632	1703
654	17:23:07	60.12	6499	1630	1702
655	17:24:07	60.12	6499	1629	1700
656	17:25:07	10.27	6499	1628	1699
657	17:25:18	60.15	6499	1627	1698
658	17:26:18	29.20	6498	1626	1697
659	17:26:47	60.22	6499	1625	1696
660	17:27:47	60.11	6499	1624	1694
661	17:28:47	60.11	6499	1622	1693
662	17:29:47	60.17	6499	1621	1691
663	17:30:48	60.11	6499	1619	1690
664	17:31:48	60.15	6499	1618	1688
665	17:32:48	60.15	6499	1616	1687
666	17:33:48	60.13	6499	1615	1685
667	17:34:48	60.36	6499	1613	1684
668	17:35:48	60.13	6499	1612	1682
669	17:36:49	60.13	6499	1611	1681
670	17:37:49	60.16	6499	1609	1679
671	17:38:49	60.13	6499	1608	1677
672	17:39:49	60.15	6499	1606	1676
673	17:40:49	60.17	6499	1605	1674
674	17:41:49	60.15	6499	1604	1673
675	17:42:50	19.21	6499	1603	1672
676	17:43:09	60.46	6499	1602	1671
677	17:44:09	60.12	6499	1600	1669
678	17:45:09	60.11	6499	1599	1668
679	17:46:09	60.16	6499	1597	1666
680	17:47:10	60.12	6499	1596	1665
681	17:48:10	60.13	6499	1595	1664
682	17:49:10	60.12	6499	1594	1662
683	17:50:10	60.12	6499	1592	1661
684	17:51:10	60.15	6499	1591	1659
685	17:52:10	60.13	6499	1590	1658
686	17:53:10	60.20	6499	1588	1656
687	17:54:11	60.11	6499	1587	1655
688	17:55:11	60.12	6499	1586	1653
689	17:56:11	60.12	6499	1584	1652
690	17:57:11	60.13	6499	1583	1650
691	17:58:11	60.12	6499	1581	1649
692	17:59:11	60.15	6499	1580	1648
693	18:00:11	60.11	6499	1579	1646
694	18:01:11	60.12	6499	1577	1645
695	18:02:12	60.12	6499	1576	1643
696	18:03:12	60.17	6499	1574	1642
697	18:04:12	60.13	6499	1573	1640
698	18:05:12	60.12	6499	1572	1639
699	18:06:12	60.11	6499	1571	1638
700	18:07:12	60.11	6499	1569	1636
701	18:08:12	60.15	6499	1568	1635
702	18:09:12	60.15	6499	1567	1633
703	18:10:13	60.14	6499	1565	1632
704	18:11:13	60.17	6499	1564	1631
705	18:12:13	60.15	6499	1563	1629
706	18:13:13	60.16	6499	1562	1628
707	18:14:13	60.14	6499	1560	1626
708	18:15:13	35.90	6499	1559	1625
709	18:15:49	60.56	6499	1558	1624
710	18:16:50	60.41	6499	1557	1623
711	18:17:50	60.17	6499	1555	1621
712	18:18:50	60.12	6499	1554	1620
713	18:19:51	60.17	6499	1553	1619
714	18:20:51	60.13	6499	1552	1617
715	18:21:51	60.12	6499	1550	1616
716	18:22:51	10.84	6498	1550	1615
717	18:23:02	60.10	6499	1549	1614
718	18:24:02	60.14	6499	1548	1613
719	18:25:02	60.11	6498	1546	1612
720	18:26:02	25.98	6499	1545	1611
721	18:26:28	60.21	6499	1545	1610
722	18:27:28	60.15	6499	1543	1608
723	18:28:28	60.11	6499	1542	1607
724	18:29:29	60.11	6499	1541	1606
725	18:30:29	60.18	6499	1539	1605
726	18:31:29	60.14	6499	1538	1603
727	18:32:29	60.18	6499	1537	1602
728	18:33:29	60.12	6499	1536	1600
729	18:34:29	60.12	6499	1534	1599
730	18:35:29	60.11	6499	1533	1598
731	18:36:30	60.13	6499	1532	1597
732	18:37:30	60.15	6499	1531	1595
733	18:38:30	60.16	6499	1530	1594
734	18:39:30	60.12	6499	1528	1593
735	18:40:30	60.12	6499	1527	1591
736	18:41:30	60.14	6499	1526	1590
737	18:42:30	60.16	6499	1525	1589
738	18:43:31	60.35	6499	1524	1587
739	18:44:31	60.17	6499	1522	1586
740	18:45:31	60.12	6499	1521	1585
741	18:46:31	60.13	6499	1520	1583
742	18:47:31	60.16	6499	1519	1582
743	18:48:31	60.17	6499	1517	1581
744	18:49:32	60.16	6499	1516	1580
745	18:50:32	60.18	6499	1515	1578
746	18:51:32	60.12	6499	1514	1577
747	18:52:32	60.14	6499	1513	1576
748	18:53:32	28.51	6499	1512	1575
749	18:54:01	31.62	6499	1511	1574
750	18:54:32	60.49	6499	1511	1573
751	18:55:33	60.13	6499	1509	1572
752	18:56:33	60.15	6499	1508	1571
753	18:57:33	60.15	6499	1507	1569
754	18:58:33	60.12	6499	1506	1568
755	18:59:33	50.34	6499	1505	1567
756	19:00:24	60.45	6499	1504	1566
757	19:01:24	60.13	6499	1503	1564
758	19:02:24	60.12	6499	1501	1563
759	19:03:24	60.11	6499	1500	1562
760	19:04:25	60.13	6499	1499	1561
761	19:05:25	60.15	6499	1498	1559
762	19:06:25	60.13	6499	1497	1558
763	19:07:25	60.15	6499	1496	1557
764	19:08:25	60.11	6499	1495	1556
765	19:09:25	60.13	6499	1493	1555
766	19:10:25	60.11	6499	1492	1553
767	19:11:25	60.18	6499	1491	1552
768	19:12:26	60.16	6499	1490	1551
769	19:13:26	60.12	6499	1489	1549
770	19:14:26	60.12	6499	1488	1548
771	19:15:26	60.17	6499	1487	1547
772	19:16:26	60.15	6499	1485	1546
773	19:17:26	60.21	6499	1484	1544
774	19:18:27	60.11	6499	1483	1543
775	19:19:27	60.11	6499	1482	1542
776	19:20:27	60.12	6499	1481	1541
777	19:21:27	60.14	6499	1480	1540
778	19:22:27	60.11	6499	1479	1538
779	19:23:27	60.13	6499	1478	1537
780	19:24:27	60.17	6499	1477	1536
781	19:25:27	60.15	6499	1476	1535
782	19:26:28	60.13	6499	1475	1534
783	19:27:28	60.16	6499	1474	1532
784	19:28:28	60.36	6499	1472	1531
785	19:29:28	60.12	6499	1471	1530
786	19:30:28	60.15	6499	1470	1529
787	19:31:29	60.17	6499	1469	1527
788	19:32:29	60.38	6499	1468	1526
789	19:33:29	60.12	6499	1467	1525
790	19:34:29	60.17	6499	1466	1524
791	19:35:29	60.10	6499	1465	1523
792	19:36:29	60.11	6499	1464	1521
793	19:37:30	60.12	6499	1463	1520
794	19:38:30	14.04	6499	1462	1520
795	19:38:44	60.53	6499	1462	1519
796	19:39:44	60.14	6499	1460	1518
797	19:40:44	60.12	6499	1459	1516
798	19:41:44	60.14	6499	1458	1515
799	19:42:45	20.56	6499	1458	1515
800	19:43:05	13.30	6499	1457	1514
801	19:43:18	9.02	6499	1457	1514
802	19:43:28	8.53	6499	1457	1514
803	19:43:36	9.01	6499	1457	1514
804	19:43:45	8.51	6499	1457	1514
805	19:43:54	9.02	6499	1457	1514
806	19:44:03	8.25	6499	1457	1513
807	19:44:11	9.00	6499	1456	1513
808	19:44:20	8.53	6499	1456	1513
809	19:44:28	9.02	6499	1456	1513
810	19:44:37	8.52	6499	1456	1513
811	19:44:46	9.02	6499	1456	1513
812	19:44:55	8.52	6499	1456	1513
813	19:45:03	9.03	6499	1455	1512
814	19:45:12	8.52	6499	1455	1512
815	19:45:21	9.02	6499	1455	1512
816	19:45:30	8.53	6499	1455	1512
817	19:45:39	9.01	6499	1455	1512
818	19:45:48	24.83	6499	1455	1512
819	19:46:12	9.00	6499	1454	1511
820	19:46:21	7.63	6499	1454	1511
821	19:46:29	9.02	6499	1454	1511
822	19:46:38	7.91	6499	1454	1511
823	19:46:46	9.01	6499	1454	1511
824	19:46:55	7.63	6499	1454	1511
825	19:47:03	9.01	6499	1454	1510
826	19:47:12	7.92	6499	1454	1510
827	19:47:20	9.04	6498	1453	1510
828	19:47:29	7.63	6499	1453	1510
829	19:47:36	9.02	6499	1453	1510
830	19:47:45	7.63	6499	1453	1510
831	19:47:53	3.05	6499	1453	1510
832	19:47:56	5.97	6499	1453	1509
833	19:48:02	7.63	6499	1453	1509
834	19:48:09	9.01	6499	1453	1509
835	19:48:18	7.62	6499	1452	1509
836	19:48:26	9.02	6499	1452	1509
837	19:48:35	8.67	6499	1452	1509
838	19:48:44	60.29	6499	1452	1508
839	19:49:44	60.13	6498	1451	1507
840	19:50:44	60.11	6499	1450	1506
841	19:51:44	60.12	6499	1449	1505
842	19:52:44	60.12	6499	1448	1504
843	19:53:45	60.16	6499	1447	1503
844	19:54:45	60.12	6499	1446	1502
845	19:55:45	60.12	6499	1445	1501
846	19:56:45	60.11	6499	1444	1499
847	19:57:45	60.11	6499	1443	1498
848	19:58:45	60.13	6499	1442	1497
849	19:59:45	10.27	6499	1273	1320
850	19:59:56	60.44	6499	0	0
851	20:00:56	56.19	6499	0	0
852	20:01:52	60.03	6499	0	0
853	20:02:52	59.95	6502	0	0
Created by AtlRunQuery on: 2018-12-02 09:17:55.557569
