LHC beam energy and intensities during run 363910:
(Begin/end of run: Thu Oct 18 2018 17:07:14 − Fri Oct 19, 05:29:54)

LB	   Start time
(CEST)	   Duration
(sec)	   Beam energy
(GeV)	   Intensity Beam-1
(1e11 protons)	   Intensity Beam-2
(1e11 protons)
1	17:07:14	60.11	450	2622	2407
2	17:08:14	44.95	449	2617	2405
3	17:08:59	30.29	450	2613	2467
4	17:09:30	60.29	449	2609	2646
5	17:10:30	60.11	450	2606	2708
6	17:11:30	28.77	449	2605	2707
7	17:11:59	26.56	449	2593	2695
8	17:12:25	60.43	449	2592	2693
9	17:13:26	60.12	450	2589	2690
10	17:14:26	60.12	450	2587	2687
11	17:15:26	60.12	475	2586	2685
12	17:16:26	60.11	573	2586	2684
13	17:17:26	60.12	741	2585	2683
14	17:18:26	60.11	968	2585	2682
15	17:19:26	60.11	1265	2585	2682
16	17:20:27	60.11	1618	2584	2681
17	17:21:27	60.15	1965	2584	2681
18	17:22:27	60.12	2313	2584	2681
19	17:23:27	60.15	2660	2584	2681
20	17:24:27	60.12	3008	2584	2681
21	17:25:27	60.13	3355	2584	2681
22	17:26:27	60.14	3702	2583	2681
23	17:27:27	60.14	4050	2582	2680
24	17:28:28	60.14	4403	2582	2680
25	17:29:28	60.12	4750	2581	2680
26	17:30:28	60.12	5098	2581	2680
27	17:31:28	60.13	5445	2580	2679
28	17:32:28	60.13	5793	2578	2679
29	17:33:28	60.12	6140	2576	2678
30	17:34:28	36.01	6476	2573	2677
31	17:35:04	11.01	6499	2572	2677
32	17:35:15	60.59	6499	2572	2677
33	17:36:16	60.11	6499	2571	2676
34	17:37:16	60.13	6499	2571	2676
35	17:38:16	60.12	6499	2570	2676
36	17:39:16	60.11	6499	2570	2676
37	17:40:16	60.11	6499	2569	2676
38	17:41:17	60.12	6499	2569	2676
39	17:42:17	60.12	6499	2568	2676
40	17:43:17	60.11	6499	2568	2675
41	17:44:17	60.12	6499	2567	2675
42	17:45:17	60.12	6499	2567	2675
43	17:46:17	60.11	6499	2566	2675
44	17:47:17	60.12	6499	2564	2675
45	17:48:17	60.14	6499	2563	2674
46	17:49:18	29.22	6499	2561	2674
47	17:49:47	60.45	6499	2560	2674
48	17:50:47	60.14	6499	2559	2673
49	17:51:47	60.13	6499	2557	2673
50	17:52:47	60.13	6499	2555	2672
51	17:53:48	60.11	6499	2551	2669
52	17:54:48	60.12	6499	2549	2666
53	17:55:48	60.11	6499	2546	2663
54	17:56:48	60.11	6499	2543	2660
55	17:57:48	60.16	6499	2540	2657
56	17:58:48	60.12	6499	2538	2654
57	17:59:48	60.12	6499	2535	2651
58	18:00:48	60.15	6499	2533	2649
59	18:01:49	60.12	6499	2530	2646
60	18:02:49	16.80	6499	2529	2645
61	18:03:06	60.16	6499	2527	2643
62	18:04:06	60.12	6499	2525	2641
63	18:05:06	60.12	6499	2523	2639
64	18:06:06	60.12	6499	2521	2637
65	18:07:06	58.66	6499	2519	2635
66	18:08:05	60.33	6499	2517	2633
67	18:09:05	39.57	6499	2515	2631
68	18:09:45	60.44	6499	2513	2629
69	18:10:45	60.12	6499	2511	2626
70	18:11:45	10.26	6499	2509	2625
71	18:11:55	60.13	6499	2508	2623
72	18:12:56	60.12	6499	2505	2621
73	18:13:56	60.16	6499	2503	2619
74	18:14:56	60.16	6499	2500	2616
75	18:15:56	60.36	6499	2498	2614
76	18:16:56	60.14	6499	2496	2612
77	18:17:56	60.20	6499	2493	2610
78	18:18:57	60.11	6499	2491	2608
79	18:19:57	60.17	6499	2489	2606
80	18:20:57	60.11	6499	2486	2604
81	18:21:57	60.16	6499	2484	2602
82	18:22:57	60.16	6499	2482	2600
83	18:23:57	60.16	6499	2480	2598
84	18:24:58	60.12	6499	2477	2596
85	18:25:58	60.17	6499	2475	2594
86	18:26:58	60.10	6499	2472	2591
87	18:27:58	60.12	6499	2470	2589
88	18:28:58	60.11	6499	2468	2587
89	18:29:58	60.11	6499	2465	2585
90	18:30:58	60.11	6499	2463	2583
91	18:31:58	60.11	6499	2460	2581
92	18:32:59	60.14	6499	2458	2579
93	18:33:59	60.12	6499	2456	2577
94	18:34:59	60.11	6499	2453	2575
95	18:35:59	60.13	6499	2451	2573
96	18:36:59	60.11	6499	2448	2571
97	18:37:59	60.15	6499	2446	2569
98	18:38:59	60.12	6499	2444	2567
99	18:39:59	60.16	6499	2442	2565
100	18:41:00	60.12	6499	2439	2563
101	18:42:00	60.12	6499	2437	2561
102	18:43:00	60.13	6499	2435	2559
103	18:44:00	60.12	6499	2432	2557
104	18:45:00	60.10	6499	2430	2556
105	18:46:00	60.15	6499	2428	2554
106	18:47:00	60.12	6499	2425	2552
107	18:48:00	60.12	6499	2423	2550
108	18:49:01	60.10	6499	2421	2548
109	18:50:01	10.27	6499	2419	2547
110	18:50:11	60.43	6499	2418	2546
111	18:51:11	60.11	6499	2416	2544
112	18:52:11	60.36	6499	2414	2542
113	18:53:12	60.10	6499	2411	2540
114	18:54:12	60.11	6499	2409	2538
115	18:55:12	60.12	6499	2407	2536
116	18:56:12	60.12	6499	2405	2534
117	18:57:12	60.15	6499	2403	2532
118	18:58:12	60.11	6499	2401	2531
119	18:59:13	60.12	6499	2399	2529
120	19:00:13	60.11	6499	2397	2527
121	19:01:13	60.13	6499	2395	2525
122	19:02:13	40.99	6499	2393	2524
123	19:02:54	60.53	6499	2391	2522
124	19:03:54	60.13	6499	2389	2521
125	19:04:55	60.11	6499	2387	2519
126	19:05:55	60.11	6499	2385	2517
127	19:06:55	60.17	6499	2383	2515
128	19:07:55	60.35	6499	2381	2514
129	19:08:55	60.11	6499	2379	2512
130	19:09:55	60.16	6499	2377	2510
131	19:10:56	60.10	6499	2375	2508
132	19:11:56	60.16	6499	2373	2507
133	19:12:56	60.10	6499	2371	2505
134	19:13:56	60.12	6499	2369	2503
135	19:14:56	60.14	6499	2367	2502
136	19:15:56	60.14	6499	2365	2500
137	19:16:56	60.14	6499	2362	2498
138	19:17:56	60.10	6499	2360	2497
139	19:18:57	60.16	6499	2358	2495
140	19:19:57	60.11	6499	2356	2493
141	19:20:57	60.14	6499	2354	2492
142	19:21:57	60.16	6499	2352	2490
143	19:22:57	60.15	6499	2350	2488
144	19:23:57	60.11	6499	2348	2486
145	19:24:57	60.14	6499	2346	2485
146	19:25:58	60.12	6499	2344	2483
147	19:26:58	60.12	6499	2342	2482
148	19:27:58	60.14	6499	2340	2480
149	19:28:58	60.12	6499	2338	2478
150	19:29:58	60.35	6499	2336	2477
151	19:30:58	60.11	6499	2334	2475
152	19:31:58	60.13	6499	2332	2473
153	19:32:59	42.92	6499	2330	2472
154	19:33:42	60.51	6499	2329	2470
155	19:34:42	60.12	6499	2327	2469
156	19:35:42	60.15	6499	2325	2467
157	19:36:42	60.10	6499	2323	2466
158	19:37:42	60.11	6499	2321	2464
159	19:38:42	60.17	6499	2319	2462
160	19:39:43	60.15	6499	2317	2461
161	19:40:43	60.13	6499	2315	2459
162	19:41:43	60.15	6499	2313	2457
163	19:42:43	60.18	6499	2311	2456
164	19:43:43	60.13	6499	2309	2454
165	19:44:43	60.12	6499	2307	2452
166	19:45:44	60.13	6499	2304	2451
167	19:46:44	60.11	6499	2302	2449
168	19:47:44	60.17	6499	2300	2448
169	19:48:44	60.14	6499	2298	2446
170	19:49:44	60.15	6499	2296	2445
171	19:50:44	60.11	6499	2294	2443
172	19:51:44	60.17	6499	2292	2442
173	19:52:45	60.11	6499	2290	2440
174	19:53:45	60.14	6499	2288	2438
175	19:54:45	20.61	6499	2287	2437
176	19:55:05	60.32	6499	2286	2436
177	19:56:06	60.14	6499	2284	2435
178	19:57:06	60.12	6499	2282	2433
179	19:58:06	10.27	6499	2281	2432
180	19:58:16	60.11	6499	2279	2431
181	19:59:16	60.16	6499	2277	2430
182	20:00:16	60.15	6499	2275	2428
183	20:01:17	60.15	6499	2273	2427
184	20:02:17	60.13	6499	2271	2425
185	20:03:17	60.15	6499	2269	2423
186	20:04:17	60.15	6499	2267	2422
187	20:05:17	60.12	6499	2265	2420
188	20:06:17	60.11	6499	2263	2419
189	20:07:17	60.10	6499	2261	2417
190	20:08:18	60.13	6499	2259	2416
191	20:09:18	60.10	6499	2258	2414
192	20:10:18	60.15	6499	2256	2413
193	20:11:18	60.13	6499	2254	2411
194	20:12:18	60.12	6499	2252	2410
195	20:13:18	60.17	6499	2250	2408
196	20:14:18	60.13	6499	2248	2406
197	20:15:18	60.11	6498	2246	2405
198	20:16:19	60.34	6499	2244	2403
199	20:17:19	60.11	6499	2242	2402
200	20:18:19	60.35	6499	2240	2400
201	20:19:19	15.81	6498	2239	2399
202	20:19:35	60.52	6499	2237	2398
203	20:20:36	60.12	6499	2236	2397
204	20:21:36	60.14	6499	2234	2395
205	20:22:36	60.11	6499	2232	2394
206	20:23:36	60.16	6499	2230	2393
207	20:24:36	60.14	6498	2228	2391
208	20:25:36	60.16	6499	2226	2390
209	20:26:37	60.15	6499	2224	2388
210	20:27:37	60.13	6499	2222	2387
211	20:28:37	60.11	6499	2220	2385
212	20:29:37	60.17	6499	2218	2384
213	20:30:37	60.12	6498	2217	2382
214	20:31:37	60.41	6499	2215	2381
215	20:32:38	60.17	6499	2213	2379
216	20:33:38	60.16	6499	2211	2378
217	20:34:38	60.14	6499	2209	2376
218	20:35:38	60.18	6498	2207	2375
219	20:36:38	16.92	6499	2206	2374
220	20:36:55	60.22	6499	2205	2373
221	20:37:55	23.72	6499	2203	2372
222	20:38:19	60.21	6499	2202	2371
223	20:39:19	60.18	6499	2200	2369
224	20:40:20	60.16	6499	2198	2368
225	20:41:20	60.12	6499	2196	2366
226	20:42:20	30.14	6499	2195	2365
227	20:42:50	60.36	6498	2194	2364
228	20:43:50	60.12	6499	2192	2363
229	20:44:50	60.15	6499	2190	2361
230	20:45:51	60.12	6499	2188	2360
231	20:46:51	60.15	6499	2186	2358
232	20:47:51	60.17	6499	2184	2357
233	20:48:51	60.18	6499	2182	2356
234	20:49:51	60.14	6499	2180	2354
235	20:50:51	60.11	6499	2179	2353
236	20:51:51	60.12	6499	2177	2351
237	20:52:52	60.16	6499	2175	2350
238	20:53:52	60.16	6499	2173	2348
239	20:54:52	60.16	6499	2171	2347
240	20:55:52	10.40	6499	2170	2346
241	20:56:02	60.27	6499	2169	2345
242	20:57:03	60.16	6499	2167	2344
243	20:58:03	60.11	6499	2165	2342
244	20:59:03	60.17	6499	2163	2341
245	21:00:03	60.17	6499	2162	2339
246	21:01:03	60.12	6499	2160	2338
247	21:02:03	60.11	6499	2158	2337
248	21:03:04	60.16	6499	2156	2335
249	21:04:04	60.12	6499	2154	2334
250	21:05:04	36.61	6499	2153	2333
251	21:05:40	60.35	6498	2152	2331
252	21:06:41	60.12	6499	2150	2330
253	21:07:41	60.14	6499	2148	2329
254	21:08:41	60.11	6499	2146	2327
255	21:09:41	60.14	6499	2144	2326
256	21:10:41	60.12	6499	2142	2324
257	21:11:41	60.15	6499	2141	2323
258	21:12:42	60.15	6498	2139	2322
259	21:13:42	60.14	6499	2137	2320
260	21:14:42	60.15	6499	2135	2319
261	21:15:42	60.15	6499	2134	2317
262	21:16:42	60.13	6499	2132	2316
263	21:17:42	60.16	6499	2130	2315
264	21:18:42	60.15	6499	2128	2313
265	21:19:43	60.14	6498	2127	2312
266	21:20:43	60.15	6499	2125	2310
267	21:21:43	60.16	6499	2123	2309
268	21:22:43	60.14	6499	2121	2308
269	21:23:43	10.32	6499	2121	2307
270	21:23:54	60.10	6499	2119	2306
271	21:24:54	60.12	6499	2118	2304
272	21:25:54	60.12	6499	2116	2303
273	21:26:54	60.20	6499	2114	2302
274	21:27:54	60.15	6499	2112	2300
275	21:28:54	60.16	6499	2111	2299
276	21:29:54	60.12	6499	2109	2298
277	21:30:55	60.17	6499	2107	2296
278	21:31:55	60.18	6499	2105	2295
279	21:32:55	60.11	6499	2104	2294
280	21:33:55	60.15	6499	2102	2292
281	21:34:55	60.15	6499	2100	2291
282	21:35:55	60.16	6499	2099	2289
283	21:36:55	60.13	6499	2097	2288
284	21:37:56	60.14	6499	2095	2286
285	21:38:56	60.16	6499	2094	2285
286	21:39:56	60.14	6499	2092	2284
287	21:40:56	60.16	6499	2090	2282
288	21:41:56	12.98	6499	2089	2281
289	21:42:09	60.45	6499	2088	2280
290	21:43:10	60.14	6499	2086	2279
291	21:44:10	60.15	6499	2085	2278
292	21:45:10	60.12	6499	2083	2276
293	21:46:10	49.49	6499	2081	2275
294	21:47:00	60.20	6499	2080	2274
295	21:48:00	60.13	6498	2078	2272
296	21:49:00	19.61	6499	2077	2272
297	21:49:19	60.08	6499	2076	2271
298	21:50:20	60.14	6499	2074	2269
299	21:51:20	60.11	6499	2073	2268
300	21:52:20	60.12	6499	2071	2267
301	21:53:20	60.14	6499	2069	2265
302	21:54:20	60.15	6499	2068	2264
303	21:55:20	60.14	6499	2066	2262
304	21:56:20	58.49	6499	2064	2261
305	21:57:19	60.24	6499	2063	2260
306	21:58:19	60.15	6499	2061	2258
307	21:59:19	60.17	6499	2059	2257
308	22:00:19	60.17	6499	2058	2256
309	22:01:20	60.21	6499	2056	2254
310	22:02:20	60.12	6499	2054	2253
311	22:03:20	60.11	6499	2053	2252
312	22:04:20	60.12	6499	2051	2250
313	22:05:20	60.11	6499	2049	2249
314	22:06:20	60.12	6499	2048	2248
315	22:07:20	60.17	6499	2046	2246
316	22:08:21	60.15	6499	2045	2245
317	22:09:21	60.18	6499	2043	2243
318	22:10:21	60.14	6499	2041	2242
319	22:11:21	60.11	6499	2039	2241
320	22:12:21	60.14	6499	2038	2239
321	22:13:21	60.13	6499	2036	2238
322	22:14:21	60.17	6499	2035	2237
323	22:15:22	40.45	6499	2033	2236
324	22:16:02	60.53	6499	2032	2234
325	22:17:03	60.15	6499	2030	2233
326	22:18:03	60.18	6499	2029	2232
327	22:19:03	60.15	6499	2027	2230
328	22:20:03	60.16	6499	2026	2229
329	22:21:03	60.15	6499	2024	2228
330	22:22:03	60.13	6499	2022	2226
331	22:23:03	60.17	6499	2021	2225
332	22:24:04	60.13	6499	2019	2224
333	22:25:04	60.18	6499	2018	2222
334	22:26:04	60.11	6499	2016	2221
335	22:27:04	60.17	6499	2014	2220
336	22:28:04	60.15	6499	2013	2219
337	22:29:04	60.11	6499	2011	2217
338	22:30:04	60.12	6499	2010	2216
339	22:31:05	60.11	6499	2008	2215
340	22:32:05	60.17	6499	2006	2213
341	22:33:05	60.12	6499	2005	2212
342	22:34:05	60.13	6499	2003	2211
343	22:35:05	60.10	6499	2002	2209
344	22:36:05	60.12	6499	2000	2208
345	22:37:05	60.14	6499	1998	2207
346	22:38:05	60.14	6499	1997	2205
347	22:39:06	60.14	6499	1995	2204
348	22:40:06	60.13	6499	1994	2203
349	22:41:06	60.18	6499	1992	2202
350	22:42:06	60.13	6499	1991	2200
351	22:43:06	60.13	6499	1989	2199
352	22:44:06	48.48	6499	1988	2198
353	22:44:55	60.52	6499	1986	2197
354	22:45:55	60.13	6499	1985	2195
355	22:46:55	60.11	6499	1983	2194
356	22:47:56	60.15	6499	1982	2193
357	22:48:56	60.18	6499	1980	2191
358	22:49:56	60.17	6498	1979	2190
359	22:50:56	60.11	6499	1977	2189
360	22:51:56	60.12	6499	1976	2187
361	22:52:56	60.13	6499	1974	2186
362	22:53:56	60.16	6499	1972	2185
363	22:54:57	60.11	6499	1971	2184
364	22:55:57	60.18	6498	1969	2182
365	22:56:57	60.12	6499	1968	2181
366	22:57:57	60.17	6499	1966	2180
367	22:58:57	60.11	6498	1965	2178
368	22:59:57	60.11	6499	1963	2177
369	23:00:57	60.15	6499	1962	2176
370	23:01:58	60.16	6499	1960	2175
371	23:02:58	43.17	6498	1959	2173
372	23:03:41	60.26	6498	1958	2172
373	23:04:41	60.11	6499	1956	2171
374	23:05:41	60.12	6499	1955	2170
375	23:06:41	60.15	6498	1953	2169
376	23:07:42	60.20	6498	1952	2167
377	23:08:42	60.17	6499	1950	2166
378	23:09:42	60.11	6499	1949	2165
379	23:10:42	60.12	6498	1947	2163
380	23:11:42	60.11	6499	1946	2162
381	23:12:42	60.11	6499	1944	2161
382	23:13:42	60.13	6499	1943	2160
383	23:14:42	60.15	6499	1941	2158
384	23:15:43	60.14	6499	1940	2157
385	23:16:43	60.14	6499	1938	2156
386	23:17:43	41.41	6499	1937	2155
387	23:18:24	60.53	6499	1936	2154
388	23:19:25	60.16	6499	1934	2152
389	23:20:25	60.18	6499	1933	2151
390	23:21:25	60.11	6499	1932	2150
391	23:22:25	60.12	6499	1930	2148
392	23:23:25	60.18	6499	1929	2147
393	23:24:26	60.16	6499	1927	2146
394	23:25:26	60.17	6499	1926	2145
395	23:26:26	60.12	6499	1924	2144
396	23:27:26	60.18	6499	1923	2142
397	23:28:26	60.15	6499	1921	2141
398	23:29:26	60.16	6499	1920	2140
399	23:30:27	60.11	6499	1919	2139
400	23:31:27	60.17	6499	1917	2137
401	23:32:27	60.15	6499	1916	2136
402	23:33:27	60.39	6499	1914	2135
403	23:34:27	60.11	6499	1913	2134
404	23:35:27	60.13	6499	1911	2132
405	23:36:28	60.12	6499	1910	2131
406	23:37:28	60.13	6499	1908	2130
407	23:38:28	60.11	6498	1907	2129
408	23:39:28	60.10	6499	1906	2127
409	23:40:28	60.14	6499	1904	2126
410	23:41:28	60.41	6499	1903	2125
411	23:42:29	60.11	6499	1901	2124
412	23:43:29	60.16	6499	1900	2122
413	23:44:29	60.12	6499	1899	2121
414	23:45:29	60.11	6498	1897	2120
415	23:46:29	60.15	6499	1896	2119
416	23:47:29	60.15	6499	1894	2117
417	23:48:29	60.15	6499	1893	2116
418	23:49:30	60.14	6499	1892	2115
419	23:50:30	60.10	6498	1890	2114
420	23:51:30	60.10	6499	1889	2113
421	23:52:30	25.16	6499	1888	2112
422	23:52:55	60.51	6499	1887	2111
423	23:53:56	60.18	6499	1886	2110
424	23:54:56	26.02	6499	1885	2109
425	23:55:22	60.19	6499	1884	2108
426	23:56:22	60.16	6499	1882	2107
427	23:57:22	60.14	6499	1881	2105
428	23:58:22	60.15	6499	1880	2104
429	23:59:22	60.15	6499	1878	2103
430	00:00:23	60.17	6499	1877	2102
431	00:01:23	60.16	6499	1875	2100
432	00:02:23	60.30	6499	1874	2099
433	00:03:23	60.17	6499	1873	2098
434	00:04:23	60.15	6499	1871	2097
435	00:05:23	60.13	6499	1870	2095
436	00:06:24	60.13	6498	1869	2094
437	00:07:24	10.27	6499	1868	2094
438	00:07:34	60.11	6499	1867	2093
439	00:08:34	60.11	6499	1866	2092
440	00:09:34	60.11	6499	1864	2090
441	00:10:34	60.10	6499	1863	2089
442	00:11:34	60.12	6499	1862	2088
443	00:12:35	60.16	6499	1860	2087
444	00:13:35	60.14	6499	1859	2086
445	00:14:35	60.14	6499	1858	2084
446	00:15:35	60.13	6499	1856	2083
447	00:16:35	60.18	6499	1855	2082
448	00:17:35	60.17	6499	1854	2081
449	00:18:35	60.11	6499	1852	2079
450	00:19:36	60.15	6499	1851	2078
451	00:20:36	60.14	6499	1849	2077
452	00:21:36	60.14	6499	1848	2076
453	00:22:36	60.12	6499	1847	2075
454	00:23:36	60.12	6499	1845	2073
455	00:24:36	60.17	6499	1844	2072
456	00:25:36	60.13	6499	1843	2071
457	00:26:37	60.12	6499	1841	2070
458	00:27:37	60.12	6499	1840	2068
459	00:28:37	60.16	6499	1839	2067
460	00:29:37	60.12	6499	1837	2066
461	00:30:37	60.11	6499	1836	2065
462	00:31:37	33.60	6499	1835	2064
463	00:32:11	60.36	6499	1834	2063
464	00:33:11	60.14	6499	1833	2062
465	00:34:11	60.11	6499	1831	2061
466	00:35:11	60.14	6499	1830	2059
467	00:36:11	60.16	6499	1829	2058
468	00:37:12	60.14	6499	1827	2057
469	00:38:12	60.11	6499	1826	2056
470	00:39:12	60.15	6499	1825	2055
471	00:40:12	60.12	6499	1824	2053
472	00:41:12	60.24	6499	1822	2052
473	00:42:12	60.14	6499	1821	2051
474	00:43:13	60.14	6498	1820	2050
475	00:44:13	60.13	6499	1818	2049
476	00:45:13	60.16	6499	1817	2047
477	00:46:13	60.14	6499	1816	2046
478	00:47:13	60.13	6499	1814	2045
479	00:48:13	60.12	6498	1813	2044
480	00:49:13	60.14	6499	1812	2042
481	00:50:14	60.15	6499	1810	2041
482	00:51:14	60.12	6499	1809	2040
483	00:52:14	60.17	6499	1808	2039
484	00:53:14	60.19	6499	1807	2038
485	00:54:14	60.17	6498	1805	2037
486	00:55:14	60.20	6499	1804	2035
487	00:56:15	60.14	6499	1803	2034
488	00:57:15	60.13	6499	1801	2033
489	00:58:15	60.16	6499	1800	2032
490	00:59:15	60.16	6499	1799	2031
491	01:00:15	60.12	6499	1797	2029
492	01:01:15	60.12	6499	1796	2028
493	01:02:15	60.10	6499	1795	2027
494	01:03:15	60.14	6499	1794	2026
495	01:04:16	60.15	6498	1792	2025
496	01:05:16	60.41	6499	1791	2023
497	01:06:16	60.16	6499	1790	2022
498	01:07:16	60.10	6499	1788	2021
499	01:08:16	60.12	6498	1787	2020
500	01:09:17	60.16	6499	1786	2018
501	01:10:17	10.10	6499	1785	2018
502	01:10:27	60.17	6499	1784	2017
503	01:11:27	60.42	6499	1783	2016
504	01:12:27	60.15	6499	1782	2015
505	01:13:28	60.17	6499	1780	2013
506	01:14:28	60.15	6499	1779	2012
507	01:15:28	60.14	6499	1778	2011
508	01:16:28	60.12	6499	1776	2010
509	01:17:28	20.77	6499	1775	2009
510	01:17:49	60.46	6499	1775	2008
511	01:18:49	60.16	6499	1773	2007
512	01:19:50	60.15	6499	1772	2006
513	01:20:50	60.14	6499	1771	2005
514	01:21:50	60.12	6499	1769	2003
515	01:22:50	60.10	6499	1768	2002
516	01:23:50	60.13	6499	1767	2001
517	01:24:50	60.16	6499	1766	2000
518	01:25:50	60.12	6499	1764	1999
519	01:26:50	60.12	6499	1763	1998
520	01:27:51	60.16	6499	1762	1996
521	01:28:51	60.16	6499	1760	1995
522	01:29:51	60.13	6499	1759	1994
523	01:30:51	60.10	6498	1758	1993
524	01:31:51	60.11	6499	1756	1992
525	01:32:51	60.12	6499	1755	1990
526	01:33:51	60.35	6499	1754	1989
527	01:34:52	60.16	6499	1753	1988
528	01:35:52	60.11	6499	1751	1987
529	01:36:52	60.12	6499	1750	1986
530	01:37:52	60.16	6499	1749	1985
531	01:38:52	60.41	6499	1747	1983
532	01:39:53	60.14	6499	1746	1982
533	01:40:53	60.15	6498	1745	1981
534	01:41:53	60.12	6499	1744	1980
535	01:42:53	60.11	6499	1742	1979
536	01:43:53	60.11	6499	1741	1978
537	01:44:53	60.11	6499	1740	1977
538	01:45:53	60.15	6499	1739	1975
539	01:46:54	60.17	6499	1737	1974
540	01:47:54	60.14	6499	1736	1973
541	01:48:54	60.11	6499	1735	1972
542	01:49:54	60.14	6499	1733	1971
543	01:50:54	60.14	6499	1732	1970
544	01:51:54	60.11	6499	1731	1969
545	01:52:54	60.14	6498	1730	1967
546	01:53:55	60.15	6499	1728	1966
547	01:54:55	60.37	6499	1727	1965
548	01:55:55	60.12	6499	1726	1964
549	01:56:55	60.18	6499	1725	1963
550	01:57:55	60.14	6499	1723	1962
551	01:58:55	17.59	6499	1723	1961
552	01:59:13	60.33	6499	1722	1960
553	02:00:13	60.11	6499	1721	1959
554	02:01:14	60.19	6499	1719	1958
555	02:02:14	60.15	6499	1718	1957
556	02:03:14	60.17	6499	1717	1956
557	02:04:14	60.17	6498	1715	1955
558	02:05:14	60.10	6499	1714	1954
559	02:06:14	60.13	6499	1713	1952
560	02:07:14	60.12	6499	1712	1951
561	02:08:15	60.11	6499	1711	1950
562	02:09:15	60.11	6499	1709	1949
563	02:10:15	60.13	6499	1708	1948
564	02:11:15	60.16	6498	1707	1947
565	02:12:15	60.14	6499	1706	1946
566	02:13:15	60.16	6499	1705	1945
567	02:14:15	60.11	6499	1703	1944
568	02:15:15	60.29	6499	1702	1942
569	02:16:16	60.16	6499	1701	1941
570	02:17:16	60.10	6499	1700	1940
571	02:18:16	60.13	6499	1699	1939
572	02:19:16	60.12	6499	1697	1938
573	02:20:16	60.17	6499	1696	1937
574	02:21:16	60.11	6499	1695	1936
575	02:22:17	60.11	6498	1694	1935
576	02:23:17	60.12	6498	1693	1934
577	02:24:17	60.14	6499	1692	1933
578	02:25:17	60.13	6499	1690	1931
579	02:26:17	60.13	6498	1689	1930
580	02:27:17	60.11	6499	1688	1929
581	02:28:17	60.14	6499	1687	1928
582	02:29:17	60.09	6499	1686	1927
583	02:30:18	60.11	6499	1684	1926
584	02:31:18	60.15	6499	1683	1925
585	02:32:18	60.16	6499	1682	1924
586	02:33:18	60.15	6499	1681	1923
587	02:34:18	60.17	6499	1680	1922
588	02:35:18	60.13	6499	1679	1921
589	02:36:18	60.12	6499	1677	1920
590	02:37:19	60.16	6499	1676	1918
591	02:38:19	60.11	6499	1675	1917
592	02:39:19	60.11	6499	1674	1916
593	02:40:19	25.77	6499	1673	1916
594	02:40:45	60.46	6499	1672	1915
595	02:41:45	60.14	6499	1671	1914
596	02:42:45	60.12	6499	1670	1912
597	02:43:45	60.14	6499	1669	1911
598	02:44:46	60.13	6499	1668	1910
599	02:45:46	60.12	6499	1667	1909
600	02:46:46	60.11	6499	1665	1908
601	02:47:46	60.14	6499	1664	1907
602	02:48:46	60.15	6499	1663	1906
603	02:49:46	60.12	6499	1662	1905
604	02:50:46	60.12	6498	1661	1904
605	02:51:46	60.16	6499	1660	1903
606	02:52:47	60.37	6499	1659	1902
607	02:53:47	60.13	6498	1657	1901
608	02:54:47	60.13	6498	1656	1900
609	02:55:47	60.17	6499	1655	1899
610	02:56:47	60.16	6499	1654	1898
611	02:57:48	60.12	6499	1653	1897
612	02:58:48	60.17	6499	1652	1895
613	02:59:48	60.12	6499	1650	1894
614	03:00:48	60.13	6499	1649	1893
615	03:01:48	60.15	6498	1648	1892
616	03:02:48	60.14	6499	1647	1891
617	03:03:48	60.11	6499	1646	1890
618	03:04:48	60.17	6499	1645	1889
619	03:05:49	60.11	6499	1644	1888
620	03:06:49	60.14	6499	1643	1887
621	03:07:49	60.16	6499	1641	1886
622	03:08:49	60.18	6499	1640	1885
623	03:09:49	60.12	6499	1639	1884
624	03:10:49	60.14	6499	1638	1883
625	03:11:49	60.16	6499	1637	1882
626	03:12:50	60.12	6499	1636	1881
627	03:13:50	60.10	6499	1635	1880
628	03:14:50	60.18	6499	1634	1879
629	03:15:50	60.14	6499	1633	1878
630	03:16:50	10.31	6498	1632	1877
631	03:17:00	60.13	6498	1631	1877
632	03:18:01	60.18	6499	1630	1876
633	03:19:01	60.16	6499	1629	1875
634	03:20:01	60.11	6499	1628	1874
635	03:21:01	60.11	6499	1627	1872
636	03:22:01	60.12	6499	1626	1871
637	03:23:01	60.14	6498	1625	1871
638	03:24:01	60.13	6498	1624	1869
639	03:25:02	60.14	6499	1623	1868
640	03:26:02	60.11	6499	1621	1867
641	03:27:02	60.19	6499	1620	1866
642	03:28:02	23.11	6499	1619	1866
643	03:28:25	60.53	6499	1619	1865
644	03:29:26	60.11	6499	1618	1864
645	03:30:26	60.13	6499	1616	1863
646	03:31:26	60.36	6499	1615	1862
647	03:32:26	60.17	6499	1614	1861
648	03:33:26	60.11	6499	1613	1860
649	03:34:27	60.11	6499	1612	1859
650	03:35:27	60.11	6499	1611	1858
651	03:36:27	60.16	6499	1610	1857
652	03:37:27	60.14	6498	1609	1856
653	03:38:27	60.16	6498	1608	1855
654	03:39:27	60.15	6499	1607	1854
655	03:40:27	60.27	6499	1606	1853
656	03:41:28	60.12	6499	1605	1852
657	03:42:28	60.12	6498	1603	1851
658	03:43:28	60.11	6499	1602	1850
659	03:44:28	60.17	6499	1600	1849
660	03:45:28	60.11	6499	1599	1848
661	03:46:28	60.16	6499	1597	1846
662	03:47:28	60.18	6499	1596	1845
663	03:48:29	60.17	6499	1595	1844
664	03:49:29	60.16	6499	1593	1843
665	03:50:29	60.12	6499	1592	1842
666	03:51:29	60.11	6499	1590	1841
667	03:52:29	60.12	6499	1589	1839
668	03:53:29	60.36	6499	1587	1838
669	03:54:30	60.13	6499	1586	1837
670	03:55:30	60.10	6499	1584	1836
671	03:56:30	60.13	6499	1583	1835
672	03:57:30	60.11	6499	1581	1834
673	03:58:30	60.21	6499	1580	1833
674	03:59:30	60.11	6499	1579	1832
675	04:00:30	60.16	6499	1577	1830
676	04:01:31	60.16	6499	1576	1829
677	04:02:31	60.16	6499	1574	1828
678	04:03:31	60.17	6499	1573	1827
679	04:04:31	60.12	6499	1572	1826
680	04:05:31	60.11	6498	1570	1825
681	04:06:31	60.17	6499	1569	1824
682	04:07:31	60.16	6499	1568	1822
683	04:08:32	60.11	6499	1566	1821
684	04:09:32	60.11	6499	1565	1820
685	04:10:32	29.91	6498	1564	1820
686	04:11:02	60.05	6499	1563	1819
687	04:12:02	37.10	6499	1562	1818
688	04:12:39	60.14	6499	1561	1817
689	04:13:39	60.17	6499	1560	1816
690	04:14:39	60.17	6498	1558	1815
691	04:15:39	60.12	6498	1557	1813
692	04:16:40	60.36	6499	1556	1812
693	04:17:40	60.15	6498	1554	1811
694	04:18:40	60.12	6499	1553	1810
695	04:19:40	60.13	6499	1552	1809
696	04:20:40	60.12	6498	1550	1808
697	04:21:40	60.11	6499	1549	1807
698	04:22:41	60.13	6499	1548	1806
699	04:23:41	60.12	6499	1546	1805
700	04:24:41	60.16	6499	1545	1804
701	04:25:41	60.16	6499	1544	1803
702	04:26:41	60.16	6499	1543	1801
703	04:27:41	60.15	6499	1542	1800
704	04:28:41	60.12	6498	1540	1799
705	04:29:41	60.16	6498	1539	1798
706	04:30:42	60.13	6498	1538	1797
707	04:31:42	60.16	6499	1536	1796
708	04:32:42	60.16	6499	1535	1795
709	04:33:42	60.14	6499	1534	1794
710	04:34:42	38.47	6499	1533	1793
711	04:35:21	60.28	6499	1532	1792
712	04:36:21	60.17	6499	1531	1791
713	04:37:21	60.13	6499	1530	1790
714	04:38:21	60.16	6499	1528	1789
715	04:39:21	60.14	6498	1527	1788
716	04:40:22	60.14	6499	1526	1787
717	04:41:22	60.41	6499	1525	1786
718	04:42:22	60.14	6499	1524	1784
719	04:43:22	60.17	6499	1522	1783
720	04:44:22	60.11	6499	1521	1782
721	04:45:23	60.12	6499	1520	1781
722	04:46:23	60.12	6499	1519	1780
723	04:47:23	60.16	6499	1518	1779
724	04:48:23	60.14	6499	1516	1778
725	04:49:23	60.12	6499	1515	1777
726	04:50:23	60.16	6498	1514	1776
727	04:51:23	60.14	6499	1513	1775
728	04:52:24	60.11	6499	1512	1774
729	04:53:24	60.11	6499	1511	1773
730	04:54:24	60.13	6499	1509	1771
731	04:55:24	60.14	6498	1507	1770
732	04:56:24	60.16	6499	1505	1768
733	04:57:24	60.13	6499	1504	1766
734	04:58:24	60.13	6499	1502	1765
735	04:59:24	60.12	6499	1500	1763
736	05:00:25	60.12	6499	1499	1762
737	05:01:25	60.13	6498	1497	1761
738	05:02:25	36.07	6499	1496	1759
739	05:03:01	12.20	6498	1495	1759
740	05:03:13	9.03	6499	1495	1759
741	05:03:22	8.49	6499	1495	1759
742	05:03:31	9.12	6499	1494	1758
743	05:03:40	8.18	6499	1494	1758
744	05:03:48	9.02	6499	1494	1758
745	05:03:57	8.22	6499	1494	1758
746	05:04:05	9.01	6499	1493	1758
747	05:04:14	8.27	6499	1493	1757
748	05:04:22	9.03	6499	1493	1757
749	05:04:31	8.52	6499	1493	1757
750	05:04:40	9.03	6499	1492	1757
751	05:04:49	8.53	6498	1492	1757
752	05:04:58	9.03	6498	1492	1756
753	05:05:07	8.52	6499	1492	1756
754	05:05:15	9.02	6499	1492	1756
755	05:05:24	8.53	6499	1491	1756
756	05:05:33	9.02	6499	1491	1756
757	05:05:42	23.46	6499	1491	1755
758	05:06:05	9.04	6499	1490	1755
759	05:06:14	7.61	6499	1490	1755
760	05:06:22	9.02	6498	1490	1755
761	05:06:31	7.61	6499	1490	1754
762	05:06:38	9.09	6499	1489	1754
763	05:06:47	7.60	6499	1489	1754
764	05:06:55	9.02	6498	1489	1754
765	05:07:04	7.92	6499	1489	1754
766	05:07:12	9.02	6499	1488	1754
767	05:07:21	7.93	6498	1488	1753
768	05:07:29	9.04	6499	1488	1753
769	05:07:38	7.59	6498	1488	1753
770	05:07:46	9.03	6499	1488	1753
771	05:07:55	7.92	6499	1487	1753
772	05:08:03	9.01	6498	1487	1752
773	05:08:12	7.92	6499	1487	1752
774	05:08:19	9.05	6499	1487	1752
775	05:08:29	8.46	6498	1486	1752
776	05:08:37	60.34	6498	1486	1751
777	05:09:37	60.15	6499	1484	1750
778	05:10:37	60.17	6499	1483	1749
779	05:11:38	60.12	6499	1481	1748
780	05:12:38	60.12	6499	1479	1746
781	05:13:38	60.17	6499	1478	1745
782	05:14:38	60.12	6499	1476	1743
783	05:15:38	60.16	6499	1474	1742
784	05:16:38	60.36	6498	1472	1741
785	05:17:39	60.12	6499	1471	1739
786	05:18:39	60.13	6499	1469	1738
787	05:19:39	60.14	6499	1467	1736
788	05:20:39	60.19	6499	1465	1735
789	05:21:39	60.14	6498	1464	1734
790	05:22:39	60.12	6499	1462	1732
791	05:23:40	60.11	6499	1461	1731
792	05:24:40	31.22	6499	1459	1730
793	05:25:11	60.46	6499	17.27	0.386
794	05:26:11	60.17	6499	0	0
795	05:27:11	60.11	6499	0	0
796	05:28:12	60.11	6499	0	0
797	05:29:12	42.50	6499	0	0
Created by AtlRunQuery on: 2018-12-02 09:28:17.553722
