LHC beam energy and intensities during run 364098:
(Begin/end of run: Sun Oct 21 2018 20:48:17 − Mon Oct 22, 09:19:57)

LB	   Start time
(CEST)	   Duration
(sec)	   Beam energy
(GeV)	   Intensity Beam-1
(1e11 protons)	   Intensity Beam-2
(1e11 protons)
1	20:48:17	60.12	450	0.06341	0.07118
2	20:49:17	47.89	450	0.05842	0.07117
3	20:50:05	37.04	450	0.05793	0.07117
4	20:50:42	10.26	449	0.05793	0.07117
5	20:50:52	60.11	449	0.05792	0.07116
6	20:51:52	60.11	449	0.0579	0.07116
7	20:52:52	60.11	449	0.05789	0.07115
8	20:53:53	60.12	449	0.05788	0.07114
9	20:54:53	60.12	450	0.05749	0.07112
10	20:55:53	60.10	449	0.05163	0.07086
11	20:56:53	60.16	450	0.04085	0.07079
12	20:57:53	60.12	449	0.02585	0.07072
13	20:58:53	60.12	450	0.01647	0.06035
14	20:59:53	60.13	450	0	0
15	21:00:53	60.12	449	0	0
16	21:01:54	60.12	450	0	0
17	21:02:54	60.15	449	0	0
18	21:03:54	60.12	449	0	0
19	21:04:54	60.11	449	0	0
20	21:05:54	60.11	450	0.06762	0.02825
21	21:06:54	60.39	450	0.06835	0.0756
22	21:07:55	60.11	450	0.06832	0.07559
23	21:08:55	60.12	450	0.06805	0.07555
24	21:09:55	60.12	449	0.06753	0.07547
25	21:10:55	60.12	449	12.65	4.171
26	21:11:55	60.16	449	13.62	13.37
27	21:12:55	60.12	450	13.6	13.35
28	21:13:55	60.12	450	25.03	16.29
29	21:14:55	60.12	450	27.12	26.84
30	21:15:56	60.10	450	31.86	26.79
31	21:16:56	60.13	450	10.18	6.77
32	21:17:56	60.11	449	0	0
33	21:18:56	60.12	450	0	0
34	21:19:56	60.11	450	0	0
35	21:20:56	60.13	450	0	0
36	21:21:56	60.11	450	0	0
37	21:22:56	60.16	449	0	0
38	21:23:57	60.12	449	0	0
39	21:24:57	60.11	450	0.0126	0.05803
40	21:25:57	60.12	450	0.06265	0.07015
41	21:26:57	60.14	450	0.06263	0.07013
42	21:27:57	60.11	450	8.266	0.06997
43	21:28:57	60.12	449	13.49	13.25
44	21:29:57	60.11	450	94.86	13.47
45	21:30:57	60.11	450	121.7	67.87
46	21:31:57	60.10	449	121.4	119.7
47	21:32:58	60.12	450	130	119.6
48	21:33:58	60.13	450	134.4	119.4
49	21:34:58	60.11	449	134.2	130
50	21:35:58	60.15	450	133.9	132.4
51	21:36:58	60.12	449	133.7	132.2
52	21:37:58	60.11	450	133.5	131.9
53	21:38:58	60.11	449	133.3	131.7
54	21:39:58	60.17	449	169.9	131.5
55	21:40:59	60.11	450	294.3	229.3
56	21:41:59	60.11	450	354.2	290.5
57	21:42:59	60.11	450	328.9	286.9
58	21:43:59	60.12	449	0	0
59	21:44:59	60.13	449	0.0281	0
60	21:45:59	60.12	449	0.0711	0.05737
61	21:46:59	60.15	450	0.07089	0.06569
62	21:47:59	60.11	449	10.87	2.564
63	21:49:00	60.10	449	13.35	13.58
64	21:50:00	60.13	449	13.32	13.55
65	21:51:00	60.12	450	89.84	13.53
66	21:52:00	60.12	450	120.7	65.28
67	21:53:00	60.11	449	261.3	122
68	21:54:00	60.14	449	383.9	121.9
69	21:55:00	60.12	449	506	282.9
70	21:56:00	60.11	450	604.8	407.7
71	21:57:00	60.16	449	603.6	445.1
72	21:58:01	60.14	449	700.6	490.6
73	21:59:01	60.12	449	817.5	609
74	22:00:01	60.15	449	868.3	710.9
75	22:01:01	60.16	450	867	841.3
76	22:02:01	60.12	450	865.6	962.9
77	22:03:01	60.11	449	1018	1083
78	22:04:01	60.11	450	1025	1204
79	22:05:02	60.12	449	1023	1349
80	22:06:02	60.12	449	1060	1441
81	22:07:02	60.12	449	1180	1553
82	22:08:02	46.10	450	1177	1644
83	22:08:48	60.08	449	1175	1770
84	22:09:48	60.12	450	1221	1915
85	22:10:48	60.11	449	1338	2035
86	22:11:48	60.12	450	1437	2130
87	22:12:48	60.11	449	1569	2220
88	22:13:49	60.11	449	1689	2347
89	22:14:49	60.12	450	1753	2503
90	22:15:49	60.12	450	1749	2624
91	22:16:49	60.11	449	1746	2745
92	22:17:49	60.12	449	1929	2824
93	22:18:49	60.17	450	2140	2820
94	22:19:49	60.12	449	2402	2815
95	22:20:49	60.11	449	2523	2811
96	22:21:50	60.37	450	2657	2807
97	22:22:50	60.13	449	2803	2803
98	22:23:50	60.12	450	2810	2799
99	22:24:50	60.40	450	2808	2795
100	22:25:51	60.35	450	2807	2793
101	22:26:51	60.12	449	2805	2791
102	22:27:51	55.73	452	2803	2789
103	22:28:47	18.95	501	2790	2775
104	22:29:06	60.44	532	2790	2775
105	22:30:06	60.11	676	2790	2774
106	22:31:06	60.11	884	2789	2774
107	22:32:06	60.13	1156	2789	2774
108	22:33:06	60.11	1495	2789	2773
109	22:34:07	60.11	1848	2789	2773
110	22:35:07	60.11	2195	2789	2773
111	22:36:07	60.14	2543	2789	2773
112	22:37:07	60.11	2890	2789	2773
113	22:38:07	60.16	3237	2788	2773
114	22:39:07	60.11	3585	2788	2773
115	22:40:07	60.12	3932	2787	2773
116	22:41:07	60.13	4280	2787	2772
117	22:42:08	60.12	4633	2786	2772
118	22:43:08	60.12	4980	2786	2772
119	22:44:08	60.12	5328	2785	2772
120	22:45:08	60.12	5675	2784	2772
121	22:46:08	60.15	6023	2783	2771
122	22:47:08	60.17	6370	2779	2771
123	22:48:08	10.27	6499	2777	2771
124	22:48:19	10.34	6499	2777	2771
125	22:48:29	60.11	6499	2777	2770
126	22:49:29	60.14	6499	2776	2770
127	22:50:29	60.12	6499	2776	2770
128	22:51:29	60.11	6499	2775	2770
129	22:52:29	60.11	6499	2775	2770
130	22:53:30	60.11	6499	2775	2770
131	22:54:30	60.14	6499	2774	2769
132	22:55:30	60.18	6499	2774	2769
133	22:56:30	60.11	6499	2773	2769
134	22:57:30	60.16	6499	2773	2769
135	22:58:30	60.12	6499	2772	2769
136	22:59:30	60.11	6499	2771	2769
137	23:00:31	60.13	6499	2770	2769
138	23:01:31	45.48	6499	2769	2768
139	23:02:16	60.54	6499	2768	2768
140	23:03:17	60.12	6499	2767	2768
141	23:04:17	60.12	6499	2765	2768
142	23:05:17	60.15	6499	2763	2767
143	23:06:17	60.12	6499	2759	2764
144	23:07:17	60.11	6499	2755	2760
145	23:08:17	60.11	6499	2753	2757
146	23:09:17	60.12	6499	2750	2754
147	23:10:18	59.20	6499	2746	2750
148	23:11:17	58.49	6499	2743	2747
149	23:12:15	60.17	6499	2740	2743
150	23:13:15	60.12	6499	2737	2740
151	23:14:15	60.16	6499	2734	2737
152	23:15:16	60.13	6499	2731	2734
153	23:16:16	23.47	6499	2730	2732
154	23:16:39	60.22	6499	2728	2730
155	23:17:39	28.47	6499	2725	2728
156	23:18:08	60.49	6499	2723	2726
157	23:19:08	60.14	6499	2720	2723
158	23:20:09	60.11	6499	2717	2720
159	23:21:09	60.11	6499	2714	2717
160	23:22:09	60.11	6499	2712	2714
161	23:23:09	60.13	6499	2709	2711
162	23:24:09	35.44	6499	2707	2709
163	23:24:44	60.52	6499	2705	2707
164	23:25:45	60.13	6499	2702	2704
165	23:26:45	60.12	6499	2700	2702
166	23:27:45	60.15	6499	2697	2699
167	23:28:45	31.06	6499	2695	2697
168	23:29:16	12.75	6499	2694	2696
169	23:29:29	9.04	6499	2694	2696
170	23:29:38	8.81	6499	2693	2695
171	23:29:47	8.99	6499	2693	2695
172	23:29:56	8.52	6499	2693	2695
173	23:30:05	9.03	6499	2693	2695
174	23:30:14	8.52	6499	2692	2694
175	23:30:22	9.02	6499	2692	2694
176	23:30:31	8.83	6499	2692	2694
177	23:30:40	9.02	6499	2691	2693
178	23:30:49	8.52	6499	2691	2693
179	23:30:57	9.04	6499	2690	2693
180	23:31:07	8.50	6499	2690	2692
181	23:31:15	9.03	6499	2690	2692
182	23:31:24	8.52	6499	2690	2692
183	23:31:33	9.01	6499	2689	2691
184	23:31:42	8.53	6499	2689	2691
185	23:31:50	9.02	6499	2689	2691
186	23:31:59	24.35	6499	2688	2690
187	23:32:23	9.03	6499	2688	2690
188	23:32:33	7.94	6499	2687	2689
189	23:32:40	9.02	6499	2687	2689
190	23:32:49	7.90	6499	2687	2689
191	23:32:57	9.02	6499	2686	2689
192	23:33:06	8.24	6498	2686	2688
193	23:33:15	9.02	6499	2686	2688
194	23:33:24	7.92	6499	2685	2688
195	23:33:32	9.02	6499	2685	2687
196	23:33:41	7.92	6499	2685	2687
197	23:33:49	9.02	6499	2684	2687
198	23:33:58	7.92	6499	2684	2686
199	23:34:05	9.02	6499	2684	2686
200	23:34:14	7.61	6499	2683	2686
201	23:34:22	9.02	6499	2683	2686
202	23:34:31	7.92	6499	2683	2685
203	23:34:39	9.02	6499	2682	2685
204	23:34:48	8.72	6499	2682	2685
205	23:34:57	60.30	6499	2681	2683
206	23:35:57	60.17	6499	2678	2681
207	23:36:57	60.12	6499	2676	2678
208	23:37:57	60.16	6499	2674	2676
209	23:38:58	60.10	6498	2671	2674
210	23:39:58	60.12	6499	2669	2671
211	23:40:58	60.11	6499	2667	2669
212	23:41:58	60.15	6499	2664	2666
213	23:42:58	60.12	6499	2662	2664
214	23:43:58	60.12	6499	2659	2661
215	23:44:58	60.12	6499	2657	2659
216	23:45:58	60.34	6499	2655	2656
217	23:46:59	60.14	6499	2652	2654
218	23:47:59	60.12	6499	2650	2652
219	23:48:59	60.13	6499	2648	2649
220	23:49:59	60.11	6499	2645	2647
221	23:50:59	38.90	6499	2643	2645
222	23:51:38	60.54	6499	2641	2643
223	23:52:39	60.11	6499	2639	2641
224	23:53:39	60.10	6499	2637	2638
225	23:54:39	60.12	6499	2634	2636
226	23:55:39	10.30	6499	2633	2635
227	23:55:49	60.12	6499	2631	2634
228	23:56:49	60.12	6499	2629	2631
229	23:57:50	60.10	6499	2627	2629
230	23:58:50	60.11	6499	2625	2627
231	23:59:50	10.27	6499	2623	2626
232	00:00:00	60.43	6499	2622	2625
233	00:01:00	60.13	6499	2620	2623
234	00:02:01	60.15	6499	2617	2620
235	00:03:01	60.16	6499	2615	2618
236	00:04:01	60.12	6499	2613	2616
237	00:05:01	60.11	6499	2611	2614
238	00:06:01	60.11	6499	2608	2612
239	00:07:01	60.16	6499	2606	2610
240	00:08:01	47.35	6499	2604	2608
241	00:08:49	60.17	6499	2602	2606
242	00:09:49	19.17	6499	2601	2605
243	00:10:08	60.50	6499	2599	2604
244	00:11:09	60.10	6499	2597	2602
245	00:12:09	60.10	6499	2595	2600
246	00:13:09	60.13	6499	2592	2598
247	00:14:09	60.12	6499	2590	2596
248	00:15:09	60.12	6499	2588	2594
249	00:16:09	60.10	6499	2586	2592
250	00:17:09	60.11	6499	2584	2590
251	00:18:09	60.15	6499	2581	2588
252	00:19:10	60.11	6499	2579	2586
253	00:20:10	60.13	6499	2577	2584
254	00:21:10	60.16	6499	2575	2582
255	00:22:10	60.11	6499	2573	2580
256	00:23:10	60.12	6499	2571	2578
257	00:24:10	56.33	6499	2569	2576
258	00:25:06	36.40	6499	2567	2575
259	00:25:43	60.35	6499	2565	2573
260	00:26:43	60.17	6499	2563	2571
261	00:27:43	60.12	6499	2561	2569
262	00:28:44	60.11	6499	2559	2568
263	00:29:44	60.13	6499	2557	2566
264	00:30:44	60.12	6499	2555	2564
265	00:31:44	60.13	6499	2552	2562
266	00:32:44	60.13	6499	2550	2560
267	00:33:44	60.10	6499	2548	2558
268	00:34:44	60.12	6499	2546	2556
269	00:35:44	60.11	6499	2544	2554
270	00:36:44	60.15	6499	2542	2553
271	00:37:45	60.11	6499	2540	2551
272	00:38:45	60.11	6499	2538	2549
273	00:39:45	60.11	6499	2536	2547
274	00:40:45	60.12	6499	2534	2545
275	00:41:45	60.13	6499	2532	2543
276	00:42:45	60.12	6499	2530	2542
277	00:43:45	60.11	6499	2528	2540
278	00:44:45	32.10	6499	2526	2539
279	00:45:18	60.58	6499	2524	2537
280	00:46:18	60.12	6499	2522	2535
281	00:47:18	10.27	6499	2521	2534
282	00:47:29	60.43	6499	2520	2533
283	00:48:29	60.17	6499	2518	2531
284	00:49:29	60.12	6499	2516	2529
285	00:50:29	60.12	6499	2514	2528
286	00:51:29	60.18	6499	2512	2526
287	00:52:30	60.12	6499	2510	2524
288	00:53:30	36.78	6499	2508	2522
289	00:54:06	60.65	6499	2506	2521
290	00:55:07	15.11	6499	2505	2520
291	00:55:22	50.45	6499	2504	2519
292	00:56:13	60.20	6499	2502	2517
293	00:57:13	10.27	6499	2501	2516
294	00:57:23	60.11	6499	2499	2515
295	00:58:23	60.11	6499	2497	2513
296	00:59:23	60.11	6499	2495	2512
297	01:00:23	60.17	6499	2493	2510
298	01:01:24	60.14	6499	2491	2508
299	01:02:24	60.13	6499	2489	2506
300	01:03:24	48.04	6499	2487	2505
301	01:04:12	60.17	6499	2486	2503
302	01:05:12	60.12	6499	2483	2501
303	01:06:12	40.24	6499	2482	2500
304	01:06:52	60.19	6499	2480	2498
305	01:07:53	60.12	6499	2478	2497
306	01:08:53	60.11	6499	2476	2495
307	01:09:53	60.12	6499	2474	2493
308	01:10:53	60.12	6499	2472	2491
309	01:11:53	42.46	6499	2470	2490
310	01:12:36	60.52	6499	2468	2489
311	01:13:36	40.69	6499	2467	2487
312	01:14:17	10.17	6499	2466	2487
313	01:14:27	60.11	6499	2465	2485
314	01:15:27	10.26	6499	2464	2484
315	01:15:37	60.14	6499	2462	2483
316	01:16:37	33.84	6499	2461	2482
317	01:17:11	60.11	6499	2459	2481
318	01:18:11	60.11	6499	2457	2479
319	01:19:12	60.15	6499	2455	2477
320	01:20:12	60.16	6499	2453	2475
321	01:21:12	60.11	6499	2451	2474
322	01:22:12	60.13	6499	2449	2472
323	01:23:12	60.12	6499	2447	2470
324	01:24:12	60.16	6499	2445	2469
325	01:25:12	60.11	6499	2443	2467
326	01:26:12	60.11	6499	2441	2465
327	01:27:13	10.27	6499	2440	2464
328	01:27:23	60.11	6499	2439	2463
329	01:28:23	33.14	6499	2437	2462
330	01:28:56	60.28	6499	2436	2461
331	01:29:56	36.80	6499	2434	2459
332	01:30:33	17.65	6499	2433	2459
333	01:30:51	60.52	6499	2432	2457
334	01:31:51	60.11	6499	2430	2456
335	01:32:51	60.17	6499	2428	2454
336	01:33:52	60.11	6499	2426	2452
337	01:34:52	60.11	6499	2424	2451
338	01:35:52	60.14	6499	2422	2449
339	01:36:52	60.12	6499	2420	2447
340	01:37:52	60.12	6499	2418	2446
341	01:38:52	60.13	6499	2416	2444
342	01:39:52	60.15	6499	2414	2442
343	01:40:52	60.12	6499	2412	2441
344	01:41:53	60.11	6499	2410	2439
345	01:42:53	60.26	6498	2408	2437
346	01:43:53	60.12	6499	2406	2436
347	01:44:53	60.12	6499	2404	2434
348	01:45:53	60.11	6499	2402	2432
349	01:46:53	14.83	6499	2401	2432
350	01:47:08	60.11	6498	2400	2430
351	01:48:08	60.11	6499	2398	2429
352	01:49:08	60.12	6499	2396	2427
353	01:50:09	60.12	6499	2394	2425
354	01:51:09	60.40	6499	2392	2424
355	01:52:09	60.11	6499	2390	2422
356	01:53:09	10.27	6499	2389	2421
357	01:53:19	60.43	6499	2387	2420
358	01:54:20	60.17	6499	2386	2419
359	01:55:20	60.11	6498	2384	2417
360	01:56:20	60.16	6499	2382	2415
361	01:57:20	60.11	6499	2380	2414
362	01:58:20	51.21	6499	2378	2412
363	01:59:12	60.33	6499	2376	2411
364	02:00:12	60.11	6499	2374	2409
365	02:01:12	60.15	6499	2373	2407
366	02:02:12	60.12	6499	2371	2406
367	02:03:12	60.11	6499	2369	2404
368	02:04:12	60.15	6499	2367	2403
369	02:05:13	60.12	6499	2365	2401
370	02:06:13	60.16	6498	2363	2399
371	02:07:13	60.11	6499	2361	2398
372	02:08:13	60.16	6499	2359	2396
373	02:09:13	60.17	6499	2358	2394
374	02:10:13	60.15	6499	2356	2393
375	02:11:13	37.87	6499	2354	2392
376	02:11:51	60.61	6499	2353	2390
377	02:12:52	60.11	6499	2351	2389
378	02:13:52	60.16	6499	2349	2387
379	02:14:52	60.13	6499	2347	2386
380	02:15:52	60.13	6499	2345	2384
381	02:16:52	60.13	6499	2343	2382
382	02:17:53	60.11	6499	2341	2381
383	02:18:53	60.12	6499	2339	2379
384	02:19:53	60.11	6499	2337	2377
385	02:20:53	60.15	6499	2335	2376
386	02:21:53	60.12	6499	2333	2374
387	02:22:53	60.15	6499	2331	2373
388	02:23:53	60.16	6499	2330	2371
389	02:24:53	60.11	6499	2328	2369
390	02:25:54	60.11	6498	2326	2368
391	02:26:54	60.16	6499	2324	2366
392	02:27:54	60.11	6499	2322	2365
393	02:28:54	60.15	6499	2320	2363
394	02:29:54	60.13	6499	2318	2361
395	02:30:54	25.17	6499	2317	2360
396	02:31:19	60.24	6499	2316	2359
397	02:32:20	60.10	6499	2314	2358
398	02:33:20	60.13	6499	2312	2356
399	02:34:20	60.14	6499	2310	2354
400	02:35:20	60.14	6499	2309	2353
401	02:36:20	60.15	6499	2307	2351
402	02:37:20	60.12	6499	2305	2350
403	02:38:20	60.13	6499	2303	2348
404	02:39:21	60.14	6499	2301	2347
405	02:40:21	10.31	6499	2300	2346
406	02:40:31	60.43	6498	2299	2345
407	02:41:31	60.15	6499	2297	2343
408	02:42:32	60.11	6499	2295	2342
409	02:43:32	60.11	6499	2293	2340
410	02:44:32	60.13	6499	2292	2339
411	02:45:32	60.11	6499	2290	2337
412	02:46:32	60.15	6498	2288	2335
413	02:47:32	60.15	6499	2286	2334
414	02:48:32	60.17	6499	2284	2332
415	02:49:33	60.11	6499	2282	2331
416	02:50:33	60.17	6499	2280	2329
417	02:51:33	60.19	6499	2279	2328
418	02:52:33	60.37	6499	2277	2326
419	02:53:33	60.12	6499	2275	2324
420	02:54:34	60.14	6499	2273	2323
421	02:55:34	60.13	6499	2271	2321
422	02:56:34	60.12	6499	2270	2320
423	02:57:34	60.15	6499	2268	2318
424	02:58:34	60.16	6499	2266	2317
425	02:59:34	60.14	6499	2264	2315
426	03:00:34	60.12	6499	2262	2314
427	03:01:34	60.17	6499	2261	2312
428	03:02:35	60.18	6499	2259	2311
429	03:03:35	60.13	6499	2257	2309
430	03:04:35	32.58	6499	2256	2308
431	03:05:08	60.42	6499	2254	2307
432	03:06:08	60.11	6499	2253	2305
433	03:07:08	60.14	6499	2251	2304
434	03:08:08	60.15	6499	2249	2302
435	03:09:08	60.14	6499	2247	2300
436	03:10:08	60.17	6499	2246	2299
437	03:11:09	60.11	6499	2244	2297
438	03:12:09	60.12	6499	2242	2296
439	03:13:09	60.15	6499	2240	2294
440	03:14:09	60.17	6499	2238	2293
441	03:15:09	60.13	6499	2237	2291
442	03:16:09	60.13	6499	2235	2290
443	03:17:09	60.15	6499	2233	2288
444	03:18:10	60.13	6499	2231	2287
445	03:19:10	60.15	6499	2230	2285
446	03:20:10	19.19	6499	2228	2284
447	03:20:29	60.22	6499	2227	2283
448	03:21:29	60.37	6499	2225	2282
449	03:22:30	60.11	6499	2224	2280
450	03:23:30	60.15	6499	2222	2279
451	03:24:30	60.18	6499	2220	2277
452	03:25:30	10.40	6499	2219	2276
453	03:25:41	60.53	6499	2218	2276
454	03:26:41	60.18	6499	2216	2274
455	03:27:41	37.04	6498	2215	2273
456	03:28:18	60.43	6499	2214	2272
457	03:29:19	60.15	6498	2212	2270
458	03:30:19	60.14	6499	2210	2269
459	03:31:19	60.16	6499	2208	2267
460	03:32:19	60.12	6499	2207	2266
461	03:33:19	60.11	6498	2205	2264
462	03:34:19	60.16	6499	2203	2263
463	03:35:20	60.14	6498	2201	2261
464	03:36:20	60.18	6499	2200	2260
465	03:37:20	60.16	6499	2198	2258
466	03:38:20	60.15	6499	2196	2257
467	03:39:20	60.11	6499	2195	2255
468	03:40:20	60.14	6499	2193	2254
469	03:41:20	60.14	6499	2191	2252
470	03:42:21	60.12	6499	2190	2251
471	03:43:21	60.14	6499	2188	2249
472	03:44:21	32.17	6499	2187	2248
473	03:44:53	60.05	6499	2185	2247
474	03:45:53	60.11	6499	2184	2245
475	03:46:53	60.18	6499	2182	2244
476	03:47:53	60.16	6499	2180	2242
477	03:48:54	60.15	6499	2179	2241
478	03:49:54	60.15	6499	2177	2240
479	03:50:54	60.16	6499	2175	2238
480	03:51:54	60.12	6499	2174	2237
481	03:52:54	60.13	6499	2172	2235
482	03:53:54	60.11	6499	2170	2234
483	03:54:54	60.17	6499	2168	2232
484	03:55:54	60.14	6499	2167	2231
485	03:56:55	60.14	6498	2165	2229
486	03:57:55	60.11	6499	2163	2228
487	03:58:55	60.39	6498	2162	2226
488	03:59:55	60.11	6499	2160	2225
489	04:00:55	60.13	6499	2158	2223
490	04:01:56	60.15	6499	2156	2222
491	04:02:56	60.11	6499	2155	2220
492	04:03:56	60.14	6499	2153	2219
493	04:04:56	60.16	6499	2152	2218
494	04:05:56	60.12	6499	2150	2216
495	04:06:56	60.13	6499	2148	2215
496	04:07:56	60.13	6499	2147	2213
497	04:08:56	60.37	6499	2145	2212
498	04:09:57	10.29	6499	2144	2211
499	04:10:07	42.57	6499	2143	2210
500	04:10:50	60.46	6499	2142	2209
501	04:11:50	60.15	6499	2141	2208
502	04:12:50	60.14	6499	2139	2206
503	04:13:50	60.14	6499	2137	2205
504	04:14:51	60.14	6499	2136	2203
505	04:15:51	60.13	6499	2134	2202
506	04:16:51	60.15	6499	2133	2200
507	04:17:51	60.15	6498	2131	2199
508	04:18:51	60.18	6499	2129	2197
509	04:19:51	60.14	6499	2128	2196
510	04:20:51	60.15	6499	2126	2194
511	04:21:52	60.14	6499	2124	2193
512	04:22:52	60.15	6499	2122	2191
513	04:23:52	60.12	6499	2121	2190
514	04:24:52	60.14	6498	2119	2188
515	04:25:52	60.14	6499	2118	2187
516	04:26:52	60.12	6499	2116	2185
517	04:27:52	60.15	6499	2114	2184
518	04:28:53	60.14	6499	2113	2183
519	04:29:53	60.14	6499	2111	2181
520	04:30:53	60.16	6499	2109	2180
521	04:31:53	60.15	6499	2108	2178
522	04:32:53	60.13	6499	2106	2177
523	04:33:53	60.12	6499	2105	2175
524	04:34:53	60.13	6499	2103	2174
525	04:35:54	60.14	6499	2101	2173
526	04:36:54	60.14	6499	2100	2171
527	04:37:54	60.12	6499	2098	2170
528	04:38:54	60.18	6499	2097	2168
529	04:39:54	60.14	6499	2095	2167
530	04:40:54	60.16	6499	2094	2165
531	04:41:54	60.14	6499	2092	2164
532	04:42:55	56.48	6499	2091	2162
533	04:43:51	60.54	6499	2089	2161
534	04:44:52	60.11	6499	2087	2160
535	04:45:52	60.11	6499	2086	2158
536	04:46:52	60.16	6499	2084	2157
537	04:47:52	60.15	6499	2083	2155
538	04:48:52	60.11	6499	2081	2154
539	04:49:52	60.11	6499	2079	2153
540	04:50:52	60.14	6499	2078	2151
541	04:51:52	60.18	6499	2076	2150
542	04:52:53	60.17	6499	2074	2148
543	04:53:53	60.16	6499	2073	2147
544	04:54:53	60.11	6499	2071	2145
545	04:55:53	60.17	6499	2070	2144
546	04:56:53	60.15	6499	2068	2142
547	04:57:53	60.12	6499	2066	2141
548	04:58:54	10.86	6499	2066	2140
549	04:59:04	32.61	6499	2065	2140
550	04:59:37	60.47	6498	2064	2139
551	05:00:37	60.11	6499	2062	2137
552	05:01:38	60.11	6499	2060	2136
553	05:02:38	60.11	6499	2059	2134
554	05:03:38	60.14	6499	2057	2133
555	05:04:38	60.12	6499	2056	2131
556	05:05:38	60.12	6499	2054	2130
557	05:06:38	60.14	6499	2053	2129
558	05:07:38	60.15	6499	2051	2127
559	05:08:38	60.14	6498	2050	2126
560	05:09:39	60.09	6499	2048	2124
561	05:10:39	60.43	6499	2047	2123
562	05:11:39	60.18	6499	2045	2121
563	05:12:39	60.11	6499	2044	2120
564	05:13:39	60.20	6499	2042	2119
565	05:14:40	60.15	6499	2040	2117
566	05:15:40	60.13	6498	2039	2116
567	05:16:40	60.12	6498	2037	2114
568	05:17:40	60.11	6499	2036	2113
569	05:18:40	60.12	6499	2034	2111
570	05:19:40	60.11	6499	2033	2110
571	05:20:40	60.16	6499	2031	2109
572	05:21:41	42.49	6499	2030	2107
573	05:22:23	60.27	6499	2029	2106
574	05:23:23	17.94	6499	2028	2105
575	05:23:41	60.26	6499	2027	2104
576	05:24:41	60.18	6499	2025	2103
577	05:25:42	60.16	6499	2024	2102
578	05:26:42	10.30	6499	2023	2101
579	05:26:52	20.62	6499	2022	2100
580	05:27:13	60.23	6499	2021	2099
581	05:28:13	60.11	6499	2020	2098
582	05:29:13	60.12	6499	2018	2097
583	05:30:13	60.11	6499	2017	2095
584	05:31:13	60.10	6499	2015	2094
585	05:32:13	60.13	6499	2014	2092
586	05:33:14	60.12	6499	2012	2091
587	05:34:14	60.16	6499	2011	2089
588	05:35:14	60.15	6499	2009	2088
589	05:36:14	60.17	6499	2007	2087
590	05:37:14	60.11	6499	2006	2085
591	05:38:14	60.12	6499	2004	2084
592	05:39:14	60.14	6499	2003	2082
593	05:40:14	60.11	6499	2001	2081
594	05:41:15	60.11	6499	2000	2079
595	05:42:15	60.17	6498	1998	2078
596	05:43:15	60.11	6499	1997	2077
597	05:44:15	60.17	6499	1995	2075
598	05:45:15	60.11	6499	1994	2074
599	05:46:15	60.15	6499	1992	2072
600	05:47:15	60.16	6499	1991	2071
601	05:48:16	60.12	6499	1989	2070
602	05:49:16	60.18	6499	1988	2068
603	05:50:16	60.12	6499	1986	2067
604	05:51:16	60.41	6499	1985	2065
605	05:52:16	60.12	6499	1983	2064
606	05:53:17	17.12	6499	1983	2063
607	05:53:34	60.09	6499	1982	2062
608	05:54:34	60.11	6499	1980	2061
609	05:55:34	60.12	6499	1978	2059
610	05:56:34	60.16	6499	1977	2058
611	05:57:34	14.55	6499	1976	2057
612	05:57:49	60.37	6499	1975	2056
613	05:58:49	60.18	6499	1974	2055
614	05:59:49	60.14	6499	1972	2054
615	06:00:49	60.11	6499	1971	2052
616	06:01:49	60.12	6499	1969	2051
617	06:02:50	60.16	6498	1968	2049
618	06:03:50	60.13	6499	1966	2048
619	06:04:50	60.17	6499	1965	2047
620	06:05:50	60.16	6499	1963	2045
621	06:06:50	60.11	6499	1962	2044
622	06:07:50	60.13	6499	1960	2042
623	06:08:50	60.16	6499	1959	2041
624	06:09:51	60.39	6499	1958	2040
625	06:10:51	60.15	6499	1956	2038
626	06:11:51	60.20	6499	1955	2037
627	06:12:51	60.12	6499	1953	2035
628	06:13:51	60.12	6498	1952	2034
629	06:14:52	60.16	6499	1951	2033
630	06:15:52	60.13	6498	1949	2031
631	06:16:52	60.15	6498	1948	2030
632	06:17:52	60.16	6498	1946	2028
633	06:18:52	60.16	6498	1945	2027
634	06:19:52	60.15	6499	1943	2026
635	06:20:53	60.14	6499	1942	2024
636	06:21:53	60.14	6499	1940	2023
637	06:22:53	60.15	6499	1939	2022
638	06:23:53	60.15	6499	1937	2020
639	06:24:53	60.12	6499	1936	2019
640	06:25:53	60.12	6499	1934	2017
641	06:26:53	60.13	6499	1933	2016
642	06:27:53	60.12	6499	1931	2015
643	06:28:54	60.15	6499	1930	2013
644	06:29:54	60.38	6499	1928	2012
645	06:30:54	60.15	6499	1927	2010
646	06:31:54	60.16	6498	1926	2009
647	06:32:54	34.82	6499	1924	2008
648	06:33:29	60.42	6499	1923	2007
649	06:34:30	60.10	6499	1922	2006
650	06:35:30	60.12	6498	1920	2004
651	06:36:30	60.16	6499	1919	2003
652	06:37:30	60.41	6499	1918	2001
653	06:38:30	60.17	6499	1916	2000
654	06:39:31	60.16	6499	1915	1999
655	06:40:31	60.18	6499	1913	1997
656	06:41:31	60.17	6499	1912	1996
657	06:42:31	60.16	6499	1911	1994
658	06:43:31	60.12	6499	1909	1993
659	06:44:31	60.13	6499	1908	1992
660	06:45:32	60.16	6499	1906	1990
661	06:46:32	60.12	6499	1905	1989
662	06:47:32	60.16	6498	1904	1988
663	06:48:32	60.15	6499	1902	1986
664	06:49:32	60.11	6499	1901	1985
665	06:50:32	60.15	6499	1899	1984
666	06:51:32	60.14	6499	1898	1982
667	06:52:33	60.14	6499	1896	1981
668	06:53:33	60.14	6499	1895	1980
669	06:54:33	60.15	6498	1893	1978
670	06:55:33	60.16	6498	1892	1977
671	06:56:33	60.13	6499	1890	1976
672	06:57:33	60.17	6499	1889	1974
673	06:58:33	60.12	6498	1888	1973
674	06:59:34	60.11	6498	1886	1971
675	07:00:34	60.12	6499	1885	1970
676	07:01:34	60.12	6499	1883	1969
677	07:02:34	60.12	6499	1882	1967
678	07:03:34	60.11	6499	1880	1966
679	07:04:34	60.15	6498	1879	1965
680	07:05:34	60.12	6499	1878	1963
681	07:06:34	60.12	6499	1876	1962
682	07:07:35	60.11	6499	1875	1961
683	07:08:35	60.12	6499	1874	1959
684	07:09:35	60.10	6499	1872	1958
685	07:10:35	10.26	6499	1871	1957
686	07:10:45	60.48	6499	1871	1957
687	07:11:46	60.15	6499	1869	1955
688	07:12:46	60.12	6499	1868	1954
689	07:13:46	60.12	6499	1866	1953
690	07:14:46	60.14	6499	1865	1951
691	07:15:46	60.14	6499	1864	1950
692	07:16:46	60.10	6499	1862	1949
693	07:17:46	60.12	6499	1861	1947
694	07:18:46	60.16	6499	1859	1946
695	07:19:47	60.12	6499	1858	1945
696	07:20:47	60.11	6499	1857	1943
697	07:21:47	60.11	6499	1855	1942
698	07:22:47	60.36	6499	1854	1941
699	07:23:47	60.15	6498	1852	1939
700	07:24:48	60.11	6499	1851	1938
701	07:25:48	60.12	6499	1850	1937
702	07:26:48	60.11	6499	1848	1935
703	07:27:48	60.36	6499	1847	1934
704	07:28:48	26.19	6498	1846	1933
705	07:29:14	60.26	6498	1845	1932
706	07:30:15	60.15	6498	1843	1931
707	07:31:15	60.12	6499	1842	1930
708	07:32:15	60.10	6499	1841	1928
709	07:33:15	60.12	6499	1839	1927
710	07:34:15	60.16	6499	1838	1926
711	07:35:15	60.13	6498	1837	1924
712	07:36:15	60.12	6499	1835	1923
713	07:37:16	60.16	6499	1834	1922
714	07:38:16	60.11	6499	1833	1921
715	07:39:16	60.12	6499	1832	1919
716	07:40:16	60.12	6499	1830	1918
717	07:41:16	60.16	6499	1829	1917
718	07:42:16	60.12	6499	1828	1915
719	07:43:16	60.11	6499	1826	1914
720	07:44:16	60.13	6499	1825	1913
721	07:45:17	60.14	6498	1824	1911
722	07:46:17	60.20	6499	1822	1910
723	07:47:17	60.11	6499	1820	1908
724	07:48:17	60.12	6499	1819	1906
725	07:49:17	60.16	6499	1817	1904
726	07:50:17	60.15	6498	1815	1903
727	07:51:17	60.12	6499	1814	1901
728	07:52:18	60.12	6499	1812	1899
729	07:53:18	60.18	6499	1810	1898
730	07:54:18	60.12	6499	1809	1896
731	07:55:18	60.16	6499	1807	1894
732	07:56:18	60.12	6499	1806	1893
733	07:57:18	60.14	6499	1804	1891
734	07:58:18	60.11	6499	1802	1890
735	07:59:19	60.40	6499	1801	1888
736	08:00:19	60.11	6499	1799	1886
737	08:01:19	60.15	6498	1798	1885
738	08:02:19	60.13	6499	1796	1883
739	08:03:19	60.14	6498	1795	1881
740	08:04:19	60.16	6499	1793	1880
741	08:05:20	60.16	6498	1792	1878
742	08:06:20	60.14	6499	1790	1877
743	08:07:20	60.16	6499	1789	1875
744	08:08:20	60.12	6499	1787	1874
745	08:09:20	60.14	6499	1786	1872
746	08:10:20	60.11	6499	1784	1870
747	08:11:20	60.36	6499	1783	1869
748	08:12:21	60.13	6499	1781	1867
749	08:13:21	60.12	6499	1780	1866
750	08:14:21	60.11	6499	1778	1864
751	08:15:21	60.17	6498	1776	1862
752	08:16:21	60.13	6499	1775	1861
753	08:17:21	60.16	6498	1773	1859
754	08:18:22	60.13	6499	1772	1858
755	08:19:22	60.15	6499	1770	1856
756	08:20:22	60.15	6499	1769	1855
757	08:21:22	60.12	6499	1767	1853
758	08:22:22	60.17	6498	1766	1852
759	08:23:22	60.16	6499	1764	1850
760	08:24:23	60.10	6499	1763	1849
761	08:25:23	10.61	6498	1762	1848
762	08:25:33	45.03	6499	1761	1847
763	08:26:18	60.11	6498	1760	1846
764	08:27:18	60.17	6499	1758	1844
765	08:28:19	60.11	6499	1757	1843
766	08:29:19	60.11	6499	1755	1841
767	08:30:19	17.92	6499	1754	1840
768	08:30:37	60.53	6499	1753	1839
769	08:31:37	60.12	6499	1752	1838
770	08:32:37	60.18	6498	1750	1836
771	08:33:38	60.18	6499	1749	1835
772	08:34:38	60.16	6498	1748	1833
773	08:35:38	60.11	6499	1746	1832
774	08:36:38	60.12	6499	1745	1830
775	08:37:38	60.16	6498	1743	1829
776	08:38:38	60.11	6499	1742	1827
777	08:39:38	60.15	6498	1740	1826
778	08:40:39	60.12	6499	1739	1824
779	08:41:39	60.12	6499	1738	1823
780	08:42:39	60.15	6499	1736	1821
781	08:43:39	60.16	6499	1735	1820
782	08:44:39	60.11	6499	1733	1818
783	08:45:39	60.16	6499	1732	1817
784	08:46:39	60.12	6499	1730	1815
785	08:47:39	60.15	6499	1729	1814
786	08:48:40	60.11	6499	1727	1813
787	08:49:40	60.13	6499	1726	1811
788	08:50:40	60.17	6499	1724	1810
789	08:51:40	60.12	6499	1723	1808
790	08:52:40	60.12	6498	1722	1807
791	08:53:40	60.17	6498	1720	1805
792	08:54:40	60.17	6499	1719	1804
793	08:55:41	60.11	6499	1717	1802
794	08:56:41	60.12	6498	1716	1801
795	08:57:41	19.06	6499	1715	1800
796	08:58:00	12.69	6499	1715	1800
797	08:58:13	9.02	6498	1714	1799
798	08:58:22	8.53	6499	1714	1799
799	08:58:30	9.03	6498	1714	1799
800	08:58:39	8.48	6499	1714	1799
801	08:58:48	9.04	6499	1714	1799
802	08:58:57	8.22	6498	1713	1799
803	08:59:05	9.02	6499	1713	1798
804	08:59:14	8.53	6499	1713	1798
805	08:59:22	9.02	6499	1713	1798
806	08:59:31	8.52	6499	1713	1798
807	08:59:40	9.02	6499	1712	1798
808	08:59:49	8.52	6498	1712	1797
809	08:59:58	9.05	6499	1712	1797
810	09:00:07	8.52	6499	1712	1797
811	09:00:15	9.02	6499	1712	1797
812	09:00:24	8.53	6499	1712	1797
813	09:00:33	9.03	6498	1711	1796
814	09:00:42	23.75	6499	1711	1796
815	09:01:05	9.02	6499	1711	1796
816	09:01:14	7.62	6499	1711	1796
817	09:01:22	9.02	6499	1710	1795
818	09:01:31	7.90	6499	1710	1795
819	09:01:39	9.02	6499	1710	1795
820	09:01:48	7.92	6498	1710	1795
821	09:01:56	9.02	6499	1710	1795
822	09:02:05	7.62	6498	1709	1795
823	09:02:13	9.02	6498	1709	1794
824	09:02:22	7.93	6499	1709	1794
825	09:02:30	9.02	6499	1709	1794
826	09:02:39	7.92	6499	1709	1794
827	09:02:46	9.01	6499	1708	1794
828	09:02:56	7.92	6499	1708	1793
829	09:03:03	9.03	6499	1708	1793
830	09:03:12	7.62	6498	1708	1793
831	09:03:20	9.02	6499	1708	1793
832	09:03:29	14.76	6499	1708	1793
833	09:03:44	60.46	6499	1707	1792
834	09:04:44	60.16	6499	1706	1791
835	09:05:44	10.04	6499	1705	1790
836	09:05:55	60.42	6498	1704	1789
837	09:06:55	60.15	6499	1703	1788
838	09:07:55	60.13	6499	1702	1786
839	09:08:55	60.11	6499	1701	1785
840	09:09:55	60.14	6499	1699	1784
841	09:10:55	60.38	6499	1698	1782
842	09:11:56	60.15	6499	1697	1781
843	09:12:56	60.12	6499	1695	1779
844	09:13:56	60.12	6499	1694	1778
845	09:14:56	40.97	6499	1693	1777
846	09:15:37	60.47	6499	0	0
847	09:16:38	60.11	6499	0	0
848	09:17:38	47.65	6499	0	0
849	09:18:25	60.34	6502	0	0
850	09:19:26	31.70	6502	0	0
Created by AtlRunQuery on: 2018-12-02 09:38:18.330037
