LHC beam energy and intensities during run 364214:
(Begin/end of run: Mon Oct 22 2018 22:32:25 − Tue Oct 23, 13:18:50)

LB	   Start time
(CEST)	   Duration
(sec)	   Beam energy
(GeV)	   Intensity Beam-1
(1e11 protons)	   Intensity Beam-2
(1e11 protons)
1	22:32:25	60.13	450	2776	2797
2	22:33:25	60.12	450	2776	2795
3	22:34:25	10.27	450	2776	2794
4	22:34:35	26.04	450	2775	2793
5	22:35:01	60.35	449	2774	2792
6	22:36:02	39.73	449	2773	2791
7	22:36:41	44.56	461	2772	2789
8	22:37:26	24.61	511	2758	2776
9	22:37:51	60.43	556	2758	2776
10	22:38:51	60.11	716	2758	2775
11	22:39:51	60.16	936	2758	2774
12	22:40:51	60.11	1223	2758	2774
13	22:41:51	60.12	1568	2758	2773
14	22:42:52	60.12	1921	2758	2773
15	22:43:52	60.14	2269	2757	2773
16	22:44:52	60.11	2616	2757	2773
17	22:45:52	60.12	2964	2757	2773
18	22:46:52	60.13	3311	2757	2773
19	22:47:52	60.12	3658	2756	2773
20	22:48:52	60.11	4006	2756	2773
21	22:49:52	60.13	4353	2756	2772
22	22:50:53	60.11	4706	2755	2772
23	22:51:53	60.11	5054	2755	2772
24	22:52:53	60.17	5401	2754	2772
25	22:53:53	60.12	5749	2753	2772
26	22:54:53	60.12	6096	2752	2771
27	22:55:53	43.52	6443	2748	2771
28	22:56:37	12.94	6499	2748	2771
29	22:56:50	60.33	6499	2747	2770
30	22:57:50	60.17	6499	2747	2770
31	22:58:50	60.14	6499	2746	2770
32	22:59:50	60.11	6499	2746	2770
33	23:00:50	60.10	6499	2746	2770
34	23:01:50	60.12	6499	2745	2770
35	23:02:51	60.12	6499	2745	2770
36	23:03:51	60.12	6499	2744	2770
37	23:04:51	60.15	6499	2744	2770
38	23:05:51	60.12	6499	2744	2769
39	23:06:51	60.16	6499	2743	2769
40	23:07:51	60.10	6499	2743	2769
41	23:08:51	60.12	6499	2742	2769
42	23:09:51	60.13	6499	2741	2769
43	23:10:52	16.46	6499	2740	2768
44	23:11:08	60.45	6499	2739	2768
45	23:12:09	60.12	6499	2738	2768
46	23:13:09	60.11	6499	2737	2768
47	23:14:09	60.12	6499	2735	2767
48	23:15:09	60.10	6499	2731	2764
49	23:16:09	60.12	6499	2728	2760
50	23:17:09	60.14	6499	2725	2756
51	23:18:09	60.12	6499	2722	2750
52	23:19:09	21.82	6499	2719	2746
53	23:19:31	38.77	6499	2717	2742
54	23:20:10	60.22	6499	2714	2736
55	23:21:10	60.12	6499	2711	2731
56	23:22:10	15.92	6499	2708	2727
57	23:22:26	60.56	6499	2706	2723
58	23:23:27	60.12	6499	2703	2719
59	23:24:27	60.13	6499	2700	2713
60	23:25:27	60.15	6499	2697	2708
61	23:26:27	60.17	6499	2694	2703
62	23:27:27	22.31	6499	2692	2699
63	23:27:50	60.17	6499	2689	2695
64	23:28:50	23.48	6499	2687	2692
65	23:29:13	60.41	6499	2685	2690
66	23:30:14	60.11	6499	2682	2687
67	23:31:14	10.27	6499	2680	2685
68	23:31:24	60.43	6499	2679	2683
69	23:32:24	60.12	6499	2676	2680
70	23:33:25	60.10	6499	2673	2678
71	23:34:25	45.30	6499	2670	2675
72	23:35:10	60.19	6499	2668	2673
73	23:36:10	60.11	6499	2665	2671
74	23:37:10	60.11	6499	2662	2668
75	23:38:10	23.30	6499	2660	2666
76	23:38:34	14.29	6499	2659	2665
77	23:38:48	60.15	6499	2657	2664
78	23:39:48	60.13	6499	2654	2661
79	23:40:48	60.12	6499	2651	2659
80	23:41:48	26.55	6499	2649	2657
81	23:42:15	60.35	6499	2647	2655
82	23:43:15	60.11	6499	2645	2653
83	23:44:15	60.10	6499	2642	2650
84	23:45:16	10.27	6499	2640	2649
85	23:45:26	60.11	6499	2639	2647
86	23:46:26	60.12	6499	2636	2645
87	23:47:26	60.12	6499	2633	2643
88	23:48:26	60.11	6499	2631	2641
89	23:49:26	19.33	6499	2629	2639
90	23:49:46	12.97	6499	2629	2639
91	23:49:59	60.15	6499	2627	2637
92	23:50:59	60.11	6499	2625	2635
93	23:51:59	60.12	6499	2622	2633
94	23:52:59	60.11	6499	2620	2630
95	23:53:59	60.12	6499	2618	2628
96	23:54:59	10.26	6499	2617	2627
97	23:55:09	60.43	6499	2615	2625
98	23:56:10	60.11	6499	2613	2623
99	23:57:10	60.11	6499	2611	2621
100	23:58:10	60.11	6499	2609	2619
101	23:59:10	60.11	6499	2606	2617
102	00:00:10	60.15	6499	2604	2614
103	00:01:10	60.12	6499	2602	2612
104	00:02:11	60.11	6499	2600	2610
105	00:03:11	60.11	6499	2598	2608
106	00:04:11	60.11	6499	2596	2606
107	00:05:11	60.13	6499	2594	2604
108	00:06:11	14.17	6499	2592	2603
109	00:06:25	60.22	6499	2591	2601
110	00:07:25	60.12	6499	2589	2599
111	00:08:26	60.10	6499	2587	2597
112	00:09:26	60.10	6499	2585	2595
113	00:10:26	60.10	6499	2583	2593
114	00:11:26	60.15	6499	2581	2591
115	00:12:26	23.13	6499	2579	2590
116	00:12:49	60.50	6499	2578	2589
117	00:13:50	60.13	6499	2575	2587
118	00:14:50	44.54	6499	2574	2585
119	00:15:34	10.13	6499	2573	2584
120	00:15:44	60.11	6499	2571	2583
121	00:16:45	60.11	6498	2569	2581
122	00:17:45	60.13	6499	2567	2579
123	00:18:45	60.12	6499	2565	2577
124	00:19:45	60.16	6499	2563	2575
125	00:20:45	60.11	6499	2561	2573
126	00:21:45	60.15	6499	2559	2571
127	00:22:45	60.11	6499	2557	2569
128	00:23:45	60.11	6499	2555	2567
129	00:24:46	60.10	6499	2553	2565
130	00:25:46	60.28	6499	2551	2563
131	00:26:46	12.24	6499	2550	2562
132	00:26:58	60.45	6499	2548	2561
133	00:27:59	60.14	6499	2546	2559
134	00:28:59	60.14	6499	2544	2557
135	00:29:59	60.11	6499	2542	2555
136	00:30:59	60.12	6499	2540	2553
137	00:31:59	60.15	6499	2538	2552
138	00:32:59	60.11	6499	2536	2550
139	00:33:59	60.11	6499	2534	2548
140	00:34:59	60.10	6499	2532	2546
141	00:36:00	60.11	6498	2530	2544
142	00:37:00	60.12	6499	2528	2542
143	00:38:00	60.11	6499	2526	2540
144	00:39:00	60.12	6499	2524	2539
145	00:40:00	60.12	6499	2522	2537
146	00:41:00	23.11	6499	2520	2536
147	00:41:23	60.35	6499	2519	2534
148	00:42:24	60.15	6499	2517	2532
149	00:43:24	60.11	6499	2515	2531
150	00:44:24	60.11	6499	2512	2529
151	00:45:24	60.12	6499	2510	2527
152	00:46:24	60.12	6499	2508	2525
153	00:47:24	60.16	6499	2506	2524
154	00:48:24	60.11	6499	2504	2522
155	00:49:24	60.11	6499	2503	2520
156	00:50:25	60.12	6499	2501	2518
157	00:51:25	60.12	6499	2499	2516
158	00:52:25	60.16	6499	2497	2515
159	00:53:25	60.10	6499	2495	2513
160	00:54:25	60.13	6499	2493	2511
161	00:55:25	60.11	6499	2491	2509
162	00:56:25	60.38	6499	2489	2508
163	00:57:26	60.16	6499	2487	2506
164	00:58:26	60.12	6499	2485	2504
165	00:59:26	60.12	6499	2483	2502
166	01:00:26	60.12	6499	2481	2501
167	01:01:26	60.12	6499	2479	2499
168	01:02:26	60.37	6499	2477	2497
169	01:03:27	60.12	6498	2475	2495
170	01:04:27	10.27	6498	2474	2494
171	01:04:37	60.38	6499	2473	2493
172	01:05:38	60.11	6499	2471	2492
173	01:06:38	60.11	6499	2469	2490
174	01:07:38	60.12	6499	2467	2488
175	01:08:38	60.11	6499	2465	2486
176	01:09:38	60.11	6499	2463	2484
177	01:10:38	44.10	6499	2461	2483
178	01:11:22	60.08	6499	2460	2482
179	01:12:22	60.11	6499	2458	2480
180	01:13:22	60.15	6498	2456	2478
181	01:14:23	60.11	6499	2454	2476
182	01:15:23	60.11	6499	2452	2475
183	01:16:23	60.12	6499	2450	2473
184	01:17:23	60.12	6499	2448	2471
185	01:18:23	60.11	6499	2446	2470
186	01:19:23	60.12	6499	2444	2468
187	01:20:23	60.11	6499	2442	2466
188	01:21:23	60.09	6499	2440	2465
189	01:22:23	60.11	6499	2438	2463
190	01:23:24	10.26	6499	2437	2462
191	01:23:34	60.44	6499	2436	2461
192	01:24:34	60.17	6499	2434	2459
193	01:25:34	60.14	6499	2432	2458
194	01:26:35	60.12	6498	2430	2456
195	01:27:35	60.11	6499	2428	2454
196	01:28:35	60.13	6499	2426	2452
197	01:29:35	60.12	6499	2424	2451
198	01:30:35	60.16	6499	2422	2449
199	01:31:35	26.56	6499	2421	2448
200	01:32:02	60.14	6499	2419	2447
201	01:33:02	60.12	6498	2418	2445
202	01:34:02	60.16	6499	2416	2444
203	01:35:02	60.11	6499	2414	2442
204	01:36:02	60.11	6499	2412	2440
205	01:37:02	60.36	6499	2410	2439
206	01:38:03	60.10	6499	2408	2437
207	01:39:03	60.15	6499	2406	2435
208	01:40:03	60.11	6499	2404	2434
209	01:41:03	60.15	6499	2402	2432
210	01:42:03	60.13	6499	2400	2430
211	01:43:03	60.13	6499	2399	2429
212	01:44:04	11.22	6499	2398	2428
213	01:44:15	60.45	6499	2396	2427
214	01:45:15	60.12	6499	2395	2425
215	01:46:15	60.12	6499	2393	2423
216	01:47:15	60.12	6499	2391	2422
217	01:48:16	60.11	6499	2389	2420
218	01:49:16	60.13	6499	2387	2419
219	01:50:16	60.11	6499	2385	2417
220	01:51:16	60.13	6499	2383	2415
221	01:52:16	60.13	6499	2381	2414
222	01:53:16	60.13	6499	2379	2412
223	01:54:16	60.14	6499	2377	2411
224	01:55:16	60.12	6499	2375	2409
225	01:56:17	60.11	6499	2374	2407
226	01:57:17	60.38	6499	2372	2406
227	01:58:17	60.11	6498	2370	2404
228	01:59:17	60.18	6498	2368	2403
229	02:00:17	60.14	6499	2366	2401
230	02:01:17	60.11	6499	2364	2400
231	02:02:18	60.14	6498	2362	2398
232	02:03:18	60.11	6498	2361	2396
233	02:04:18	60.11	6499	2359	2395
234	02:05:18	60.12	6499	2357	2393
235	02:06:18	60.00	6499	2355	2391
236	02:07:18	60.96	6499	2353	2390
237	02:08:19	60.11	6499	2351	2388
238	02:09:19	60.12	6498	2350	2387
239	02:10:19	60.12	6498	2348	2385
240	02:11:19	60.12	6499	2346	2384
241	02:12:19	60.17	6498	2344	2382
242	02:13:20	60.17	6499	2342	2381
243	02:14:20	60.11	6499	2340	2379
244	02:15:20	60.13	6499	2338	2378
245	02:16:20	60.11	6499	2337	2376
246	02:17:20	60.12	6499	2335	2374
247	02:18:20	60.11	6499	2333	2373
248	02:19:20	60.15	6499	2331	2371
249	02:20:21	60.12	6499	2329	2370
250	02:21:21	60.13	6498	2327	2368
251	02:22:21	60.13	6499	2325	2367
252	02:23:21	60.11	6499	2324	2365
253	02:24:21	60.15	6499	2322	2364
254	02:25:21	16.84	6499	2321	2363
255	02:25:38	60.09	6499	2319	2362
256	02:26:38	60.11	6499	2317	2360
257	02:27:38	60.11	6499	2316	2359
258	02:28:38	52.62	6499	2314	2357
259	02:29:31	60.51	6499	2312	2356
260	02:30:31	60.10	6499	2310	2354
261	02:31:32	60.15	6499	2308	2353
262	02:32:32	60.14	6499	2307	2351
263	02:33:32	60.15	6499	2305	2350
264	02:34:32	10.29	6498	2304	2349
265	02:34:42	60.10	6499	2303	2348
266	02:35:42	60.15	6499	2301	2346
267	02:36:43	60.16	6499	2299	2345
268	02:37:43	60.16	6499	2297	2343
269	02:38:43	60.13	6499	2295	2342
270	02:39:43	60.15	6499	2293	2340
271	02:40:43	60.14	6499	2291	2339
272	02:41:43	60.12	6499	2290	2337
273	02:42:43	60.13	6499	2288	2336
274	02:43:44	60.12	6499	2286	2334
275	02:44:44	60.16	6498	2284	2333
276	02:45:44	60.16	6499	2282	2331
277	02:46:44	60.12	6498	2281	2329
278	02:47:44	60.12	6499	2279	2328
279	02:48:44	60.16	6499	2277	2327
280	02:49:44	33.89	6499	2276	2325
281	02:50:18	60.69	6498	2274	2324
282	02:51:19	60.12	6499	2272	2323
283	02:52:19	60.17	6499	2270	2321
284	02:53:19	60.11	6499	2269	2320
285	02:54:19	60.17	6499	2267	2318
286	02:55:20	60.15	6498	2265	2317
287	02:56:20	60.16	6499	2263	2315
288	02:57:20	60.11	6498	2262	2314
289	02:58:20	60.17	6499	2260	2312
290	02:59:20	60.12	6499	2258	2311
291	03:00:20	60.10	6499	2256	2309
292	03:01:20	60.11	6498	2254	2308
293	03:02:20	60.14	6499	2253	2306
294	03:03:21	60.14	6499	2251	2305
295	03:04:21	60.12	6498	2249	2303
296	03:05:21	60.12	6499	2247	2302
297	03:06:21	28.95	6499	2246	2301
298	03:06:50	60.30	6499	2245	2300
299	03:07:50	60.11	6499	2243	2298
300	03:08:50	46.11	6499	2241	2297
301	03:09:36	58.57	6499	2240	2296
302	03:10:35	60.23	6499	2238	2294
303	03:11:35	60.10	6499	2236	2293
304	03:12:35	60.14	6499	2235	2291
305	03:13:35	60.13	6498	2233	2290
306	03:14:36	60.11	6499	2231	2288
307	03:15:36	60.12	6499	2229	2287
308	03:16:36	60.19	6499	2228	2285
309	03:17:36	60.16	6498	2226	2284
310	03:18:36	60.12	6499	2224	2282
311	03:19:36	60.13	6499	2222	2281
312	03:20:36	60.17	6498	2221	2279
313	03:21:37	60.15	6499	2219	2278
314	03:22:37	60.15	6498	2217	2277
315	03:23:37	60.14	6499	2216	2275
316	03:24:37	60.15	6499	2214	2274
317	03:25:37	60.14	6499	2212	2272
318	03:26:37	60.11	6499	2211	2271
319	03:27:37	60.14	6499	2209	2269
320	03:28:38	60.17	6498	2207	2268
321	03:29:38	60.12	6498	2206	2267
322	03:30:38	27.25	6499	2204	2266
323	03:31:05	60.42	6499	2203	2264
324	03:32:06	60.14	6499	2201	2263
325	03:33:06	60.16	6498	2200	2261
326	03:34:06	60.15	6499	2198	2260
327	03:35:06	60.17	6498	2196	2259
328	03:36:06	60.18	6498	2195	2257
329	03:37:06	60.11	6499	2193	2256
330	03:38:06	60.13	6499	2191	2254
331	03:39:07	60.18	6499	2189	2253
332	03:40:07	60.12	6499	2188	2251
333	03:41:07	60.17	6499	2186	2250
334	03:42:07	60.16	6499	2184	2249
335	03:43:07	60.13	6499	2183	2247
336	03:44:07	60.17	6498	2181	2246
337	03:45:08	60.12	6499	2179	2244
338	03:46:08	60.14	6499	2178	2243
339	03:47:08	60.14	6499	2176	2242
340	03:48:08	60.14	6499	2174	2240
341	03:49:08	60.12	6499	2173	2239
342	03:50:08	60.13	6499	2171	2237
343	03:51:08	60.13	6499	2169	2236
344	03:52:08	60.13	6498	2167	2235
345	03:53:09	60.15	6499	2166	2233
346	03:54:09	60.15	6499	2164	2232
347	03:55:09	27.23	6498	2163	2231
348	03:55:36	60.46	6498	2162	2230
349	03:56:37	60.13	6498	2160	2228
350	03:57:37	10.29	6498	2159	2227
351	03:57:47	60.11	6499	2158	2227
352	03:58:47	60.14	6499	2156	2225
353	03:59:47	60.14	6499	2155	2224
354	04:00:47	60.11	6499	2153	2222
355	04:01:48	60.11	6499	2151	2221
356	04:02:48	60.11	6498	2150	2219
357	04:03:48	60.14	6499	2148	2218
358	04:04:48	60.16	6498	2147	2217
359	04:05:48	60.15	6499	2145	2215
360	04:06:48	60.16	6499	2143	2214
361	04:07:48	60.13	6499	2142	2213
362	04:08:48	60.16	6498	2140	2211
363	04:09:49	60.12	6498	2138	2210
364	04:10:49	60.16	6498	2137	2208
365	04:11:49	60.15	6499	2135	2207
366	04:12:49	60.12	6499	2134	2206
367	04:13:49	60.12	6499	2132	2204
368	04:14:49	60.12	6498	2130	2203
369	04:15:49	60.14	6498	2129	2202
370	04:16:50	60.11	6499	2127	2200
371	04:17:50	60.36	6499	2126	2199
372	04:18:50	17.82	6499	2125	2198
373	04:19:08	60.63	6499	2123	2197
374	04:20:08	60.39	6499	2122	2196
375	04:21:09	60.11	6499	2120	2194
376	04:22:09	60.12	6499	2119	2193
377	04:23:09	60.15	6499	2117	2191
378	04:24:09	60.12	6499	2116	2190
379	04:25:09	60.15	6499	2114	2189
380	04:26:09	60.12	6499	2112	2187
381	04:27:10	60.09	6499	2111	2186
382	04:28:10	60.15	6499	2109	2185
383	04:29:10	60.14	6499	2108	2183
384	04:30:10	60.18	6498	2106	2182
385	04:31:10	60.11	6499	2105	2180
386	04:32:10	60.14	6498	2103	2179
387	04:33:10	60.14	6498	2101	2178
388	04:34:11	60.15	6499	2100	2176
389	04:35:11	60.10	6499	2098	2175
390	04:36:11	60.17	6499	2097	2173
391	04:37:11	60.13	6499	2095	2172
392	04:38:11	60.15	6499	2094	2171
393	04:39:11	60.16	6498	2092	2169
394	04:40:11	60.18	6499	2090	2168
395	04:41:12	60.14	6498	2089	2166
396	04:42:12	60.13	6499	2087	2165
397	04:43:12	58.96	6499	2086	2164
398	04:44:11	31.10	6499	2084	2163
399	04:44:42	60.48	6498	2083	2162
400	04:45:42	30.63	6498	2082	2161
401	04:46:13	60.41	6498	2081	2160
402	04:47:13	60.11	6498	2079	2158
403	04:48:14	60.10	6499	2078	2157
404	04:49:14	60.14	6499	2076	2155
405	04:50:14	60.12	6498	2075	2154
406	04:51:14	60.14	6499	2073	2153
407	04:52:14	60.14	6499	2071	2151
408	04:53:14	60.16	6498	2070	2150
409	04:54:14	60.16	6499	2068	2148
410	04:55:15	60.18	6499	2067	2147
411	04:56:15	60.14	6499	2065	2146
412	04:57:15	60.19	6499	2063	2144
413	04:58:15	60.11	6499	2062	2143
414	04:59:15	60.12	6499	2060	2142
415	05:00:15	60.13	6499	2058	2140
416	05:01:15	60.12	6498	2057	2139
417	05:02:16	60.17	6499	2055	2137
418	05:03:16	60.11	6499	2054	2136
419	05:04:16	60.15	6499	2052	2135
420	05:05:16	60.11	6498	2050	2133
421	05:06:16	60.15	6498	2049	2132
422	05:07:16	60.13	6498	2047	2131
423	05:08:16	11.97	6498	2046	2130
424	05:08:28	60.56	6498	2045	2129
425	05:09:29	60.14	6499	2044	2128
426	05:10:29	60.12	6499	2042	2126
427	05:11:29	60.14	6499	2041	2125
428	05:12:29	60.10	6498	2039	2124
429	05:13:29	60.14	6499	2037	2122
430	05:14:30	60.12	6499	2036	2121
431	05:15:30	60.13	6498	2034	2119
432	05:16:30	60.14	6499	2032	2118
433	05:17:30	60.15	6498	2031	2117
434	05:18:30	60.36	6499	2029	2115
435	05:19:30	60.11	6499	2028	2114
436	05:20:31	20.81	6499	2027	2113
437	05:20:51	60.20	6498	2026	2112
438	05:21:52	60.17	6499	2024	2111
439	05:22:52	60.17	6498	2023	2109
440	05:23:52	60.18	6498	2021	2108
441	05:24:52	60.11	6499	2020	2107
442	05:25:52	60.13	6499	2018	2105
443	05:26:52	60.13	6499	2017	2104
444	05:27:52	60.14	6498	2015	2103
445	05:28:53	60.26	6499	2014	2102
446	05:29:53	60.14	6499	2012	2100
447	05:30:53	60.14	6499	2011	2099
448	05:31:53	60.17	6499	2009	2098
449	05:32:53	60.13	6499	2007	2096
450	05:33:53	49.92	6498	2006	2095
451	05:34:43	60.16	6499	2005	2094
452	05:35:43	60.14	6499	2003	2092
453	05:36:44	60.17	6498	2002	2091
454	05:37:44	60.17	6499	2000	2090
455	05:38:44	60.13	6499	1998	2088
456	05:39:44	60.15	6498	1997	2087
457	05:40:44	60.15	6499	1996	2086
458	05:41:44	60.12	6498	1994	2084
459	05:42:45	19.40	6498	1993	2084
460	05:43:04	60.53	6499	1992	2082
461	05:44:04	60.15	6498	1991	2081
462	05:45:05	60.14	6499	1989	2080
463	05:46:05	60.15	6499	1988	2078
464	05:47:05	60.14	6498	1986	2077
465	05:48:05	60.14	6499	1985	2076
466	05:49:05	60.14	6498	1983	2074
467	05:50:05	60.11	6498	1982	2073
468	05:51:05	60.15	6498	1980	2072
469	05:52:06	60.17	6498	1979	2070
470	05:53:06	60.15	6499	1977	2069
471	05:54:06	60.16	6498	1976	2068
472	05:55:06	60.11	6498	1974	2066
473	05:56:06	60.12	6499	1973	2065
474	05:57:06	60.15	6498	1971	2064
475	05:58:06	60.16	6499	1970	2062
476	05:59:07	60.17	6499	1968	2061
477	06:00:07	25.99	6499	1967	2060
478	06:00:33	60.25	6499	1966	2059
479	06:01:33	60.15	6499	1965	2058
480	06:02:33	60.13	6498	1963	2056
481	06:03:33	60.12	6499	1962	2055
482	06:04:33	60.16	6499	1960	2054
483	06:05:34	60.12	6499	1959	2052
484	06:06:34	60.14	6499	1957	2051
485	06:07:34	60.14	6498	1956	2050
486	06:08:34	60.13	6498	1954	2048
487	06:09:34	60.14	6499	1953	2047
488	06:10:34	60.16	6498	1951	2046
489	06:11:34	51.45	6498	1950	2045
490	06:12:26	60.64	6498	1949	2043
491	06:13:26	60.12	6498	1947	2042
492	06:14:27	60.14	6499	1946	2041
493	06:15:27	60.13	6499	1944	2040
494	06:16:27	60.11	6499	1943	2038
495	06:17:27	60.15	6498	1941	2037
496	06:18:27	60.13	6499	1940	2036
497	06:19:27	60.12	6499	1938	2034
498	06:20:27	60.19	6498	1937	2033
499	06:21:28	60.12	6498	1935	2032
500	06:22:28	60.14	6499	1934	2030
501	06:23:28	60.14	6498	1933	2029
502	06:24:28	60.11	6499	1931	2028
503	06:25:28	60.17	6499	1930	2026
504	06:26:28	60.17	6499	1928	2025
505	06:27:28	60.20	6498	1927	2024
506	06:28:29	60.15	6499	1926	2022
507	06:29:29	60.11	6499	1924	2021
508	06:30:29	60.12	6499	1923	2020
509	06:31:29	60.11	6498	1921	2018
510	06:32:29	60.11	6498	1920	2017
511	06:33:29	48.69	6499	1919	2016
512	06:34:18	60.07	6498	1918	2015
513	06:35:18	60.36	6499	1916	2014
514	06:36:18	60.14	6499	1915	2012
515	06:37:18	60.14	6498	1913	2011
516	06:38:19	60.38	6499	1912	2010
517	06:39:19	60.18	6499	1911	2009
518	06:40:19	60.15	6498	1909	2007
519	06:41:19	60.37	6498	1908	2006
520	06:42:20	60.11	6498	1906	2005
521	06:43:20	60.14	6499	1905	2003
522	06:44:20	60.12	6499	1904	2002
523	06:45:20	60.19	6499	1902	2001
524	06:46:20	60.12	6499	1901	1999
525	06:47:20	60.13	6499	1899	1998
526	06:48:20	44.77	6498	1898	1997
527	06:49:05	60.51	6499	1897	1996
528	06:50:06	60.12	6499	1896	1995
529	06:51:06	60.17	6498	1894	1993
530	06:52:06	60.12	6498	1893	1992
531	06:53:06	60.12	6498	1891	1991
532	06:54:06	60.11	6498	1890	1989
533	06:55:06	60.13	6498	1889	1988
534	06:56:07	60.17	6499	1887	1987
535	06:57:07	60.17	6499	1886	1986
536	06:58:07	60.15	6499	1884	1984
537	06:59:07	60.15	6498	1883	1983
538	07:00:07	60.17	6499	1882	1982
539	07:01:07	60.14	6499	1880	1980
540	07:02:07	60.17	6499	1879	1979
541	07:03:08	60.11	6499	1877	1978
542	07:04:08	60.11	6499	1876	1977
543	07:05:08	60.12	6498	1875	1975
544	07:06:08	60.15	6499	1873	1974
545	07:07:08	60.14	6499	1872	1973
546	07:08:08	60.15	6499	1871	1972
547	07:09:08	60.12	6498	1869	1970
548	07:10:09	60.17	6498	1868	1969
549	07:11:09	60.17	6499	1867	1968
550	07:12:09	60.15	6499	1865	1966
551	07:13:09	60.11	6499	1864	1965
552	07:14:09	60.38	6498	1862	1964
553	07:15:10	60.16	6499	1861	1963
554	07:16:10	60.11	6498	1860	1962
555	07:17:10	60.11	6498	1858	1960
556	07:18:10	60.15	6499	1857	1959
557	07:19:10	60.15	6498	1856	1958
558	07:20:10	60.15	6498	1855	1956
559	07:21:10	60.17	6498	1853	1955
560	07:22:11	60.11	6498	1852	1954
561	07:23:11	60.16	6498	1850	1953
562	07:24:11	19.43	6498	1850	1952
563	07:24:30	60.47	6498	1849	1951
564	07:25:31	60.15	6499	1847	1950
565	07:26:31	60.11	6499	1846	1949
566	07:27:31	60.13	6498	1845	1947
567	07:28:31	60.19	6499	1844	1946
568	07:29:31	60.17	6498	1842	1945
569	07:30:31	60.16	6499	1841	1944
570	07:31:32	60.15	6498	1840	1942
571	07:32:32	60.15	6499	1838	1941
572	07:33:32	60.13	6498	1837	1940
573	07:34:32	60.11	6499	1836	1939
574	07:35:32	60.15	6498	1834	1937
575	07:36:32	60.15	6498	1833	1936
576	07:37:32	60.11	6499	1832	1935
577	07:38:33	60.15	6499	1831	1934
578	07:39:33	60.14	6499	1829	1932
579	07:40:33	60.15	6498	1828	1931
580	07:41:33	60.40	6498	1827	1930
581	07:42:33	60.13	6498	1825	1929
582	07:43:34	60.16	6499	1824	1928
583	07:44:34	60.14	6498	1823	1926
584	07:45:34	60.14	6499	1821	1925
585	07:46:34	60.16	6498	1820	1924
586	07:47:34	60.12	6499	1819	1922
587	07:48:34	60.11	6499	1817	1921
588	07:49:34	60.11	6498	1816	1920
589	07:50:34	60.12	6498	1815	1919
590	07:51:35	60.11	6499	1813	1918
591	07:52:35	60.13	6499	1812	1916
592	07:53:35	60.13	6499	1810	1915
593	07:54:35	10.31	6499	1810	1914
594	07:54:45	60.11	6498	1809	1913
595	07:55:45	60.12	6498	1807	1911
596	07:56:46	60.13	6499	1805	1910
597	07:57:46	60.11	6499	1803	1908
598	07:58:46	60.20	6499	1801	1906
599	07:59:46	60.17	6498	1799	1905
600	08:00:46	60.15	6499	1797	1903
601	08:01:46	60.17	6498	1796	1901
602	08:02:46	60.14	6498	1794	1900
603	08:03:47	60.17	6499	1792	1898
604	08:04:47	60.14	6498	1791	1896
605	08:05:47	60.16	6498	1789	1895
606	08:06:47	60.12	6499	1788	1893
607	08:07:47	60.16	6498	1786	1892
608	08:08:47	10.27	6499	1785	1891
609	08:08:58	60.51	6498	1784	1890
610	08:09:58	60.13	6499	1783	1888
611	08:10:58	60.14	6499	1781	1887
612	08:11:58	60.15	6498	1780	1885
613	08:12:59	60.16	6499	1778	1884
614	08:13:59	60.14	6498	1776	1882
615	08:14:59	46.56	6498	1775	1881
616	08:15:45	60.45	6499	1774	1879
617	08:16:46	60.11	6498	1772	1878
618	08:17:46	60.17	6498	1771	1876
619	08:18:46	60.14	6499	1769	1875
620	08:19:46	60.16	6498	1768	1873
621	08:20:46	60.11	6499	1766	1872
622	08:21:47	60.14	6499	1765	1870
623	08:22:47	60.19	6499	1763	1868
624	08:23:47	60.44	6499	1761	1867
625	08:24:47	60.13	6499	1760	1865
626	08:25:47	60.12	6498	1758	1864
627	08:26:48	60.17	6498	1757	1862
628	08:27:48	37.16	6499	1756	1861
629	08:28:25	60.04	6499	1754	1860
630	08:29:25	60.11	6498	1753	1858
631	08:30:25	60.17	6498	1751	1857
632	08:31:25	60.13	6499	1750	1855
633	08:32:25	60.13	6498	1748	1854
634	08:33:25	60.13	6498	1747	1852
635	08:34:26	60.11	6499	1745	1851
636	08:35:26	60.13	6498	1744	1850
637	08:36:26	60.12	6498	1742	1848
638	08:37:26	60.15	6498	1740	1847
639	08:38:26	60.12	6498	1739	1845
640	08:39:26	60.10	6498	1737	1844
641	08:40:26	60.14	6498	1736	1842
642	08:41:26	60.13	6498	1734	1841
643	08:42:27	60.13	6498	1733	1839
644	08:43:27	60.11	6499	1731	1838
645	08:44:27	60.17	6498	1730	1837
646	08:45:27	21.08	6499	1729	1836
647	08:45:48	60.55	6498	1728	1835
648	08:46:49	60.13	6498	1726	1833
649	08:47:49	60.16	6498	1725	1832
650	08:48:49	58.09	6498	1723	1830
651	08:49:47	60.14	6498	1722	1829
652	08:50:47	60.12	6498	1721	1827
653	08:51:47	60.16	6498	1719	1826
654	08:52:47	60.16	6499	1718	1825
655	08:53:48	60.17	6499	1716	1823
656	08:54:48	60.11	6499	1715	1822
657	08:55:48	60.14	6499	1714	1820
658	08:56:48	60.12	6499	1712	1819
659	08:57:48	60.18	6498	1711	1818
660	08:58:48	60.11	6498	1709	1816
661	08:59:48	60.14	6499	1708	1815
662	09:00:49	60.14	6498	1707	1813
663	09:01:49	60.11	6499	1705	1812
664	09:02:49	60.12	6498	1704	1811
665	09:03:49	60.16	6499	1703	1809
666	09:04:49	60.16	6498	1701	1808
667	09:05:49	60.16	6498	1700	1807
668	09:06:49	60.11	6499	1699	1805
669	09:07:49	60.12	6498	1697	1804
670	09:08:50	60.14	6499	1696	1802
671	09:09:50	60.17	6499	1694	1801
672	09:10:50	60.14	6499	1693	1800
673	09:11:50	60.16	6498	1691	1798
674	09:12:50	60.11	6499	1689	1797
675	09:13:50	60.11	6499	1687	1795
676	09:14:50	60.17	6499	1685	1794
677	09:15:51	60.15	6498	1683	1792
678	09:16:51	60.14	6499	1681	1791
679	09:17:51	60.15	6498	1679	1789
680	09:18:51	60.13	6498	1677	1788
681	09:19:51	60.15	6499	1675	1786
682	09:20:51	60.14	6498	1673	1785
683	09:21:51	60.15	6498	1671	1783
684	09:22:52	60.13	6498	1669	1782
685	09:23:52	60.16	6498	1667	1780
686	09:24:52	60.16	6498	1666	1779
687	09:25:52	60.12	6498	1664	1777
688	09:26:52	60.12	6498	1662	1776
689	09:27:52	60.15	6498	1660	1774
690	09:28:52	60.14	6498	1659	1773
691	09:29:53	60.10	6498	1657	1771
692	09:30:53	60.13	6498	1655	1770
693	09:31:53	60.17	6498	1653	1769
694	09:32:53	60.18	6499	1652	1767
695	09:33:53	60.13	6499	1650	1766
696	09:34:53	60.15	6498	1649	1764
697	09:35:53	60.15	6498	1647	1763
698	09:36:54	60.12	6498	1646	1761
699	09:37:54	60.15	6498	1644	1760
700	09:38:54	60.18	6499	1642	1759
701	09:39:54	60.15	6499	1641	1757
702	09:40:54	60.15	6499	1639	1756
703	09:41:54	60.14	6498	1638	1754
704	09:42:55	60.10	6498	1636	1753
705	09:43:55	60.14	6498	1634	1752
706	09:44:55	24.68	6498	1633	1751
707	09:45:19	60.47	6498	1632	1750
708	09:46:20	60.14	6498	1630	1748
709	09:47:20	60.11	6498	1629	1747
710	09:48:20	60.15	6498	1627	1745
711	09:49:20	60.13	6498	1625	1744
712	09:50:20	60.18	6498	1624	1742
713	09:51:21	60.34	6498	1622	1741
714	09:52:21	60.11	6498	1621	1740
715	09:53:21	60.14	6498	1619	1738
716	09:54:21	60.12	6498	1617	1737
717	09:55:21	60.18	6498	1616	1735
718	09:56:22	60.14	6498	1614	1734
719	09:57:22	60.15	6499	1612	1733
720	09:58:22	60.11	6499	1611	1731
721	09:59:22	60.15	6498	1609	1730
722	10:00:22	60.15	6499	1607	1728
723	10:01:22	60.17	6499	1606	1727
724	10:02:22	60.16	6498	1604	1726
725	10:03:23	60.16	6499	1602	1724
726	10:04:23	60.12	6499	1600	1723
727	10:05:23	60.12	6498	1599	1721
728	10:06:23	60.13	6499	1597	1720
729	10:07:23	60.11	6498	1596	1719
730	10:08:23	60.14	6498	1594	1717
731	10:09:23	60.14	6499	1593	1716
732	10:10:23	60.14	6499	1592	1715
733	10:11:24	60.16	6498	1590	1713
734	10:12:24	60.12	6498	1589	1712
735	10:13:24	60.20	6498	1588	1710
736	10:14:24	60.12	6498	1586	1709
737	10:15:24	60.15	6499	1585	1708
738	10:16:24	60.17	6499	1584	1706
739	10:17:25	60.14	6498	1582	1705
740	10:18:25	17.60	6498	1582	1704
741	10:18:42	60.38	6499	1581	1703
742	10:19:43	60.11	6498	1580	1702
743	10:20:43	60.39	6498	1578	1701
744	10:21:43	60.14	6499	1577	1699
745	10:22:43	60.15	6498	1576	1698
746	10:23:43	60.12	6498	1575	1697
747	10:24:44	60.18	6499	1573	1695
748	10:25:44	60.19	6499	1572	1694
749	10:26:44	60.14	6498	1571	1693
750	10:27:44	60.16	6498	1570	1691
751	10:28:44	60.12	6498	1568	1690
752	10:29:44	60.16	6498	1567	1689
753	10:30:45	60.14	6499	1566	1687
754	10:31:45	60.14	6499	1565	1686
755	10:32:45	60.17	6498	1563	1685
756	10:33:45	60.19	6498	1562	1683
757	10:34:45	60.20	6499	1561	1682
758	10:35:45	60.13	6498	1560	1681
759	10:36:45	60.12	6498	1558	1679
760	10:37:46	60.38	6499	1557	1678
761	10:38:46	60.15	6498	1556	1677
762	10:39:46	60.15	6498	1554	1676
763	10:40:46	60.15	6498	1553	1674
764	10:41:46	60.14	6498	1552	1673
765	10:42:47	60.16	6499	1551	1672
766	10:43:47	60.11	6499	1549	1670
767	10:44:47	60.17	6499	1548	1669
768	10:45:47	60.13	6498	1547	1668
769	10:46:47	60.20	6498	1546	1667
770	10:47:47	60.14	6499	1544	1665
771	10:48:47	60.15	6498	1543	1664
772	10:49:48	60.13	6498	1542	1663
773	10:50:48	60.15	6498	1540	1661
774	10:51:48	60.13	6498	1539	1660
775	10:52:48	60.14	6499	1538	1659
776	10:53:48	14.56	6498	1537	1658
777	10:54:03	60.37	6498	1536	1657
778	10:55:03	60.16	6498	1535	1656
779	10:56:03	60.13	6498	1534	1655
780	10:57:03	60.18	6498	1533	1654
781	10:58:04	60.11	6499	1531	1652
782	10:59:04	60.17	6498	1530	1651
783	11:00:04	60.11	6498	1529	1650
784	11:01:04	60.14	6498	1528	1649
785	11:02:04	60.11	6498	1526	1647
786	11:03:04	60.11	6498	1525	1646
787	11:04:04	60.14	6498	1524	1645
788	11:05:04	60.13	6498	1522	1644
789	11:06:05	60.13	6499	1521	1642
790	11:07:05	60.12	6499	1520	1641
791	11:08:05	60.18	6498	1519	1640
792	11:09:05	60.11	6498	1517	1639
793	11:10:05	60.13	6498	1516	1637
794	11:11:05	60.11	6498	1515	1636
795	11:12:05	60.13	6499	1514	1635
796	11:13:06	60.13	6498	1512	1634
797	11:14:06	60.11	6498	1511	1633
798	11:15:06	60.12	6498	1510	1631
799	11:16:06	60.11	6498	1509	1630
800	11:17:06	60.12	6498	1507	1629
801	11:18:06	60.13	6498	1506	1628
802	11:19:06	60.13	6499	1505	1627
803	11:20:06	60.13	6498	1504	1625
804	11:21:06	60.15	6498	1503	1624
805	11:22:07	60.15	6498	1501	1623
806	11:23:07	60.15	6498	1500	1622
807	11:24:07	60.12	6498	1499	1621
808	11:25:07	60.12	6499	1498	1619
809	11:26:07	60.17	6499	1497	1618
810	11:27:07	60.10	6499	1496	1617
811	11:28:07	60.13	6498	1494	1616
812	11:29:08	60.15	6499	1493	1615
813	11:30:08	60.12	6498	1492	1613
814	11:31:08	60.15	6498	1491	1612
815	11:32:08	45.08	6499	1490	1611
816	11:32:53	60.44	6499	1489	1610
817	11:33:54	60.15	6498	1488	1609
818	11:34:54	60.13	6499	1487	1608
819	11:35:54	60.13	6499	1486	1607
820	11:36:54	60.16	6499	1484	1605
821	11:37:54	60.12	6499	1483	1604
822	11:38:54	60.11	6499	1482	1603
823	11:39:54	60.35	6498	1481	1602
824	11:40:55	60.11	6498	1480	1601
825	11:41:55	60.37	6498	1479	1599
826	11:42:55	60.16	6498	1478	1598
827	11:43:55	60.18	6499	1476	1597
828	11:44:55	60.12	6498	1475	1596
829	11:45:56	60.16	6499	1474	1595
830	11:46:56	60.11	6499	1473	1594
831	11:47:56	60.13	6499	1472	1593
832	11:48:56	60.13	6499	1471	1592
833	11:49:56	60.16	6498	1470	1590
834	11:50:56	60.15	6498	1468	1589
835	11:51:56	60.11	6498	1467	1588
836	11:52:57	60.12	6499	1466	1587
837	11:53:57	60.12	6498	1465	1586
838	11:54:57	60.11	6499	1464	1585
839	11:55:57	60.14	6499	1463	1584
840	11:56:57	60.16	6498	1462	1583
841	11:57:57	60.46	6499	1460	1581
842	11:58:58	60.12	6499	1459	1580
843	11:59:58	60.16	6499	1458	1579
844	12:00:58	60.17	6499	1457	1578
845	12:01:58	60.14	6498	1456	1577
846	12:02:58	60.14	6499	1455	1576
847	12:03:58	60.39	6499	1454	1575
848	12:04:59	60.12	6499	1452	1574
849	12:05:59	60.12	6498	1451	1572
850	12:06:59	60.15	6499	1450	1571
851	12:07:59	60.11	6499	1449	1570
852	12:08:59	60.12	6498	1448	1569
853	12:09:59	60.14	6498	1447	1568
854	12:11:00	60.14	6499	1446	1567
855	12:12:00	60.12	6499	1445	1566
856	12:13:00	60.36	6498	1444	1565
857	12:14:00	60.19	6498	1443	1564
858	12:15:00	60.12	6499	1442	1563
859	12:16:00	60.14	6498	1440	1561
860	12:17:01	60.11	6498	1439	1560
861	12:18:01	60.14	6498	1438	1559
862	12:19:01	60.16	6498	1437	1558
863	12:20:01	60.11	6498	1436	1557
864	12:21:01	60.18	6498	1435	1556
865	12:22:01	60.16	6498	1434	1555
866	12:23:01	60.45	6498	1433	1554
867	12:24:02	60.10	6498	1432	1553
868	12:25:02	60.13	6499	1431	1552
869	12:26:02	60.12	6499	1430	1551
870	12:27:02	12.20	6498	1429	1550
871	12:27:15	60.50	6498	1428	1549
872	12:28:15	60.13	6499	1427	1548
873	12:29:15	60.11	6499	1426	1547
874	12:30:15	60.16	6499	1425	1546
875	12:31:15	60.15	6498	1424	1545
876	12:32:16	60.15	6498	1423	1544
877	12:33:16	60.13	6498	1422	1543
878	12:34:16	60.12	6498	1421	1542
879	12:35:16	60.15	6498	1420	1541
880	12:36:16	60.17	6498	1419	1540
881	12:37:16	60.16	6498	1418	1539
882	12:38:16	60.11	6499	1417	1538
883	12:39:17	60.16	6498	1416	1537
884	12:40:17	60.11	6498	1415	1536
885	12:41:17	60.16	6498	1414	1535
886	12:42:17	60.16	6498	1413	1534
887	12:43:17	25.77	6498	1413	1533
888	12:43:43	60.19	6498	1412	1532
889	12:44:43	60.17	6498	1411	1531
890	12:45:43	60.14	6498	1410	1530
891	12:46:43	60.15	6499	1409	1529
892	12:47:44	17.57	6498	1408	1529
893	12:48:01	12.42	6498	1408	1529
894	12:48:14	9.02	6498	1408	1528
895	12:48:23	8.48	6498	1408	1528
896	12:48:31	9.05	6499	1408	1528
897	12:48:40	8.48	6499	1408	1528
898	12:48:49	9.02	6498	1408	1528
899	12:48:58	8.51	6498	1407	1528
900	12:49:06	9.03	6498	1407	1528
901	12:49:15	8.22	6498	1407	1528
902	12:49:23	9.03	6498	1407	1527
903	12:49:32	8.52	6498	1407	1527
904	12:49:41	9.02	6498	1407	1527
905	12:49:50	8.53	6499	1407	1527
906	12:49:58	9.02	6498	1407	1527
907	12:50:07	8.52	6499	1406	1527
908	12:50:16	9.02	6498	1406	1526
909	12:50:25	8.52	6498	1406	1526
910	12:50:34	9.01	6498	1406	1526
911	12:50:43	23.75	6499	1406	1526
912	12:51:06	9.02	6498	1406	1526
913	12:51:15	7.63	6498	1405	1526
914	12:51:23	9.02	6498	1405	1526
915	12:51:32	7.92	6499	1405	1525
916	12:51:40	9.02	6499	1405	1525
917	12:51:49	7.62	6498	1405	1525
918	12:51:57	9.02	6498	1405	1525
919	12:52:06	7.93	6498	1405	1525
920	12:52:13	9.02	6499	1405	1525
921	12:52:23	7.91	6499	1404	1525
922	12:52:30	9.02	6498	1404	1525
923	12:52:39	7.63	6499	1404	1524
924	12:52:47	9.02	6499	1404	1524
925	12:52:56	7.92	6498	1404	1524
926	12:53:04	9.02	6499	1404	1524
927	12:53:13	7.92	6498	1404	1524
928	12:53:21	9.02	6498	1404	1524
929	12:53:30	8.98	6499	1404	1524
930	12:53:39	37.17	6498	1403	1523
931	12:54:16	60.22	6498	1402	1523
932	12:55:16	10.27	6499	1402	1522
933	12:55:27	60.13	6499	1401	1522
934	12:56:27	60.11	6499	1401	1521
935	12:57:27	60.17	6498	1400	1520
936	12:58:27	60.14	6498	1399	1519
937	12:59:27	60.14	6498	1398	1518
938	13:00:27	60.15	6499	1397	1517
939	13:01:27	60.14	6499	1396	1516
940	13:02:28	60.14	6498	1394	1515
941	13:03:28	60.18	6498	1393	1514
942	13:04:28	60.15	6498	1392	1513
943	13:05:28	60.16	6499	1391	1512
944	13:06:28	60.16	6498	1390	1511
945	13:07:28	60.12	6498	1389	1510
946	13:08:29	60.11	6499	1389	1509
947	13:09:29	60.11	6499	1388	1508
948	13:10:29	60.12	6498	1386	1507
949	13:11:29	60.12	6499	1386	1506
950	13:12:29	60.14	6499	1385	1505
951	13:13:29	60.11	6499	1384	1504
952	13:14:29	60.11	6498	1383	1503
953	13:15:29	10.65	6498	1382	1502
954	13:15:40	60.57	6499	0.9727	1.902
955	13:16:41	60.11	6498	0	0
956	13:17:41	60.13	6499	0	0
957	13:18:41	9.25	6499	0	0
Created by AtlRunQuery on: 2018-12-02 09:42:20.393362
