Online luminosity [algorithm: ATLAS_PREFERRED] per LB for run 267162:
(Begin/end of run: Sat Jun 06 2015 23:20:18 − Sun Jun 07, 16:02:35)

LB	Start time
(CEST)	Duration
(sec)	Inst. luminosity
(1e30 cm−2s−1)	Int. luminosity
(nb−1)	Cumul. luminosity
(nb−1)	  <μ>  	Stable beams
1	23:20:18	60.08	2.684e-06	1.612e-07	1.612e-07	0	−
2	23:21:18	10.04	0	0	1.612e-07	0	−
3	23:21:28	60.07	2.684e-06	1.612e-07	3.224e-07	0	−
4	23:22:28	60.07	2.684e-06	1.612e-07	4.837e-07	0	−
5	23:23:28	60.29	3.578e-06	2.157e-07	6.994e-07	0	−
6	23:24:28	60.04	8.051e-06	4.834e-07	1.183e-06	0	−
7	23:25:28	60.31	1.765e-06	1.065e-07	1.289e-06	0	−
8	23:26:29	60.08	2.684e-06	1.612e-07	1.45e-06	0	−
9	23:27:29	60.08	4.473e-06	2.687e-07	1.719e-06	0	−
10	23:28:29	60.07	3.578e-06	2.15e-07	1.934e-06	0	−
11	23:29:29	60.08	3.578e-06	2.15e-07	2.149e-06	0	−
12	23:30:29	60.08	3.578e-06	2.15e-07	2.364e-06	0	−
13	23:31:29	60.12	1.789e-06	1.076e-07	2.472e-06	0	−
14	23:32:29	60.10	2.684e-06	1.613e-07	2.633e-06	0	−
15	23:33:29	60.04	2.684e-06	1.611e-07	2.794e-06	0	−
16	23:34:29	60.05	3.578e-06	2.149e-07	3.009e-06	0	−
17	23:35:29	60.07	1.789e-06	1.075e-07	3.116e-06	0	−
18	23:36:29	60.08	8.946e-07	5.375e-08	3.17e-06	0	−
19	23:37:30	60.12	2.648e-06	1.592e-07	3.329e-06	0	−
20	23:38:30	60.06	4.473e-06	2.686e-07	3.598e-06	0	−
21	23:39:30	60.07	3.578e-06	2.149e-07	3.813e-06	0	−
22	23:40:30	60.07	1.789e-06	1.075e-07	3.92e-06	0	−
23	23:41:30	60.29	5.367e-06	3.236e-07	4.244e-06	0	−
24	23:42:30	60.06	3.578e-06	2.149e-07	4.459e-06	0	−
25	23:43:30	60.12	1.789e-06	1.076e-07	4.567e-06	0	−
26	23:44:30	60.09	3.578e-06	2.15e-07	4.782e-06	0	−
27	23:45:30	60.10	2.684e-06	1.613e-07	4.943e-06	0	−
28	23:46:31	60.10	8.946e-07	5.376e-08	4.997e-06	0	−
29	23:47:31	60.08	1.789e-06	1.075e-07	5.104e-06	0	−
30	23:48:31	60.09	8.827e-07	5.304e-08	5.157e-06	0	−
31	23:49:31	60.32	5.367e-06	3.238e-07	5.481e-06	0	−
32	23:50:31	60.07	5.367e-06	3.224e-07	5.803e-06	0	−
33	23:51:31	60.09	4.473e-06	2.688e-07	6.072e-06	0	−
34	23:52:31	60.06	8.946e-07	5.373e-08	6.126e-06	0	−
35	23:53:31	60.18	2.684e-06	1.615e-07	6.287e-06	0	−
36	23:54:32	60.24	6.179e-06	3.722e-07	6.66e-06	0	−
37	23:55:32	60.11	8.946e-07	5.377e-08	6.713e-06	0	−
38	23:56:32	60.09	4.473e-06	2.688e-07	6.982e-06	0	−
39	23:57:32	60.36	4.473e-06	2.7e-07	7.252e-06	0	−
40	23:58:32	60.07	1.789e-06	1.075e-07	7.36e-06	0	−
41	23:59:32	60.10	2.684e-06	1.613e-07	7.521e-06	0	−
42	00:00:32	60.10	5.367e-06	3.226e-07	7.843e-06	0	−
43	00:01:33	60.13	1.765e-06	1.061e-07	7.95e-06	0	−
44	00:02:33	60.12	1.789e-06	1.076e-07	8.057e-06	0	−
45	00:03:33	60.07	2.684e-06	1.612e-07	8.218e-06	0	−
46	00:04:33	60.08	3.578e-06	2.15e-07	8.433e-06	0	−
47	00:05:33	60.08	2.684e-06	1.612e-07	8.595e-06	0	−
48	00:06:33	60.28	4.473e-06	2.696e-07	8.864e-06	0	−
49	00:07:33	60.06	3.578e-06	2.149e-07	9.079e-06	0	−
50	00:08:33	60.08	4.473e-06	2.687e-07	9.348e-06	0	−
51	00:09:33	60.11	3.578e-06	2.151e-07	9.563e-06	0	−
52	00:10:34	60.28	3.531e-06	2.128e-07	9.776e-06	0	−
53	00:11:34	60.08	7.157e-06	4.3e-07	1.021e-05	0	−
54	00:12:34	60.11	1.789e-06	1.075e-07	1.031e-05	0	−
55	00:13:34	60.08	0	0	1.031e-05	0	−
56	00:14:34	60.09	3.578e-06	2.15e-07	1.053e-05	0	−
57	00:15:34	60.08	8.946e-07	5.374e-08	1.058e-05	0	−
58	00:16:34	60.09	1.789e-06	1.075e-07	1.069e-05	0	−
59	00:17:34	60.10	3.578e-06	2.151e-07	1.09e-05	0	−
60	00:18:35	60.07	1.789e-06	1.075e-07	1.101e-05	0	−
61	00:19:35	60.12	1.765e-06	1.061e-07	1.112e-05	0	−
62	00:20:35	60.13	0	0	1.112e-05	0	−
63	00:21:35	60.06	6.262e-06	3.761e-07	1.149e-05	0	−
64	00:22:35	60.10	1.789e-06	1.075e-07	1.16e-05	0	−
65	00:23:35	60.06	8.051e-06	4.836e-07	1.209e-05	0	−
66	00:24:35	60.11	3.578e-06	2.151e-07	1.23e-05	0	−
67	00:25:35	60.11	3.578e-06	2.151e-07	1.252e-05	0	−
68	00:26:35	60.03	2.684e-06	1.611e-07	1.268e-05	0	−
69	00:27:35	60.05	2.684e-06	1.612e-07	1.284e-05	0	−
70	00:28:35	60.10	2.684e-06	1.613e-07	1.3e-05	0	−
71	00:29:35	60.07	3.578e-06	2.15e-07	1.321e-05	0	−
72	00:30:36	60.08	2.684e-06	1.612e-07	1.338e-05	0	−
73	00:31:36	60.09	1.789e-06	1.075e-07	1.348e-05	0	−
74	00:32:36	60.08	2.684e-06	1.612e-07	1.364e-05	0	−
75	00:33:36	60.07	2.648e-06	1.591e-07	1.38e-05	0	−
76	00:34:36	60.06	3.578e-06	2.149e-07	1.402e-05	0	−
77	00:35:36	60.07	8.946e-07	5.373e-08	1.407e-05	0	−
78	00:36:36	60.29	5.367e-06	3.236e-07	1.44e-05	0	−
79	00:37:36	60.05	8.946e-07	5.372e-08	1.445e-05	0	−
80	00:38:36	60.05	4.473e-06	2.686e-07	1.472e-05	0	−
81	00:39:36	60.08	5.367e-06	3.225e-07	1.504e-05	0	−
82	00:40:36	60.06	4.473e-06	2.687e-07	1.531e-05	0	−
83	00:41:36	60.08	3.578e-06	2.15e-07	1.552e-05	0	−
84	00:42:37	60.10	8.946e-07	5.376e-08	1.558e-05	0	−
85	00:43:37	60.28	6.179e-06	3.724e-07	1.595e-05	0	−
86	00:44:37	60.08	5.367e-06	3.225e-07	1.627e-05	0	−
87	00:45:37	60.10	4.473e-06	2.688e-07	1.654e-05	0	−
88	00:46:37	60.07	6.262e-06	3.762e-07	1.692e-05	0	−
89	00:47:37	60.09	3.578e-06	2.15e-07	1.713e-05	0	−
90	00:48:37	60.07	6.262e-06	3.762e-07	1.751e-05	0	−
91	00:49:37	60.06	1.789e-06	1.075e-07	1.762e-05	0	−
92	00:50:37	60.30	2.684e-06	1.618e-07	1.778e-05	0	−
93	00:51:38	60.11	3.578e-06	2.151e-07	1.799e-05	0	−
94	00:52:38	60.30	7.944e-06	4.79e-07	1.847e-05	0	−
95	00:53:38	60.31	5.367e-06	3.237e-07	1.88e-05	0	−
96	00:54:38	60.05	0	0	1.88e-05	0	−
97	00:55:38	60.29	8.827e-07	5.321e-08	1.885e-05	0	−
98	00:56:39	60.30	6.262e-06	3.776e-07	1.923e-05	0	−
99	00:57:39	60.07	2.684e-06	1.612e-07	1.939e-05	0	−
100	00:58:39	60.09	2.684e-06	1.613e-07	1.955e-05	0	−
101	00:59:39	60.07	4.473e-06	2.687e-07	1.982e-05	0	−
102	01:00:39	60.07	6.262e-06	3.762e-07	2.019e-05	0	−
103	01:01:39	60.09	1.789e-06	1.075e-07	2.03e-05	0	−
104	01:02:39	60.06	4.473e-06	2.687e-07	2.057e-05	0	−
105	01:03:40	60.06	1.789e-06	1.075e-07	2.068e-05	0	−
106	01:04:40	60.09	2.684e-06	1.613e-07	2.084e-05	0	−
107	01:05:40	60.13	4.413e-06	2.654e-07	2.11e-05	0	−
108	01:06:40	60.31	2.684e-06	1.618e-07	2.127e-05	0	−
109	01:07:40	60.31	3.578e-06	2.158e-07	2.148e-05	0	−
110	01:08:40	60.06	1.789e-06	1.075e-07	2.159e-05	0	−
111	01:09:41	60.07	7.157e-06	4.299e-07	2.202e-05	0	−
112	01:10:41	60.10	4.473e-06	2.688e-07	2.229e-05	0	−
113	01:11:41	60.31	3.531e-06	2.129e-07	2.25e-05	0	−
114	01:12:41	60.06	3.578e-06	2.149e-07	2.272e-05	0	−
115	01:13:41	60.07	2.684e-06	1.612e-07	2.288e-05	0	−
116	01:14:41	60.29	8.946e-07	5.394e-08	2.293e-05	0	−
117	01:15:41	60.06	0	0	2.293e-05	0	−
118	01:16:41	60.08	2.684e-06	1.612e-07	2.309e-05	0	−
119	01:17:42	60.08	4.473e-06	2.687e-07	2.336e-05	0	−
120	01:18:42	60.12	8.827e-07	5.307e-08	2.341e-05	0	−
121	01:19:42	60.07	5.367e-06	3.224e-07	2.374e-05	0	−
122	01:20:42	60.29	2.684e-06	1.618e-07	2.39e-05	0	−
123	01:21:42	60.32	6.262e-06	3.777e-07	2.428e-05	0	−
124	01:22:42	60.07	1.789e-06	1.075e-07	2.438e-05	0	−
125	01:23:43	60.06	4.473e-06	2.687e-07	2.465e-05	0	−
126	01:24:43	60.13	8.827e-07	5.308e-08	2.471e-05	0	−
127	01:25:43	60.07	1.789e-06	1.075e-07	2.481e-05	0	−
128	01:26:43	60.08	3.578e-06	2.15e-07	2.503e-05	0	−
129	01:27:43	60.10	2.684e-06	1.613e-07	2.519e-05	0	−
130	01:28:43	60.09	8.946e-07	5.375e-08	2.524e-05	0	−
131	01:29:43	60.07	5.367e-06	3.224e-07	2.557e-05	0	−
132	01:30:43	60.06	6.262e-06	3.761e-07	2.594e-05	0	−
133	01:31:43	60.04	2.684e-06	1.611e-07	2.61e-05	0	−
134	01:32:43	60.08	2.684e-06	1.612e-07	2.626e-05	0	−
135	01:33:43	60.12	4.473e-06	2.689e-07	2.653e-05	0	−
136	01:34:43	60.08	1.789e-06	1.075e-07	2.664e-05	0	−
137	01:35:43	60.29	1.765e-06	1.064e-07	2.675e-05	0	−
138	01:36:44	60.12	2.684e-06	1.614e-07	2.691e-05	0	−
139	01:37:44	60.08	5.367e-06	3.225e-07	2.723e-05	0	−
140	01:38:44	60.07	8.946e-07	5.374e-08	2.728e-05	0	−
141	01:39:44	60.07	1.789e-06	1.075e-07	2.739e-05	0	−
142	01:40:44	60.33	1.789e-06	1.079e-07	2.75e-05	0	−
143	01:41:44	60.05	4.473e-06	2.686e-07	2.777e-05	0	−
144	01:42:44	60.14	3.578e-06	2.152e-07	2.798e-05	0	−
145	01:43:45	60.09	4.413e-06	2.652e-07	2.825e-05	0	−
146	01:44:45	60.09	4.473e-06	2.688e-07	2.852e-05	0	−
147	01:45:45	60.07	2.684e-06	1.612e-07	2.868e-05	0	−
148	01:46:45	60.11	8.946e-07	5.377e-08	2.873e-05	0	−
149	01:47:45	60.07	2.684e-06	1.612e-07	2.889e-05	0	−
150	01:48:45	60.05	1.789e-06	1.074e-07	2.9e-05	0	−
151	01:49:45	60.08	8.051e-06	4.837e-07	2.948e-05	0	−
152	01:50:45	60.13	5.367e-06	3.228e-07	2.981e-05	0	−
153	01:51:45	60.08	2.684e-06	1.612e-07	2.997e-05	0	−
154	01:52:45	60.07	1.789e-06	1.075e-07	3.008e-05	0	−
155	01:53:45	60.05	3.578e-06	2.149e-07	3.029e-05	0	−
156	01:54:46	60.09	2.684e-06	1.613e-07	3.045e-05	0	−
157	01:55:46	60.09	3.578e-06	2.15e-07	3.067e-05	0	−
158	01:56:46	60.29	1.765e-06	1.064e-07	3.077e-05	0	−
159	01:57:46	60.07	8.946e-07	5.373e-08	3.083e-05	0	−
160	01:58:46	60.06	5.367e-06	3.224e-07	3.115e-05	0	−
161	01:59:46	60.05	0	0	3.115e-05	0	−
162	02:00:46	60.08	3.578e-06	2.15e-07	3.136e-05	0	−
163	02:01:46	60.30	1.789e-06	1.079e-07	3.147e-05	0	−
164	02:02:47	60.07	8.946e-07	5.374e-08	3.153e-05	0	−
165	02:03:47	60.07	1.789e-06	1.075e-07	3.163e-05	0	−
166	02:04:47	60.11	2.684e-06	1.613e-07	3.18e-05	0	−
167	02:05:47	60.08	1.765e-06	1.061e-07	3.19e-05	0	−
168	02:06:47	60.11	3.578e-06	2.151e-07	3.212e-05	0	−
169	02:07:47	60.08	1.789e-06	1.075e-07	3.222e-05	0	−
170	02:08:47	60.08	5.367e-06	3.225e-07	3.255e-05	0	−
171	02:09:47	60.08	4.473e-06	2.687e-07	3.282e-05	0	−
172	02:10:47	60.30	1.789e-06	1.079e-07	3.292e-05	0	−
173	02:11:48	60.31	8.827e-07	5.323e-08	3.298e-05	0	−
174	02:12:48	60.11	2.684e-06	1.613e-07	3.314e-05	0	−
175	02:13:48	60.08	8.946e-07	5.374e-08	3.319e-05	0	−
176	02:14:48	60.08	2.684e-06	1.612e-07	3.335e-05	0	−
177	02:15:48	60.11	2.684e-06	1.613e-07	3.351e-05	0	−
178	02:16:48	60.30	4.473e-06	2.697e-07	3.378e-05	0	−
179	02:17:49	60.08	1.789e-06	1.075e-07	3.389e-05	0	−
180	02:18:49	60.11	2.684e-06	1.613e-07	3.405e-05	0	−
181	02:19:49	60.08	2.648e-06	1.591e-07	3.421e-05	0	−
182	02:20:49	60.10	2.684e-06	1.613e-07	3.437e-05	0	−
183	02:21:49	60.07	7.157e-06	4.299e-07	3.48e-05	0	−
184	02:22:49	60.07	2.684e-06	1.612e-07	3.496e-05	0	−
185	02:23:49	60.08	8.946e-07	5.375e-08	3.502e-05	0	−
186	02:24:49	60.06	4.473e-06	2.686e-07	3.529e-05	0	−
187	02:25:49	60.11	7.157e-06	4.302e-07	3.572e-05	0	−
188	02:26:49	60.12	4.473e-06	2.689e-07	3.599e-05	0	−
189	02:27:49	60.13	1.789e-06	1.076e-07	3.609e-05	0	−
190	02:28:50	60.11	4.473e-06	2.689e-07	3.636e-05	0	−
191	02:29:50	60.06	2.684e-06	1.612e-07	3.652e-05	0	−
192	02:30:50	60.07	2.684e-06	1.612e-07	3.668e-05	0	−
193	02:31:50	60.04	2.684e-06	1.611e-07	3.685e-05	0	−
194	02:32:50	60.29	0	0	3.685e-05	0	−
195	02:33:50	60.08	4.473e-06	2.687e-07	3.711e-05	0	−
196	02:34:50	60.03	2.684e-06	1.611e-07	3.728e-05	0	−
197	02:35:50	60.06	1.789e-06	1.075e-07	3.738e-05	0	−
198	02:36:50	60.13	4.473e-06	2.689e-07	3.765e-05	0	−
199	02:37:50	60.12	4.473e-06	2.689e-07	3.792e-05	0	−
200	02:38:51	60.11	1.789e-06	1.075e-07	3.803e-05	0	−
201	02:39:51	60.04	1.789e-06	1.074e-07	3.814e-05	0	−
202	02:40:51	60.10	4.473e-06	2.688e-07	3.84e-05	0	−
203	02:41:51	60.08	1.789e-06	1.075e-07	3.851e-05	0	−
204	02:42:51	60.03	8.946e-07	5.37e-08	3.857e-05	0	−
205	02:43:51	60.13	3.531e-06	2.123e-07	3.878e-05	0	−
206	02:44:51	60.07	1.789e-06	1.075e-07	3.889e-05	0	−
207	02:45:51	60.07	1.789e-06	1.075e-07	3.899e-05	0	−
208	02:46:51	60.10	3.578e-06	2.151e-07	3.921e-05	0	−
209	02:47:51	60.10	0	0	3.921e-05	0	−
210	02:48:51	60.10	5.367e-06	3.226e-07	3.953e-05	0	−
211	02:49:51	60.12	5.367e-06	3.227e-07	3.985e-05	0	−
212	02:50:52	60.11	2.684e-06	1.613e-07	4.001e-05	0	−
213	02:51:52	60.08	8.946e-07	5.374e-08	4.007e-05	0	−
214	02:52:52	60.07	2.684e-06	1.612e-07	4.023e-05	0	−
215	02:53:52	60.03	3.578e-06	2.148e-07	4.044e-05	0	−
216	02:54:52	60.31	4.413e-06	2.662e-07	4.071e-05	0	−
217	02:55:52	60.09	6.262e-06	3.763e-07	4.109e-05	0	−
218	02:56:52	60.13	1.789e-06	1.076e-07	4.119e-05	0	−
219	02:57:52	60.11	1.789e-06	1.076e-07	4.13e-05	0	−
220	02:58:52	60.29	8.946e-07	5.393e-08	4.136e-05	0	−
221	02:59:53	60.10	2.684e-06	1.613e-07	4.152e-05	0	−
222	03:00:53	60.05	2.684e-06	1.612e-07	4.168e-05	0	−
223	03:01:53	60.06	4.413e-06	2.651e-07	4.194e-05	0	−
224	03:02:53	60.31	2.684e-06	1.618e-07	4.211e-05	0	−
225	03:03:53	60.09	2.684e-06	1.613e-07	4.227e-05	0	−
226	03:04:53	60.10	5.367e-06	3.226e-07	4.259e-05	0	−
227	03:05:53	60.07	1.789e-06	1.075e-07	4.27e-05	0	−
228	03:06:54	60.06	4.473e-06	2.686e-07	4.297e-05	0	−
229	03:07:54	60.08	3.578e-06	2.15e-07	4.318e-05	0	−
230	03:08:54	60.09	3.578e-06	2.15e-07	4.34e-05	0	−
231	03:09:54	60.11	8.946e-06	5.377e-07	4.393e-05	0	−
232	03:10:54	60.11	3.531e-06	2.122e-07	4.414e-05	0	−
233	03:11:54	60.07	3.578e-06	2.149e-07	4.436e-05	0	−
234	03:12:54	60.09	4.473e-06	2.688e-07	4.463e-05	0	−
235	03:13:54	60.29	2.684e-06	1.618e-07	4.479e-05	0	−
236	03:14:54	60.06	4.473e-06	2.687e-07	4.506e-05	0	−
237	03:15:55	60.32	3.578e-06	2.159e-07	4.527e-05	0	−
238	03:16:55	60.12	0	0	4.527e-05	0	−
239	03:17:55	60.06	2.684e-06	1.612e-07	4.544e-05	0	−
240	03:18:55	60.05	2.684e-06	1.612e-07	4.56e-05	0	−
241	03:19:55	60.08	1.789e-06	1.075e-07	4.57e-05	0	−
242	03:20:55	60.30	2.684e-06	1.618e-07	4.587e-05	0	−
243	03:21:55	60.04	2.684e-06	1.611e-07	4.603e-05	0	−
244	03:22:55	60.10	1.789e-06	1.075e-07	4.614e-05	0	−
245	03:23:56	60.09	2.684e-06	1.613e-07	4.63e-05	0	−
246	03:24:56	60.13	1.789e-06	1.076e-07	4.64e-05	0	−
247	03:25:56	60.12	5.367e-06	3.227e-07	4.673e-05	0	−
248	03:26:56	60.31	1.765e-06	1.065e-07	4.683e-05	0	−
249	03:27:56	60.07	8.946e-07	5.373e-08	4.689e-05	0	−
250	03:28:56	60.28	2.684e-06	1.618e-07	4.705e-05	0	−
251	03:29:57	60.07	5.367e-06	3.224e-07	4.737e-05	0	−
252	03:30:57	60.06	3.578e-06	2.149e-07	4.759e-05	0	−
253	03:31:57	60.09	2.684e-06	1.613e-07	4.775e-05	0	−
254	03:32:57	60.31	2.648e-06	1.597e-07	4.791e-05	0	−
255	03:33:57	60.08	4.473e-06	2.687e-07	4.818e-05	0	−
256	03:34:57	60.05	3.578e-06	2.149e-07	4.839e-05	0	−
257	03:35:57	60.11	2.684e-06	1.613e-07	4.855e-05	0	−
258	03:36:57	60.08	1.789e-06	1.075e-07	4.866e-05	0	−
259	03:37:57	60.07	2.684e-06	1.612e-07	4.882e-05	0	−
260	03:38:57	60.29	8.946e-07	5.394e-08	4.887e-05	0	−
261	03:39:58	60.07	1.789e-06	1.075e-07	4.898e-05	0	−
262	03:40:58	60.28	0	0	4.898e-05	0	−
263	03:41:58	60.13	2.684e-06	1.614e-07	4.914e-05	0	−
264	03:42:58	60.04	3.578e-06	2.148e-07	4.936e-05	0	−
265	03:43:58	60.08	3.578e-06	2.15e-07	4.957e-05	0	−
266	03:44:58	60.18	4.473e-06	2.692e-07	4.984e-05	0	−
267	03:45:59	60.29	3.531e-06	2.129e-07	5.006e-05	0	−
268	03:46:59	60.06	2.684e-06	1.612e-07	5.022e-05	0	−
269	03:47:59	60.12	3.578e-06	2.151e-07	5.043e-05	0	−
270	03:48:59	60.13	4.473e-06	2.69e-07	5.07e-05	0	−
271	03:49:59	60.29	3.578e-06	2.157e-07	5.092e-05	0	−
272	03:50:59	60.07	6.262e-06	3.761e-07	5.129e-05	0	−
273	03:52:00	60.08	8.946e-07	5.374e-08	5.135e-05	0	−
274	03:53:00	60.29	4.413e-06	2.661e-07	5.161e-05	0	−
275	03:54:00	60.04	2.684e-06	1.611e-07	5.177e-05	0	−
276	03:55:00	60.10	3.578e-06	2.151e-07	5.199e-05	0	−
277	03:56:00	60.06	8.946e-07	5.373e-08	5.204e-05	0	−
278	03:57:00	60.06	1.789e-06	1.075e-07	5.215e-05	0	−
279	03:58:00	60.05	3.578e-06	2.149e-07	5.236e-05	0	−
280	03:59:00	60.32	1.789e-06	1.079e-07	5.247e-05	0	−
281	04:00:01	60.07	1.789e-06	1.075e-07	5.258e-05	0	−
282	04:01:01	60.32	8.827e-07	5.324e-08	5.263e-05	0	−
283	04:02:01	60.07	1.789e-06	1.075e-07	5.274e-05	0	−
284	04:03:01	60.08	8.946e-07	5.374e-08	5.279e-05	0	−
285	04:04:01	60.11	4.473e-06	2.688e-07	5.306e-05	0	−
286	04:05:01	60.03	1.789e-06	1.074e-07	5.317e-05	0	−
287	04:06:01	60.28	3.578e-06	2.157e-07	5.339e-05	0	−
288	04:07:01	60.06	1.789e-06	1.075e-07	5.349e-05	0	−
289	04:08:02	60.12	0	0	5.349e-05	0	−
290	04:09:02	60.29	1.765e-06	1.064e-07	5.36e-05	0	−
291	04:10:02	60.09	3.578e-06	2.15e-07	5.382e-05	0	−
292	04:11:02	60.07	3.578e-06	2.15e-07	5.403e-05	0	−
293	04:12:02	60.30	1.789e-06	1.079e-07	5.414e-05	0	−
294	04:13:02	60.29	4.413e-06	2.661e-07	5.44e-05	0	−
295	04:14:03	60.28	1.789e-06	1.078e-07	5.451e-05	0	−
296	04:15:03	60.06	8.946e-07	5.373e-08	5.457e-05	0	−
297	04:16:03	16.71	6.62e-06	1.106e-07	5.468e-05	0	−
298	04:16:20	60.17	2.684e-06	1.615e-07	5.484e-05	0	−
299	04:17:20	60.09	3.578e-06	2.15e-07	5.505e-05	0	−
300	04:18:20	60.33	3.578e-06	2.159e-07	5.527e-05	0	−
301	04:19:20	60.08	3.578e-06	2.15e-07	5.548e-05	0	−
302	04:20:20	60.06	3.531e-06	2.121e-07	5.57e-05	0	−
303	04:21:21	60.08	2.684e-06	1.612e-07	5.586e-05	0	−
304	04:22:21	60.06	1.789e-06	1.075e-07	5.596e-05	0	−
305	04:23:21	60.03	4.473e-06	2.685e-07	5.623e-05	0	−
306	04:24:21	60.07	6.262e-06	3.762e-07	5.661e-05	0	−
307	04:25:21	60.07	3.578e-06	2.15e-07	5.682e-05	0	−
308	04:26:21	60.12	3.578e-06	2.151e-07	5.704e-05	0	−
309	04:27:21	60.09	1.789e-06	1.075e-07	5.715e-05	0	−
310	04:28:21	60.05	2.684e-06	1.612e-07	5.731e-05	0	−
311	04:29:21	60.12	2.684e-06	1.613e-07	5.747e-05	0	−
312	04:30:21	60.08	0	0	5.747e-05	0	−
313	04:31:21	60.05	2.684e-06	1.612e-07	5.763e-05	0	−
314	04:32:21	60.07	3.578e-06	2.15e-07	5.785e-05	0	−
315	04:33:21	60.04	6.262e-06	3.76e-07	5.822e-05	0	−
316	04:34:21	60.08	8.946e-07	5.374e-08	5.828e-05	0	−
317	04:35:22	60.31	5.296e-06	3.194e-07	5.859e-05	0	−
318	04:36:22	60.07	4.473e-06	2.687e-07	5.886e-05	0	−
319	04:37:22	60.08	3.578e-06	2.15e-07	5.908e-05	0	−
320	04:38:22	60.10	5.367e-06	3.226e-07	5.94e-05	0	−
321	04:39:22	60.09	1.252e-05	7.526e-07	6.015e-05	8.91e-05	−
322	04:40:22	60.09	5.367e-06	3.225e-07	6.048e-05	3.82e-05	−
323	04:41:22	60.07	6.262e-06	3.761e-07	6.085e-05	4.45e-05	−
324	04:42:22	60.12	6.262e-06	3.764e-07	6.123e-05	4.45e-05	−
325	04:43:22	60.08	8.946e-06	5.375e-07	6.177e-05	6.36e-05	−
326	04:44:23	60.09	6.262e-06	3.763e-07	6.214e-05	2.23e-05	−
327	04:45:23	60.12	1.324e-05	7.96e-07	6.294e-05	4.71e-05	−
328	04:46:23	60.08	1.521e-05	9.138e-07	6.385e-05	5.41e-05	−
329	04:47:23	60.09	1.073e-05	6.451e-07	6.45e-05	3.82e-05	−
330	04:48:23	60.29	1.163e-05	7.012e-07	6.52e-05	4.14e-05	−
331	04:49:23	60.05	1.7e-05	1.021e-06	6.622e-05	6.05e-05	−
332	04:50:23	60.08	1.61e-05	9.674e-07	6.719e-05	3.82e-05	−
333	04:51:23	60.05	1.252e-05	7.521e-07	6.794e-05	2.97e-05	−
334	04:52:23	60.12	2.058e-05	1.237e-06	6.918e-05	4.88e-05	−
335	04:53:24	60.10	1.968e-05	1.183e-06	7.036e-05	4.67e-05	−
336	04:54:24	60.05	2.147e-05	1.289e-06	7.165e-05	3.82e-05	−
337	04:55:24	60.07	5.367e-06	3.224e-07	7.197e-05	9.55e-06	−
338	04:56:24	60.11	1.589e-05	9.551e-07	7.293e-05	2.83e-05	−
339	04:57:24	60.28	1.073e-05	6.471e-07	7.357e-05	1.91e-05	−
340	04:58:24	60.08	1.879e-05	1.129e-06	7.47e-05	3.34e-05	−
341	04:59:24	60.06	1.431e-05	8.596e-07	7.556e-05	2.55e-05	−
342	05:00:24	60.09	8.946e-06	5.376e-07	7.61e-05	1.59e-05	−
343	05:01:24	60.07	1.789e-05	1.075e-06	7.717e-05	3.18e-05	−
344	05:02:24	60.12	1.789e-05	1.076e-06	7.825e-05	3.18e-05	−
345	05:03:25	60.14	1.879e-05	1.13e-06	7.938e-05	2.67e-05	−
346	05:04:25	60.08	2.118e-05	1.273e-06	8.065e-05	3.01e-05	−
347	05:05:25	60.04	2.058e-05	1.235e-06	8.189e-05	2.93e-05	−
348	05:06:25	60.06	2.415e-05	1.451e-06	8.334e-05	2.86e-05	−
349	05:07:25	60.11	1.7e-05	1.022e-06	8.436e-05	2.02e-05	−
350	05:08:25	60.07	2.326e-05	1.397e-06	8.576e-05	2.76e-05	−
351	05:09:25	60.15	2.326e-05	1.399e-06	8.715e-05	2.36e-05	−
352	05:10:25	60.13	1.968e-05	1.183e-06	8.834e-05	2e-05	−
353	05:11:25	60.28	2.684e-05	1.618e-06	8.996e-05	2.73e-05	−
354	05:12:26	60.07	2.505e-05	1.505e-06	9.146e-05	2.55e-05	−
355	05:13:26	60.04	2.863e-05	1.719e-06	9.318e-05	2.91e-05	−
356	05:14:26	60.13	2.383e-05	1.433e-06	9.461e-05	2.42e-05	−
357	05:15:26	60.07	3.042e-05	1.827e-06	9.644e-05	3.09e-05	−
358	05:16:26	60.08	3.668e-05	2.204e-06	9.864e-05	3.73e-05	−
359	05:17:26	60.13	2.952e-05	1.775e-06	0.0001004	3e-05	−
360	05:18:26	60.16	2.236e-05	1.345e-06	0.0001018	2.27e-05	−
361	05:19:26	60.30	2.952e-05	1.78e-06	0.0001035	3e-05	−
362	05:20:27	60.27	2.824e-05	1.702e-06	0.0001052	2.87e-05	−
363	05:21:27	60.52	2.505e-05	1.516e-06	0.0001068	2.55e-05	−
364	05:22:27	60.34	2.56e-05	1.545e-06	0.0001083	2.6e-05	−
365	05:23:28	60.59	2.326e-05	1.409e-06	0.0001097	2.36e-05	−
366	05:24:28	60.24	2.824e-05	1.701e-06	0.0001114	2.87e-05	−
367	05:25:29	60.09	2.684e-05	1.613e-06	0.000113	2.73e-05	−
368	05:26:29	60.08	1.968e-05	1.182e-06	0.0001142	2e-05	−
369	05:27:29	60.33	2.505e-05	1.511e-06	0.0001157	2.55e-05	−
370	05:28:29	60.07	1.789e-05	1.075e-06	0.0001168	1.82e-05	−
371	05:29:29	60.08	2.415e-05	1.451e-06	0.0001182	2.45e-05	−
372	05:30:29	60.29	1.942e-05	1.171e-06	0.0001194	1.97e-05	−
373	05:31:29	60.06	2.058e-05	1.236e-06	0.0001207	2.09e-05	−
374	05:32:30	60.07	2.326e-05	1.397e-06	0.0001221	2.07e-05	−
375	05:33:30	60.15	1.968e-05	1.184e-06	0.0001232	1.75e-05	−
376	05:34:30	60.20	2.594e-05	1.562e-06	0.0001248	2.31e-05	−
377	05:35:30	60.11	3.131e-05	1.882e-06	0.0001267	2.78e-05	−
378	05:36:30	60.07	2.594e-05	1.558e-06	0.0001282	2.31e-05	−
379	05:37:30	60.10	2.326e-05	1.398e-06	0.0001296	2.07e-05	−
380	05:38:30	52.30	3.463e-05	1.811e-06	0.0001314	3.08e-05	−
381	05:39:23	60.28	3.936e-05	2.373e-06	0.0001338	3.5e-05	−
382	05:40:23	60.08	4.831e-05	2.902e-06	0.0001367	4.3e-05	−
383	05:41:23	60.09	7.783e-05	4.677e-06	0.0001414	6.92e-05	−
384	05:42:23	60.07	8.051e-05	4.837e-06	0.0001462	7.16e-05	−
385	05:43:23	60.09	0.000119	7.15e-06	0.0001534	0.000106	−
386	05:44:23	12.93	0.0001779	2.301e-06	0.0001557	0.000158	−
387	05:44:36	60.25	0.0001396	8.408e-06	0.0001641	0.000124	−
388	05:45:36	60.09	0.0001628	9.784e-06	0.0001739	0.000145	−
389	05:46:36	60.08	0.0001744	1.048e-05	0.0001844	0.000155	−
390	05:47:37	60.31	0.000187	1.128e-05	0.0001956	0.000166	−
391	05:48:37	60.13	0.0002245	1.35e-05	0.0002091	0.0002	−
392	05:49:37	60.04	0.0002389	1.434e-05	0.0002235	0.000212	−
393	05:50:37	60.10	0.0002489	1.496e-05	0.0002384	0.000221	−
394	05:51:37	60.10	0.0003444	2.07e-05	0.0002591	0.000306	−
395	05:52:37	60.06	0.0003883	2.332e-05	0.0002825	0.000345	−
396	05:53:37	60.07	0.0004384	2.633e-05	0.0003088	0.00039	−
397	05:54:37	60.29	0.0005171	3.118e-05	0.00034	0.00046	−
398	05:55:38	60.11	0.0005949	3.576e-05	0.0003757	0.000529	−
399	05:56:38	60.11	0.0007023	4.221e-05	0.0004179	0.000625	−
400	05:57:38	26.45	0.0007117	1.883e-05	0.0004368	0.000633	−
401	05:58:04	60.02	0.0007175	4.307e-05	0.0004798	0.000638	−
402	05:59:04	60.05	0.0007497	4.502e-05	0.0005249	0.000667	−
403	06:00:04	60.13	0.0007794	4.687e-05	0.0005717	0.000693	−
404	06:01:05	60.09	0.0007882	4.736e-05	0.0006191	0.000701	−
405	06:02:05	60.10	0.0007569	4.549e-05	0.0006646	0.000673	−
406	06:03:05	60.07	0.0008517	5.116e-05	0.0007157	0.000757	−
407	06:04:05	60.09	0.0008168	4.908e-05	0.0007648	0.000726	−
408	06:05:05	60.05	0.0008625	5.179e-05	0.0008166	0.000767	−
409	06:06:05	60.28	0.0009483	5.717e-05	0.0008738	0.000843	−
410	06:07:05	60.06	0.001009	6.061e-05	0.0009344	0.000897	−
411	06:08:05	60.05	0.001083	6.501e-05	0.0009994	0.000963	−
412	06:09:05	60.12	0.001109	6.665e-05	0.001066	0.000986	−
413	06:10:05	60.06	0.001111	6.673e-05	0.001133	0.000988	−
414	06:11:05	60.05	0.001158	6.953e-05	0.001202	0.00103	−
415	06:12:06	60.12	0.001163	6.99e-05	0.001272	0.00103	−
416	06:13:06	60.07	0.001168	7.018e-05	0.001342	0.00104	−
417	06:14:06	60.07	0.001007	6.046e-05	0.001403	0.000895	−
418	06:15:06	60.07	0.0009922	5.96e-05	0.001462	0.000882	−
419	06:16:06	60.08	0.0009492	5.703e-05	0.001519	0.000844	−
420	06:17:06	60.28	0.0009806	5.911e-05	0.001579	0.000872	−
421	06:18:06	60.07	0.0009698	5.826e-05	0.001637	0.000862	−
422	06:19:06	60.07	1.928	0.1158	0.1174	1.71	−
423	06:20:06	60.09	11.91	0.7154	0.8328	10.6	−
424	06:21:06	60.29	11.29	0.6809	1.514	10	−
425	06:22:07	60.08	13.18	0.7916	2.305	11.7	−
426	06:23:07	60.08	20.57	1.236	3.541	18.3	−
427	06:24:07	60.33	18.26	1.102	4.643	16.2	−
428	06:25:07	60.07	19.98	1.2	5.843	17.8	−
429	06:26:07	60.11	20.06	1.206	7.049	17.8	−
430	06:27:07	60.06	20.05	1.204	8.253	17.8	−
431	06:28:07	60.08	19.99	1.201	9.454	17.8	−
432	06:29:08	60.12	19.88	1.195	10.65	17.7	−
433	06:30:08	60.09	19.81	1.19	11.84	17.6	−
434	06:31:08	60.10	19.77	1.188	13.03	17.6	−
435	06:32:08	60.06	19.83	1.191	14.22	17.6	−
436	06:33:08	60.10	19.75	1.187	15.41	17.6	−
437	06:34:08	60.08	19.7	1.183	16.59	17.5	−
438	06:35:08	60.12	19.69	1.184	17.77	17.5	−
439	06:36:08	60.07	19.7	1.183	18.96	17.5	−
440	06:37:08	60.06	19.35	1.162	20.12	17.2	−
441	06:38:08	60.07	16.77	1.007	21.13	14.9	−
442	06:39:08	60.08	16.7	1.003	22.13	14.8	−
443	06:40:08	60.07	4.165	0.2502	22.38	3.7	−
444	06:41:09	60.28	4.413e-06	2.66e-07	22.38	3.92e-06	−
445	06:42:09	60.13	1.789e-06	1.076e-07	22.38	0	−
446	06:43:09	60.10	3.578e-06	2.151e-07	22.38	0	−
447	06:44:09	60.08	4.473e-06	2.687e-07	22.38	0	−
448	06:45:09	46.40	2.323e-06	1.078e-07	22.38	0	−
449	06:45:56	60.15	2.684e-06	1.614e-07	22.38	0	−
450	06:46:56	60.08	6.262e-06	3.762e-07	22.38	0	−
451	06:47:56	60.32	6.179e-06	3.727e-07	22.38	0	−
452	06:48:56	60.07	2.684e-06	1.612e-07	22.38	0	−
453	06:49:56	60.08	0	0	22.38	0	−
454	06:50:56	60.11	6.262e-06	3.764e-07	22.38	0	−
455	06:51:56	60.10	5.367e-06	3.226e-07	22.38	0	−
456	06:52:56	60.13	2.684e-06	1.614e-07	22.38	0	−
457	06:53:57	60.29	6.262e-06	3.775e-07	22.38	0	−
458	06:54:57	60.06	6.262e-06	3.761e-07	22.38	0	−
459	06:55:57	60.08	8.946e-07	5.374e-08	22.38	0	−
460	06:56:57	60.12	7.061e-06	4.245e-07	22.38	0	−
461	06:57:57	60.06	3.578e-06	2.149e-07	22.38	0	−
462	06:58:57	60.11	2.684e-06	1.613e-07	22.38	0	−
463	06:59:57	60.11	6.262e-06	3.764e-07	22.38	0	−
464	07:00:57	60.11	4.473e-06	2.689e-07	22.38	0	−
465	07:01:58	60.09	2.684e-06	1.613e-07	22.38	0	−
466	07:02:58	60.30	3.578e-06	2.158e-07	22.38	0	−
467	07:03:58	60.07	4.473e-06	2.687e-07	22.38	0	−
468	07:04:58	60.11	1.765e-06	1.061e-07	22.38	0	−
469	07:05:58	60.11	4.473e-06	2.689e-07	22.38	0	−
470	07:06:58	60.10	4.473e-06	2.688e-07	22.38	0	−
471	07:07:58	60.07	1.789e-06	1.075e-07	22.38	0	−
472	07:08:58	60.28	1.789e-06	1.079e-07	22.38	0	−
473	07:09:59	60.11	4.473e-06	2.688e-07	22.38	0	−
474	07:10:59	60.09	2.684e-06	1.613e-07	22.38	0	−
475	07:11:59	60.09	2.684e-06	1.613e-07	22.38	0	−
476	07:12:59	60.31	2.648e-06	1.597e-07	22.38	0	−
477	07:13:59	60.07	5.367e-06	3.224e-07	22.38	0	−
478	07:14:59	60.11	4.473e-06	2.689e-07	22.38	0	−
479	07:15:59	60.07	5.367e-06	3.224e-07	22.38	0	−
480	07:16:59	60.08	4.473e-06	2.687e-07	22.38	0	−
481	07:18:00	60.30	2.684e-06	1.618e-07	22.38	0	−
482	07:19:00	60.05	3.578e-06	2.149e-07	22.38	0	−
483	07:20:00	60.08	2.684e-06	1.612e-07	22.38	0	−
484	07:21:00	60.09	7.061e-06	4.243e-07	22.38	0	−
485	07:22:00	60.28	2.684e-06	1.618e-07	22.38	0	−
486	07:23:00	60.12	2.684e-06	1.613e-07	22.38	0	−
487	07:24:00	60.07	1.789e-06	1.075e-07	22.38	0	−
488	07:25:01	60.10	6.262e-06	3.763e-07	22.38	0	−
489	07:26:01	60.13	3.578e-06	2.152e-07	22.38	0	−
490	07:27:01	60.08	4.473e-06	2.687e-07	22.38	0	−
491	07:28:01	60.11	5.367e-06	3.226e-07	22.38	0	−
492	07:29:01	60.12	4.413e-06	2.653e-07	22.38	0	−
493	07:30:01	60.28	2.684e-06	1.618e-07	22.38	0	−
494	07:31:01	60.28	2.684e-06	1.618e-07	22.38	0	−
495	07:32:02	60.08	8.946e-07	5.375e-08	22.38	0	−
496	07:33:02	60.05	2.684e-06	1.612e-07	22.38	0	−
497	07:34:02	60.05	1.789e-06	1.074e-07	22.38	0	−
498	07:35:02	60.08	8.946e-07	5.374e-08	22.38	0	−
499	07:36:02	60.30	1.765e-06	1.065e-07	22.38	0	−
500	07:37:02	60.11	3.578e-06	2.151e-07	22.38	0	−
501	07:38:02	60.07	8.946e-07	5.373e-08	22.38	0	−
502	07:39:02	60.29	3.578e-06	2.157e-07	22.38	0	−
503	07:40:03	60.08	3.578e-06	2.15e-07	22.38	0	−
504	07:41:03	60.13	5.367e-06	3.227e-07	22.38	0	−
505	07:42:03	60.06	3.531e-06	2.12e-07	22.38	0	−
506	07:43:03	60.08	1.789e-06	1.075e-07	22.38	0	−
507	07:44:03	60.09	4.473e-06	2.688e-07	22.38	0	−
508	07:45:03	60.28	3.578e-06	2.157e-07	22.38	0	−
509	07:46:03	60.08	3.578e-06	2.15e-07	22.38	0	−
510	07:47:03	60.10	0	0	22.38	0	−
511	07:48:04	60.06	4.473e-06	2.686e-07	22.38	0	−
512	07:49:04	60.07	3.578e-06	2.15e-07	22.38	0	−
513	07:50:04	60.07	2.684e-06	1.612e-07	22.38	0	−
514	07:51:04	60.08	3.578e-06	2.15e-07	22.38	0	−
515	07:52:04	60.07	4.473e-06	2.687e-07	22.38	0	−
516	07:53:04	60.29	1.765e-06	1.064e-07	22.38	0	−
517	07:54:04	60.11	3.578e-06	2.151e-07	22.38	0	−
518	07:55:04	60.30	2.684e-06	1.618e-07	22.38	0	−
519	07:56:05	60.08	3.578e-06	2.15e-07	22.38	0	−
520	07:57:05	60.07	1.789e-06	1.075e-07	22.38	0	−
521	07:58:05	60.12	6.262e-06	3.765e-07	22.38	0	−
522	07:59:05	60.05	1.765e-06	1.06e-07	22.38	0	−
523	08:00:05	60.07	3.578e-06	2.149e-07	22.38	0	−
524	08:01:05	60.10	1.789e-06	1.075e-07	22.38	0	−
525	08:02:05	60.28	3.578e-06	2.157e-07	22.38	0	−
526	08:03:05	60.12	3.578e-06	2.151e-07	22.38	0	−
527	08:04:06	60.29	3.578e-06	2.158e-07	22.38	0	−
528	08:05:06	60.07	5.367e-06	3.224e-07	22.38	0	−
529	08:06:06	60.09	7.061e-06	4.243e-07	22.38	0	−
530	08:07:06	60.12	4.473e-06	2.689e-07	22.38	0	−
531	08:08:06	60.29	8.946e-07	5.394e-08	22.38	0	−
532	08:09:06	60.06	1.789e-06	1.075e-07	22.38	0	−
533	08:10:06	60.11	6.262e-06	3.764e-07	22.38	0	−
534	08:11:07	60.05	4.473e-06	2.686e-07	22.38	0	−
535	08:12:07	60.34	6.179e-06	3.728e-07	22.38	0	−
536	08:13:07	60.30	3.578e-06	2.158e-07	22.38	0	−
537	08:14:07	60.06	8.946e-07	5.373e-08	22.38	0	−
538	08:15:07	60.31	4.473e-06	2.698e-07	22.38	0	−
539	08:16:08	60.12	2.684e-06	1.613e-07	22.38	0	−
540	08:17:08	60.28	1.765e-06	1.064e-07	22.38	0	−
541	08:18:08	60.03	3.578e-06	2.148e-07	22.38	0	−
542	08:19:08	60.08	5.367e-06	3.225e-07	22.38	0	−
543	08:20:08	60.09	1.789e-06	1.075e-07	22.38	1.27e-05	−
544	08:21:08	60.11	8.946e-06	5.377e-07	22.38	6.36e-05	−
545	08:22:08	60.07	5.367e-06	3.224e-07	22.38	3.82e-05	−
546	08:23:08	60.10	1.163e-05	6.989e-07	22.38	4.14e-05	−
547	08:24:09	60.08	1.252e-05	7.525e-07	22.38	4.45e-05	−
548	08:25:09	60.06	1.342e-05	8.059e-07	22.38	4.77e-05	−
549	08:26:09	60.06	1.342e-05	8.06e-07	22.38	4.77e-05	−
550	08:27:09	60.07	9.84e-06	5.911e-07	22.38	2.33e-05	−
551	08:28:09	60.08	6.179e-06	3.712e-07	22.38	1.47e-05	−
552	08:29:09	60.07	1.7e-05	1.021e-06	22.38	3.02e-05	−
553	08:30:09	60.30	1.252e-05	7.552e-07	22.38	2.23e-05	−
554	08:31:09	60.10	1.7e-05	1.021e-06	22.38	3.02e-05	−
555	08:32:09	60.08	1.163e-05	6.988e-07	22.38	2.07e-05	−
556	08:33:09	60.10	1.61e-05	9.678e-07	22.38	2.86e-05	−
557	08:34:10	60.08	1.342e-05	8.062e-07	22.38	2.39e-05	−
558	08:35:10	60.10	1.342e-05	8.065e-07	22.38	2.39e-05	−
559	08:36:10	60.06	1.431e-05	8.596e-07	22.38	2.55e-05	−
560	08:37:10	60.08	1.7e-05	1.021e-06	22.38	3.02e-05	−
561	08:38:10	60.10	7.944e-06	4.774e-07	22.38	1.41e-05	−
562	08:39:10	60.04	1.789e-05	1.074e-06	22.38	2.55e-05	−
563	08:40:10	60.12	1.7e-05	1.022e-06	22.38	2.42e-05	−
564	08:41:10	60.11	2.058e-05	1.237e-06	22.38	2.44e-05	−
565	08:42:10	60.30	2.773e-05	1.672e-06	22.38	2.82e-05	−
566	08:43:11	60.09	1.789e-05	1.075e-06	22.38	1.59e-05	−
567	08:44:11	60.12	1.968e-05	1.183e-06	22.38	1.75e-05	−
568	08:45:11	60.09	2.863e-05	1.72e-06	22.38	2.55e-05	−
569	08:46:11	60.07	2.773e-05	1.666e-06	22.38	2.47e-05	−
570	08:47:11	60.10	2.56e-05	1.538e-06	22.38	2.28e-05	−
571	08:48:11	60.04	2.326e-05	1.396e-06	22.38	2.07e-05	−
572	08:49:11	60.08	2.952e-05	1.774e-06	22.38	2.63e-05	−
573	08:50:11	60.10	1.879e-05	1.129e-06	22.38	1.67e-05	−
574	08:51:11	60.27	2.505e-05	1.51e-06	22.38	2.23e-05	−
575	08:52:11	60.12	2.415e-05	1.452e-06	22.38	2.15e-05	−
576	08:53:12	60.08	2.505e-05	1.505e-06	22.38	2.23e-05	−
577	08:54:12	60.10	2.505e-05	1.505e-06	22.38	2.23e-05	−
578	08:55:12	60.05	1.789e-05	1.074e-06	22.38	1.59e-05	−
579	08:56:12	60.12	2.295e-05	1.38e-06	22.38	2.04e-05	−
580	08:57:12	29.58	3.972e-05	1.175e-06	22.38	3.53e-05	−
581	08:57:42	60.09	3.619e-05	2.175e-06	22.38	3.22e-05	−
582	08:58:42	60.13	5.546e-05	3.335e-06	22.38	4.93e-05	−
583	08:59:42	60.32	6.709e-05	4.047e-06	22.38	5.97e-05	−
584	09:00:42	60.31	9.751e-05	5.881e-06	22.38	8.67e-05	−
585	09:01:42	60.10	0.0001368	8.223e-06	22.38	0.000122	−
586	09:02:42	10.30	0.0001324	1.364e-06	22.38	0.000118	−
587	09:02:53	60.28	0.0001262	7.609e-06	22.38	0.000112	−
588	09:03:53	60.09	0.0001324	7.955e-06	22.38	0.000118	−
589	09:04:53	60.11	0.0001682	1.011e-05	22.38	0.00015	−
590	09:05:53	60.12	0.0001566	9.412e-06	22.38	0.000139	−
591	09:06:53	60.07	0.0002004	1.204e-05	22.38	0.000178	−
592	09:07:53	60.10	0.0003337	2.005e-05	22.38	0.000297	−
593	09:08:54	60.29	0.0002878	1.735e-05	22.38	0.000256	−
594	09:09:54	60.28	0.0002845	1.715e-05	22.38	0.000253	−
595	09:10:54	60.08	0.0003462	2.08e-05	22.38	0.000308	−
596	09:11:54	60.07	0.0003722	2.236e-05	22.38	0.000331	−
597	09:12:54	60.28	0.0004142	2.497e-05	22.38	0.000368	−
598	09:13:55	60.30	0.0005287	3.188e-05	22.38	0.00047	−
599	09:14:55	60.11	0.0005395	3.243e-05	22.38	0.00048	−
600	09:15:55	14.84	0.0005452	8.093e-06	22.38	0.000485	−
601	09:16:10	60.30	0.0005896	3.556e-05	22.38	0.000524	−
602	09:17:10	60.07	0.0006629	3.982e-05	22.38	0.00059	−
603	09:18:10	60.07	0.0005887	3.536e-05	22.38	0.000523	−
604	09:19:10	60.29	0.0006799	4.099e-05	22.38	0.000605	−
605	09:20:11	60.18	0.0006245	3.758e-05	22.38	0.000555	−
606	09:21:11	60.06	0.0006799	4.084e-05	22.38	0.000605	−
607	09:22:11	60.32	0.0006938	4.185e-05	22.38	0.000617	−
608	09:23:11	60.18	0.0006271	3.774e-05	22.38	0.000558	−
609	09:24:11	60.87	0.0006841	4.164e-05	22.38	0.000608	−
610	09:25:12	60.31	0.0006826	4.117e-05	22.38	0.000607	−
611	09:26:12	60.42	0.0006991	4.224e-05	22.38	0.000622	−
612	09:27:13	60.42	0.0006298	3.805e-05	22.38	0.00056	−
613	09:28:13	60.55	0.0007176	4.345e-05	22.38	0.000638	−
614	09:29:14	60.34	0.0007819	4.718e-05	22.38	0.000695	−
615	09:30:14	60.57	0.0008501	5.149e-05	22.38	0.000756	−
616	09:31:15	60.33	0.0008768	5.29e-05	22.38	0.00078	−
617	09:32:15	60.43	0.0009525	5.755e-05	22.38	0.000847	−
618	09:33:16	60.39	0.0008956	5.409e-05	22.38	0.000796	−
619	09:34:16	60.55	0.0009269	5.612e-05	22.38	0.000824	−
620	09:35:16	60.32	0.0009278	5.596e-05	22.38	0.000825	−
621	09:36:17	60.46	0.0008766	5.3e-05	22.38	0.000779	−
622	09:37:17	60.41	0.0009233	5.577e-05	22.38	0.000821	−
623	09:38:18	60.47	0.000843	5.098e-05	22.38	0.00075	−
624	09:39:18	60.44	0.0008365	5.056e-05	22.38	0.000744	−
625	09:40:19	60.40	0.0007415	4.478e-05	22.38	0.000659	−
626	09:41:19	60.50	0.0007636	4.619e-05	22.38	0.000679	−
627	09:42:19	60.38	0.0007783	4.7e-05	22.38	0.000692	−
628	09:43:20	60.43	7.101	0.4291	22.81	6.31	−
629	09:44:20	60.39	13.78	0.8323	23.64	12.3	−
630	09:45:21	60.12	13.28	0.7982	24.44	11.8	−
631	09:46:21	60.32	13.09	0.7896	25.23	11.6	−
632	09:47:21	60.29	13.93	0.8401	26.07	12.4	−
633	09:48:21	60.08	13.91	0.8359	26.91	12.4	−
634	09:49:21	60.10	12.06	0.7248	27.63	10.7	−
635	09:50:22	60.08	19.08	1.147	28.78	17	−
636	09:51:22	60.13	18.96	1.14	29.92	16.9	−
637	09:52:22	60.11	19.69	1.184	31.1	17.5	−
638	09:53:22	60.10	19.98	1.2	32.3	17.8	−
639	09:54:22	60.11	19.95	1.199	33.5	17.7	−
640	09:55:22	60.29	19.91	1.2	34.7	17.7	−
641	09:56:22	60.11	19.84	1.193	35.89	17.6	T
642	09:57:22	60.32	19.87	1.199	37.09	17.7	T
643	09:58:23	60.08	19.79	1.189	38.28	17.6	T
644	09:59:23	60.07	19.74	1.186	39.47	17.6	T
645	10:00:23	60.33	19.7	1.189	40.65	17.5	T
646	10:01:23	60.12	18.84	1.133	41.79	16.8	T
647	10:02:23	50.44	18.25	0.9205	42.71	16.2	T
648	10:03:14	60.38	19.65	1.187	43.9	17.5	T
649	10:04:14	60.13	19.66	1.182	45.08	17.5	T
650	10:05:14	21.90	19.6	0.4292	45.51	17.4	T
651	10:05:36	43.46	19.64	0.8535	46.36	17.5	T
652	10:06:20	60.27	19.61	1.182	47.54	17.4	T
653	10:07:20	36.14	19.63	0.7095	48.25	17.5	T
654	10:07:56	41.83	19.54	0.8173	49.07	17.4	T
655	10:08:38	60.26	19.53	1.177	50.25	17.4	T
656	10:09:38	31.55	19.54	0.6164	50.86	17.4	T
657	10:10:10	60.22	19.5	1.174	52.04	17.3	T
658	10:11:10	60.10	19.47	1.17	53.21	17.3	T
659	10:12:10	60.11	19.42	1.167	54.37	17.3	T
660	10:13:10	27.73	19.4	0.5379	54.91	17.3	T
661	10:13:38	29.37	19.33	0.5676	55.48	17.2	T
662	10:14:07	20.43	19.31	0.3945	55.87	17.2	T
663	10:14:28	60.23	19.29	1.162	57.04	17.2	T
664	10:15:28	60.05	19.27	1.157	58.19	17.1	T
665	10:16:28	60.08	19.17	1.152	59.34	17	T
666	10:17:28	26.68	19.17	0.5116	59.86	17.1	T
667	10:17:55	55.62	19.14	1.064	60.92	17	T
668	10:18:50	46.31	19.08	0.8838	61.8	17	T
669	10:19:37	60.19	19.03	1.146	62.95	16.9	T
670	10:20:37	60.07	18.96	1.139	64.09	16.9	T
671	10:21:37	47.65	18.93	0.9018	64.99	16.8	T
672	10:22:25	60.51	18.87	1.142	66.13	16.8	T
673	10:23:25	35.60	18.83	0.6703	66.8	16.7	T
674	10:24:01	60.20	18.8	1.132	67.93	16.7	T
675	10:25:01	57.36	18.68	1.071	69.01	16.6	T
676	10:25:58	60.03	18.6	1.117	70.12	16.5	T
677	10:26:58	45.79	18.55	0.8497	70.97	16.5	T
678	10:27:44	55.56	18.47	1.026	72	16.4	T
679	10:28:40	60.19	18.4	1.108	73.11	16.4	T
680	10:29:40	60.09	18.33	1.101	74.21	16.3	T
681	10:30:40	60.06	18.25	1.096	75.3	16.2	T
682	10:31:40	27.71	18.18	0.5037	75.81	16.2	T
683	10:32:08	60.27	18.12	1.092	76.9	16.1	T
684	10:33:08	60.08	18.09	1.087	77.99	16.1	T
685	10:34:08	60.08	17.96	1.079	79.06	16	T
686	10:35:08	60.10	17.87	1.074	80.14	15.9	T
687	10:36:08	60.11	17.81	1.07	81.21	15.8	T
688	10:37:08	60.08	17.76	1.067	82.28	15.8	T
689	10:38:08	60.05	17.68	1.062	83.34	15.7	T
690	10:39:08	60.03	17.7	1.063	84.4	15.7	T
691	10:40:09	60.28	17.75	1.07	85.47	15.8	T
692	10:41:09	38.87	17.82	0.6925	86.16	15.8	T
693	10:41:48	60.17	17.89	1.077	87.24	15.9	T
694	10:42:48	60.13	17.97	1.081	88.32	16	T
695	10:43:48	60.04	18.09	1.086	89.41	16.1	T
696	10:44:48	60.28	18.09	1.091	90.5	16.1	T
697	10:45:48	60.07	18.18	1.092	91.59	16.2	T
698	10:46:48	42.97	18.23	0.7833	92.37	16.2	T
699	10:47:31	60.35	18.3	1.104	93.48	16.3	T
700	10:48:32	60.06	18.37	1.103	94.58	16.3	T
701	10:49:32	60.31	18.43	1.112	95.69	16.4	T
702	10:50:32	60.05	18.44	1.107	96.8	16.4	T
703	10:51:32	60.08	18.45	1.109	97.91	16.4	T
704	10:52:32	60.07	18.46	1.109	99.02	16.4	T
705	10:53:32	60.07	18.52	1.112	100.1	16.5	T
706	10:54:32	60.04	18.48	1.109	101.2	16.4	T
707	10:55:32	60.13	18.48	1.111	102.3	16.4	T
708	10:56:32	60.06	18.43	1.107	103.5	16.4	T
709	10:57:33	60.12	18.38	1.105	104.6	16.3	T
710	10:58:33	60.06	18.35	1.102	105.7	16.3	T
711	10:59:33	60.11	18.34	1.103	106.8	16.3	T
712	11:00:33	60.08	18.31	1.1	107.9	16.3	T
713	11:01:33	60.07	18.23	1.095	109	16.2	T
714	11:02:33	60.10	18.22	1.095	110.1	16.2	T
715	11:03:33	60.12	18.19	1.094	111.1	16.2	T
716	11:04:33	60.03	18.14	1.089	112.2	16.1	T
717	11:05:33	60.06	18.12	1.088	113.3	16.1	T
718	11:06:33	60.07	18.14	1.09	114.4	16.1	T
719	11:07:33	60.09	18.12	1.089	115.5	16.1	T
720	11:08:33	60.28	18.07	1.089	116.6	16.1	T
721	11:09:34	11.97	18.1	0.2167	116.8	16.1	T
722	11:09:46	60.38	18.06	1.09	117.9	16.1	T
723	11:10:46	60.31	18.01	1.086	119	16	T
724	11:11:46	23.30	18.01	0.4196	119.4	16	T
725	11:12:10	60.12	17.99	1.082	120.5	16	T
726	11:13:10	60.11	17.99	1.081	121.6	16	T
727	11:14:10	60.08	17.97	1.08	122.6	16	T
728	11:15:10	60.07	17.93	1.077	123.7	15.9	T
729	11:16:10	60.07	17.92	1.077	124.8	15.9	T
730	11:17:10	60.07	17.94	1.078	125.9	16	T
731	11:18:10	60.30	17.95	1.082	127	16	T
732	11:19:11	60.32	17.9	1.079	128	15.9	T
733	11:20:11	60.09	17.87	1.074	129.1	15.9	T
734	11:21:11	60.07	17.85	1.073	130.2	15.9	T
735	11:22:11	60.29	17.83	1.075	131.3	15.9	T
736	11:23:11	60.03	17.8	1.069	132.3	15.8	T
737	11:24:11	60.28	17.82	1.074	133.4	15.8	T
738	11:25:12	60.28	17.84	1.075	134.5	15.9	T
739	11:26:12	60.09	17.77	1.068	135.6	15.8	T
740	11:27:12	60.08	17.75	1.067	136.6	15.8	T
741	11:28:12	47.66	17.76	0.8463	137.5	15.8	T
742	11:29:00	60.43	17.67	1.068	138.5	15.7	T
743	11:30:00	60.12	17.68	1.063	139.6	15.7	T
744	11:31:00	60.31	17.65	1.065	140.7	15.7	T
745	11:32:01	41.24	17.63	0.727	141.4	15.7	T
746	11:32:42	60.28	17.59	1.06	142.4	15.6	T
747	11:33:42	60.11	17.59	1.057	143.5	15.6	T
748	11:34:42	60.09	17.59	1.057	144.6	15.6	T
749	11:35:42	60.06	17.57	1.055	145.6	15.6	T
750	11:36:42	60.09	17.57	1.056	146.7	15.6	T
751	11:37:42	60.10	17.51	1.052	147.7	15.6	T
752	11:38:43	12.65	17.51	0.2214	147.9	15.6	T
753	11:38:55	60.24	17.53	1.056	149	15.6	T
754	11:39:55	60.11	17.49	1.052	150.1	15.6	T
755	11:40:56	60.08	17.48	1.05	151.1	15.5	T
756	11:41:56	60.06	17.49	1.051	152.2	15.6	T
757	11:42:56	60.10	17.44	1.048	153.2	15.5	T
758	11:43:56	60.07	17.43	1.047	154.2	15.5	T
759	11:44:56	60.03	17.4	1.045	155.3	15.5	T
760	11:45:56	60.07	17.41	1.046	156.3	15.5	T
761	11:46:56	60.06	17.38	1.044	157.4	15.5	T
762	11:47:56	60.05	17.39	1.044	158.4	15.5	T
763	11:48:56	60.12	17.36	1.044	159.5	15.4	T
764	11:49:56	60.08	17.38	1.044	160.5	15.5	T
765	11:50:56	60.07	17.34	1.041	161.6	15.4	T
766	11:51:56	60.12	17.33	1.042	162.6	15.4	T
767	11:52:56	60.08	17.27	1.038	163.6	15.4	T
768	11:53:57	10.09	17.29	0.1745	163.8	15.4	T
769	11:54:07	60.32	17.28	1.042	164.9	15.4	T
770	11:55:07	25.64	17.26	0.4427	165.3	15.4	T
771	11:55:33	15.43	17.27	0.2665	165.6	15.4	T
772	11:55:48	60.42	17.27	1.043	166.6	15.4	T
773	11:56:48	60.08	17.26	1.037	167.6	15.3	T
774	11:57:49	60.08	17.24	1.036	168.7	15.3	T
775	11:58:49	60.11	17.21	1.034	169.7	15.3	T
776	11:59:49	60.12	17.19	1.033	170.7	15.3	T
777	12:00:49	60.07	17.1	1.027	171.8	15.2	T
778	12:01:49	60.30	17.02	1.026	172.8	15.1	T
779	12:02:49	24.12	17.02	0.4106	173.2	15.1	T
780	12:03:13	60.33	16.97	1.024	174.2	15.1	T
781	12:04:14	60.08	16.96	1.019	175.3	15.1	T
782	12:05:14	60.09	16.97	1.02	176.3	15.1	T
783	12:06:14	60.08	16.91	1.016	177.3	15	T
784	12:07:14	60.07	16.87	1.014	178.3	15	T
785	12:08:14	60.11	16.91	1.016	179.3	15	T
786	12:09:14	60.06	16.86	1.013	180.3	15	T
787	12:10:14	60.13	16.93	1.018	181.3	15.1	T
788	12:11:14	60.04	16.92	1.016	182.4	15	T
789	12:12:14	10.05	16.88	0.1697	182.5	15	T
790	12:12:24	60.07	16.94	1.017	183.6	15.1	T
791	12:13:24	60.11	16.96	1.019	184.6	15.1	T
792	12:14:25	60.10	16.94	1.018	185.6	15.1	T
793	12:15:25	60.10	16.98	1.02	186.6	15.1	T
794	12:16:25	60.12	16.93	1.018	187.6	15.1	T
795	12:17:25	60.30	16.92	1.02	188.6	15	T
796	12:18:25	60.06	16.96	1.019	189.7	15.1	T
797	12:19:25	60.07	16.94	1.018	190.7	15.1	T
798	12:20:25	10.08	16.92	0.1706	190.9	15	T
799	12:20:35	60.37	16.87	1.018	191.9	15	T
800	12:21:36	60.07	16.9	1.015	192.9	15	T
801	12:22:36	60.05	16.9	1.015	193.9	15	T
802	12:23:36	60.12	16.86	1.014	194.9	15	T
803	12:24:36	25.85	16.86	0.4359	195.4	15	T
804	12:25:02	60.30	16.85	1.016	196.4	15	T
805	12:26:02	30.39	16.82	0.511	196.9	15	T
806	12:26:33	60.11	16.8	1.01	197.9	14.9	T
807	12:27:33	60.08	16.77	1.007	198.9	14.9	T
808	12:28:33	60.08	16.77	1.007	199.9	14.9	T
809	12:29:33	60.08	16.71	1.004	200.9	14.9	T
810	12:30:33	60.06	16.73	1.005	201.9	14.9	T
811	12:31:33	60.24	16.07	0.968	202.9	14.3	T
812	12:32:33	60.42	16.47	0.9955	203.9	14.7	T
813	12:33:34	45.06	15.94	0.7182	204.6	14.2	T
814	12:34:19	60.09	16.88	1.014	205.6	15	T
815	12:35:19	60.05	16.17	0.9708	206.6	14.4	T
816	12:36:19	60.29	16.12	0.972	207.6	14.3	T
817	12:37:19	60.09	16.69	1.003	208.6	14.8	T
818	12:38:19	60.09	16.83	1.011	209.6	15	T
819	12:39:19	60.08	16.81	1.01	210.6	14.9	T
820	12:40:19	43.08	16.78	0.7227	211.3	14.9	T
821	12:41:02	60.28	16.8	1.013	212.3	14.9	T
822	12:42:03	60.06	16.79	1.008	213.3	14.9	T
823	12:43:03	60.08	16.75	1.007	214.3	14.9	T
824	12:44:03	60.30	16.75	1.01	215.3	14.9	T
825	12:45:03	60.06	16.73	1.005	216.3	14.9	T
826	12:46:03	54.59	16.7	0.9117	217.3	14.9	T
827	12:46:58	60.30	16.68	1.006	218.3	14.8	T
828	12:47:58	60.06	16.63	0.9989	219.3	14.8	T
829	12:48:58	60.08	16.64	0.9995	220.3	14.8	T
830	12:49:58	60.05	16.61	0.9974	221.3	14.8	T
831	12:50:58	60.10	16.57	0.9957	222.2	14.7	T
832	12:51:58	60.10	16.53	0.9934	223.2	14.7	T
833	12:52:58	60.10	16.44	0.9881	224.2	14.6	T
834	12:53:59	60.07	16.3	0.9791	225.2	14.5	T
835	12:54:59	60.12	16.25	0.9769	226.2	14.4	T
836	12:55:59	60.13	16.17	0.9726	227.2	14.4	T
837	12:56:59	60.06	16.2	0.9732	228.1	14.4	T
838	12:57:59	60.31	16.24	0.9795	229.1	14.4	T
839	12:58:59	60.29	16.25	0.98	230.1	14.5	T
840	13:00:00	60.05	16.3	0.9786	231.1	14.5	T
841	13:01:00	60.08	16.32	0.9804	232.1	14.5	T
842	13:02:00	60.06	16.37	0.9834	233	14.6	T
843	13:03:00	60.28	16.38	0.9872	234	14.6	T
844	13:04:00	60.11	16.38	0.9847	235	14.6	T
845	13:05:00	60.08	16.41	0.9859	236	14.6	T
846	13:06:00	60.08	16.34	0.9815	237	14.5	T
847	13:07:00	60.33	16.34	0.9858	238	14.5	T
848	13:08:01	60.04	16.33	0.9807	238.9	14.5	T
849	13:09:01	60.10	16.34	0.9819	239.9	14.5	T
850	13:10:01	60.09	16.3	0.9796	240.9	14.5	T
851	13:11:01	60.06	16.34	0.9813	241.9	14.5	T
852	13:12:01	60.28	16.33	0.9842	242.9	14.5	T
853	13:13:01	60.09	16.33	0.9811	243.8	14.5	T
854	13:14:01	60.09	16.35	0.9823	244.8	14.5	T
855	13:15:01	60.28	16.33	0.9843	245.8	14.5	T
856	13:16:02	60.07	16.35	0.982	246.8	14.5	T
857	13:17:02	60.08	16.33	0.9811	247.8	14.5	T
858	13:18:02	60.08	16.32	0.9803	248.8	14.5	T
859	13:19:02	60.29	16.31	0.9836	249.7	14.5	T
860	13:20:02	60.10	16.3	0.9796	250.7	14.5	T
861	13:21:02	60.03	16.33	0.9805	251.7	14.5	T
862	13:22:02	60.09	16.28	0.9784	252.7	14.5	T
863	13:23:02	60.31	16.3	0.9834	253.7	14.5	T
864	13:24:03	60.07	16.31	0.9795	254.6	14.5	T
865	13:25:03	60.11	16.26	0.9773	255.6	14.5	T
866	13:26:03	60.04	16.25	0.9759	256.6	14.5	T
867	13:27:03	60.07	16.26	0.9765	257.6	14.5	T
868	13:28:03	60.06	16.25	0.9758	258.5	14.4	T
869	13:29:03	60.08	16.22	0.9745	259.5	14.4	T
870	13:30:03	60.03	16.19	0.972	260.5	14.4	T
871	13:31:03	60.33	16.22	0.9785	261.5	14.4	T
872	13:32:03	60.12	16.19	0.9735	262.4	14.4	T
873	13:33:04	60.06	16.21	0.9734	263.4	14.4	T
874	13:34:04	10.30	16.18	0.1667	263.6	14.4	T
875	13:34:14	60.29	16.17	0.975	264.6	14.4	T
876	13:35:14	60.07	16.2	0.973	265.5	14.4	T
877	13:36:14	60.08	16.15	0.9705	266.5	14.4	T
878	13:37:14	60.06	16.19	0.9723	267.5	14.4	T
879	13:38:14	60.05	16.17	0.9712	268.4	14.4	T
880	13:39:15	60.10	16.19	0.9728	269.4	14.4	T
881	13:40:15	60.28	16.17	0.9747	270.4	14.4	T
882	13:41:15	60.10	16.16	0.9713	271.4	14.4	T
883	13:42:15	60.08	16.13	0.9689	272.3	14.3	T
884	13:43:15	60.07	16.13	0.9688	273.3	14.3	T
885	13:44:15	60.12	16.16	0.9713	274.3	14.4	T
886	13:45:15	60.12	16.14	0.9704	275.2	14.4	T
887	13:46:15	60.08	16.13	0.9689	276.2	14.3	T
888	13:47:15	60.08	16.13	0.9691	277.2	14.3	T
889	13:48:16	60.06	16.1	0.967	278.2	14.3	T
890	13:49:16	60.07	16.1	0.967	279.1	14.3	T
891	13:50:16	60.29	16.1	0.9707	280.1	14.3	T
892	13:51:16	60.10	16.08	0.9665	281.1	14.3	T
893	13:52:16	60.32	16.07	0.9694	282	14.3	T
894	13:53:16	10.05	16.11	0.1619	282.2	14.3	T
895	13:53:26	60.37	16.06	0.9697	283.2	14.3	T
896	13:54:27	60.07	16.06	0.9649	284.1	14.3	T
897	13:55:27	60.07	16.05	0.9644	285.1	14.3	T
898	13:56:27	60.10	16.07	0.9661	286.1	14.3	T
899	13:57:27	46.29	16.06	0.7432	286.8	14.3	T
900	13:58:13	60.25	16.03	0.966	287.8	14.3	T
901	13:59:14	60.07	16.03	0.9632	288.7	14.3	T
902	14:00:14	60.06	16.04	0.9631	289.7	14.3	T
903	14:01:14	60.11	16	0.9615	290.6	14.2	T
904	14:02:14	60.07	15.96	0.9588	291.6	14.2	T
905	14:03:14	60.08	15.94	0.9574	292.6	14.2	T
906	14:04:14	60.09	15.96	0.9589	293.5	14.2	T
907	14:05:14	60.07	15.98	0.9597	294.5	14.2	T
908	14:06:14	60.09	15.98	0.9604	295.4	14.2	T
909	14:07:14	60.29	15.97	0.9628	296.4	14.2	T
910	14:08:15	60.10	15.95	0.9584	297.4	14.2	T
911	14:09:15	60.11	15.96	0.9591	298.3	14.2	T
912	14:10:15	60.59	15.93	0.9649	299.3	14.2	T
913	14:11:15	60.47	15.94	0.9639	300.3	14.2	T
914	14:12:16	60.29	15.92	0.9596	301.2	14.2	T
915	14:13:16	60.40	15.89	0.9598	302.2	14.1	T
916	14:14:16	60.44	15.9	0.9608	303.1	14.1	T
917	14:15:17	60.73	15.86	0.9631	304.1	14.1	T
918	14:16:18	60.19	15.86	0.9547	305.1	14.1	T
919	14:17:18	60.58	15.84	0.9599	306	14.1	T
920	14:18:18	60.35	15.86	0.9571	307	14.1	T
921	14:19:19	60.37	15.83	0.9558	307.9	14.1	T
922	14:20:19	60.46	15.83	0.9571	308.9	14.1	T
923	14:21:20	60.51	15.81	0.9567	309.8	14.1	T
924	14:22:20	60.39	15.79	0.9535	310.8	14	T
925	14:23:20	60.42	15.79	0.9538	311.7	14	T
926	14:24:21	60.40	15.74	0.9508	312.7	14	T
927	14:25:21	60.51	15.77	0.9539	313.6	14	T
928	14:26:22	60.12	15.75	0.9472	314.6	14	T
929	14:27:22	60.11	15.74	0.9459	315.5	14	T
930	14:28:22	60.07	15.74	0.9454	316.5	14	T
931	14:29:22	60.05	15.72	0.9441	317.4	14	T
932	14:30:22	60.29	15.73	0.9482	318.4	14	T
933	14:31:22	60.08	15.71	0.9442	319.3	14	T
934	14:32:23	60.11	15.7	0.9438	320.3	14	T
935	14:33:23	60.07	15.72	0.9444	321.2	14	T
936	14:34:23	60.05	15.66	0.9407	322.2	13.9	T
937	14:35:23	60.07	15.66	0.9407	323.1	13.9	T
938	14:36:23	60.12	15.68	0.9428	324	13.9	T
939	14:37:23	60.07	15.64	0.9395	325	13.9	T
940	14:38:23	60.07	15.64	0.9396	325.9	13.9	T
941	14:39:23	60.06	15.62	0.9382	326.9	13.9	T
942	14:40:23	60.29	15.62	0.9416	327.8	13.9	T
943	14:41:23	60.11	15.62	0.9389	328.7	13.9	T
944	14:42:24	60.30	15.61	0.9411	329.7	13.9	T
945	14:43:24	60.07	15.59	0.9363	330.6	13.9	T
946	14:44:24	60.09	15.61	0.9377	331.5	13.9	T
947	14:45:24	60.08	15.57	0.9355	332.5	13.8	T
948	14:46:24	60.09	15.56	0.935	333.4	13.8	T
949	14:47:24	60.29	15.55	0.9378	334.4	13.8	T
950	14:48:24	60.07	15.53	0.9328	335.3	13.8	T
951	14:49:25	60.07	15.53	0.9328	336.2	13.8	T
952	14:50:25	60.11	15.5	0.9317	337.2	13.8	T
953	14:51:25	60.30	15.5	0.9344	338.1	13.8	T
954	14:52:25	60.28	15.45	0.931	339	13.7	T
955	14:53:25	60.10	15.42	0.9268	339.9	13.7	T
956	14:54:25	60.12	15.4	0.926	340.9	13.7	T
957	14:55:26	60.09	15.57	0.9357	341.8	13.8	T
958	14:56:26	60.10	15.57	0.936	342.7	13.8	T
959	14:57:26	60.11	15.53	0.9338	343.7	13.8	T
960	14:58:26	18.48	15.52	0.2868	344	13.8	T
961	14:58:44	60.17	15.49	0.9321	344.9	13.8	T
962	14:59:44	60.07	15.49	0.9304	345.8	13.8	T
963	15:00:45	60.06	15.49	0.9302	346.8	13.8	T
964	15:01:45	60.31	15.42	0.93	347.7	13.7	T
965	15:02:45	60.28	15.41	0.9288	348.6	13.7	T
966	15:03:45	60.05	15.37	0.923	349.5	13.7	T
967	15:04:45	60.06	15.33	0.9205	350.5	13.6	T
968	15:05:45	60.07	15.31	0.9197	351.4	13.6	T
969	15:06:45	60.12	15.38	0.9245	352.3	13.7	T
970	15:07:46	60.12	15.37	0.9243	353.2	13.7	T
971	15:08:46	60.03	7.69	0.4616	353.7	6.84	T
972	15:09:46	60.33	3.16	0.1906	353.9	2.81	T
973	15:10:46	60.11	12.92	0.7764	354.7	11.5	T
974	15:11:46	60.08	4.387	0.2635	354.9	3.9	T
975	15:12:46	60.07	9.955	0.5981	355.5	8.85	T
976	15:13:46	60.08	15.44	0.9276	356.4	13.7	T
977	15:14:46	60.30	5.786	0.3489	356.8	5.15	T
978	15:15:47	60.12	5.534	0.3327	357.1	4.92	T
979	15:16:47	60.05	13.8	0.8285	358	12.3	T
980	15:17:47	60.12	3.909	0.235	358.2	3.48	T
981	15:18:47	60.07	15.39	0.9246	359.1	13.7	T
982	15:19:47	60.14	15.45	0.9288	360	13.7	T
983	15:20:47	60.26	15.43	0.9295	361	13.7	T
984	15:21:47	60.07	15.4	0.9251	361.9	13.7	T
985	15:22:47	60.11	15.39	0.9251	362.8	13.7	T
986	15:23:48	60.51	15.44	0.934	363.8	13.7	T
987	15:24:48	60.37	15.41	0.9304	364.7	13.7	T
988	15:25:48	60.48	15.45	0.9341	365.6	13.7	T
989	15:26:49	60.39	15.46	0.9335	366.6	13.7	T
990	15:27:49	60.66	15.47	0.9382	367.5	13.8	T
991	15:28:50	60.44	15.48	0.9358	368.4	13.8	T
992	15:29:50	60.35	15.55	0.9383	369.4	13.8	T
993	15:30:51	60.29	15.57	0.9389	370.3	13.8	T
994	15:31:51	60.63	15.59	0.945	371.3	13.9	T
995	15:32:52	60.29	15.56	0.9382	372.2	13.8	T
996	15:33:52	60.43	15.59	0.9418	373.1	13.9	T
997	15:34:52	60.58	15.54	0.9412	374.1	13.8	T
998	15:35:53	60.52	15.56	0.9415	375	13.8	T
999	15:36:53	60.23	15.52	0.9349	376	13.8	T
1000	15:37:54	61.10	15.49	0.9465	376.9	13.8	T
1001	15:38:55	60.19	15.44	0.9295	377.8	13.7	T
1002	15:39:55	60.28	15.42	0.9297	378.8	13.7	T
1003	15:40:55	60.16	15.39	0.9261	379.7	13.7	T
1004	15:41:55	60.47	15.36	0.9287	380.6	13.7	T
1005	15:42:56	60.57	15.34	0.9292	381.5	13.6	T
1006	15:43:56	60.36	15.31	0.924	382.5	13.6	T
1007	15:44:57	37.65	15.3	0.5761	383	13.6	T
1008	15:45:34	60.18	15.31	0.9215	384	13.6	T
1009	15:46:35	60.03	15.31	0.9192	384.9	13.6	T
1010	15:47:35	60.11	15.21	0.9143	385.8	13.5	T
1011	15:48:35	60.06	15.23	0.9149	386.7	13.5	T
1012	15:49:35	60.04	15.24	0.9151	387.6	13.6	T
1013	15:50:35	60.07	15.2	0.9131	388.5	13.5	T
1014	15:51:35	60.08	15.16	0.9107	389.4	13.5	T
1015	15:52:35	10.04	15.16	0.1523	389.6	13.5	T
1016	15:52:45	60.35	15.14	0.9139	390.5	13.5	T
1017	15:53:45	60.08	15.11	0.9075	391.4	13.4	T
1018	15:54:46	60.11	15.07	0.906	392.3	13.4	T
1019	15:55:46	60.07	15.07	0.9054	393.2	13.4	T
1020	15:56:46	60.30	15.05	0.9078	394.1	13.4	T
1021	15:57:46	60.07	2.554	0.1534	394.3	2.27	T
1022	15:58:46	60.08	1.789e-06	1.075e-07	394.3	1.59e-06	T
1023	15:59:46	60.07	1.789e-06	1.075e-07	394.3	0	T
1024	16:00:46	60.05	2.684e-06	1.612e-07	394.3	0	−
1025	16:01:46	48.70	2.21e-06	1.076e-07	394.3	0	−
Created by AtlRunQuery on: 2019-02-17 16:10:43.662290
