Online luminosity [algorithm: ATLAS_PREFERRED] per LB for run 348618:
(Begin/end of run: Sun Apr 22 2018 21:01:02 − Mon Apr 23, 07:23:55)

LB	Start time
(CEST)	Duration
(sec)	Inst. luminosity
(1e30 cm−2s−1)	Int. luminosity
(nb−1)	Cumul. luminosity
(nb−1)	  <μ>  	Stable beams
1	21:01:02	60.15	0.1492	0.008973	0.008973	0.00732	−
2	21:02:02	60.11	0.1493	0.008978	0.01795	0.00733	−
3	21:03:02	22.22	0	0	0.01795	0	−
4	21:03:25	10.16	0	0	0.01795	0	−
5	21:03:35	14.45	0.1493	0.002158	0.02011	0.00677	−
6	21:03:49	10.13	0.1496	0.001515	0.02162	0.00678	−
7	21:03:59	60.11	0.1491	0.008961	0.03059	0.00675	−
8	21:05:00	63.67	0.1494	0.009514	0.0401	0.00629	−
9	21:06:03	60.12	0.1493	0.008975	0.04907	0.00628	−
10	21:07:03	60.13	0.1495	0.00899	0.05806	0.00588	−
11	21:08:03	60.13	0.1494	0.008983	0.06705	0.00551	−
12	21:09:04	47.48	0.1493	0.007091	0.07414	0.00518	−
13	21:09:51	60.23	0.1498	0.009024	0.08316	0.00491	−
14	21:10:51	60.15	0.1492	0.008973	0.09214	0.00489	−
15	21:11:51	60.12	0.1495	0.00899	0.1011	0.00465	−
16	21:12:52	60.11	0.1495	0.008988	0.1101	0.00441	−
17	21:13:52	60.13	0.1493	0.008975	0.1191	0.00439	−
18	21:14:52	60.12	0.1495	0.008989	0.1281	0.00419	−
19	21:15:52	60.13	0.1498	0.00901	0.1371	0.0042	−
20	21:16:52	60.12	0.1494	0.008983	0.1461	0.004	−
21	21:17:52	60.18	0.1496	0.009001	0.1551	0.00383	−
22	21:18:52	60.12	0.1492	0.008972	0.164	0.00366	−
23	21:19:52	60.16	0.1497	0.009009	0.1731	0.00353	−
24	21:20:53	60.16	0.1497	0.009002	0.1821	0.00353	−
25	21:21:53	60.40	0.1496	0.009034	0.1911	0.00339	−
26	21:22:53	60.43	0.1498	0.009055	0.2001	0.00327	−
27	21:23:54	60.19	0.1496	0.009005	0.2091	0.00326	−
28	21:24:54	60.15	0.1498	0.00901	0.2182	0.00327	−
29	21:25:54	60.41	0.1492	0.009016	0.2272	0.00326	−
30	21:26:54	60.15	0.15	0.009023	0.2362	0.00327	−
31	21:27:55	60.15	0.1492	0.008972	0.2452	0.00325	−
32	21:28:55	60.14	0.1496	0.008994	0.2542	0.00326	−
33	21:29:55	60.18	0.1493	0.008986	0.2631	0.00326	−
34	21:30:55	60.15	0.1493	0.008983	0.2721	0.00326	−
35	21:31:55	60.14	0.1497	0.009001	0.2811	0.00327	−
36	21:32:55	32.49	0.1499	0.004869	0.286	0.00327	−
37	21:33:28	20.84	0.01463	0.000305	0.2863	0.000319	−
38	21:33:49	35.55	0.01518	0.0005395	0.2868	0.000331	−
39	21:34:24	60.24	0.01545	0.0009308	0.2878	0.000337	−
40	21:35:24	60.15	0.01564	0.0009408	0.2887	0.000341	−
41	21:36:25	60.41	0.01592	0.0009619	0.2897	0.000347	−
42	21:37:25	60.11	0.01612	0.0009689	0.2906	0.000352	−
43	21:38:25	60.38	0.01651	0.0009969	0.2916	0.00036	−
44	21:39:25	60.13	0.01691	0.001017	0.2927	0.000369	−
45	21:40:26	60.17	0.01731	0.001041	0.2937	0.000378	−
46	21:41:26	60.46	0.01782	0.001077	0.2948	0.000389	−
47	21:42:26	60.38	0.01827	0.001103	0.2959	0.000399	−
48	21:43:27	60.16	0.01834	0.001103	0.297	0.0004	−
49	21:44:27	60.14	0.01875	0.001127	0.2981	0.000409	−
50	21:45:27	60.20	0.01914	0.001152	0.2993	0.000418	−
51	21:46:27	60.14	0.01963	0.001181	0.3004	0.000428	−
52	21:47:27	60.15	0.0201	0.001209	0.3017	0.000439	−
53	21:48:27	60.17	0.02088	0.001256	0.3029	0.000456	−
54	21:49:28	60.12	0.02182	0.001312	0.3042	0.000476	−
55	21:50:28	12.13	0.0217	0.0002633	0.3045	0.000474	−
56	21:50:40	13.98	0.02166	0.0003028	0.3048	0.000473	−
57	21:50:54	60.54	0.02143	0.001297	0.3061	0.000468	−
58	21:51:54	60.15	0.02125	0.001278	0.3074	0.000464	−
59	21:52:54	60.13	0.02121	0.001275	0.3086	0.000463	−
60	21:53:55	60.15	0.02119	0.001275	0.3099	0.000462	−
61	21:54:55	60.14	0.02133	0.001283	0.3112	0.000466	−
62	21:55:55	60.14	0.02126	0.001278	0.3125	0.000464	−
63	21:56:55	60.12	0.02131	0.001281	0.3138	0.000465	−
64	21:57:55	60.11	0.02132	0.001282	0.315	0.000465	−
65	21:58:55	60.17	0.02117	0.001274	0.3163	0.000462	−
66	21:59:55	60.12	0.02132	0.001282	0.3176	0.000465	−
67	22:00:56	60.17	0.02144	0.00129	0.3189	0.000468	−
68	22:01:56	60.17	0.02123	0.001277	0.3202	0.000463	−
69	22:02:56	60.39	0.02125	0.001284	0.3214	0.000464	−
70	22:03:56	60.13	0.02133	0.001283	0.3227	0.000466	−
71	22:04:56	58.58	0.02137	0.001252	0.324	0.000466	−
72	22:05:55	60.49	0.02143	0.001296	0.3253	0.000468	−
73	22:06:55	60.15	0.02149	0.001292	0.3266	0.000469	−
74	22:07:56	60.17	0.02167	0.001304	0.3279	0.000473	−
75	22:08:56	60.20	683	41.11	41.44	14.9	−
76	22:09:56	60.11	2162	130	171.4	47.2	−
77	22:10:56	60.15	2256	135.7	307.1	49.2	−
78	22:11:56	60.39	2612	157.7	464.8	57	−
79	22:12:57	60.19	2602	156.6	621.5	56.8	−
80	22:13:57	60.11	2594	155.9	777.4	56.6	−
81	22:14:57	60.14	2593	155.9	933.3	56.6	T
82	22:15:57	60.42	2584	156.1	1089	56.4	T
83	22:16:57	60.14	2571	154.6	1244	56.1	T
84	22:17:58	60.13	2565	154.2	1398	56	T
85	22:18:58	60.12	2562	154	1552	55.9	T
86	22:19:58	60.14	2556	153.7	1706	55.8	T
87	22:20:58	60.41	2542	153.6	1860	55.5	T
88	22:21:58	10.27	2538	26.06	1886	55.4	T
89	22:22:09	17.46	2534	44.25	1930	55.3	T
90	22:22:26	60.50	2531	153.1	2083	55.2	T
91	22:23:27	41.05	2529	103.8	2187	55.2	T
92	22:24:08	19.54	2520	49.24	2236	55	T
93	22:24:27	60.45	2515	152.1	2388	54.9	T
94	22:25:28	15.80	2509	39.64	2428	54.8	T
95	22:25:43	12.94	677.8	8.771	2437	14.8	T
96	22:25:56	9.00	276.8	2.493	2439	6.04	T
97	22:26:05	8.52	502.6	4.281	2443	11	T
98	22:26:14	8.98	728.9	6.543	2450	15.9	T
99	22:26:23	8.56	1053	9.015	2459	23	T
100	22:26:32	9.01	1453	13.08	2472	31.7	T
101	22:26:41	8.54	1784	15.23	2487	38.9	T
102	22:26:49	9.00	2183	19.65	2507	47.6	T
103	22:26:58	8.83	2364	20.87	2528	51.6	T
104	22:27:07	9.01	2498	22.5	2550	54.5	T
105	22:27:16	8.52	2324	19.8	2570	50.7	T
106	22:27:24	9.01	2214	19.95	2590	48.3	T
107	22:27:33	8.52	1715	14.61	2605	37.4	T
108	22:27:42	9.01	1516	13.66	2618	33.1	T
109	22:27:51	8.52	993.6	8.47	2627	21.7	T
110	22:27:59	9.00	787.1	7.088	2634	17.2	T
111	22:28:08	8.52	464.7	3.96	2638	10.1	T
112	22:28:17	9.01	315.2	2.839	2641	6.88	T
113	22:28:26	23.81	742.9	17.69	2658	16.2	T
114	22:28:50	9.00	229	2.061	2660	5	T
115	22:28:59	8.26	453.5	3.744	2664	9.9	T
116	22:29:07	9.00	677.3	6.099	2670	14.8	T
117	22:29:16	8.23	1040	8.558	2679	22.7	T
118	22:29:24	9.01	1508	13.58	2692	32.9	T
119	22:29:33	8.23	1883	15.49	2708	41.1	T
120	22:29:42	9.01	2343	21.1	2729	51.1	T
121	22:29:51	8.22	2451	20.15	2749	53.5	T
122	22:29:59	9.01	2496	22.48	2772	54.5	T
123	22:30:08	8.23	2014	16.57	2788	43.9	T
124	22:30:16	9.01	1827	16.46	2805	39.9	T
125	22:30:25	7.92	1154	9.136	2814	25.2	T
126	22:30:33	9.02	926.7	8.36	2822	20.2	T
127	22:30:42	7.92	511.9	4.054	2826	11.2	T
128	22:30:50	9.01	341.2	3.074	2829	7.45	T
129	22:30:59	8.22	181.6	1.493	2831	3.96	T
130	22:31:07	9.02	101.1	0.9113	2832	2.21	T
131	22:31:16	8.50	516.1	4.386	2836	11.3	T
132	22:31:25	60.26	2474	149.1	2985	54	T
133	22:32:25	60.12	2465	148.2	3133	53.8	T
134	22:33:25	13.07	2459	32.14	3165	53.7	T
135	22:33:38	60.15	2458	147.8	3313	53.6	T
136	22:34:38	60.41	2451	148.1	3461	53.5	T
137	22:35:39	60.10	2442	146.8	3608	53.3	T
138	22:36:39	60.14	2436	146.5	3755	53.2	T
139	22:37:39	10.28	2432	25.01	3780	53.1	T
140	22:37:49	60.14	2427	146	3926	53	T
141	22:38:49	60.14	2420	145.5	4071	52.8	T
142	22:39:49	60.12	2411	145	4216	52.6	T
143	22:40:50	21.93	2406	52.77	4269	52.5	T
144	22:41:11	60.21	2398	144.4	4413	52.3	T
145	22:42:12	60.11	2398	144.1	4557	52.3	T
146	22:43:12	60.11	2392	143.8	4701	52.2	T
147	22:44:12	60.11	2384	143.3	4844	52	T
148	22:45:12	49.00	2379	116.6	4961	51.9	T
149	22:46:01	21.23	2373	50.39	5011	51.8	T
150	22:46:22	21.49	2371	50.96	5062	51.7	T
151	22:46:44	60.11	2368	142.3	5205	51.7	T
152	22:47:44	60.11	2359	141.8	5346	51.5	T
153	22:48:44	60.12	2352	141.4	5488	51.3	T
154	22:49:44	60.13	2349	141.2	5629	51.3	T
155	22:50:44	60.12	2338	140.6	5770	51	T
156	22:51:44	60.13	2332	140.2	5910	50.9	T
157	22:52:44	60.13	2323	139.7	6050	50.7	T
158	22:53:45	60.11	2317	139.3	6189	50.6	T
159	22:54:45	60.12	2312	139	6328	50.4	T
160	22:55:45	60.12	2306	138.6	6466	50.3	T
161	22:56:45	60.11	2299	138.2	6605	50.2	T
162	22:57:45	53.81	2292	123.3	6728	50	T
163	22:58:39	60.15	2287	137.6	6866	49.9	T
164	22:59:39	60.43	2278	137.7	7003	49.7	T
165	23:00:39	60.09	2271	136.5	7140	49.6	T
166	23:01:40	60.10	2259	135.8	7275	49.3	T
167	23:02:40	60.12	2255	135.6	7411	49.2	T
168	23:03:40	18.63	2249	41.91	7453	49.1	T
169	23:03:58	60.32	2242	135.2	7588	48.9	T
170	23:04:59	10.27	2236	22.96	7611	48.8	T
171	23:05:09	60.59	2230	135.1	7746	48.7	T
172	23:06:10	60.16	2220	133.6	7880	48.4	T
173	23:07:10	60.12	2207	132.7	8012	48.2	T
174	23:08:10	60.37	2202	132.9	8145	48.1	T
175	23:09:10	60.14	2202	132.4	8278	48	T
176	23:10:10	60.36	2203	132.9	8411	48.1	T
177	23:11:11	60.12	2203	132.4	8543	48.1	T
178	23:12:11	60.12	2199	132.2	8675	48	T
179	23:13:11	27.31	2196	59.99	8735	47.9	T
180	23:13:38	60.13	2191	131.7	8867	47.8	T
181	23:14:38	60.12	2186	131.4	8999	47.7	T
182	23:15:39	60.10	2180	131	9130	47.6	T
183	23:16:39	60.12	2172	130.6	9260	47.4	T
184	23:17:39	60.12	2163	130	9390	47.2	T
185	23:18:39	60.12	2156	129.6	9520	47.1	T
186	23:19:39	60.14	2151	129.4	9649	46.9	T
187	23:20:39	60.11	2148	129.1	9778	46.9	T
188	23:21:39	60.14	2152	129.4	9908	47	T
189	23:22:39	60.64	2144	130	1.004e+04	46.8	T
190	23:23:40	60.14	2136	128.5	1.017e+04	46.6	T
191	23:24:40	60.15	2126	127.9	1.029e+04	46.4	T
192	23:25:40	60.39	2115	127.7	1.042e+04	46.1	T
193	23:26:41	60.11	2111	126.9	1.055e+04	46.1	T
194	23:27:41	60.12	2096	126	1.067e+04	45.7	T
195	23:28:41	60.11	2086	125.4	1.08e+04	45.5	T
196	23:29:41	60.13	2089	125.6	1.093e+04	45.6	T
197	23:30:41	60.11	2092	125.7	1.105e+04	45.7	T
198	23:31:41	60.37	2089	126.1	1.118e+04	45.6	T
199	23:32:42	60.13	2089	125.6	1.13e+04	45.6	T
200	23:33:42	60.14	2089	125.7	1.143e+04	45.6	T
201	23:34:42	60.12	2044	122.9	1.155e+04	44.6	T
202	23:35:42	60.40	2088	126.1	1.168e+04	45.6	T
203	23:36:42	60.13	2219	133.5	1.181e+04	48.4	T
204	23:37:43	60.13	2250	135.3	1.195e+04	49.1	T
205	23:38:43	60.37	2246	135.6	1.208e+04	49	T
206	23:39:43	60.10	2242	134.7	1.222e+04	48.9	T
207	23:40:43	60.14	2238	134.6	1.235e+04	48.8	T
208	23:41:43	60.10	2235	134.3	1.249e+04	48.8	T
209	23:42:43	60.13	2231	134.1	1.262e+04	48.7	T
210	23:43:44	60.11	2226	133.8	1.275e+04	48.6	T
211	23:44:44	60.12	2223	133.6	1.289e+04	48.5	T
212	23:45:44	60.14	2219	133.5	1.302e+04	48.4	T
213	23:46:44	60.38	2215	133.7	1.315e+04	48.3	T
214	23:47:44	60.13	2210	132.9	1.329e+04	48.2	T
215	23:48:44	60.13	2206	132.7	1.342e+04	48.1	T
216	23:49:45	60.12	2203	132.4	1.355e+04	48.1	T
217	23:50:45	60.17	2199	132.3	1.368e+04	48	T
218	23:51:45	60.11	2196	132	1.382e+04	47.9	T
219	23:52:45	60.14	2192	131.8	1.395e+04	47.8	T
220	23:53:45	60.13	2188	131.5	1.408e+04	47.7	T
221	23:54:45	60.38	2183	131.8	1.421e+04	47.6	T
222	23:55:46	60.13	2180	131.1	1.434e+04	47.6	T
223	23:56:46	60.11	2177	130.8	1.447e+04	47.5	T
224	23:57:46	60.10	2173	130.6	1.46e+04	47.4	T
225	23:58:46	60.13	2170	130.5	1.474e+04	47.4	T
226	23:59:46	60.11	2166	130.2	1.487e+04	47.3	T
227	00:00:46	60.10	2161	129.9	1.5e+04	47.2	T
228	00:01:46	60.15	2157	129.7	1.512e+04	47.1	T
229	00:02:46	60.12	2154	129.5	1.525e+04	47	T
230	00:03:47	60.11	2150	129.3	1.538e+04	46.9	T
231	00:04:47	60.11	2146	129	1.551e+04	46.8	T
232	00:05:47	60.12	2142	128.8	1.564e+04	46.8	T
233	00:06:47	60.11	2139	128.6	1.577e+04	46.7	T
234	00:07:47	60.36	2136	128.9	1.59e+04	46.6	T
235	00:08:47	60.13	2132	128.2	1.603e+04	46.5	T
236	00:09:47	60.14	2128	127.9	1.616e+04	46.4	T
237	00:10:48	60.13	2124	127.7	1.628e+04	46.3	T
238	00:11:48	60.14	2120	127.5	1.641e+04	46.3	T
239	00:12:48	60.14	2117	127.3	1.654e+04	46.2	T
240	00:13:48	60.11	2114	127.1	1.666e+04	46.1	T
241	00:14:48	60.14	2111	127	1.679e+04	46.1	T
242	00:15:48	60.11	2108	126.7	1.692e+04	46	T
243	00:16:48	60.11	2105	126.5	1.704e+04	45.9	T
244	00:17:48	60.39	2101	126.9	1.717e+04	45.9	T
245	00:18:49	60.11	2099	126.2	1.73e+04	45.8	T
246	00:19:49	60.11	2095	125.9	1.742e+04	45.7	T
247	00:20:49	60.09	2090	125.6	1.755e+04	45.6	T
248	00:21:49	60.15	2087	125.5	1.768e+04	45.5	T
249	00:22:49	60.42	2084	125.9	1.78e+04	45.5	T
250	00:23:50	60.15	2080	125.1	1.793e+04	45.4	T
251	00:24:50	60.10	2077	124.8	1.805e+04	45.3	T
252	00:25:50	60.14	2071	124.6	1.818e+04	45.2	T
253	00:26:50	60.13	2068	124.3	1.83e+04	45.1	T
254	00:27:50	60.11	2065	124.1	1.842e+04	45.1	T
255	00:28:50	60.15	2062	124	1.855e+04	45	T
256	00:29:51	60.17	2059	123.9	1.867e+04	44.9	T
257	00:30:51	60.36	2055	124	1.88e+04	44.8	T
258	00:31:51	60.11	2051	123.3	1.892e+04	44.8	T
259	00:32:51	60.17	2047	123.2	1.904e+04	44.7	T
260	00:33:51	60.14	2098	126.1	1.917e+04	45.8	T
261	00:34:51	60.11	2050	123.2	1.929e+04	44.7	T
262	00:35:52	60.10	2002	120.3	1.941e+04	43.7	T
263	00:36:52	10.29	2119	21.8	1.943e+04	46.2	T
264	00:37:02	60.14	2117	127.3	1.956e+04	46.2	T
265	00:38:02	60.36	2114	127.6	1.969e+04	46.1	T
266	00:39:02	60.12	2110	126.9	1.982e+04	46.1	T
267	00:40:03	60.15	2107	126.7	1.994e+04	46	T
268	00:41:03	60.11	2106	126.6	2.007e+04	46	T
269	00:42:03	60.11	2108	126.7	2.02e+04	46	T
270	00:43:03	60.11	2106	126.6	2.032e+04	46	T
271	00:44:03	60.13	2104	126.5	2.045e+04	45.9	T
272	00:45:03	60.12	2102	126.4	2.057e+04	45.9	T
273	00:46:03	60.15	2100	126.3	2.07e+04	45.8	T
274	00:47:03	55.80	2098	117.1	2.082e+04	45.8	T
275	00:47:59	60.23	2095	126.2	2.094e+04	45.7	T
276	00:49:00	60.12	2093	125.8	2.107e+04	45.7	T
277	00:50:00	60.10	2091	125.7	2.12e+04	45.6	T
278	00:51:00	60.36	2091	126.2	2.132e+04	45.6	T
279	00:52:00	60.16	2088	125.6	2.145e+04	45.6	T
280	00:53:00	60.39	2086	126	2.157e+04	45.5	T
281	00:54:01	60.12	2084	125.3	2.17e+04	45.5	T
282	00:55:01	60.11	2083	125.2	2.182e+04	45.4	T
283	00:56:01	60.16	2080	125.2	2.195e+04	45.4	T
284	00:57:01	60.15	2079	125	2.207e+04	45.4	T
285	00:58:01	60.38	2077	125.4	2.22e+04	45.3	T
286	00:59:02	60.11	2075	124.7	2.232e+04	45.3	T
287	01:00:02	60.38	2073	125.2	2.245e+04	45.2	T
288	01:01:02	60.36	2071	125	2.257e+04	45.2	T
289	01:02:02	60.16	2069	124.5	2.27e+04	45.2	T
290	01:03:03	60.14	2068	124.4	2.282e+04	45.1	T
291	01:04:03	60.15	2066	124.3	2.295e+04	45.1	T
292	01:05:03	60.12	2064	124.1	2.307e+04	45	T
293	01:06:03	60.12	2061	123.9	2.32e+04	45	T
294	01:07:03	60.13	2060	123.8	2.332e+04	44.9	T
295	01:08:03	60.15	2058	123.8	2.344e+04	44.9	T
296	01:09:03	60.36	2057	124.1	2.357e+04	44.9	T
297	01:10:04	60.11	2055	123.5	2.369e+04	44.8	T
298	01:11:04	60.15	2053	123.5	2.381e+04	44.8	T
299	01:12:04	60.11	2051	123.3	2.394e+04	44.8	T
300	01:13:04	60.16	2049	123.3	2.406e+04	44.7	T
301	01:14:04	60.16	2048	123.2	2.418e+04	44.7	T
302	01:15:04	60.41	2046	123.6	2.431e+04	44.7	T
303	01:16:05	60.17	2043	122.9	2.443e+04	44.6	T
304	01:17:05	60.16	2042	122.8	2.455e+04	44.6	T
305	01:18:05	60.17	2039	122.7	2.468e+04	44.5	T
306	01:19:05	60.11	2038	122.5	2.48e+04	44.5	T
307	01:20:05	60.14	2037	122.5	2.492e+04	44.4	T
308	01:21:06	60.15	2036	122.4	2.504e+04	44.4	T
309	01:22:06	60.14	2034	122.3	2.517e+04	44.4	T
310	01:23:06	60.45	2032	122.8	2.529e+04	44.3	T
311	01:24:06	60.12	2030	122	2.541e+04	44.3	T
312	01:25:06	60.36	2028	122.4	2.553e+04	44.3	T
313	01:26:07	60.10	2027	121.8	2.566e+04	44.2	T
314	01:27:07	56.60	2024	114.6	2.577e+04	44.2	T
315	01:28:03	31.01	2022	62.7	2.583e+04	44.1	T
316	01:28:34	60.61	2021	122.5	2.596e+04	44.1	T
317	01:29:35	60.38	2019	121.9	2.608e+04	44.1	T
318	01:30:35	60.15	2017	121.3	2.62e+04	44	T
319	01:31:36	60.12	2016	121.2	2.632e+04	44	T
320	01:32:36	60.11	2014	121.1	2.644e+04	44	T
321	01:33:36	60.11	2012	121	2.656e+04	43.9	T
322	01:34:36	60.40	2011	121.5	2.668e+04	43.9	T
323	01:35:36	60.10	2009	120.8	2.68e+04	43.8	T
324	01:36:36	60.17	2008	120.8	2.692e+04	43.8	T
325	01:37:37	60.11	2006	120.6	2.705e+04	43.8	T
326	01:38:37	60.11	2004	120.5	2.717e+04	43.7	T
327	01:39:37	60.15	2002	120.4	2.729e+04	43.7	T
328	01:40:37	60.10	2001	120.2	2.741e+04	43.7	T
329	01:41:37	60.12	2000	120.2	2.753e+04	43.6	T
330	01:42:37	60.11	1997	120	2.765e+04	43.6	T
331	01:43:37	60.11	1994	119.9	2.777e+04	43.5	T
332	01:44:37	60.12	1992	119.7	2.789e+04	43.5	T
333	01:45:38	60.12	1990	119.7	2.801e+04	43.4	T
334	01:46:38	60.13	1988	119.6	2.813e+04	43.4	T
335	01:47:38	60.39	1987	120	2.825e+04	43.4	T
336	01:48:38	60.37	1985	119.9	2.837e+04	43.3	T
337	01:49:39	60.36	1983	119.7	2.849e+04	43.3	T
338	01:50:39	60.11	1981	119.1	2.86e+04	43.2	T
339	01:51:39	60.14	1979	119	2.872e+04	43.2	T
340	01:52:39	60.11	1978	118.9	2.884e+04	43.2	T
341	01:53:39	60.11	1977	118.8	2.896e+04	43.1	T
342	01:54:39	60.12	1975	118.7	2.908e+04	43.1	T
343	01:55:40	60.40	1973	119.2	2.92e+04	43.1	T
344	01:56:40	12.64	1972	24.93	2.922e+04	43	T
345	01:56:53	60.24	1971	118.7	2.934e+04	43	T
346	01:57:53	60.15	1970	118.5	2.946e+04	43	T
347	01:58:53	60.11	1967	118.2	2.958e+04	42.9	T
348	01:59:53	60.14	1965	118.2	2.97e+04	42.9	T
349	02:00:53	60.10	1963	118	2.982e+04	42.8	T
350	02:01:53	60.12	1962	118	2.993e+04	42.8	T
351	02:02:53	42.51	1960	83.3	3.002e+04	42.8	T
352	02:03:36	60.45	1959	118.4	3.014e+04	42.7	T
353	02:04:36	30.59	1957	59.86	3.019e+04	42.7	T
354	02:05:07	60.33	1956	118	3.031e+04	42.7	T
355	02:06:07	60.13	1954	117.5	3.043e+04	42.6	T
356	02:07:07	60.14	1951	117.3	3.055e+04	42.6	T
357	02:08:08	60.10	1950	117.2	3.066e+04	42.6	T
358	02:09:08	60.14	1948	117.2	3.078e+04	42.5	T
359	02:10:08	60.39	1947	117.6	3.09e+04	42.5	T
360	02:11:08	60.14	1947	117.1	3.102e+04	42.5	T
361	02:12:08	60.34	1943	117.3	3.113e+04	42.4	T
362	02:13:09	60.15	1942	116.8	3.125e+04	42.4	T
363	02:14:09	60.49	1940	117.4	3.137e+04	42.3	T
364	02:15:09	60.14	1939	116.6	3.148e+04	42.3	T
365	02:16:09	60.12	1937	116.4	3.16e+04	42.3	T
366	02:17:10	60.11	1936	116.4	3.172e+04	42.2	T
367	02:18:10	60.40	1933	116.8	3.183e+04	42.2	T
368	02:19:10	60.16	1931	116.2	3.195e+04	42.1	T
369	02:20:10	60.14	1929	116	3.207e+04	42.1	T
370	02:21:10	60.14	1928	116	3.218e+04	42.1	T
371	02:22:11	60.40	1927	116.4	3.23e+04	42.1	T
372	02:23:11	60.16	1926	115.9	3.241e+04	42	T
373	02:24:11	60.18	1924	115.8	3.253e+04	42	T
374	02:25:11	60.41	1923	116.2	3.265e+04	42	T
375	02:26:12	60.17	1925	115.8	3.276e+04	42	T
376	02:27:12	60.14	1924	115.7	3.288e+04	42	T
377	02:28:12	60.37	1922	116.1	3.299e+04	41.9	T
378	02:29:12	60.13	1922	115.6	3.311e+04	41.9	T
379	02:30:13	60.11	1919	115.4	3.323e+04	41.9	T
380	02:31:13	60.13	1918	115.3	3.334e+04	41.9	T
381	02:32:13	60.41	1917	115.8	3.346e+04	41.8	T
382	02:33:13	29.13	1916	55.79	3.351e+04	41.8	T
383	02:33:42	60.10	1914	115	3.363e+04	41.8	T
384	02:34:42	13.81	1913	26.42	3.365e+04	41.8	T
385	02:34:56	60.10	1912	114.9	3.377e+04	41.7	T
386	02:35:56	60.36	1911	115.3	3.388e+04	41.7	T
387	02:36:57	60.41	1909	115.3	3.4e+04	41.7	T
388	02:37:57	60.42	1908	115.3	3.411e+04	41.6	T
389	02:38:57	60.15	1906	114.6	3.423e+04	41.6	T
390	02:39:58	60.14	1905	114.5	3.434e+04	41.6	T
391	02:40:58	60.17	1903	114.5	3.446e+04	41.5	T
392	02:41:58	60.40	1901	114.8	3.457e+04	41.5	T
393	02:42:58	60.13	1900	114.2	3.469e+04	41.5	T
394	02:43:58	60.18	1898	114.2	3.48e+04	41.4	T
395	02:44:59	60.10	1897	114	3.492e+04	41.4	T
396	02:45:59	60.16	1895	114	3.503e+04	41.4	T
397	02:46:59	60.13	1894	113.9	3.514e+04	41.3	T
398	02:47:59	60.11	1892	113.7	3.526e+04	41.3	T
399	02:48:59	60.42	1891	114.2	3.537e+04	41.3	T
400	02:50:00	60.12	1889	113.6	3.548e+04	41.2	T
401	02:51:00	60.11	1887	113.5	3.56e+04	41.2	T
402	02:52:00	60.12	1885	113.4	3.571e+04	41.1	T
403	02:53:00	60.13	1884	113.3	3.583e+04	41.1	T
404	02:54:00	60.15	1883	113.2	3.594e+04	41.1	T
405	02:55:00	60.13	1882	113.1	3.605e+04	41.1	T
406	02:56:00	60.13	1881	113.1	3.616e+04	41	T
407	02:57:00	60.12	1880	113	3.628e+04	41	T
408	02:58:01	60.13	1878	112.9	3.639e+04	41	T
409	02:59:01	60.14	1877	112.9	3.65e+04	41	T
410	03:00:01	60.16	1876	112.8	3.662e+04	40.9	T
411	03:01:01	60.13	1875	112.7	3.673e+04	40.9	T
412	03:02:01	60.13	1873	112.6	3.684e+04	40.9	T
413	03:03:01	20.14	1872	37.7	3.688e+04	40.9	T
414	03:03:21	60.04	1871	112.3	3.699e+04	40.8	T
415	03:04:21	60.39	1870	112.9	3.71e+04	40.8	T
416	03:05:22	60.15	1869	112.4	3.722e+04	40.8	T
417	03:06:22	60.43	1867	112.8	3.733e+04	40.7	T
418	03:07:22	60.13	1865	112.1	3.744e+04	40.7	T
419	03:08:23	32.69	1864	60.94	3.75e+04	40.7	T
420	03:08:55	29.07	1863	54.17	3.756e+04	40.7	T
421	03:09:24	53.15	1863	98.99	3.766e+04	40.6	T
422	03:10:17	60.19	1862	112.1	3.777e+04	40.6	T
423	03:11:18	60.14	1860	111.9	3.788e+04	40.6	T
424	03:12:18	60.41	1859	112.3	3.799e+04	40.6	T
425	03:13:18	60.11	1857	111.6	3.81e+04	40.5	T
426	03:14:18	60.11	1856	111.6	3.822e+04	40.5	T
427	03:15:18	60.12	1854	111.5	3.833e+04	40.5	T
428	03:16:19	60.10	1853	111.4	3.844e+04	40.4	T
429	03:17:19	60.14	1851	111.3	3.855e+04	40.4	T
430	03:18:19	60.14	1850	111.2	3.866e+04	40.4	T
431	03:19:19	60.13	1848	111.1	3.877e+04	40.3	T
432	03:20:19	60.16	1847	111.1	3.888e+04	40.3	T
433	03:21:19	60.36	1846	111.4	3.899e+04	40.3	T
434	03:22:20	60.12	1844	110.9	3.911e+04	40.2	T
435	03:23:20	60.18	1842	110.9	3.922e+04	40.2	T
436	03:24:20	60.12	1841	110.7	3.933e+04	40.2	T
437	03:25:20	60.11	1839	110.6	3.944e+04	40.1	T
438	03:26:20	60.17	1838	110.6	3.955e+04	40.1	T
439	03:27:20	60.12	1837	110.4	3.966e+04	40.1	T
440	03:28:20	60.14	1835	110.4	3.977e+04	40	T
441	03:29:21	60.40	1832	110.7	3.988e+04	40	T
442	03:30:21	60.13	1834	110.3	3.999e+04	40	T
443	03:31:21	60.39	1831	110.6	4.01e+04	40	T
444	03:32:21	60.12	1829	110	4.021e+04	39.9	T
445	03:33:22	60.14	1828	110	4.032e+04	39.9	T
446	03:34:22	60.12	1827	109.9	4.043e+04	39.9	T
447	03:35:22	60.12	1826	109.8	4.054e+04	39.8	T
448	03:36:22	60.11	1825	109.7	4.065e+04	39.8	T
449	03:37:22	10.27	1825	18.74	4.067e+04	39.8	T
450	03:37:32	10.26	1777	18.24	4.069e+04	38.8	T
451	03:37:43	10.26	1769	18.16	4.07e+04	38.6	T
452	03:37:53	10.06	1822	18.33	4.072e+04	39.8	T
453	03:38:03	10.27	1728	17.75	4.074e+04	37.7	T
454	03:38:13	31.50	1742	54.86	4.08e+04	38	T
455	03:38:45	60.19	1775	106.9	4.09e+04	38.7	T
456	03:39:45	60.39	1820	109.9	4.101e+04	39.7	T
457	03:40:45	60.16	1818	109.3	4.112e+04	39.7	T
458	03:41:45	60.14	1816	109.2	4.123e+04	39.6	T
459	03:42:46	60.13	1814	109.1	4.134e+04	39.6	T
460	03:43:46	60.12	1815	109.1	4.145e+04	39.6	T
461	03:44:46	60.12	1814	109	4.156e+04	39.6	T
462	03:45:46	60.12	1812	109	4.167e+04	39.6	T
463	03:46:46	60.17	1810	108.9	4.178e+04	39.5	T
464	03:47:46	60.41	1808	109.2	4.189e+04	39.5	T
465	03:48:47	60.11	1807	108.6	4.199e+04	39.4	T
466	03:49:47	60.15	1806	108.6	4.21e+04	39.4	T
467	03:50:47	60.16	1803	108.4	4.221e+04	39.3	T
468	03:51:47	60.14	1802	108.4	4.232e+04	39.3	T
469	03:52:47	60.13	1802	108.3	4.243e+04	39.3	T
470	03:53:47	60.12	1801	108.3	4.254e+04	39.3	T
471	03:54:47	60.17	1783	107.3	4.264e+04	38.9	T
472	03:55:48	60.11	1740	104.6	4.275e+04	38	T
473	03:56:48	60.15	1749	105.2	4.285e+04	38.2	T
474	03:57:48	60.15	1792	107.8	4.296e+04	39.1	T
475	03:58:48	60.14	1794	107.9	4.307e+04	39.2	T
476	03:59:48	60.16	1795	108	4.318e+04	39.2	T
477	04:00:48	60.13	1792	107.7	4.328e+04	39.1	T
478	04:01:48	60.12	1790	107.6	4.339e+04	39.1	T
479	04:02:49	60.11	1788	107.5	4.35e+04	39	T
480	04:03:49	60.15	1785	107.3	4.361e+04	38.9	T
481	04:04:49	60.37	1783	107.6	4.371e+04	38.9	T
482	04:05:49	60.11	1762	105.9	4.382e+04	38.5	T
483	04:06:49	60.41	1715	103.6	4.392e+04	37.4	T
484	04:07:50	60.18	1742	104.9	4.403e+04	38	T
485	04:08:50	60.16	1776	106.8	4.414e+04	38.7	T
486	04:09:50	60.14	1775	106.8	4.424e+04	38.7	T
487	04:10:50	60.16	1813	109.1	4.435e+04	39.6	T
488	04:11:50	60.15	1765	106.2	4.446e+04	38.5	T
489	04:12:51	60.13	1767	106.3	4.456e+04	38.6	T
490	04:13:51	60.40	1833	110.7	4.467e+04	40	T
491	04:14:51	60.37	1831	110.5	4.479e+04	40	T
492	04:15:51	60.15	1827	109.9	4.49e+04	39.9	T
493	04:16:52	60.14	1826	109.8	4.501e+04	39.8	T
494	04:17:52	60.13	1823	109.6	4.511e+04	39.8	T
495	04:18:52	60.17	1819	109.5	4.522e+04	39.7	T
496	04:19:52	60.11	1817	109.2	4.533e+04	39.6	T
497	04:20:52	60.12	1814	109.1	4.544e+04	39.6	T
498	04:21:52	60.11	1811	108.9	4.555e+04	39.5	T
499	04:22:52	60.37	1808	109.1	4.566e+04	39.5	T
500	04:23:53	60.45	1806	109.2	4.577e+04	39.4	T
501	04:24:53	60.15	1803	108.5	4.588e+04	39.4	T
502	04:25:53	60.15	1801	108.4	4.599e+04	39.3	T
503	04:26:53	51.89	1799	93.34	4.608e+04	39.3	T
504	04:27:45	60.13	1797	108	4.619e+04	39.2	T
505	04:28:46	60.13	1794	107.9	4.63e+04	39.1	T
506	04:29:46	60.12	1790	107.6	4.64e+04	39.1	T
507	04:30:46	60.13	1788	107.5	4.651e+04	39	T
508	04:31:46	60.16	1784	107.3	4.662e+04	38.9	T
509	04:32:46	60.12	1784	107.2	4.673e+04	38.9	T
510	04:33:46	60.36	1780	107.4	4.683e+04	38.8	T
511	04:34:47	60.14	1777	106.9	4.694e+04	38.8	T
512	04:35:47	60.19	1773	106.7	4.705e+04	38.7	T
513	04:36:47	60.14	1771	106.5	4.715e+04	38.7	T
514	04:37:47	60.15	1768	106.4	4.726e+04	38.6	T
515	04:38:47	60.16	1765	106.2	4.737e+04	38.5	T
516	04:39:47	60.11	1763	106	4.747e+04	38.5	T
517	04:40:47	60.12	1761	105.9	4.758e+04	38.4	T
518	04:41:48	60.12	1759	105.7	4.768e+04	38.4	T
519	04:42:48	60.15	1756	105.6	4.779e+04	38.3	T
520	04:43:48	60.39	1754	105.9	4.789e+04	38.3	T
521	04:44:48	60.12	1752	105.3	4.8e+04	38.2	T
522	04:45:48	60.37	1750	105.7	4.811e+04	38.2	T
523	04:46:49	60.10	1747	105	4.821e+04	38.1	T
524	04:47:49	60.11	1745	104.9	4.832e+04	38.1	T
525	04:48:49	60.16	1742	104.8	4.842e+04	38	T
526	04:49:49	60.16	1739	104.6	4.853e+04	38	T
527	04:50:49	60.14	1736	104.4	4.863e+04	37.9	T
528	04:51:49	60.38	1734	104.7	4.873e+04	37.8	T
529	04:52:50	60.12	1730	104	4.884e+04	37.8	T
530	04:53:50	60.14	1731	104.1	4.894e+04	37.8	T
531	04:54:50	60.38	1728	104.3	4.905e+04	37.7	T
532	04:55:50	60.11	1726	103.8	4.915e+04	37.7	T
533	04:56:50	60.14	1723	103.6	4.925e+04	37.6	T
534	04:57:51	60.35	1721	103.9	4.936e+04	37.6	T
535	04:58:51	60.14	1719	103.4	4.946e+04	37.5	T
536	04:59:51	60.14	1716	103.2	4.956e+04	37.5	T
537	05:00:51	60.15	1714	103.1	4.967e+04	37.4	T
538	05:01:51	60.12	1711	102.9	4.977e+04	37.3	T
539	05:02:52	60.14	1709	102.8	4.987e+04	37.3	T
540	05:03:52	60.11	1706	102.6	4.998e+04	37.2	T
541	05:04:52	60.13	1704	102.5	5.008e+04	37.2	T
542	05:05:52	60.15	1702	102.4	5.018e+04	37.1	T
543	05:06:52	60.13	1699	102.2	5.028e+04	37.1	T
544	05:07:52	60.14	1697	102.1	5.038e+04	37	T
545	05:08:52	60.12	1694	101.8	5.049e+04	37	T
546	05:09:52	60.12	1693	101.8	5.059e+04	36.9	T
547	05:10:53	60.15	1691	101.7	5.069e+04	36.9	T
548	05:11:53	60.17	1689	101.6	5.079e+04	36.9	T
549	05:12:53	60.13	1686	101.4	5.089e+04	36.8	T
550	05:13:53	60.16	1683	101.3	5.099e+04	36.7	T
551	05:14:53	60.15	1681	101.1	5.11e+04	36.7	T
552	05:15:53	60.11	1679	100.9	5.12e+04	36.6	T
553	05:16:53	60.14	1663	100	5.13e+04	36.3	T
554	05:17:54	60.16	1612	96.96	5.139e+04	35.2	T
555	05:18:54	60.11	1639	98.55	5.149e+04	35.8	T
556	05:19:54	60.41	1673	101.1	5.159e+04	36.5	T
557	05:20:54	60.12	1671	100.5	5.169e+04	36.5	T
558	05:21:54	60.13	1669	100.4	5.179e+04	36.4	T
559	05:22:55	60.13	1667	100.2	5.189e+04	36.4	T
560	05:23:55	60.13	1664	100	5.199e+04	36.3	T
561	05:24:55	60.39	1662	100.4	5.209e+04	36.3	T
562	05:25:55	60.12	1661	99.85	5.219e+04	36.2	T
563	05:26:55	60.12	1658	99.68	5.229e+04	36.2	T
564	05:27:55	60.14	1656	99.57	5.239e+04	36.1	T
565	05:28:56	60.12	1654	99.42	5.249e+04	36.1	T
566	05:29:56	60.12	1651	99.28	5.259e+04	36	T
567	05:30:56	60.14	1650	99.21	5.269e+04	36	T
568	05:31:56	60.12	1647	99.02	5.279e+04	35.9	T
569	05:32:56	60.14	1645	98.9	5.289e+04	35.9	T
570	05:33:56	60.10	1643	98.74	5.299e+04	35.8	T
571	05:34:56	60.11	1641	98.63	5.309e+04	35.8	T
572	05:35:56	60.17	1639	98.61	5.319e+04	35.8	T
573	05:36:57	60.12	1637	98.41	5.328e+04	35.7	T
574	05:37:57	60.13	1634	98.28	5.338e+04	35.7	T
575	05:38:57	60.17	1632	98.21	5.348e+04	35.6	T
576	05:39:57	60.16	1631	98.11	5.358e+04	35.6	T
577	05:40:57	60.11	1628	97.88	5.368e+04	35.5	T
578	05:41:57	60.15	1626	97.79	5.377e+04	35.5	T
579	05:42:57	60.14	1624	97.69	5.387e+04	35.4	T
580	05:43:58	60.17	1622	97.58	5.397e+04	35.4	T
581	05:44:58	60.11	1618	97.25	5.407e+04	35.3	T
582	05:45:58	60.38	1615	97.54	5.416e+04	35.3	T
583	05:46:58	60.15	1614	97.07	5.426e+04	35.2	T
584	05:47:58	60.13	1613	97	5.436e+04	35.2	T
585	05:48:58	60.12	1611	96.82	5.446e+04	35.1	T
586	05:49:59	60.41	1609	97.18	5.455e+04	35.1	T
587	05:50:59	60.14	1607	96.64	5.465e+04	35.1	T
588	05:51:59	60.41	1605	96.93	5.475e+04	35	T
589	05:53:00	60.13	1603	96.38	5.484e+04	35	T
590	05:54:00	60.15	1601	96.28	5.494e+04	34.9	T
591	05:55:00	60.11	1598	96.08	5.503e+04	34.9	T
592	05:56:00	60.17	1596	96.05	5.513e+04	34.8	T
593	05:57:00	60.16	1593	95.85	5.523e+04	34.8	T
594	05:58:00	60.11	1591	95.65	5.532e+04	34.7	T
595	05:59:00	60.16	1590	95.63	5.542e+04	34.7	T
596	06:00:01	60.15	1587	95.48	5.551e+04	34.6	T
597	06:01:01	60.12	1586	95.32	5.561e+04	34.6	T
598	06:02:01	60.13	1584	95.22	5.57e+04	34.6	T
599	06:03:01	60.12	1582	95.12	5.58e+04	34.5	T
600	06:04:01	60.46	1580	95.52	5.589e+04	34.5	T
601	06:05:02	60.14	1578	94.88	5.599e+04	34.4	T
602	06:06:02	60.10	1576	94.74	5.608e+04	34.4	T
603	06:07:02	60.13	1574	94.64	5.618e+04	34.3	T
604	06:08:02	60.41	1572	94.95	5.627e+04	34.3	T
605	06:09:02	60.17	1570	94.47	5.637e+04	34.3	T
606	06:10:02	60.16	1568	94.33	5.646e+04	34.2	T
607	06:11:03	60.10	1566	94.12	5.656e+04	34.2	T
608	06:12:03	60.10	1564	93.99	5.665e+04	34.1	T
609	06:13:03	60.14	1562	93.94	5.674e+04	34.1	T
610	06:14:03	60.14	1560	93.82	5.684e+04	34	T
611	06:15:03	60.12	1558	93.69	5.693e+04	34	T
612	06:16:03	60.41	1557	94.03	5.703e+04	34	T
613	06:17:04	60.11	1563	93.94	5.712e+04	34.1	T
614	06:18:04	60.12	1583	95.19	5.722e+04	34.6	T
615	06:19:04	60.12	1559	93.76	5.731e+04	34	T
616	06:20:04	60.39	1560	94.22	5.74e+04	34	T
617	06:21:04	60.14	1603	96.43	5.75e+04	35	T
618	06:22:05	60.15	1602	96.34	5.76e+04	34.9	T
619	06:23:05	60.11	1599	96.12	5.769e+04	34.9	T
620	06:24:05	60.15	1597	96.06	5.779e+04	34.9	T
621	06:25:05	60.13	1595	95.9	5.788e+04	34.8	T
622	06:26:05	60.15	1593	95.79	5.798e+04	34.8	T
623	06:27:05	60.15	1590	95.64	5.808e+04	34.7	T
624	06:28:05	60.36	1587	95.8	5.817e+04	34.6	T
625	06:29:06	60.14	1586	95.37	5.827e+04	34.6	T
626	06:30:06	60.14	1583	95.23	5.836e+04	34.6	T
627	06:31:06	60.40	1582	95.54	5.846e+04	34.5	T
628	06:32:06	60.11	1580	94.98	5.855e+04	34.5	T
629	06:33:07	60.10	1577	94.76	5.865e+04	34.4	T
630	06:34:07	60.14	1575	94.74	5.874e+04	34.4	T
631	06:35:07	60.12	1574	94.59	5.884e+04	34.3	T
632	06:36:07	60.46	1572	95.03	5.893e+04	34.3	T
633	06:37:07	60.13	1570	94.38	5.903e+04	34.2	T
634	06:38:07	60.13	1567	94.25	5.912e+04	34.2	T
635	06:39:08	60.41	1565	94.55	5.921e+04	34.2	T
636	06:40:08	60.12	1629	97.91	5.931e+04	35.5	T
637	06:41:08	60.12	1677	100.8	5.941e+04	36.6	T
638	06:42:08	60.11	1675	100.7	5.951e+04	36.5	T
639	06:43:08	60.12	1672	100.5	5.961e+04	36.5	T
640	06:44:08	60.13	1670	100.4	5.971e+04	36.4	T
641	06:45:09	60.12	1697	102	5.982e+04	37	T
642	06:46:09	60.13	1749	105.2	5.992e+04	38.2	T
643	06:47:09	60.11	1702	102.3	6.002e+04	37.1	T
644	06:48:09	60.15	1679	101	6.013e+04	36.6	T
645	06:49:09	60.16	1753	105.4	6.023e+04	38.3	T
646	06:50:09	60.89	1750	106.6	6.034e+04	38.2	T
647	06:51:10	12.27	498.8	6.121	6.034e+04	10.9	T
648	06:51:22	9.00	140.3	1.262	6.034e+04	3.06	T
649	06:51:31	8.52	282.5	2.408	6.035e+04	6.16	T
650	06:51:40	9.01	409.2	3.687	6.035e+04	8.93	T
651	06:51:49	8.48	661.4	5.61	6.036e+04	14.4	T
652	06:51:57	9.00	910	8.193	6.036e+04	19.9	T
653	06:52:06	8.52	1194	10.18	6.037e+04	26.1	T
654	06:52:15	9.02	1481	13.36	6.039e+04	32.3	T
655	06:52:24	8.52	1639	13.97	6.04e+04	35.8	T
656	06:52:33	9.01	1747	15.74	6.042e+04	38.1	T
657	06:52:42	8.52	1597	13.62	6.043e+04	34.9	T
658	06:52:50	9.00	1500	13.51	6.045e+04	32.7	T
659	06:52:59	8.52	1120	9.546	6.045e+04	24.4	T
660	06:53:08	9.00	949.2	8.546	6.046e+04	20.7	T
661	06:53:17	8.53	603.6	5.149	6.047e+04	13.2	T
662	06:53:25	9.01	451.1	4.063	6.047e+04	9.84	T
663	06:53:34	8.22	263.6	2.167	6.047e+04	5.75	T
664	06:53:42	9.00	169.1	1.522	6.048e+04	3.69	T
665	06:53:51	23.45	621.7	14.58	6.049e+04	13.6	T
666	06:54:15	9.02	207.7	1.874	6.049e+04	4.53	T
667	06:54:24	7.92	377.3	2.99	6.05e+04	8.23	T
668	06:54:32	9.01	530.3	4.776	6.05e+04	11.6	T
669	06:54:41	7.91	784.5	6.205	6.051e+04	17.1	T
670	06:54:49	9.02	1041	9.382	6.052e+04	22.7	T
671	06:54:58	7.91	1299	10.28	6.053e+04	28.4	T
672	06:55:06	9.01	1541	13.89	6.054e+04	33.6	T
673	06:55:15	7.92	1667	13.2	6.055e+04	36.4	T
674	06:55:22	9.02	1746	15.74	6.057e+04	38.1	T
675	06:55:32	7.92	1610	12.75	6.058e+04	35.1	T
676	06:55:39	9.01	1525	13.73	6.06e+04	33.3	T
677	06:55:48	7.92	1171	9.284	6.06e+04	25.6	T
678	06:55:56	9.00	1015	9.144	6.061e+04	22.2	T
679	06:56:05	8.22	655.2	5.389	6.062e+04	14.3	T
680	06:56:14	9.01	504.2	4.541	6.062e+04	11	T
681	06:56:23	7.93	289.6	2.297	6.063e+04	6.32	T
682	06:56:31	9.00	192.7	1.734	6.063e+04	4.2	T
683	06:56:40	7.79	572.5	4.458	6.063e+04	12.5	T
684	06:56:47	60.57	1744	105.6	6.074e+04	38	T
685	06:57:48	60.12	1742	104.7	6.084e+04	38	T
686	06:58:48	60.36	1740	105.1	6.095e+04	38	T
687	06:59:48	60.12	1737	104.4	6.105e+04	37.9	T
688	07:00:48	60.11	1738	104.5	6.116e+04	37.9	T
689	07:01:49	60.12	1734	104.2	6.126e+04	37.8	T
690	07:02:49	60.12	1731	104	6.136e+04	37.8	T
691	07:03:49	60.36	1728	104.3	6.147e+04	37.7	T
692	07:04:49	60.13	1726	103.8	6.157e+04	37.7	T
693	07:05:49	60.12	1723	103.6	6.168e+04	37.6	T
694	07:06:49	60.16	1721	103.5	6.178e+04	37.5	T
695	07:07:50	60.11	1718	103.3	6.188e+04	37.5	T
696	07:08:50	60.11	1716	103.2	6.199e+04	37.4	T
697	07:09:50	60.38	1713	103.4	6.209e+04	37.4	T
698	07:10:50	60.13	1708	102.7	6.219e+04	37.3	T
699	07:11:50	60.12	1701	102.3	6.23e+04	37.1	T
700	07:12:50	60.17	1696	102	6.24e+04	37	T
701	07:13:51	60.13	1693	101.8	6.25e+04	36.9	T
702	07:14:51	60.12	1692	101.7	6.26e+04	36.9	T
703	07:15:51	60.13	1690	101.6	6.27e+04	36.9	T
704	07:16:51	60.11	1689	101.5	6.28e+04	36.9	T
705	07:17:51	60.14	1688	101.5	6.291e+04	36.8	T
706	07:18:51	28.42	1399	39.77	6.295e+04	30.5	T
707	07:19:20	60.51	0.01583	0.0009578	6.295e+04	0.000345	T
708	07:20:20	60.16	0.0152	0.0009142	6.295e+04	0.000332	−
709	07:21:20	60.46	0.01504	0.0009096	6.295e+04	0	−
710	07:22:21	60.13	0.01467	0.0008822	6.295e+04	0	−
711	07:23:21	34.32	0	0	6.295e+04	0	−
Created by AtlRunQuery on: 2019-02-17 16:21:57.371294
