Online luminosity [algorithm: ATLAS_PREFERRED] per LB for run 349268:
(Begin/end of run: Mon Apr 30 2018 22:02:10 − Tue May 01, 09:14:22)

LB	Start time
(CEST)	Duration
(sec)	Inst. luminosity
(1e30 cm−2s−1)	Int. luminosity
(nb−1)	Cumul. luminosity
(nb−1)	  <μ>  	Stable beams
1	22:02:10	60.16	1.146e+04	689.7	689.7	53	T
2	22:03:10	60.16	1.143e+04	687.9	1378	52.9	T
3	22:04:10	15.99	1.141e+04	182.4	1560	52.8	T
4	22:04:26	10.11	1.141e+04	115.3	1675	52.8	T
5	22:04:36	42.82	1.135e+04	486.2	2162	52.5	T
6	22:05:19	11.53	1.141e+04	131.5	2293	52.8	T
7	22:05:31	10.13	1.142e+04	115.7	2409	52.8	T
8	22:05:41	60.11	1.135e+04	682.3	3091	52.5	T
9	22:06:41	60.12	1.123e+04	675.1	3766	51.9	T
10	22:07:41	42.57	1.105e+04	470.5	4237	51.1	T
11	22:08:24	26.75	1.145e+04	306.3	4543	53	T
12	22:08:50	60.48	1.117e+04	675.5	5219	51.7	T
13	22:09:51	60.11	1.177e+04	707.8	5926	54.5	T
14	22:10:51	60.17	1.203e+04	723.6	6650	55.6	T
15	22:11:51	60.15	1.199e+04	721.5	7372	55.5	T
16	22:12:51	18.08	1.197e+04	216.4	7588	55.4	T
17	22:13:09	60.07	1.195e+04	718.1	8306	55.3	T
18	22:14:09	60.15	1.192e+04	717.1	9023	55.1	T
19	22:15:10	37.37	1.19e+04	444.6	9468	55	T
20	22:15:47	13.13	3369	44.24	9512	15.6	T
21	22:16:00	9.01	1339	12.06	9524	6.19	T
22	22:16:09	8.83	2310	20.38	9544	10.7	T
23	22:16:18	9.00	3361	30.26	9575	15.5	T
24	22:16:27	9.10	4816	43.83	9618	22.3	T
25	22:16:36	9.02	6590	59.45	9678	30.5	T
26	22:16:45	8.81	8048	70.9	9749	37.2	T
27	22:16:54	9.01	1.001e+04	90.17	9839	46.3	T
28	22:17:03	9.13	1.098e+04	100.2	9939	50.8	T
29	22:17:12	9.01	1.183e+04	106.6	1.005e+04	54.7	T
30	22:17:21	9.12	1.134e+04	103.4	1.015e+04	52.4	T
31	22:17:30	9.01	1.095e+04	98.65	1.025e+04	50.7	T
32	22:17:39	8.82	8928	78.75	1.033e+04	41.3	T
33	22:17:48	9.01	7993	72.04	1.04e+04	37	T
34	22:17:57	8.82	5601	49.38	1.045e+04	25.9	T
35	22:18:06	9.01	4617	41.6	1.049e+04	21.4	T
36	22:18:15	9.12	2918	26.62	1.052e+04	13.5	T
37	22:18:24	9.00	2145	19.31	1.054e+04	9.92	T
38	22:18:33	24.07	3961	95.35	1.063e+04	18.3	T
39	22:18:57	8.98	1315	11.81	1.064e+04	6.08	T
40	22:19:06	8.53	2318	19.78	1.066e+04	10.7	T
41	22:19:14	9.01	3348	30.17	1.069e+04	15.5	T
42	22:19:23	8.53	4855	41.42	1.073e+04	22.5	T
43	22:19:32	9.00	6790	61.12	1.08e+04	31.4	T
44	22:19:41	8.53	8371	71.37	1.087e+04	38.7	T
45	22:19:50	9.01	1.039e+04	93.62	1.096e+04	48	T
46	22:19:59	8.52	1.116e+04	95.09	1.106e+04	51.6	T
47	22:20:07	9.01	1.179e+04	106.2	1.116e+04	54.5	T
48	22:20:16	8.51	1.059e+04	90.1	1.125e+04	49	T
49	22:20:25	9.01	9925	89.39	1.134e+04	45.9	T
50	22:20:34	8.25	7264	59.95	1.14e+04	33.6	T
51	22:20:42	9.02	6204	55.94	1.146e+04	28.7	T
52	22:20:51	8.52	3873	33.01	1.149e+04	17.9	T
53	22:20:59	9.01	2978	26.82	1.152e+04	13.8	T
54	22:21:08	8.53	1744	14.87	1.153e+04	8.07	T
55	22:21:17	9.00	1157	10.42	1.154e+04	5.35	T
56	22:21:26	8.50	3133	26.62	1.157e+04	14.5	T
57	22:21:34	47.06	1.174e+04	552.6	1.212e+04	54.3	T
58	22:22:21	60.49	1.172e+04	708.9	1.283e+04	54.2	T
59	22:23:22	20.55	1.17e+04	240.4	1.307e+04	54.1	T
60	22:23:43	60.15	1.168e+04	702.8	1.377e+04	54	T
61	22:24:43	19.59	1.167e+04	228.7	1.4e+04	54	T
62	22:25:02	60.12	1.166e+04	700.9	1.47e+04	53.9	T
63	22:26:02	60.12	1.164e+04	699.6	1.54e+04	53.8	T
64	22:27:02	60.14	1.161e+04	698.1	1.61e+04	53.7	T
65	22:28:03	60.29	1.159e+04	698.7	1.68e+04	53.6	T
66	22:29:03	33.67	1.157e+04	389.5	1.719e+04	53.5	T
67	22:29:37	60.03	1.155e+04	693.4	1.788e+04	53.4	T
68	22:30:37	60.12	1.152e+04	692.6	1.857e+04	53.3	T
69	22:31:37	60.11	1.149e+04	690.9	1.927e+04	53.2	T
70	22:32:37	60.13	1.147e+04	689.4	1.996e+04	53	T
71	22:33:37	60.15	1.144e+04	688.4	2.064e+04	52.9	T
72	22:34:37	60.11	1.142e+04	686.4	2.133e+04	52.8	T
73	22:35:37	60.17	1.139e+04	685.6	2.202e+04	52.7	T
74	22:36:37	60.11	1.136e+04	682.8	2.27e+04	52.5	T
75	22:37:38	60.14	1.133e+04	681.3	2.338e+04	52.4	T
76	22:38:38	60.17	1.131e+04	680.7	2.406e+04	52.3	T
77	22:39:38	60.15	1.13e+04	680	2.474e+04	52.3	T
78	22:40:38	60.17	1.129e+04	679.3	2.542e+04	52.2	T
79	22:41:38	60.15	1.127e+04	677.8	2.61e+04	52.1	T
80	22:42:38	60.14	1.125e+04	676.5	2.677e+04	52	T
81	22:43:38	60.18	1.123e+04	675.7	2.745e+04	51.9	T
82	22:44:39	14.44	1.122e+04	162	2.761e+04	51.9	T
83	22:44:53	31.08	1.121e+04	348.5	2.796e+04	51.9	T
84	22:45:24	54.43	1.12e+04	609.6	2.857e+04	51.8	T
85	22:46:19	60.22	1.118e+04	673.2	2.924e+04	51.7	T
86	22:47:19	60.15	1.115e+04	670.7	2.991e+04	51.6	T
87	22:48:19	60.14	1.112e+04	669	3.058e+04	51.5	T
88	22:49:19	60.16	1.11e+04	667.8	3.125e+04	51.3	T
89	22:50:19	60.12	1.108e+04	666.2	3.192e+04	51.3	T
90	22:51:19	60.14	1.106e+04	665.2	3.258e+04	51.2	T
91	22:52:19	60.16	1.103e+04	663.8	3.325e+04	51	T
92	22:53:20	60.12	1.102e+04	662.2	3.391e+04	51	T
93	22:54:20	60.10	1.099e+04	660.7	3.457e+04	50.8	T
94	22:55:20	60.17	1.098e+04	660.3	3.523e+04	50.8	T
95	22:56:20	60.13	1.097e+04	659.4	3.589e+04	50.7	T
96	22:57:20	60.15	1.096e+04	659.5	3.655e+04	50.7	T
97	22:58:20	60.16	1.097e+04	659.6	3.721e+04	50.7	T
98	22:59:20	60.15	1.097e+04	660	3.787e+04	50.8	T
99	23:00:21	60.16	1.098e+04	660.5	3.853e+04	50.8	T
100	23:01:21	60.20	1.099e+04	661.9	3.919e+04	50.9	T
101	23:02:21	60.18	1.099e+04	661.5	3.985e+04	50.8	T
102	23:03:21	60.14	1.099e+04	660.7	4.051e+04	50.8	T
103	23:04:21	60.12	1.098e+04	659.9	4.117e+04	50.8	T
104	23:05:21	60.13	1.097e+04	659.5	4.183e+04	50.7	T
105	23:06:22	10.31	1.096e+04	113	4.194e+04	50.7	T
106	23:06:32	42.65	1.095e+04	467.2	4.241e+04	50.7	T
107	23:07:15	48.10	1.095e+04	526.5	4.294e+04	50.6	T
108	23:08:03	60.30	1.092e+04	658.7	4.36e+04	50.5	T
109	23:09:03	60.17	1.09e+04	656	4.425e+04	50.4	T
110	23:10:03	60.12	1.09e+04	655.4	4.491e+04	50.4	T
111	23:11:03	60.13	1.088e+04	654.3	4.556e+04	50.3	T
112	23:12:03	60.13	1.087e+04	653.5	4.622e+04	50.3	T
113	23:13:03	60.16	1.085e+04	652.9	4.687e+04	50.2	T
114	23:14:04	60.18	1.084e+04	652.1	4.752e+04	50.1	T
115	23:15:04	31.49	1.082e+04	340.8	4.786e+04	50.1	T
116	23:15:35	20.51	1.082e+04	221.8	4.808e+04	50	T
117	23:15:56	60.40	1.08e+04	652.5	4.874e+04	50	T
118	23:16:56	60.15	1.078e+04	648.6	4.939e+04	49.9	T
119	23:17:56	60.14	1.076e+04	647.3	5.003e+04	49.8	T
120	23:18:56	60.15	1.074e+04	645.9	5.068e+04	49.7	T
121	23:19:57	60.12	1.08e+04	649.2	5.133e+04	49.9	T
122	23:20:57	60.16	1.088e+04	654.5	5.198e+04	50.3	T
123	23:21:57	60.16	1.085e+04	652.7	5.263e+04	50.2	T
124	23:22:57	60.13	1.082e+04	650.8	5.329e+04	50.1	T
125	23:23:57	60.12	1.086e+04	652.8	5.394e+04	50.2	T
126	23:24:57	60.13	1.086e+04	653.1	5.459e+04	50.2	T
127	23:25:57	60.13	1.086e+04	653.1	5.524e+04	50.2	T
128	23:26:58	60.14	1.088e+04	654.3	5.59e+04	50.3	T
129	23:27:58	60.15	1.084e+04	652.2	5.655e+04	50.2	T
130	23:28:58	60.16	1.084e+04	652.1	5.72e+04	50.1	T
131	23:29:58	60.36	1.081e+04	652.8	5.786e+04	50	T
132	23:30:58	60.14	1.08e+04	649.3	5.851e+04	49.9	T
133	23:31:59	60.17	1.078e+04	648.4	5.915e+04	49.8	T
134	23:32:59	60.14	1.076e+04	646.9	5.98e+04	49.8	T
135	23:33:59	60.16	1.073e+04	645.8	6.045e+04	49.6	T
136	23:34:59	60.13	1.072e+04	644.3	6.109e+04	49.6	T
137	23:35:59	60.15	1.071e+04	644	6.173e+04	49.5	T
138	23:36:59	60.40	1.069e+04	645.7	6.238e+04	49.4	T
139	23:38:00	60.14	1.067e+04	641.8	6.302e+04	49.4	T
140	23:39:00	60.14	1.065e+04	640.5	6.366e+04	49.3	T
141	23:40:00	60.11	1.065e+04	640	6.43e+04	49.3	T
142	23:41:00	60.13	1.063e+04	639.2	6.494e+04	49.2	T
143	23:42:00	60.15	1.062e+04	638.7	6.558e+04	49.1	T
144	23:43:00	60.10	1.062e+04	638.5	6.622e+04	49.1	T
145	23:44:00	60.13	1.06e+04	637.2	6.686e+04	49	T
146	23:45:01	60.16	1.058e+04	636.5	6.749e+04	48.9	T
147	23:46:01	60.15	1.056e+04	635.3	6.813e+04	48.9	T
148	23:47:01	60.11	1.055e+04	634	6.876e+04	48.8	T
149	23:48:01	60.15	1.054e+04	633.7	6.94e+04	48.7	T
150	23:49:01	60.34	1.052e+04	634.5	7.003e+04	48.6	T
151	23:50:02	60.15	1.049e+04	631.1	7.066e+04	48.5	T
152	23:51:02	60.15	1.048e+04	630.3	7.129e+04	48.5	T
153	23:52:02	60.12	1.046e+04	629	7.192e+04	48.4	T
154	23:53:02	60.12	1.044e+04	627.8	7.255e+04	48.3	T
155	23:54:02	60.15	1.042e+04	627	7.318e+04	48.2	T
156	23:55:02	60.15	1.041e+04	626	7.38e+04	48.1	T
157	23:56:02	60.15	1.039e+04	625.2	7.443e+04	48.1	T
158	23:57:02	60.16	1.038e+04	624.4	7.505e+04	48	T
159	23:58:03	60.11	1.036e+04	622.8	7.567e+04	47.9	T
160	23:59:03	60.12	1.035e+04	622.3	7.63e+04	47.9	T
161	00:00:03	60.11	1.033e+04	620.9	7.692e+04	47.8	T
162	00:01:03	60.17	1.032e+04	620.8	7.754e+04	47.7	T
163	00:02:03	60.15	1.029e+04	619.2	7.816e+04	47.6	T
164	00:03:03	60.15	1.028e+04	618.1	7.878e+04	47.5	T
165	00:04:03	60.12	1.026e+04	616.9	7.939e+04	47.5	T
166	00:05:04	60.35	1.025e+04	618.4	8.001e+04	47.4	T
167	00:06:04	60.16	1.024e+04	615.8	8.063e+04	47.3	T
168	00:07:04	60.16	1.023e+04	615.6	8.124e+04	47.3	T
169	00:08:04	60.14	1.023e+04	615	8.186e+04	47.3	T
170	00:09:04	60.12	1.02e+04	613.4	8.247e+04	47.2	T
171	00:10:05	60.15	1.019e+04	612.8	8.308e+04	47.1	T
172	00:11:05	60.16	1.016e+04	611.4	8.369e+04	47	T
173	00:12:05	60.15	1.012e+04	608.9	8.43e+04	46.8	T
174	00:13:05	60.17	1.011e+04	608.2	8.491e+04	46.8	T
175	00:14:05	31.64	1.013e+04	320.4	8.523e+04	46.8	T
176	00:14:37	51.86	1.011e+04	524.5	8.576e+04	46.8	T
177	00:15:29	60.34	1.009e+04	609.1	8.637e+04	46.7	T
178	00:16:29	60.12	1.008e+04	606.3	8.697e+04	46.6	T
179	00:17:29	60.13	1.006e+04	605	8.758e+04	46.5	T
180	00:18:29	60.13	1.004e+04	604	8.818e+04	46.5	T
181	00:19:29	60.11	1.003e+04	602.7	8.878e+04	46.4	T
182	00:20:29	60.12	1.001e+04	601.6	8.939e+04	46.3	T
183	00:21:30	60.13	9989	600.6	8.999e+04	46.2	T
184	00:22:30	60.13	9969	599.5	9.059e+04	46.1	T
185	00:23:30	60.11	9954	598.4	9.118e+04	46	T
186	00:24:30	60.17	9933	597.6	9.178e+04	45.9	T
187	00:25:30	60.11	9912	595.8	9.238e+04	45.8	T
188	00:26:30	60.18	9893	595.3	9.297e+04	45.8	T
189	00:27:30	60.14	9881	594.3	9.357e+04	45.7	T
190	00:28:31	43.82	9857	432	9.4e+04	45.6	T
191	00:29:14	42.73	9845	420.7	9.442e+04	45.5	T
192	00:29:57	60.36	9833	593.5	9.501e+04	45.5	T
193	00:30:57	60.39	9815	592.8	9.561e+04	45.4	T
194	00:31:58	60.20	9811	590.6	9.62e+04	45.4	T
195	00:32:58	60.13	9813	590	9.679e+04	45.4	T
196	00:33:58	60.12	9797	589.1	9.738e+04	45.3	T
197	00:34:58	60.15	9786	588.6	9.796e+04	45.3	T
198	00:35:58	60.11	9773	587.4	9.855e+04	45.2	T
199	00:36:59	60.36	9759	589.1	9.914e+04	45.1	T
200	00:37:59	60.14	9745	586	9.973e+04	45.1	T
201	00:38:59	60.14	9732	585.3	1.003e+05	45	T
202	00:39:59	60.12	9715	584.1	1.009e+05	44.9	T
203	00:40:59	60.14	9697	583.1	1.015e+05	44.9	T
204	00:41:59	60.13	9681	582.1	1.021e+05	44.8	T
205	00:43:00	60.12	9663	580.9	1.026e+05	44.7	T
206	00:44:00	60.16	9626	579.1	1.032e+05	44.5	T
207	00:45:00	60.15	9623	578.9	1.038e+05	44.5	T
208	00:46:00	60.19	9600	577.9	1.044e+05	44.4	T
209	00:47:00	60.15	9599	577.3	1.05e+05	44.4	T
210	00:48:00	60.14	9595	577	1.055e+05	44.4	T
211	00:49:01	60.16	9579	576.3	1.061e+05	44.3	T
212	00:50:01	60.17	9566	575.5	1.067e+05	44.2	T
213	00:51:01	60.13	9549	574.2	1.073e+05	44.2	T
214	00:52:01	60.15	9538	573.7	1.078e+05	44.1	T
215	00:53:01	60.17	9525	573.1	1.084e+05	44.1	T
216	00:54:01	60.11	9507	571.5	1.09e+05	44	T
217	00:55:01	60.17	9487	570.8	1.095e+05	43.9	T
218	00:56:02	60.13	9476	569.8	1.101e+05	43.8	T
219	00:57:02	60.15	9456	568.8	1.107e+05	43.7	T
220	00:58:02	60.15	9436	567.6	1.113e+05	43.6	T
221	00:59:02	60.13	9421	566.4	1.118e+05	43.6	T
222	01:00:02	60.11	9420	566.3	1.124e+05	43.6	T
223	01:01:02	60.15	9417	566.4	1.13e+05	43.6	T
224	01:02:02	60.13	9394	564.9	1.135e+05	43.5	T
225	01:03:03	60.15	9396	565.2	1.141e+05	43.5	T
226	01:04:03	60.16	9380	564.3	1.146e+05	43.4	T
227	01:05:03	60.14	9357	562.8	1.152e+05	43.3	T
228	01:06:03	60.10	9291	558.4	1.158e+05	43	T
229	01:07:03	60.13	9240	555.7	1.163e+05	42.7	T
230	01:08:03	60.16	9225	555	1.169e+05	42.7	T
231	01:09:03	60.14	9210	553.9	1.174e+05	42.6	T
232	01:10:04	60.16	9188	552.8	1.18e+05	42.5	T
233	01:11:04	60.15	9167	551.4	1.185e+05	42.4	T
234	01:12:04	60.16	9155	550.8	1.191e+05	42.3	T
235	01:13:04	60.15	9129	549.1	1.196e+05	42.2	T
236	01:14:04	60.14	9107	547.7	1.202e+05	42.1	T
237	01:15:04	60.13	9092	546.7	1.207e+05	42.1	T
238	01:16:04	32.09	9078	291.4	1.21e+05	42	T
239	01:16:36	60.08	9068	544.8	1.216e+05	41.9	T
240	01:17:37	60.14	9045	544	1.221e+05	41.8	T
241	01:18:37	60.16	9052	544.6	1.227e+05	41.9	T
242	01:19:37	60.16	9031	543.4	1.232e+05	41.8	T
243	01:20:37	60.11	9016	541.9	1.237e+05	41.7	T
244	01:21:37	60.12	8997	540.9	1.243e+05	41.6	T
245	01:22:37	60.12	8978	539.8	1.248e+05	41.5	T
246	01:23:37	60.17	8955	538.8	1.254e+05	41.4	T
247	01:24:38	60.13	8951	538.2	1.259e+05	41.4	T
248	01:25:38	60.13	8930	537	1.264e+05	41.3	T
249	01:26:38	60.16	8922	536.7	1.27e+05	41.3	T
250	01:27:38	60.16	8908	535.9	1.275e+05	41.2	T
251	01:28:38	60.11	8910	535.6	1.28e+05	41.2	T
252	01:29:38	16.69	8891	148.4	1.282e+05	41.1	T
253	01:29:55	53.25	8880	472.8	1.287e+05	41.1	T
254	01:30:48	60.04	8850	531.4	1.292e+05	40.9	T
255	01:31:48	60.16	8858	532.9	1.297e+05	41	T
256	01:32:48	60.11	8838	531.3	1.303e+05	40.9	T
257	01:33:48	60.14	8837	531.5	1.308e+05	40.9	T
258	01:34:49	60.17	8820	530.8	1.313e+05	40.8	T
259	01:35:49	60.11	8817	530	1.319e+05	40.8	T
260	01:36:49	53.74	8801	473	1.323e+05	40.7	T
261	01:37:43	45.96	8785	403.8	1.327e+05	40.6	T
262	01:38:29	60.43	8768	529.8	1.333e+05	40.6	T
263	01:39:29	60.11	8496	510.7	1.338e+05	39.3	T
264	01:40:29	60.11	8444	507.6	1.343e+05	39.1	T
265	01:41:29	60.12	9053	544.2	1.348e+05	41.9	T
266	01:42:29	60.11	9036	543.2	1.354e+05	41.8	T
267	01:43:29	60.17	9026	543	1.359e+05	41.7	T
268	01:44:30	60.15	9014	542.2	1.365e+05	41.7	T
269	01:45:30	53.32	9001	479.9	1.369e+05	41.6	T
270	01:46:23	36.71	8998	330.3	1.373e+05	41.6	T
271	01:47:00	60.36	8989	542.6	1.378e+05	41.6	T
272	01:48:00	60.12	8964	538.9	1.383e+05	41.5	T
273	01:49:00	60.15	8950	538.3	1.389e+05	41.4	T
274	01:50:00	60.12	8940	537.4	1.394e+05	41.3	T
275	01:51:01	60.13	8927	536.8	1.4e+05	41.3	T
276	01:52:01	60.12	8916	536	1.405e+05	41.2	T
277	01:53:01	29.88	8903	266	1.408e+05	41.2	T
278	01:53:31	60.29	8895	536.2	1.413e+05	41.1	T
279	01:54:31	60.16	8888	534.7	1.418e+05	41.1	T
280	01:55:31	60.15	8872	533.7	1.424e+05	41	T
281	01:56:31	60.17	8852	532.6	1.429e+05	40.9	T
282	01:57:31	27.96	8859	247.7	1.431e+05	41	T
283	01:57:59	60.21	8865	533.7	1.437e+05	41	T
284	01:59:00	60.11	8853	532.2	1.442e+05	41	T
285	02:00:00	60.11	8838	531.3	1.447e+05	40.9	T
286	02:01:00	19.25	8830	170	1.449e+05	40.8	T
287	02:01:19	41.94	8823	370.1	1.453e+05	40.8	T
288	02:02:01	60.33	8815	531.8	1.458e+05	40.8	T
289	02:03:01	60.13	8803	529.3	1.463e+05	40.7	T
290	02:04:02	60.40	8785	530.6	1.469e+05	40.6	T
291	02:05:02	60.13	8772	527.5	1.474e+05	40.6	T
292	02:06:02	60.15	8758	526.9	1.479e+05	40.5	T
293	02:07:02	60.11	8746	525.7	1.485e+05	40.5	T
294	02:08:02	60.18	8733	525.6	1.49e+05	40.4	T
295	02:09:02	60.12	8723	524.4	1.495e+05	40.3	T
296	02:10:03	60.15	8709	523.8	1.5e+05	40.3	T
297	02:11:03	60.14	8700	523.2	1.505e+05	40.2	T
298	02:12:03	60.13	8689	522.5	1.511e+05	40.2	T
299	02:13:03	60.16	8673	521.7	1.516e+05	40.1	T
300	02:14:03	60.13	8659	520.6	1.521e+05	40.1	T
301	02:15:03	60.38	8644	521.9	1.526e+05	40	T
302	02:16:04	60.14	8630	519	1.532e+05	39.9	T
303	02:17:04	60.11	8624	518.4	1.537e+05	39.9	T
304	02:18:04	60.14	8607	517.6	1.542e+05	39.8	T
305	02:19:04	60.15	8600	517.2	1.547e+05	39.8	T
306	02:20:04	10.28	8595	88.39	1.548e+05	39.8	T
307	02:20:15	60.12	8585	516.1	1.553e+05	39.7	T
308	02:21:15	60.12	8568	515.1	1.558e+05	39.6	T
309	02:22:15	60.14	8554	514.4	1.563e+05	39.6	T
310	02:23:15	60.16	8543	513.9	1.569e+05	39.5	T
311	02:24:15	60.12	8533	513	1.574e+05	39.5	T
312	02:25:15	60.16	8518	512.4	1.579e+05	39.4	T
313	02:26:15	60.16	8504	511.6	1.584e+05	39.3	T
314	02:27:16	60.12	8519	512.2	1.589e+05	39.4	T
315	02:28:16	60.11	8509	511.5	1.594e+05	39.4	T
316	02:29:16	60.18	8495	511.2	1.599e+05	39.3	T
317	02:30:16	60.16	8484	510.4	1.604e+05	39.2	T
318	02:31:16	60.15	8469	509.3	1.609e+05	39.2	T
319	02:32:16	60.14	8459	508.7	1.615e+05	39.1	T
320	02:33:16	60.13	8444	507.8	1.62e+05	39.1	T
321	02:34:16	60.13	8434	507.2	1.625e+05	39	T
322	02:35:17	60.18	8424	507	1.63e+05	39	T
323	02:36:17	60.10	8413	505.6	1.635e+05	38.9	T
324	02:37:17	60.16	8395	505.1	1.64e+05	38.8	T
325	02:38:17	60.16	8382	504.2	1.645e+05	38.8	T
326	02:39:17	60.36	8368	505.1	1.65e+05	38.7	T
327	02:40:18	60.17	8357	502.8	1.655e+05	38.7	T
328	02:41:18	60.11	8344	501.6	1.66e+05	38.6	T
329	02:42:18	60.38	8333	503.1	1.665e+05	38.5	T
330	02:43:18	13.94	8330	116.2	1.666e+05	38.5	T
331	02:43:32	31.14	8325	259.3	1.669e+05	38.5	T
332	02:44:03	60.51	8317	503.2	1.674e+05	38.5	T
333	02:45:04	60.16	8302	499.5	1.679e+05	38.4	T
334	02:46:04	60.11	8288	498.2	1.684e+05	38.3	T
335	02:47:04	60.11	8274	497.4	1.689e+05	38.3	T
336	02:48:04	60.17	8262	497.1	1.694e+05	38.2	T
337	02:49:04	60.14	8252	496.3	1.699e+05	38.2	T
338	02:50:05	60.15	8239	495.6	1.704e+05	38.1	T
339	02:51:05	60.14	8228	494.8	1.709e+05	38.1	T
340	02:52:05	60.15	8218	494.3	1.714e+05	38	T
341	02:53:05	60.12	8208	493.4	1.718e+05	38	T
342	02:54:05	60.14	8196	492.9	1.723e+05	37.9	T
343	02:55:05	59.29	8179	485	1.728e+05	37.8	T
344	02:56:05	60.44	8166	493.6	1.733e+05	37.8	T
345	02:57:05	60.13	8172	491.4	1.738e+05	37.8	T
346	02:58:05	60.12	8169	491.1	1.743e+05	37.8	T
347	02:59:05	24.74	8160	201.9	1.745e+05	37.7	T
348	02:59:30	60.20	8151	490.7	1.75e+05	37.7	T
349	03:00:30	35.49	8140	288.9	1.753e+05	37.7	T
350	03:01:06	31.03	8137	252.5	1.755e+05	37.6	T
351	03:01:37	60.49	8132	491.9	1.76e+05	37.6	T
352	03:02:37	60.11	8112	487.6	1.765e+05	37.5	T
353	03:03:37	30.56	8103	247.6	1.768e+05	37.5	T
354	03:04:08	60.47	8093	489.4	1.773e+05	37.4	T
355	03:05:08	60.15	8080	485.9	1.777e+05	37.4	T
356	03:06:08	60.10	8075	485.4	1.782e+05	37.4	T
357	03:07:09	60.14	8060	484.8	1.787e+05	37.3	T
358	03:08:09	60.11	8052	484	1.792e+05	37.2	T
359	03:09:09	60.12	8039	483.3	1.797e+05	37.2	T
360	03:10:09	60.13	8028	482.7	1.802e+05	37.1	T
361	03:11:09	59.92	8014	480.2	1.806e+05	37.1	T
362	03:12:09	60.61	7998	484.8	1.811e+05	37	T
363	03:13:10	60.12	7984	480	1.816e+05	36.9	T
364	03:14:10	60.14	7973	479.5	1.821e+05	36.9	T
365	03:15:10	60.11	7965	478.8	1.826e+05	36.8	T
366	03:16:10	60.15	7958	478.7	1.83e+05	36.8	T
367	03:17:10	60.20	7945	478.3	1.835e+05	36.8	T
368	03:18:10	60.15	7932	477.1	1.84e+05	36.7	T
369	03:19:10	60.15	7907	475.6	1.845e+05	36.6	T
370	03:20:11	60.14	7893	474.6	1.849e+05	36.5	T
371	03:21:11	60.11	7886	474	1.854e+05	36.5	T
372	03:22:11	60.36	7876	475.4	1.859e+05	36.4	T
373	03:23:11	60.14	7863	472.9	1.864e+05	36.4	T
374	03:24:11	60.11	7849	471.8	1.868e+05	36.3	T
375	03:25:11	60.13	7831	470.9	1.873e+05	36.2	T
376	03:26:12	47.11	7831	368.9	1.877e+05	36.2	T
377	03:26:59	60.15	7812	469.9	1.882e+05	36.1	T
378	03:27:59	60.11	7800	468.9	1.886e+05	36.1	T
379	03:28:59	60.12	7798	468.8	1.891e+05	36.1	T
380	03:29:59	60.13	7814	469.9	1.896e+05	36.1	T
381	03:30:59	60.14	7807	469.5	1.9e+05	36.1	T
382	03:31:59	60.14	7799	469	1.905e+05	36.1	T
383	03:32:59	60.11	7795	468.6	1.91e+05	36.1	T
384	03:34:00	59.41	7787	462.6	1.914e+05	36	T
385	03:34:59	41.26	7777	320.9	1.917e+05	36	T
386	03:35:40	60.44	7771	469.7	1.922e+05	35.9	T
387	03:36:41	10.28	7765	79.84	1.923e+05	35.9	T
388	03:36:51	60.48	7764	469.6	1.928e+05	35.9	T
389	03:37:51	60.12	7753	466.1	1.932e+05	35.9	T
390	03:38:52	60.16	7743	465.8	1.937e+05	35.8	T
391	03:39:52	60.11	7731	464.7	1.942e+05	35.8	T
392	03:40:52	21.50	7727	166.2	1.943e+05	35.7	T
393	03:41:13	60.44	7715	466.3	1.948e+05	35.7	T
394	03:42:14	10.34	7708	79.67	1.949e+05	35.7	T
395	03:42:24	60.41	7703	465.3	1.953e+05	35.6	T
396	03:43:25	60.12	7692	462.4	1.958e+05	35.6	T
397	03:44:25	60.12	7680	461.7	1.963e+05	35.5	T
398	03:45:25	60.14	7667	461.1	1.967e+05	35.5	T
399	03:46:25	60.11	7656	460.2	1.972e+05	35.4	T
400	03:47:25	60.17	7644	459.9	1.976e+05	35.4	T
401	03:48:25	60.15	7633	459.1	1.981e+05	35.3	T
402	03:49:25	60.15	7621	458.4	1.986e+05	35.3	T
403	03:50:26	60.16	7611	457.9	1.99e+05	35.2	T
404	03:51:26	20.65	7601	157	1.992e+05	35.2	T
405	03:51:46	31.09	7597	236.2	1.994e+05	35.1	T
406	03:52:17	60.51	7589	459.2	1.999e+05	35.1	T
407	03:53:18	60.15	7576	455.7	2.003e+05	35	T
408	03:54:18	60.13	7565	454.9	2.008e+05	35	T
409	03:55:18	60.14	7555	454.4	2.012e+05	34.9	T
410	03:56:18	60.14	7542	453.6	2.017e+05	34.9	T
411	03:57:18	60.13	7529	452.7	2.021e+05	34.8	T
412	03:58:19	60.15	7518	452.2	2.026e+05	34.8	T
413	03:59:19	60.13	7505	451.3	2.031e+05	34.7	T
414	04:00:19	60.11	7493	450.5	2.035e+05	34.7	T
415	04:01:19	60.17	7489	450.6	2.04e+05	34.6	T
416	04:02:19	60.14	7498	451	2.044e+05	34.7	T
417	04:03:19	60.16	7485	450.2	2.049e+05	34.6	T
418	04:04:19	60.11	7474	449.3	2.053e+05	34.6	T
419	04:05:20	60.17	7463	449	2.058e+05	34.5	T
420	04:06:20	60.14	7454	448.3	2.062e+05	34.5	T
421	04:07:20	60.13	7439	447.3	2.066e+05	34.4	T
422	04:08:20	60.35	7427	448.2	2.071e+05	34.4	T
423	04:09:20	60.13	7417	446	2.075e+05	34.3	T
424	04:10:21	60.16	7405	445.5	2.08e+05	34.3	T
425	04:11:21	60.17	7396	445	2.084e+05	34.2	T
426	04:12:21	60.17	7385	444.3	2.089e+05	34.2	T
427	04:13:21	60.13	7375	443.4	2.093e+05	34.1	T
428	04:14:21	60.14	7364	442.8	2.098e+05	34.1	T
429	04:15:21	60.11	7353	442	2.102e+05	34	T
430	04:16:21	10.26	7347	75.41	2.103e+05	34	T
431	04:16:32	60.11	7341	441.3	2.107e+05	34	T
432	04:17:32	20.27	7332	148.6	2.109e+05	33.9	T
433	04:17:52	60.15	7329	440.8	2.113e+05	33.9	T
434	04:18:52	60.16	7317	440.2	2.118e+05	33.8	T
435	04:19:52	60.12	7310	439.4	2.122e+05	33.8	T
436	04:20:52	60.40	7303	441.1	2.126e+05	33.8	T
437	04:21:53	60.15	7291	438.6	2.131e+05	33.7	T
438	04:22:53	60.10	7280	437.6	2.135e+05	33.7	T
439	04:23:53	60.15	7272	437.4	2.139e+05	33.6	T
440	04:24:53	12.68	7269	92.19	2.14e+05	33.6	T
441	04:25:06	60.20	7262	437.1	2.145e+05	33.6	T
442	04:26:06	60.13	7250	436	2.149e+05	33.5	T
443	04:27:06	60.36	7165	432.5	2.153e+05	33.1	T
444	04:28:07	60.11	7035	422.9	2.158e+05	32.5	T
445	04:29:07	60.15	7036	423.2	2.162e+05	32.5	T
446	04:30:07	60.15	7223	434.5	2.166e+05	33.4	T
447	04:31:07	60.14	7215	433.9	2.171e+05	33.4	T
448	04:32:07	60.16	7203	433.3	2.175e+05	33.3	T
449	04:33:07	10.29	7197	74.09	2.176e+05	33.3	T
450	04:33:18	11.41	7195	82.08	2.176e+05	33.3	T
451	04:33:29	60.23	7191	433.1	2.181e+05	33.3	T
452	04:34:29	60.13	7180	431.7	2.185e+05	33.2	T
453	04:35:29	59.61	7183	428.1	2.189e+05	33.2	T
454	04:36:29	60.15	7183	432	2.194e+05	33.2	T
455	04:37:29	60.12	7174	431.3	2.198e+05	33.2	T
456	04:38:29	60.13	7164	430.7	2.202e+05	33.1	T
457	04:39:29	60.16	7150	430.1	2.207e+05	33.1	T
458	04:40:30	60.12	7140	429.3	2.211e+05	33	T
459	04:41:30	60.12	7127	428.4	2.215e+05	33	T
460	04:42:30	60.12	7115	427.8	2.219e+05	32.9	T
461	04:43:30	60.12	7108	427.3	2.224e+05	32.9	T
462	04:44:30	60.14	7095	426.7	2.228e+05	32.8	T
463	04:45:30	60.17	7085	426.3	2.232e+05	32.8	T
464	04:46:30	60.10	7073	425.1	2.237e+05	32.7	T
465	04:47:30	60.13	7062	424.7	2.241e+05	32.7	T
466	04:48:31	60.14	7048	423.9	2.245e+05	32.6	T
467	04:49:31	60.14	7039	423.4	2.249e+05	32.6	T
468	04:50:31	60.12	7028	422.5	2.253e+05	32.5	T
469	04:51:31	60.12	7017	421.9	2.258e+05	32.5	T
470	04:52:31	60.15	7009	421.6	2.262e+05	32.4	T
471	04:53:31	60.14	6994	420.6	2.266e+05	32.4	T
472	04:54:31	60.14	6980	419.8	2.27e+05	32.3	T
473	04:55:32	60.14	6972	419.3	2.275e+05	32.3	T
474	04:56:32	60.14	6960	418.5	2.279e+05	32.2	T
475	04:57:32	60.18	6948	418.1	2.283e+05	32.1	T
476	04:58:32	60.14	6938	417.2	2.287e+05	32.1	T
477	04:59:32	60.15	6930	416.8	2.291e+05	32.1	T
478	05:00:32	60.14	6918	416.1	2.295e+05	32	T
479	05:01:32	60.11	6909	415.3	2.3e+05	32	T
480	05:02:33	60.11	6892	414.2	2.304e+05	31.9	T
481	05:03:33	60.16	6888	414.4	2.308e+05	31.9	T
482	05:04:33	60.13	6880	413.7	2.312e+05	31.8	T
483	05:05:33	60.12	6874	413.2	2.316e+05	31.8	T
484	05:06:33	60.18	6862	413	2.32e+05	31.7	T
485	05:07:33	60.17	6855	412.4	2.324e+05	31.7	T
486	05:08:33	60.11	6843	411.4	2.328e+05	31.7	T
487	05:09:34	60.12	6845	411.5	2.333e+05	31.7	T
488	05:10:34	60.16	6845	411.8	2.337e+05	31.7	T
489	05:11:34	34.01	6837	232.5	2.339e+05	31.6	T
490	05:12:08	56.15	6834	383.7	2.343e+05	31.6	T
491	05:13:04	60.23	6827	411.2	2.347e+05	31.6	T
492	05:14:04	60.11	6822	410	2.351e+05	31.6	T
493	05:15:04	60.15	6814	409.9	2.355e+05	31.5	T
494	05:16:04	60.16	6806	409.4	2.359e+05	31.5	T
495	05:17:05	60.12	6798	408.7	2.363e+05	31.4	T
496	05:18:05	60.15	6792	408.5	2.367e+05	31.4	T
497	05:19:05	60.13	6786	408	2.372e+05	31.4	T
498	05:20:05	60.15	6777	407.7	2.376e+05	31.3	T
499	05:21:05	60.15	6767	407	2.38e+05	31.3	T
500	05:22:05	60.15	6762	406.8	2.384e+05	31.3	T
501	05:23:05	60.12	6755	406.1	2.388e+05	31.2	T
502	05:24:06	60.12	6747	405.7	2.392e+05	31.2	T
503	05:25:06	60.13	6740	405.3	2.396e+05	31.2	T
504	05:26:06	60.15	6733	405	2.4e+05	31.1	T
505	05:27:06	60.14	6723	404.3	2.404e+05	31.1	T
506	05:28:06	60.15	6714	403.9	2.408e+05	31.1	T
507	05:29:06	60.16	6702	403.2	2.412e+05	31	T
508	05:30:06	60.17	6688	402.4	2.416e+05	30.9	T
509	05:31:07	60.15	6682	401.9	2.42e+05	30.9	T
510	05:32:07	60.11	6674	401.2	2.424e+05	30.9	T
511	05:33:07	60.11	6666	400.7	2.428e+05	30.8	T
512	05:34:07	60.11	6656	400.1	2.432e+05	30.8	T
513	05:35:07	60.14	6649	399.8	2.436e+05	30.8	T
514	05:36:07	60.12	6639	399.2	2.44e+05	30.7	T
515	05:37:07	60.10	6631	398.5	2.444e+05	30.7	T
516	05:38:07	60.12	6625	398.3	2.448e+05	30.6	T
517	05:39:08	60.14	6612	397.6	2.452e+05	30.6	T
518	05:40:08	60.17	6602	397.2	2.456e+05	30.5	T
519	05:41:08	60.15	6592	396.5	2.46e+05	30.5	T
520	05:42:08	60.12	6586	396	2.464e+05	30.5	T
521	05:43:08	60.16	6576	395.6	2.468e+05	30.4	T
522	05:44:08	60.14	6566	394.9	2.472e+05	30.4	T
523	05:45:08	60.17	6557	394.5	2.476e+05	30.3	T
524	05:46:09	60.16	6567	395.1	2.48e+05	30.4	T
525	05:47:09	28.90	6561	189.6	2.482e+05	30.3	T
526	05:47:38	60.08	6553	393.7	2.486e+05	30.3	T
527	05:48:38	60.11	6541	393.2	2.49e+05	30.3	T
528	05:49:38	60.14	6533	392.9	2.493e+05	30.2	T
529	05:50:38	60.15	6522	392.3	2.497e+05	30.2	T
530	05:51:38	60.16	6515	391.9	2.501e+05	30.1	T
531	05:52:38	60.14	6507	391.3	2.505e+05	30.1	T
532	05:53:38	60.14	6498	390.8	2.509e+05	30.1	T
533	05:54:39	60.12	6490	390.2	2.513e+05	30	T
534	05:55:39	60.16	6476	389.6	2.517e+05	30	T
535	05:56:39	60.13	6464	388.7	2.521e+05	29.9	T
536	05:57:39	60.14	6454	388.2	2.525e+05	29.9	T
537	05:58:39	60.12	6443	387.3	2.529e+05	29.8	T
538	05:59:39	60.14	6273	377.3	2.532e+05	29	T
539	06:00:39	60.35	6185	373.3	2.536e+05	28.6	T
540	06:01:40	60.09	6412	385.3	2.54e+05	29.7	T
541	06:02:40	60.14	6450	387.9	2.544e+05	29.8	T
542	06:03:40	60.15	6442	387.5	2.548e+05	29.8	T
543	06:04:40	60.13	6433	386.8	2.552e+05	29.8	T
544	06:05:40	60.11	6425	386.2	2.555e+05	29.7	T
545	06:06:40	60.11	6416	385.7	2.559e+05	29.7	T
546	06:07:40	60.16	6405	385.4	2.563e+05	29.6	T
547	06:08:41	57.07	6398	365.1	2.567e+05	29.6	T
548	06:09:38	60.23	6435	387.6	2.571e+05	29.8	T
549	06:10:38	60.12	6433	386.8	2.575e+05	29.8	T
550	06:11:38	60.36	6429	388.1	2.578e+05	29.7	T
551	06:12:38	60.41	6418	387.7	2.582e+05	29.7	T
552	06:13:39	60.10	6412	385.4	2.586e+05	29.7	T
553	06:14:39	60.11	6405	385	2.59e+05	29.6	T
554	06:15:39	60.11	6392	384.2	2.594e+05	29.6	T
555	06:16:39	60.16	6390	384.4	2.598e+05	29.6	T
556	06:17:39	60.15	6395	384.6	2.602e+05	29.6	T
557	06:18:39	60.14	6384	383.9	2.605e+05	29.5	T
558	06:19:40	60.13	6375	383.3	2.609e+05	29.5	T
559	06:20:40	60.14	6363	382.7	2.613e+05	29.4	T
560	06:21:40	60.16	6355	382.3	2.617e+05	29.4	T
561	06:22:40	60.16	6346	381.8	2.621e+05	29.4	T
562	06:23:40	60.11	6337	380.9	2.624e+05	29.3	T
563	06:24:40	60.10	6328	380.3	2.628e+05	29.3	T
564	06:25:40	60.10	6318	379.7	2.632e+05	29.2	T
565	06:26:41	60.13	6309	379.4	2.636e+05	29.2	T
566	06:27:41	60.15	6298	378.8	2.64e+05	29.1	T
567	06:28:41	60.13	6288	378.1	2.643e+05	29.1	T
568	06:29:41	60.12	6279	377.5	2.647e+05	29	T
569	06:30:41	60.11	6274	377.1	2.651e+05	29	T
570	06:31:41	60.13	6267	376.8	2.655e+05	29	T
571	06:32:41	60.18	6258	376.6	2.658e+05	28.9	T
572	06:33:41	60.14	6249	375.8	2.662e+05	28.9	T
573	06:34:42	60.11	6242	375.2	2.666e+05	28.9	T
574	06:35:42	60.14	6235	375	2.67e+05	28.8	T
575	06:36:42	60.14	6229	374.6	2.674e+05	28.8	T
576	06:37:42	60.11	6220	373.9	2.677e+05	28.8	T
577	06:38:42	60.17	6225	374.5	2.681e+05	28.8	T
578	06:39:42	60.12	6222	374.1	2.685e+05	28.8	T
579	06:40:42	60.14	6213	373.7	2.688e+05	28.7	T
580	06:41:43	60.13	6202	372.9	2.692e+05	28.7	T
581	06:42:43	60.13	6197	372.6	2.696e+05	28.7	T
582	06:43:43	60.14	6190	372.3	2.7e+05	28.6	T
583	06:44:43	60.13	6184	371.8	2.703e+05	28.6	T
584	06:45:43	60.12	6177	371.3	2.707e+05	28.6	T
585	06:46:43	60.17	6169	371.2	2.711e+05	28.5	T
586	06:47:43	60.16	6160	370.6	2.714e+05	28.5	T
587	06:48:43	60.14	6151	369.9	2.718e+05	28.4	T
588	06:49:44	60.14	6141	369.3	2.722e+05	28.4	T
589	06:50:44	60.15	6130	368.7	2.726e+05	28.4	T
590	06:51:44	60.11	6119	367.8	2.729e+05	28.3	T
591	06:52:44	60.14	6104	367.1	2.733e+05	28.2	T
592	06:53:44	60.15	6098	366.8	2.737e+05	28.2	T
593	06:54:44	60.35	6092	367.6	2.74e+05	28.2	T
594	06:55:45	60.14	6085	366	2.744e+05	28.1	T
595	06:56:45	60.12	6077	365.4	2.748e+05	28.1	T
596	06:57:45	60.14	6069	365	2.751e+05	28.1	T
597	06:58:45	60.11	6061	364.3	2.755e+05	28	T
598	06:59:45	60.16	6070	365.2	2.759e+05	28.1	T
599	07:00:45	60.17	6064	364.9	2.762e+05	28	T
600	07:01:46	60.17	6051	364	2.766e+05	28	T
601	07:02:46	60.12	6041	363.2	2.769e+05	27.9	T
602	07:03:46	60.16	6035	363.1	2.773e+05	27.9	T
603	07:04:46	60.13	6030	362.6	2.777e+05	27.9	T
604	07:05:46	60.16	6022	362.3	2.78e+05	27.9	T
605	07:06:46	10.26	6018	61.77	2.781e+05	27.8	T
606	07:06:57	60.43	6014	363.4	2.785e+05	27.8	T
607	07:07:57	60.15	6006	361.2	2.788e+05	27.8	T
608	07:08:57	60.42	5996	362.3	2.792e+05	27.7	T
609	07:09:58	60.16	5989	360.3	2.795e+05	27.7	T
610	07:10:58	60.15	5984	360	2.799e+05	27.7	T
611	07:11:58	60.13	5977	359.4	2.803e+05	27.6	T
612	07:12:58	60.14	5970	359.1	2.806e+05	27.6	T
613	07:13:58	16.60	5967	99.08	2.807e+05	27.6	T
614	07:14:15	60.28	5963	359.4	2.811e+05	27.6	T
615	07:15:15	60.16	5948	357.8	2.814e+05	27.5	T
616	07:16:15	36.53	5946	217.2	2.817e+05	27.5	T
617	07:16:52	60.44	5939	359	2.82e+05	27.5	T
618	07:17:52	60.18	5931	356.9	2.824e+05	27.4	T
619	07:18:52	60.16	5917	356	2.827e+05	27.4	T
620	07:19:52	60.16	5911	355.6	2.831e+05	27.3	T
621	07:20:53	60.16	5907	355.4	2.834e+05	27.3	T
622	07:21:53	60.18	5902	355.2	2.838e+05	27.3	T
623	07:22:53	60.14	5912	355.6	2.841e+05	27.3	T
624	07:23:53	40.81	5905	241	2.844e+05	27.3	T
625	07:24:34	60.23	5897	355.2	2.847e+05	27.3	T
626	07:25:34	60.18	5829	350.8	2.851e+05	27	T
627	07:26:34	60.14	5696	342.6	2.854e+05	26.3	T
628	07:27:34	60.13	5767	346.7	2.858e+05	26.7	T
629	07:28:35	60.39	5883	355.3	2.861e+05	27.2	T
630	07:29:35	60.15	5874	353.3	2.865e+05	27.2	T
631	07:30:35	60.13	5866	352.8	2.868e+05	27.1	T
632	07:31:35	60.17	5859	352.5	2.872e+05	27.1	T
633	07:32:35	60.14	5852	352	2.875e+05	27.1	T
634	07:33:36	60.13	5844	351.4	2.879e+05	27	T
635	07:34:36	60.11	5830	350.4	2.883e+05	27	T
636	07:35:36	60.12	5814	349.5	2.886e+05	26.9	T
637	07:36:36	60.12	5808	349.2	2.889e+05	26.9	T
638	07:37:36	60.16	5796	348.6	2.893e+05	26.8	T
639	07:38:36	60.16	5785	348	2.896e+05	26.8	T
640	07:39:36	60.12	5779	347.4	2.9e+05	26.7	T
641	07:40:36	60.14	5774	347.3	2.903e+05	26.7	T
642	07:41:37	60.16	5768	347	2.907e+05	26.7	T
643	07:42:37	60.15	5759	346.4	2.91e+05	26.6	T
644	07:43:37	60.16	5751	346	2.914e+05	26.6	T
645	07:44:37	60.16	5758	346.4	2.917e+05	26.6	T
646	07:45:37	60.14	5755	346.1	2.921e+05	26.6	T
647	07:46:37	60.13	5744	345.4	2.924e+05	26.6	T
648	07:47:38	60.14	5596	336.6	2.928e+05	25.9	T
649	07:48:38	60.11	5520	331.8	2.931e+05	25.5	T
650	07:49:38	60.12	5743	345.3	2.934e+05	26.6	T
651	07:50:38	60.13	5736	344.9	2.938e+05	26.5	T
652	07:51:38	60.11	5729	344.4	2.941e+05	26.5	T
653	07:52:38	60.15	5720	344	2.945e+05	26.5	T
654	07:53:38	60.17	5713	343.8	2.948e+05	26.4	T
655	07:54:38	60.19	5759	346.6	2.952e+05	26.6	T
656	07:55:39	60.14	6135	369	2.955e+05	28.4	T
657	07:56:39	60.18	6141	369.5	2.959e+05	28.4	T
658	07:57:39	60.13	6133	368.8	2.963e+05	28.4	T
659	07:58:39	60.18	6125	368.6	2.966e+05	28.3	T
660	07:59:39	60.13	6116	367.8	2.97e+05	28.3	T
661	08:00:39	60.17	6105	367.3	2.974e+05	28.2	T
662	08:01:40	60.15	6097	366.7	2.977e+05	28.2	T
663	08:02:40	60.16	6088	366.2	2.981e+05	28.2	T
664	08:03:40	60.14	6077	365.5	2.985e+05	28.1	T
665	08:04:40	60.16	6066	364.9	2.988e+05	28.1	T
666	08:05:40	60.12	6057	364.2	2.992e+05	28	T
667	08:06:40	60.14	6046	363.6	2.996e+05	28	T
668	08:07:40	60.10	6034	362.7	2.999e+05	27.9	T
669	08:08:41	60.14	6025	362.3	3.003e+05	27.9	T
670	08:09:41	60.16	6013	361.7	3.006e+05	27.8	T
671	08:10:41	60.12	6002	360.9	3.01e+05	27.8	T
672	08:11:41	60.14	5993	360.4	3.014e+05	27.7	T
673	08:12:41	60.15	5982	359.8	3.017e+05	27.7	T
674	08:13:41	60.14	5972	359.2	3.021e+05	27.6	T
675	08:14:41	60.14	5962	358.6	3.024e+05	27.6	T
676	08:15:42	60.16	5954	358.2	3.028e+05	27.5	T
677	08:16:42	60.11	5942	357.2	3.032e+05	27.5	T
678	08:17:42	60.15	5934	356.9	3.035e+05	27.4	T
679	08:18:42	60.12	5924	356.2	3.039e+05	27.4	T
680	08:19:42	60.12	5916	355.7	3.042e+05	27.4	T
681	08:20:42	52.81	5908	312	3.045e+05	27.3	T
682	08:21:35	60.21	5901	355.3	3.049e+05	27.3	T
683	08:22:35	60.13	5890	354.2	3.052e+05	27.2	T
684	08:23:35	60.18	5880	353.8	3.056e+05	27.2	T
685	08:24:36	60.12	5872	353	3.06e+05	27.2	T
686	08:25:36	60.13	5864	352.6	3.063e+05	27.1	T
687	08:26:36	60.12	5856	352	3.067e+05	27.1	T
688	08:27:36	60.13	5849	351.7	3.07e+05	27.1	T
689	08:28:36	60.15	5841	351.3	3.074e+05	27	T
690	08:29:36	60.15	5833	350.8	3.077e+05	27	T
691	08:30:36	60.13	5825	350.2	3.081e+05	26.9	T
692	08:31:36	60.15	5817	349.9	3.084e+05	26.9	T
693	08:32:37	60.16	5809	349.5	3.088e+05	26.9	T
694	08:33:37	60.11	5982	359.6	3.091e+05	27.7	T
695	08:34:37	60.16	6117	368	3.095e+05	28.3	T
696	08:35:37	60.40	5960	360	3.099e+05	27.6	T
697	08:36:37	60.14	5451	327.8	3.102e+05	25.2	T
698	08:37:38	60.11	6088	366	3.105e+05	28.2	T
699	08:38:38	60.13	6076	365.4	3.109e+05	28.1	T
700	08:39:38	60.15	6066	364.9	3.113e+05	28.1	T
701	08:40:38	60.18	6056	364.4	3.116e+05	28	T
702	08:41:38	60.10	6043	363.2	3.12e+05	28	T
703	08:42:38	60.12	6032	362.7	3.124e+05	27.9	T
704	08:43:38	60.14	6020	362	3.127e+05	27.8	T
705	08:44:39	60.13	6011	361.5	3.131e+05	27.8	T
706	08:45:39	60.39	5999	362.3	3.135e+05	27.7	T
707	08:46:39	46.09	5989	276	3.137e+05	27.7	T
708	08:47:25	12.66	2150	27.21	3.138e+05	9.94	T
709	08:47:38	9.05	623.6	5.64	3.138e+05	2.88	T
710	08:47:47	8.52	1153	9.823	3.138e+05	5.33	T
711	08:47:55	9.01	1654	14.91	3.138e+05	7.65	T
712	08:48:04	8.49	2524	21.43	3.138e+05	11.7	T
713	08:48:13	9.00	3410	30.69	3.138e+05	15.8	T
714	08:48:22	8.54	4327	36.95	3.139e+05	20	T
715	08:48:30	9.01	5237	47.17	3.139e+05	24.2	T
716	08:48:39	8.52	5670	48.31	3.14e+05	26.2	T
717	08:48:48	9.02	5971	53.83	3.14e+05	27.6	T
718	08:48:57	8.52	5457	46.47	3.141e+05	25.2	T
719	08:49:05	9.02	5072	45.74	3.141e+05	23.5	T
720	08:49:14	8.82	3910	34.47	3.142e+05	18.1	T
721	08:49:23	9.01	3277	29.53	3.142e+05	15.2	T
722	08:49:32	8.52	2234	19.04	3.142e+05	10.3	T
723	08:49:41	9.00	1644	14.8	3.142e+05	7.6	T
724	08:49:50	8.52	1042	8.884	3.142e+05	4.82	T
725	08:49:58	9.01	677.1	6.103	3.142e+05	3.13	T
726	08:50:07	23.44	2451	57.46	3.143e+05	11.3	T
727	08:50:31	9.03	819.5	7.4	3.143e+05	3.79	T
728	08:50:40	8.27	1396	11.54	3.143e+05	6.46	T
729	08:50:48	9.02	1930	17.4	3.143e+05	8.93	T
730	08:50:57	8.22	2792	22.95	3.143e+05	12.9	T
731	08:51:05	9.00	3623	32.62	3.144e+05	16.8	T
732	08:51:14	8.52	4481	38.18	3.144e+05	20.7	T
733	08:51:23	9.02	5248	47.31	3.145e+05	24.3	T
734	08:51:32	7.97	5651	45.02	3.145e+05	26.1	T
735	08:51:40	9.01	5944	53.57	3.146e+05	27.5	T
736	08:51:49	8.21	5571	45.76	3.146e+05	25.8	T
737	08:51:57	9.01	5297	47.73	3.147e+05	24.5	T
738	08:52:06	8.52	4255	36.25	3.147e+05	19.7	T
739	08:52:15	9.01	3708	33.41	3.147e+05	17.2	T
740	08:52:24	8.23	2606	21.44	3.147e+05	12.1	T
741	08:52:32	9.00	2028	18.26	3.148e+05	9.38	T
742	08:52:41	8.23	1288	10.59	3.148e+05	5.96	T
743	08:52:49	9.00	897.8	8.084	3.148e+05	4.15	T
744	08:52:58	8.55	2461	21.04	3.148e+05	11.4	T
745	08:53:07	46.33	5929	274.7	3.151e+05	27.4	T
746	08:53:53	60.44	5925	358.1	3.154e+05	27.4	T
747	08:54:53	60.17	5917	356	3.158e+05	27.4	T
748	08:55:54	60.11	5910	355.3	3.161e+05	27.3	T
749	08:56:54	60.11	5903	354.8	3.165e+05	27.3	T
750	08:57:54	60.12	5891	354.2	3.169e+05	27.3	T
751	08:58:54	60.17	5878	353.6	3.172e+05	27.2	T
752	08:59:54	60.12	5865	352.6	3.176e+05	27.1	T
753	09:00:54	60.14	5853	352	3.179e+05	27.1	T
754	09:01:54	60.12	5843	351.3	3.183e+05	27	T
755	09:02:54	60.16	5835	351	3.186e+05	27	T
756	09:03:55	60.12	5822	350	3.19e+05	26.9	T
757	09:04:55	60.13	5811	349.4	3.193e+05	26.9	T
758	09:05:55	60.11	5801	348.7	3.197e+05	26.8	T
759	09:06:55	60.16	5791	348.4	3.2e+05	26.8	T
760	09:07:55	54.57	5440	296.9	3.203e+05	25.2	T
761	09:08:50	60.45	0.098	0.005924	3.203e+05	0.000453	T
762	09:09:50	60.13	0.08724	0.005246	3.203e+05	0.000404	−
763	09:10:50	36.94	0.08415	0.003109	3.203e+05	0	−
764	09:11:27	60.23	0.08182	0.004929	3.203e+05	0	−
765	09:12:27	60.15	0.07923	0.004765	3.203e+05	0	−
766	09:13:28	54.42	0	0	3.203e+05	0	−
Created by AtlRunQuery on: 2019-02-17 16:29:33.808846
