Online luminosity [algorithm: ATLAS_PREFERRED] per LB for run 350479:
(Begin/end of run: Thu May 17 2018 08:57:08 − 19:19:55)

LB	Start time
(CEST)	Duration
(sec)	Inst. luminosity
(1e30 cm−2s−1)	Int. luminosity
(nb−1)	Cumul. luminosity
(nb−1)	  <μ>  	Stable beams
1	08:57:08	60.12	0.1676	0.01008	0.01008	0.000828	−
2	08:58:08	60.11	0.1677	0.01008	0.02016	0.000828	−
3	08:59:08	60.13	0.1676	0.01008	0.03024	0.000752	−
4	09:00:09	60.11	0.1677	0.01008	0.04032	0.00069	−
5	09:01:09	15.00	0.1667	0.002501	0.04282	0.000588	−
6	09:01:24	20.62	0.1693	0.003492	0.04631	0.000597	−
7	09:01:44	51.45	0.169	0.008694	0.05501	0.000556	−
8	09:02:36	10.23	0.1681	0.001719	0.05672	0.000553	−
9	09:02:46	10.28	0.1693	0.001741	0.05847	0.000557	−
10	09:02:56	33.04	0.1691	0.005587	0.06405	0.000556	−
11	09:03:29	60.13	0	0	0.06405	0	−
12	09:04:29	60.10	0.1689	0.01015	0.0742	0.000556	−
13	09:05:30	60.14	0.169	0.01016	0.08436	0.000556	−
14	09:06:30	21.17	0.1695	0.003589	0.08795	0.000558	−
15	09:06:51	60.25	0.1067	0.00643	0.09438	0.000351	−
16	09:07:51	23.72	0.1066	0.00253	0.09691	0.000351	−
17	09:08:15	60.22	0.1066	0.006417	0.1033	0.000351	−
18	09:09:15	60.11	0.1072	0.006441	0.1098	0.000353	−
19	09:10:15	60.18	0.1079	0.006494	0.1163	0.000355	−
20	09:11:15	60.14	0.11	0.006616	0.1229	0.000362	−
21	09:12:15	27.94	0.1119	0.003126	0.126	0.000368	−
22	09:12:43	60.21	0.1142	0.006874	0.1329	0.000376	−
23	09:13:44	60.11	0.1184	0.007118	0.14	0.00039	−
24	09:14:44	60.12	0.1216	0.007312	0.1473	0.0004	−
25	09:15:44	60.12	0.124	0.007457	0.1548	0.000408	−
26	09:16:44	60.10	0.1272	0.007645	0.1624	0.000419	−
27	09:17:44	60.15	0.1305	0.007847	0.1703	0.000429	−
28	09:18:44	60.17	0.1336	0.008037	0.1783	0.00044	−
29	09:19:44	60.11	0.1383	0.008311	0.1866	0.000455	−
30	09:20:44	60.16	0.1431	0.008609	0.1952	0.000471	−
31	09:21:45	60.11	0.1475	0.008863	0.2041	0.000485	−
32	09:22:45	60.13	0.1523	0.009159	0.2132	0.000501	−
33	09:23:45	60.12	0.1569	0.009434	0.2227	0.000516	−
34	09:24:45	60.36	0.1614	0.009743	0.2324	0.000531	−
35	09:25:45	60.11	0.1664	0.01001	0.2424	0.000548	−
36	09:26:45	60.11	0.1731	0.0104	0.2528	0.000569	−
37	09:27:46	60.11	0.1806	0.01086	0.2637	0.000594	−
38	09:28:46	25.88	0.1834	0.004745	0.2684	0.000603	−
39	09:29:12	10.18	0.1822	0.001855	0.2703	0.000599	−
40	09:29:22	60.43	0.1819	0.01099	0.2813	0.000599	−
41	09:30:22	60.13	0.1819	0.01094	0.2922	0.000599	−
42	09:31:22	60.11	0.182	0.01094	0.3032	0.000599	−
43	09:32:22	60.14	0.1817	0.01092	0.3141	0.000598	−
44	09:33:23	60.11	0.1825	0.01097	0.3251	0.000601	−
45	09:34:23	60.13	0.1828	0.01099	0.336	0.000601	−
46	09:35:23	60.11	0.1833	0.01102	0.3471	0.000603	−
47	09:36:23	60.10	0.1848	0.01111	0.3582	0.000608	−
48	09:37:23	60.12	0.1844	0.01109	0.3693	0.000607	−
49	09:38:23	60.13	0.1857	0.01116	0.3804	0.000611	−
50	09:39:23	60.12	0.1858	0.01117	0.3916	0.000611	−
51	09:40:23	60.12	0.1864	0.01121	0.4028	0.000613	−
52	09:41:23	60.12	0.1871	0.01125	0.4141	0.000616	−
53	09:42:24	60.12	0.1958	0.01177	0.4258	0.000644	−
54	09:43:24	22.55	0.1885	0.004251	0.4301	0.00062	−
55	09:43:46	60.45	0.1893	0.01144	0.4415	0.000623	−
56	09:44:47	60.12	0.1999	0.01202	0.4535	0.000658	−
57	09:45:47	60.17	1697	102.1	102.6	5.58	−
58	09:46:47	60.11	1.337e+04	803.7	906.2	44	−
59	09:47:47	60.11	1.308e+04	786.4	1693	43	T
60	09:48:47	60.11	1.413e+04	849.4	2542	46.5	T
61	09:49:47	60.11	1.769e+04	1063	3605	58.2	T
62	09:50:47	60.11	1.76e+04	1058	4663	57.9	T
63	09:51:48	60.12	1.758e+04	1057	5720	57.8	T
64	09:52:48	36.58	1.754e+04	641.7	6361	57.7	T
65	09:53:24	60.34	1.742e+04	1051	7413	57.3	T
66	09:54:25	60.10	1.743e+04	1048	8460	57.4	T
67	09:55:25	60.11	1.741e+04	1046	9507	57.3	T
68	09:56:25	10.27	1.745e+04	179.1	9686	57.4	T
69	09:56:35	60.61	1.746e+04	1058	1.074e+04	57.4	T
70	09:57:36	13.62	1.736e+04	236.5	1.098e+04	57.1	T
71	09:57:49	60.25	1.733e+04	1044	1.203e+04	57	T
72	09:58:50	60.11	1.729e+04	1039	1.306e+04	56.9	T
73	09:59:50	60.15	1.718e+04	1033	1.41e+04	56.5	T
74	10:00:50	60.11	1.706e+04	1026	1.512e+04	56.1	T
75	10:01:50	60.11	1.699e+04	1021	1.614e+04	55.9	T
76	10:02:50	60.11	1.694e+04	1018	1.716e+04	55.7	T
77	10:03:50	60.11	1.69e+04	1016	1.818e+04	55.6	T
78	10:04:50	60.12	1.683e+04	1012	1.919e+04	55.4	T
79	10:05:50	38.83	1.683e+04	653.6	1.984e+04	55.4	T
80	10:06:29	10.72	5092	54.56	1.99e+04	16.8	T
81	10:06:40	9.00	1283	11.55	1.991e+04	4.22	T
82	10:06:49	6.49	2221	14.42	1.992e+04	7.31	T
83	10:06:55	9.04	3954	35.75	1.996e+04	13	T
84	10:07:04	6.79	5571	37.81	2e+04	18.3	T
85	10:07:11	9.02	8884	80.09	2.008e+04	29.2	T
86	10:07:20	6.83	1.072e+04	73.22	2.015e+04	35.3	T
87	10:07:27	9.00	1.444e+04	130	2.028e+04	47.5	T
88	10:07:36	6.82	1.554e+04	106	2.039e+04	51.1	T
89	10:07:43	9.01	1.684e+04	151.8	2.054e+04	55.4	T
90	10:07:52	6.81	1.551e+04	105.6	2.064e+04	51	T
91	10:07:59	9.01	1.418e+04	127.8	2.077e+04	46.7	T
92	10:08:08	6.82	1.075e+04	73.37	2.085e+04	35.4	T
93	10:08:15	9.00	8630	77.71	2.092e+04	28.4	T
94	10:08:24	6.83	5718	39.04	2.096e+04	18.8	T
95	10:08:30	9.01	3863	34.81	2.1e+04	12.7	T
96	10:08:39	6.52	2440	15.91	2.101e+04	8.03	T
97	10:08:46	9.01	1301	11.72	2.102e+04	4.28	T
98	10:08:55	22.06	5071	111.8	2.114e+04	16.7	T
99	10:09:17	9.00	1454	13.08	2.115e+04	4.78	T
100	10:09:26	6.23	2449	15.26	2.116e+04	8.06	T
101	10:09:32	9.01	4101	36.93	2.12e+04	13.5	T
102	10:09:41	6.23	5748	35.79	2.124e+04	18.9	T
103	10:09:47	9.01	8949	80.62	2.132e+04	29.4	T
104	10:09:56	6.33	1.11e+04	70.21	2.139e+04	36.5	T
105	10:10:03	8.91	1.514e+04	134.8	2.152e+04	49.8	T
106	10:10:12	6.22	1.605e+04	99.81	2.162e+04	52.8	T
107	10:10:18	9.01	1.689e+04	152.2	2.178e+04	55.6	T
108	10:10:27	5.91	1.462e+04	86.46	2.186e+04	48.1	T
109	10:10:33	9.01	1.26e+04	113.5	2.198e+04	41.4	T
110	10:10:42	6.22	8481	52.77	2.203e+04	27.9	T
111	10:10:48	9.00	6312	56.83	2.208e+04	20.8	T
112	10:10:57	6.23	3989	24.85	2.211e+04	13.1	T
113	10:11:03	9.01	2418	21.78	2.213e+04	7.96	T
114	10:11:12	6.53	1594	10.41	2.214e+04	5.24	T
115	10:11:19	9.01	755.4	6.809	2.215e+04	2.49	T
116	10:11:28	8.68	3518	30.53	2.218e+04	11.6	T
117	10:11:37	19.38	1.667e+04	323	2.25e+04	54.8	T
118	10:11:56	60.19	1.668e+04	1004	2.351e+04	54.9	T
119	10:12:56	60.12	1.663e+04	999.7	2.451e+04	54.7	T
120	10:13:56	60.12	1.657e+04	996.3	2.55e+04	54.5	T
121	10:14:56	47.21	1.652e+04	779.8	2.628e+04	54.3	T
122	10:15:44	55.45	1.649e+04	914.3	2.72e+04	54.2	T
123	10:16:39	38.51	1.643e+04	632.8	2.783e+04	54.1	T
124	10:17:18	60.53	1.638e+04	991.5	2.882e+04	53.9	T
125	10:18:18	60.13	1.631e+04	980.8	2.98e+04	53.7	T
126	10:19:18	30.53	1.629e+04	497.2	3.03e+04	53.6	T
127	10:19:49	60.43	1.625e+04	981.7	3.128e+04	53.5	T
128	10:20:49	60.14	1.622e+04	975.2	3.226e+04	53.4	T
129	10:21:49	60.10	1.576e+04	947.5	3.32e+04	51.9	T
130	10:22:49	60.13	1.397e+04	840	3.404e+04	46	T
131	10:23:50	60.12	1.621e+04	974.3	3.502e+04	53.3	T
132	10:24:50	60.13	1.654e+04	994.7	3.601e+04	54.4	T
133	10:25:50	60.11	1.651e+04	992.3	3.7e+04	54.3	T
134	10:26:50	60.13	1.647e+04	990.4	3.799e+04	54.2	T
135	10:27:50	60.12	1.644e+04	988.1	3.898e+04	54.1	T
136	10:28:50	60.12	1.64e+04	986.1	3.997e+04	54	T
137	10:29:50	60.12	1.637e+04	984.2	4.095e+04	53.9	T
138	10:30:50	60.13	1.633e+04	982	4.194e+04	53.7	T
139	10:31:50	60.15	1.63e+04	980.6	4.292e+04	53.6	T
140	10:32:51	60.11	1.626e+04	977.7	4.389e+04	53.5	T
141	10:33:51	60.16	1.623e+04	976.3	4.487e+04	53.4	T
142	10:34:51	60.40	1.62e+04	978.2	4.585e+04	53.3	T
143	10:35:51	60.12	1.616e+04	971.6	4.682e+04	53.2	T
144	10:36:51	60.11	1.612e+04	969	4.779e+04	53	T
145	10:37:52	60.15	1.608e+04	967.4	4.876e+04	52.9	T
146	10:38:52	60.18	1.606e+04	966.4	4.972e+04	52.8	T
147	10:39:52	60.10	1.602e+04	962.6	5.068e+04	52.7	T
148	10:40:52	60.12	1.599e+04	961.3	5.165e+04	52.6	T
149	10:41:52	60.12	1.595e+04	959.1	5.261e+04	52.5	T
150	10:42:52	60.11	1.593e+04	957.4	5.356e+04	52.4	T
151	10:43:52	60.10	1.59e+04	955.6	5.452e+04	52.3	T
152	10:44:52	60.13	1.587e+04	954.3	5.547e+04	52.2	T
153	10:45:53	60.11	1.584e+04	951.8	5.642e+04	52.1	T
154	10:46:53	60.12	1.58e+04	950.1	5.737e+04	52	T
155	10:47:53	60.11	1.578e+04	948.3	5.832e+04	51.9	T
156	10:48:53	60.15	1.574e+04	946.9	5.927e+04	51.8	T
157	10:49:53	60.11	1.571e+04	944.4	6.021e+04	51.7	T
158	10:50:53	60.11	1.568e+04	942.6	6.116e+04	51.6	T
159	10:51:53	60.13	1.565e+04	941.2	6.21e+04	51.5	T
160	10:52:53	60.37	1.562e+04	943.2	6.304e+04	51.4	T
161	10:53:54	60.12	1.559e+04	937.3	6.398e+04	51.3	T
162	10:54:54	60.13	1.557e+04	936	6.491e+04	51.2	T
163	10:55:54	60.16	1.581e+04	951.3	6.587e+04	52	T
164	10:56:54	19.35	1.579e+04	305.5	6.617e+04	52	T
165	10:57:14	60.33	1.576e+04	951.1	6.712e+04	51.9	T
166	10:58:14	60.11	1.573e+04	945.3	6.807e+04	51.7	T
167	10:59:14	60.11	1.569e+04	943.3	6.901e+04	51.6	T
168	11:00:14	60.12	1.567e+04	942.3	6.995e+04	51.6	T
169	11:01:14	60.11	1.563e+04	939.5	7.089e+04	51.4	T
170	11:02:14	60.11	1.56e+04	937.7	7.183e+04	51.3	T
171	11:03:14	60.13	1.557e+04	936.2	7.277e+04	51.2	T
172	11:04:15	60.15	1.554e+04	934.7	7.37e+04	51.1	T
173	11:05:15	60.12	1.551e+04	932.4	7.463e+04	51	T
174	11:06:15	60.15	1.547e+04	930.7	7.556e+04	50.9	T
175	11:07:15	60.11	1.545e+04	928.6	7.649e+04	50.8	T
176	11:08:15	56.52	1.542e+04	871.4	7.736e+04	50.7	T
177	11:09:12	60.44	1.539e+04	930.1	7.829e+04	50.6	T
178	11:10:12	60.11	1.535e+04	922.9	7.922e+04	50.5	T
179	11:11:12	60.12	1.533e+04	921.3	8.014e+04	50.4	T
180	11:12:12	60.13	1.529e+04	919.5	8.106e+04	50.3	T
181	11:13:12	49.35	1.527e+04	753.4	8.181e+04	50.2	T
182	11:14:02	10.06	1.525e+04	153.5	8.197e+04	50.2	T
183	11:14:12	60.15	1.523e+04	916	8.288e+04	50.1	T
184	11:15:12	60.12	1.52e+04	913.6	8.379e+04	50	T
185	11:16:12	60.12	1.517e+04	911.8	8.471e+04	49.9	T
186	11:17:12	60.11	1.514e+04	909.9	8.562e+04	49.8	T
187	11:18:12	60.15	1.511e+04	908.9	8.653e+04	49.7	T
188	11:19:12	60.11	1.508e+04	906.7	8.743e+04	49.6	T
189	11:20:13	60.10	1.505e+04	904.5	8.834e+04	49.5	T
190	11:21:13	60.15	1.502e+04	903.5	8.924e+04	49.4	T
191	11:22:13	60.12	1.5e+04	901.6	9.014e+04	49.3	T
192	11:23:13	60.16	1.497e+04	900.5	9.104e+04	49.2	T
193	11:24:13	60.17	1.494e+04	898.7	9.194e+04	49.1	T
194	11:25:13	60.37	1.491e+04	899.9	9.284e+04	49.1	T
195	11:26:14	60.12	1.488e+04	894.4	9.374e+04	49	T
196	11:27:14	60.11	1.484e+04	892.3	9.463e+04	48.8	T
197	11:28:14	48.35	1.482e+04	716.4	9.534e+04	48.7	T
198	11:29:02	60.36	1.48e+04	893.1	9.624e+04	48.7	T
199	11:30:03	60.14	1.476e+04	887.8	9.712e+04	48.6	T
200	11:31:03	60.11	1.494e+04	898	9.802e+04	49.2	T
201	11:32:03	60.12	1.496e+04	899.2	9.892e+04	49.2	T
202	11:33:03	60.12	1.493e+04	897.4	9.982e+04	49.1	T
203	11:34:03	60.15	1.49e+04	896.5	1.007e+05	49	T
204	11:35:03	60.41	1.482e+04	895	1.016e+05	48.7	T
205	11:36:04	60.12	1.424e+04	856.3	1.025e+05	46.9	T
206	11:37:04	60.11	1.418e+04	852.3	1.033e+05	46.7	T
207	11:38:04	60.10	1.479e+04	888.7	1.042e+05	48.7	T
208	11:39:04	60.11	1.477e+04	887.6	1.051e+05	48.6	T
209	11:40:04	60.12	1.486e+04	893.2	1.06e+05	48.9	T
210	11:41:04	60.12	1.489e+04	895.3	1.069e+05	49	T
211	11:42:04	60.12	1.486e+04	893.3	1.078e+05	48.9	T
212	11:43:04	60.12	1.483e+04	891.5	1.087e+05	48.8	T
213	11:44:05	60.13	1.479e+04	889.7	1.096e+05	48.7	T
214	11:45:05	47.53	1.474e+04	700.7	1.103e+05	48.5	T
215	11:45:52	60.20	1.471e+04	885.7	1.111e+05	48.4	T
216	11:46:52	60.11	1.468e+04	882.3	1.12e+05	48.3	T
217	11:47:53	60.11	1.465e+04	880.6	1.129e+05	48.2	T
218	11:48:53	60.11	1.462e+04	878.9	1.138e+05	48.1	T
219	11:49:53	60.14	1.459e+04	877.7	1.147e+05	48	T
220	11:50:53	60.12	1.456e+04	875.1	1.155e+05	47.9	T
221	11:51:53	60.11	1.452e+04	872.8	1.164e+05	47.8	T
222	11:52:53	39.44	1.45e+04	571.7	1.17e+05	47.7	T
223	11:53:33	60.23	1.447e+04	871.9	1.179e+05	47.6	T
224	11:54:33	60.12	1.444e+04	868.3	1.187e+05	47.5	T
225	11:55:33	60.11	1.441e+04	866.1	1.196e+05	47.4	T
226	11:56:33	10.26	1.437e+04	147.4	1.197e+05	47.3	T
227	11:56:43	60.46	1.438e+04	869.4	1.206e+05	47.3	T
228	11:57:44	60.11	1.435e+04	862.8	1.215e+05	47.2	T
229	11:58:44	60.18	1.434e+04	862.7	1.223e+05	47.2	T
230	11:59:44	60.11	1.431e+04	860.4	1.232e+05	47.1	T
231	12:00:44	60.12	1.429e+04	859.1	1.241e+05	47	T
232	12:01:44	60.39	1.427e+04	861.5	1.249e+05	46.9	T
233	12:02:45	60.11	1.424e+04	856.1	1.258e+05	46.9	T
234	12:03:45	60.12	1.422e+04	855.1	1.266e+05	46.8	T
235	12:04:45	60.11	1.418e+04	852.2	1.275e+05	46.7	T
236	12:05:45	60.12	1.419e+04	853.2	1.283e+05	46.7	T
237	12:06:45	60.36	1.418e+04	855.7	1.292e+05	46.6	T
238	12:07:45	60.10	1.415e+04	850.2	1.3e+05	46.5	T
239	12:08:46	60.12	1.412e+04	848.8	1.309e+05	46.5	T
240	12:09:46	60.16	1.409e+04	847.7	1.317e+05	46.4	T
241	12:10:46	60.12	1.407e+04	845.7	1.326e+05	46.3	T
242	12:11:46	60.11	1.405e+04	844.3	1.334e+05	46.2	T
243	12:12:46	60.13	1.402e+04	843.1	1.343e+05	46.1	T
244	12:13:46	60.16	1.399e+04	841.9	1.351e+05	46	T
245	12:14:46	46.25	1.397e+04	646.1	1.358e+05	46	T
246	12:15:33	60.22	1.394e+04	839.7	1.366e+05	45.9	T
247	12:16:33	60.12	1.392e+04	836.8	1.374e+05	45.8	T
248	12:17:33	60.12	1.39e+04	835.6	1.383e+05	45.7	T
249	12:18:33	60.16	1.387e+04	834.6	1.391e+05	45.6	T
250	12:19:33	60.11	1.384e+04	831.8	1.399e+05	45.5	T
251	12:20:33	60.12	1.381e+04	830.5	1.408e+05	45.5	T
252	12:21:33	60.12	1.378e+04	828.8	1.416e+05	45.4	T
253	12:22:34	60.12	1.376e+04	827	1.424e+05	45.3	T
254	12:23:34	60.12	1.373e+04	825.3	1.432e+05	45.2	T
255	12:24:34	10.27	1.371e+04	140.8	1.434e+05	45.1	T
256	12:24:44	60.42	1.37e+04	827.6	1.442e+05	45.1	T
257	12:25:45	60.12	1.367e+04	821.7	1.45e+05	45	T
258	12:26:45	60.37	1.365e+04	823.9	1.459e+05	44.9	T
259	12:27:45	60.13	1.361e+04	818.5	1.467e+05	44.8	T
260	12:28:45	60.11	1.359e+04	817.1	1.475e+05	44.7	T
261	12:29:45	60.12	1.357e+04	816.1	1.483e+05	44.7	T
262	12:30:45	60.11	1.355e+04	814.6	1.491e+05	44.6	T
263	12:31:45	60.11	1.352e+04	812.8	1.499e+05	44.5	T
264	12:32:46	60.11	1.348e+04	810.3	1.507e+05	44.4	T
265	12:33:46	60.12	1.347e+04	809.5	1.516e+05	44.3	T
266	12:34:46	60.11	1.348e+04	810.5	1.524e+05	44.4	T
267	12:35:46	34.31	1.347e+04	462	1.528e+05	44.3	T
268	12:36:20	60.42	1.345e+04	812.5	1.536e+05	44.2	T
269	12:37:21	60.10	1.343e+04	807.1	1.544e+05	44.2	T
270	12:38:21	60.11	1.341e+04	805.9	1.553e+05	44.1	T
271	12:39:21	60.11	1.338e+04	804.2	1.561e+05	44	T
272	12:40:21	60.11	1.335e+04	802.6	1.569e+05	43.9	T
273	12:41:21	60.17	1.332e+04	801.5	1.577e+05	43.8	T
274	12:42:21	60.11	1.328e+04	798.6	1.585e+05	43.7	T
275	12:43:21	60.11	1.326e+04	796.9	1.593e+05	43.6	T
276	12:44:21	60.12	1.323e+04	795.5	1.601e+05	43.5	T
277	12:45:22	60.11	1.321e+04	794.3	1.608e+05	43.5	T
278	12:46:22	60.12	1.319e+04	793.1	1.616e+05	43.4	T
279	12:47:22	60.10	1.317e+04	791.4	1.624e+05	43.3	T
280	12:48:22	60.35	1.315e+04	793.4	1.632e+05	43.3	T
281	12:49:22	60.11	1.312e+04	788.4	1.64e+05	43.2	T
282	12:50:22	60.13	1.31e+04	787.9	1.648e+05	43.1	T
283	12:51:23	60.12	1.308e+04	786.3	1.656e+05	43	T
284	12:52:23	60.12	1.305e+04	784.5	1.664e+05	42.9	T
285	12:53:23	60.13	1.303e+04	783.6	1.672e+05	42.9	T
286	12:54:23	60.12	1.3e+04	781.9	1.679e+05	42.8	T
287	12:55:23	60.12	1.298e+04	780.4	1.687e+05	42.7	T
288	12:56:23	20.94	1.296e+04	271.3	1.69e+05	42.6	T
289	12:56:44	60.48	1.295e+04	783.1	1.698e+05	42.6	T
290	12:57:45	60.11	1.295e+04	778.3	1.706e+05	42.6	T
291	12:58:45	60.10	1.293e+04	776.9	1.713e+05	42.5	T
292	12:59:45	60.11	1.29e+04	775.2	1.721e+05	42.4	T
293	13:00:45	60.11	1.287e+04	773.9	1.729e+05	42.4	T
294	13:01:45	60.12	1.285e+04	772.6	1.737e+05	42.3	T
295	13:02:45	60.13	1.282e+04	771	1.744e+05	42.2	T
296	13:03:45	60.12	1.28e+04	769.8	1.752e+05	42.1	T
297	13:04:45	60.11	1.278e+04	767.9	1.76e+05	42	T
298	13:05:45	60.10	1.274e+04	765.9	1.767e+05	41.9	T
299	13:06:46	60.11	1.274e+04	765.8	1.775e+05	41.9	T
300	13:07:46	60.11	1.271e+04	764.2	1.783e+05	41.8	T
301	13:08:46	60.12	1.269e+04	763.1	1.79e+05	41.8	T
302	13:09:46	60.12	1.267e+04	761.8	1.798e+05	41.7	T
303	13:10:46	60.12	1.265e+04	760.2	1.805e+05	41.6	T
304	13:11:46	60.36	1.261e+04	761.3	1.813e+05	41.5	T
305	13:12:46	60.41	1.257e+04	759.4	1.821e+05	41.4	T
306	13:13:47	60.12	1.255e+04	754.3	1.828e+05	41.3	T
307	13:14:47	60.12	1.254e+04	754	1.836e+05	41.3	T
308	13:15:47	60.38	1.253e+04	756.4	1.843e+05	41.2	T
309	13:16:48	60.11	1.251e+04	752.1	1.851e+05	41.2	T
310	13:17:48	60.11	1.249e+04	750.9	1.858e+05	41.1	T
311	13:18:48	60.35	1.247e+04	752.3	1.866e+05	41	T
312	13:19:48	60.12	1.244e+04	747.6	1.873e+05	40.9	T
313	13:20:48	60.12	1.243e+04	747.3	1.881e+05	40.9	T
314	13:21:48	60.14	1.243e+04	747.3	1.888e+05	40.9	T
315	13:22:48	60.11	1.239e+04	744.5	1.896e+05	40.8	T
316	13:23:49	60.11	1.237e+04	743.4	1.903e+05	40.7	T
317	13:24:49	16.26	1.235e+04	200.8	1.905e+05	40.6	T
318	13:25:05	60.43	1.233e+04	744.9	1.913e+05	40.6	T
319	13:26:05	60.10	1.23e+04	739.1	1.92e+05	40.5	T
320	13:27:05	60.13	1.228e+04	738.1	1.927e+05	40.4	T
321	13:28:06	60.10	1.225e+04	736.3	1.935e+05	40.3	T
322	13:29:06	60.16	1.223e+04	735.6	1.942e+05	40.2	T
323	13:30:06	60.10	1.221e+04	734.1	1.949e+05	40.2	T
324	13:31:06	60.12	1.22e+04	733.3	1.957e+05	40.1	T
325	13:32:06	60.12	1.217e+04	731.5	1.964e+05	40	T
326	13:33:06	60.36	1.215e+04	733.4	1.971e+05	40	T
327	13:34:07	60.12	1.214e+04	729.7	1.979e+05	39.9	T
328	13:35:07	60.12	1.212e+04	728.4	1.986e+05	39.9	T
329	13:36:07	60.11	1.209e+04	726.8	1.993e+05	39.8	T
330	13:37:07	60.38	1.207e+04	728.6	2.001e+05	39.7	T
331	13:38:07	60.14	1.204e+04	724	2.008e+05	39.6	T
332	13:39:07	60.11	1.202e+04	722.7	2.015e+05	39.6	T
333	13:40:08	60.17	1.199e+04	721.2	2.022e+05	39.4	T
334	13:41:08	60.11	1.192e+04	716.4	2.029e+05	39.2	T
335	13:42:08	45.22	1.195e+04	540.2	2.035e+05	39.3	T
336	13:42:53	60.47	1.193e+04	721.2	2.042e+05	39.2	T
337	13:43:54	60.15	1.19e+04	715.8	2.049e+05	39.2	T
338	13:44:54	60.12	1.187e+04	713.6	2.056e+05	39.1	T
339	13:45:54	21.71	1.194e+04	259.1	2.059e+05	39.3	T
340	13:46:15	60.21	1.19e+04	716.3	2.066e+05	39.1	T
341	13:47:16	60.14	1.187e+04	714.2	2.073e+05	39.1	T
342	13:48:16	60.10	1.185e+04	712.4	2.08e+05	39	T
343	13:49:16	60.16	1.184e+04	712.6	2.087e+05	39	T
344	13:50:16	60.11	1.181e+04	710.2	2.095e+05	38.9	T
345	13:51:16	60.12	1.179e+04	708.6	2.102e+05	38.8	T
346	13:52:16	60.25	1.177e+04	709.3	2.109e+05	38.7	T
347	13:53:17	60.35	1.175e+04	709.1	2.116e+05	38.7	T
348	13:54:17	60.17	1.172e+04	705.2	2.123e+05	38.6	T
349	13:55:17	37.97	1.173e+04	445.3	2.127e+05	38.6	T
350	13:55:55	60.20	1.17e+04	704.2	2.134e+05	38.5	T
351	13:56:55	60.11	1.166e+04	700.9	2.141e+05	38.4	T
352	13:57:55	60.11	1.165e+04	700.1	2.148e+05	38.3	T
353	13:58:56	60.11	1.165e+04	700.1	2.155e+05	38.3	T
354	13:59:56	60.10	1.163e+04	699.2	2.162e+05	38.3	T
355	14:00:56	60.11	1.162e+04	698.5	2.169e+05	38.2	T
356	14:01:56	60.11	1.16e+04	697.3	2.176e+05	38.2	T
357	14:02:56	60.13	1.157e+04	695.8	2.183e+05	38.1	T
358	14:03:56	60.42	1.153e+04	696.7	2.19e+05	37.9	T
359	14:04:56	60.11	1.151e+04	692.1	2.197e+05	37.9	T
360	14:05:57	60.13	1.151e+04	692.2	2.204e+05	37.9	T
361	14:06:57	60.16	1.15e+04	691.7	2.211e+05	37.8	T
362	14:07:57	60.11	1.15e+04	691.1	2.218e+05	37.8	T
363	14:08:57	60.11	1.148e+04	690.1	2.225e+05	37.8	T
364	14:09:57	60.11	1.147e+04	689.2	2.232e+05	37.7	T
365	14:10:57	60.12	1.145e+04	688.5	2.239e+05	37.7	T
366	14:11:57	60.12	1.145e+04	688.3	2.245e+05	37.7	T
367	14:12:57	33.19	1.144e+04	379.6	2.249e+05	37.6	T
368	14:13:31	60.47	1.142e+04	690.4	2.256e+05	37.6	T
369	14:14:31	60.11	1.136e+04	683.2	2.263e+05	37.4	T
370	14:15:31	60.13	1.133e+04	681.5	2.27e+05	37.3	T
371	14:16:31	60.11	1.132e+04	680.4	2.277e+05	37.2	T
372	14:17:31	60.10	1.13e+04	678.9	2.283e+05	37.2	T
373	14:18:32	60.11	1.126e+04	677.1	2.29e+05	37.1	T
374	14:19:32	60.11	1.124e+04	675.7	2.297e+05	37	T
375	14:20:32	60.13	1.123e+04	675	2.304e+05	36.9	T
376	14:21:32	60.13	1.12e+04	673.6	2.31e+05	36.9	T
377	14:22:32	60.12	1.122e+04	674.6	2.317e+05	36.9	T
378	14:23:32	60.11	1.119e+04	672.9	2.324e+05	36.8	T
379	14:24:32	60.12	1.118e+04	672.3	2.331e+05	36.8	T
380	14:25:32	60.10	1.114e+04	669.6	2.337e+05	36.7	T
381	14:26:33	60.35	1.113e+04	671.9	2.344e+05	36.6	T
382	14:27:33	60.14	1.112e+04	668.7	2.351e+05	36.6	T
383	14:28:33	60.17	1.112e+04	669	2.357e+05	36.6	T
384	14:29:33	60.11	1.111e+04	667.7	2.364e+05	36.6	T
385	14:30:33	60.11	1.11e+04	667	2.371e+05	36.5	T
386	14:31:33	60.11	1.108e+04	666.3	2.377e+05	36.5	T
387	14:32:34	60.11	1.107e+04	665.7	2.384e+05	36.4	T
388	14:33:34	60.11	1.105e+04	664	2.391e+05	36.3	T
389	14:34:34	60.11	1.103e+04	663.2	2.397e+05	36.3	T
390	14:35:34	60.11	1.101e+04	662	2.404e+05	36.2	T
391	14:36:34	60.13	1.099e+04	661	2.411e+05	36.2	T
392	14:37:34	60.11	1.1e+04	661.2	2.417e+05	36.2	T
393	14:38:34	60.12	1.098e+04	660.3	2.424e+05	36.1	T
394	14:39:34	60.12	1.097e+04	659.3	2.43e+05	36.1	T
395	14:40:34	60.12	1.095e+04	658.3	2.437e+05	36	T
396	14:41:35	10.27	1.092e+04	112.1	2.438e+05	35.9	T
397	14:41:45	60.12	1.092e+04	656.3	2.445e+05	35.9	T
398	14:42:45	60.12	1.089e+04	654.9	2.451e+05	35.8	T
399	14:43:45	60.12	1.088e+04	653.8	2.458e+05	35.8	T
400	14:44:45	60.35	1.087e+04	655.8	2.464e+05	35.8	T
401	14:45:46	60.11	1.082e+04	650.3	2.471e+05	35.6	T
402	14:46:46	60.11	1.082e+04	650.5	2.477e+05	35.6	T
403	14:47:46	60.15	1.083e+04	651.6	2.484e+05	35.6	T
404	14:48:46	60.13	1.084e+04	651.8	2.49e+05	35.7	T
405	14:49:46	60.10	1.082e+04	650.2	2.497e+05	35.6	T
406	14:50:46	60.13	1.081e+04	649.8	2.503e+05	35.6	T
407	14:51:46	60.13	1.079e+04	648.7	2.51e+05	35.5	T
408	14:52:46	60.13	1.077e+04	647.6	2.516e+05	35.4	T
409	14:53:47	10.27	1.077e+04	110.6	2.517e+05	35.4	T
410	14:53:57	60.11	1.075e+04	646.1	2.524e+05	35.4	T
411	14:54:57	60.13	1.074e+04	645.9	2.53e+05	35.3	T
412	14:55:57	60.12	1.073e+04	645.1	2.537e+05	35.3	T
413	14:56:57	60.11	1.07e+04	643.2	2.543e+05	35.2	T
414	14:57:57	60.13	1.068e+04	642.4	2.55e+05	35.1	T
415	14:58:57	60.12	1.065e+04	640.3	2.556e+05	35	T
416	14:59:57	60.11	1.065e+04	639.9	2.562e+05	35	T
417	15:00:58	60.12	1.063e+04	639.4	2.569e+05	35	T
418	15:01:58	60.12	1.06e+04	637.2	2.575e+05	34.9	T
419	15:02:58	60.12	1.06e+04	637	2.582e+05	34.9	T
420	15:03:58	60.11	1.058e+04	636.2	2.588e+05	34.8	T
421	15:04:58	60.11	1.057e+04	635.2	2.594e+05	34.8	T
422	15:05:58	60.12	1.053e+04	633.3	2.601e+05	34.7	T
423	15:06:58	60.12	1.052e+04	632.5	2.607e+05	34.6	T
424	15:07:58	60.11	1.051e+04	631.7	2.613e+05	34.6	T
425	15:08:59	60.11	1.051e+04	631.6	2.62e+05	34.6	T
426	15:09:59	60.11	1.05e+04	630.9	2.626e+05	34.5	T
427	15:10:59	60.12	1.046e+04	629	2.632e+05	34.4	T
428	15:11:59	52.39	1.045e+04	547.5	2.638e+05	34.4	T
429	15:12:51	60.34	1.044e+04	630.1	2.644e+05	34.4	T
430	15:13:52	60.14	1.042e+04	626.8	2.65e+05	34.3	T
431	15:14:52	60.12	1.04e+04	625.4	2.656e+05	34.2	T
432	15:15:52	60.12	1.037e+04	623.5	2.663e+05	34.1	T
433	15:16:52	60.11	1.038e+04	624	2.669e+05	34.2	T
434	15:17:52	60.11	1.035e+04	622	2.675e+05	34	T
435	15:18:52	60.12	1.032e+04	620.4	2.681e+05	34	T
436	15:19:52	60.12	1.031e+04	620	2.688e+05	33.9	T
437	15:20:52	60.12	1.03e+04	618.9	2.694e+05	33.9	T
438	15:21:53	60.11	1.028e+04	618.1	2.7e+05	33.8	T
439	15:22:53	60.11	1.026e+04	616.7	2.706e+05	33.8	T
440	15:23:53	60.11	1.024e+04	615.6	2.712e+05	33.7	T
441	15:24:53	60.12	1.022e+04	614.6	2.718e+05	33.6	T
442	15:25:53	60.11	1.02e+04	612.9	2.725e+05	33.5	T
443	15:26:53	60.11	1.021e+04	613.6	2.731e+05	33.6	T
444	15:27:53	60.38	1.02e+04	615.8	2.737e+05	33.6	T
445	15:28:54	60.11	1.018e+04	611.9	2.743e+05	33.5	T
446	15:29:54	60.11	1.014e+04	609.6	2.749e+05	33.4	T
447	15:30:54	60.13	1.014e+04	609.7	2.755e+05	33.4	T
448	15:31:54	60.11	1.014e+04	609.3	2.761e+05	33.4	T
449	15:32:54	60.12	1.012e+04	608.7	2.767e+05	33.3	T
450	15:33:54	60.11	1.01e+04	607.3	2.773e+05	33.2	T
451	15:34:54	60.11	1.009e+04	606.3	2.779e+05	33.2	T
452	15:35:54	60.11	1.009e+04	606.2	2.786e+05	33.2	T
453	15:36:55	60.35	1.006e+04	607.4	2.792e+05	33.1	T
454	15:37:55	60.38	1.004e+04	606.4	2.798e+05	33	T
455	15:38:55	60.12	1.003e+04	602.8	2.804e+05	33	T
456	15:39:55	11.08	1.001e+04	111	2.805e+05	33	T
457	15:40:06	60.10	9998	600.9	2.811e+05	32.9	T
458	15:41:07	60.10	9980	599.8	2.817e+05	32.8	T
459	15:42:07	60.11	9969	599.3	2.823e+05	32.8	T
460	15:43:07	60.15	9946	598.2	2.829e+05	32.7	T
461	15:44:07	48.40	9916	479.9	2.834e+05	32.6	T
462	15:44:55	60.34	9946	600.2	2.84e+05	32.7	T
463	15:45:56	60.11	9912	595.8	2.846e+05	32.6	T
464	15:46:56	60.13	9900	595.3	2.851e+05	32.6	T
465	15:47:56	60.39	9901	597.9	2.857e+05	32.6	T
466	15:48:56	60.14	9894	595	2.863e+05	32.6	T
467	15:49:56	60.10	9875	593.4	2.869e+05	32.5	T
468	15:50:57	60.11	9861	592.8	2.875e+05	32.4	T
469	15:51:57	60.12	9847	592	2.881e+05	32.4	T
470	15:52:57	60.12	9824	590.7	2.887e+05	32.3	T
471	15:53:57	60.12	9816	590.1	2.893e+05	32.3	T
472	15:54:57	60.14	9800	589.4	2.899e+05	32.2	T
473	15:55:57	60.15	9780	588.3	2.905e+05	32.2	T
474	15:56:57	60.37	9771	589.9	2.911e+05	32.2	T
475	15:57:58	60.10	9764	586.9	2.917e+05	32.1	T
476	15:58:58	60.11	9750	586.1	2.922e+05	32.1	T
477	15:59:58	60.11	9746	585.8	2.928e+05	32.1	T
478	16:00:58	60.16	9711	584.2	2.934e+05	32	T
479	16:01:58	60.11	9710	583.7	2.94e+05	32	T
480	16:02:58	60.37	9710	586.2	2.946e+05	32	T
481	16:03:59	60.12	9671	581.4	2.952e+05	31.8	T
482	16:04:59	60.11	9686	582.2	2.957e+05	31.9	T
483	16:05:59	60.11	9657	580.4	2.963e+05	31.8	T
484	16:06:59	60.13	9641	579.7	2.969e+05	31.7	T
485	16:07:59	60.13	9639	579.5	2.975e+05	31.7	T
486	16:08:59	60.12	9641	579.6	2.981e+05	31.7	T
487	16:09:59	60.10	9617	578	2.986e+05	31.6	T
488	16:10:59	60.11	9608	577.6	2.992e+05	31.6	T
489	16:12:00	60.14	9596	577.1	2.998e+05	31.6	T
490	16:13:00	60.11	9579	575.8	3.004e+05	31.5	T
491	16:14:00	60.11	9573	575.4	3.009e+05	31.5	T
492	16:15:00	60.15	9557	574.9	3.015e+05	31.4	T
493	16:16:00	60.13	9538	573.5	3.021e+05	31.4	T
494	16:17:00	60.12	9513	571.9	3.027e+05	31.3	T
495	16:18:00	60.12	9489	570.4	3.032e+05	31.2	T
496	16:19:00	60.11	9473	569.4	3.038e+05	31.2	T
497	16:20:01	60.11	9475	569.6	3.044e+05	31.2	T
498	16:21:01	17.51	9474	165.8	3.045e+05	31.2	T
499	16:21:18	60.44	9468	572.2	3.051e+05	31.2	T
500	16:22:19	60.12	9448	568	3.057e+05	31.1	T
501	16:23:19	15.05	9456	142.3	3.058e+05	31.1	T
502	16:23:34	60.14	9451	568.4	3.064e+05	31.1	T
503	16:24:34	60.11	9433	567	3.07e+05	31	T
504	16:25:34	60.16	9415	566.3	3.075e+05	31	T
505	16:26:34	60.16	9412	566.2	3.081e+05	31	T
506	16:27:34	60.35	9404	567.6	3.087e+05	30.9	T
507	16:28:35	60.12	9389	564.5	3.092e+05	30.9	T
508	16:29:35	60.14	9399	565.2	3.098e+05	30.9	T
509	16:30:35	60.14	9394	565	3.104e+05	30.9	T
510	16:31:35	60.13	9381	564.1	3.109e+05	30.9	T
511	16:32:35	60.09	9349	561.8	3.115e+05	30.8	T
512	16:33:35	60.13	9296	559	3.12e+05	30.6	T
513	16:34:35	60.12	9269	557.3	3.126e+05	30.5	T
514	16:35:36	60.16	9252	556.6	3.132e+05	30.4	T
515	16:36:36	60.16	9237	555.7	3.137e+05	30.4	T
516	16:37:36	60.13	9218	554.3	3.143e+05	30.3	T
517	16:38:36	60.11	9192	552.5	3.148e+05	30.2	T
518	16:39:36	60.14	9170	551.5	3.154e+05	30.2	T
519	16:40:36	60.12	9144	549.7	3.159e+05	30.1	T
520	16:41:36	60.13	9173	551.5	3.165e+05	30.2	T
521	16:42:37	60.12	9159	550.7	3.17e+05	30.1	T
522	16:43:37	60.10	9167	551	3.176e+05	30.2	T
523	16:44:37	60.12	9152	550.2	3.181e+05	30.1	T
524	16:45:37	60.36	9131	551.1	3.187e+05	30	T
525	16:46:37	60.11	9113	547.8	3.192e+05	30	T
526	16:47:37	60.11	9091	546.5	3.198e+05	29.9	T
527	16:48:37	60.11	9074	545.4	3.203e+05	29.9	T
528	16:49:38	60.38	9062	547.2	3.209e+05	29.8	T
529	16:50:38	60.15	9039	543.7	3.214e+05	29.7	T
530	16:51:38	60.13	9046	544	3.219e+05	29.8	T
531	16:52:38	60.11	9020	542.2	3.225e+05	29.7	T
532	16:53:38	60.11	9001	541.1	3.23e+05	29.6	T
533	16:54:38	60.11	8986	540.2	3.236e+05	29.6	T
534	16:55:39	60.35	8974	541.6	3.241e+05	29.5	T
535	16:56:39	10.27	8965	92.06	3.242e+05	29.5	T
536	16:56:49	60.39	8956	540.9	3.247e+05	29.5	T
537	16:57:50	60.11	8946	537.8	3.253e+05	29.4	T
538	16:58:50	60.16	8930	537.2	3.258e+05	29.4	T
539	16:59:50	60.11	8929	536.7	3.264e+05	29.4	T
540	17:00:50	60.12	8910	535.6	3.269e+05	29.3	T
541	17:01:50	60.18	8883	534.6	3.274e+05	29.2	T
542	17:02:50	60.11	8893	534.6	3.28e+05	29.3	T
543	17:03:50	60.12	8861	532.7	3.285e+05	29.2	T
544	17:04:50	60.12	8843	531.6	3.29e+05	29.1	T
545	17:05:51	60.45	8848	534.9	3.296e+05	29.1	T
546	17:06:51	60.12	8823	530.4	3.301e+05	29	T
547	17:07:51	10.36	8816	91.36	3.302e+05	29	T
548	17:08:02	60.26	8796	530.1	3.307e+05	28.9	T
549	17:09:02	60.15	8770	527.5	3.312e+05	28.9	T
550	17:10:02	60.11	8751	526	3.318e+05	28.8	T
551	17:11:02	60.10	8749	525.8	3.323e+05	28.8	T
552	17:12:02	60.11	8752	526.1	3.328e+05	28.8	T
553	17:13:02	60.12	8737	525.3	3.333e+05	28.7	T
554	17:14:02	60.12	8719	524.2	3.339e+05	28.7	T
555	17:15:02	60.12	8708	523.5	3.344e+05	28.7	T
556	17:16:03	60.10	8704	523.1	3.349e+05	28.6	T
557	17:17:03	60.12	8695	522.8	3.354e+05	28.6	T
558	17:18:03	60.12	8685	522.1	3.36e+05	28.6	T
559	17:19:03	60.11	8681	521.8	3.365e+05	28.6	T
560	17:20:03	60.17	8661	521.1	3.37e+05	28.5	T
561	17:21:03	60.11	8652	520.1	3.375e+05	28.5	T
562	17:22:03	60.12	8636	519.2	3.38e+05	28.4	T
563	17:23:03	60.12	8619	518.2	3.386e+05	28.4	T
564	17:24:04	10.27	8607	88.37	3.386e+05	28.3	T
565	17:24:14	47.45	8610	408.5	3.391e+05	28.3	T
566	17:25:01	60.05	8590	515.8	3.396e+05	28.3	T
567	17:26:01	60.10	8595	516.6	3.401e+05	28.3	T
568	17:27:01	60.11	8575	515.4	3.406e+05	28.2	T
569	17:28:02	60.10	8552	514	3.411e+05	28.1	T
570	17:29:02	60.13	8565	515	3.416e+05	28.2	T
571	17:30:02	60.11	8542	513.5	3.421e+05	28.1	T
572	17:31:02	60.12	8526	512.6	3.427e+05	28.1	T
573	17:32:02	60.11	8515	511.9	3.432e+05	28	T
574	17:33:02	60.15	8507	511.7	3.437e+05	28	T
575	17:34:02	60.12	8502	511.1	3.442e+05	28	T
576	17:35:02	60.12	8500	511	3.447e+05	28	T
577	17:36:03	60.12	8471	509.2	3.452e+05	27.9	T
578	17:37:03	10.26	8460	86.82	3.453e+05	27.8	T
579	17:37:13	60.42	8444	510.2	3.458e+05	27.8	T
580	17:38:13	60.35	8433	508.9	3.463e+05	27.7	T
581	17:39:14	60.10	8411	505.5	3.468e+05	27.7	T
582	17:40:14	60.11	8400	504.9	3.473e+05	27.6	T
583	17:41:14	60.16	8365	503.3	3.478e+05	27.5	T
584	17:42:14	60.13	8351	502.2	3.483e+05	27.5	T
585	17:43:14	60.13	8319	500.2	3.488e+05	27.4	T
586	17:44:14	60.14	8304	499.4	3.493e+05	27.3	T
587	17:45:14	60.16	8307	499.8	3.498e+05	27.3	T
588	17:46:15	60.12	8305	499.3	3.503e+05	27.3	T
589	17:47:15	60.13	8302	499.2	3.508e+05	27.3	T
590	17:48:15	60.12	8288	498.2	3.513e+05	27.3	T
591	17:49:15	60.12	8277	497.6	3.518e+05	27.2	T
592	17:50:15	60.12	8263	496.8	3.523e+05	27.2	T
593	17:51:15	60.11	8249	495.8	3.528e+05	27.1	T
594	17:52:15	60.35	8233	496.9	3.533e+05	27.1	T
595	17:53:16	60.14	8221	494.4	3.538e+05	27.1	T
596	17:54:16	60.14	8203	493.4	3.543e+05	27	T
597	17:55:16	60.15	8172	491.6	3.548e+05	26.9	T
598	17:56:16	60.11	8144	489.6	3.553e+05	26.8	T
599	17:57:16	60.12	8139	489.3	3.558e+05	26.8	T
600	17:58:16	60.13	8143	489.7	3.563e+05	26.8	T
601	17:59:16	60.17	8138	489.7	3.568e+05	26.8	T
602	18:00:17	60.11	8143	489.4	3.572e+05	26.8	T
603	18:01:17	60.12	8109	487.5	3.577e+05	26.7	T
604	18:02:17	60.13	8119	488.2	3.582e+05	26.7	T
605	18:03:17	60.13	8078	485.7	3.587e+05	26.6	T
606	18:04:17	60.11	8051	484	3.592e+05	26.5	T
607	18:05:17	60.14	8042	483.7	3.597e+05	26.5	T
608	18:06:17	16.84	8045	135.4	3.598e+05	26.5	T
609	18:06:34	60.32	8050	485.6	3.603e+05	26.5	T
610	18:07:35	60.38	8045	485.8	3.608e+05	26.5	T
611	18:08:35	60.14	8039	483.5	3.613e+05	26.5	T
612	18:09:35	60.12	8028	482.6	3.617e+05	26.4	T
613	18:10:35	10.26	8020	82.26	3.618e+05	26.4	T
614	18:10:45	60.12	8017	482	3.623e+05	26.4	T
615	18:11:46	60.13	8005	481.3	3.628e+05	26.3	T
616	18:12:46	60.11	7987	480.1	3.633e+05	26.3	T
617	18:13:46	60.12	7977	479.5	3.638e+05	26.2	T
618	18:14:46	10.28	7969	81.93	3.638e+05	26.2	T
619	18:14:56	60.43	7966	481.4	3.643e+05	26.2	T
620	18:15:57	60.11	7965	478.8	3.648e+05	26.2	T
621	18:16:57	60.13	7953	478.2	3.653e+05	26.2	T
622	18:17:57	60.16	7946	478	3.658e+05	26.1	T
623	18:18:57	60.12	7943	477.5	3.662e+05	26.1	T
624	18:19:57	60.13	7936	477.2	3.667e+05	26.1	T
625	18:20:57	60.15	7927	476.8	3.672e+05	26.1	T
626	18:21:57	60.14	7918	476.1	3.677e+05	26.1	T
627	18:22:58	60.13	7904	475.2	3.681e+05	26	T
628	18:23:58	60.12	7890	474.4	3.686e+05	26	T
629	18:24:58	60.13	7895	474.7	3.691e+05	26	T
630	18:25:58	60.14	7875	473.6	3.696e+05	25.9	T
631	18:26:58	60.11	7866	472.8	3.7e+05	25.9	T
632	18:27:58	60.15	7849	472.1	3.705e+05	25.8	T
633	18:28:58	60.16	7841	471.7	3.71e+05	25.8	T
634	18:29:59	60.17	7832	471.3	3.714e+05	25.8	T
635	18:30:59	60.13	7829	470.8	3.719e+05	25.8	T
636	18:31:59	60.16	7776	467.8	3.724e+05	25.6	T
637	18:32:59	60.13	7754	466.3	3.729e+05	25.5	T
638	18:33:59	60.11	7741	465.4	3.733e+05	25.5	T
639	18:34:59	60.14	7722	464.4	3.738e+05	25.4	T
640	18:35:59	60.14	7563	454.8	3.742e+05	24.9	T
641	18:36:59	60.11	7474	449.3	3.747e+05	24.6	T
642	18:38:00	60.13	8010	481.6	3.752e+05	26.4	T
643	18:39:00	60.13	8021	482.3	3.756e+05	26.4	T
644	18:40:00	60.13	8011	481.7	3.761e+05	26.4	T
645	18:41:00	60.18	7999	481.4	3.766e+05	26.3	T
646	18:42:00	60.11	7988	480.2	3.771e+05	26.3	T
647	18:43:00	60.14	7976	479.7	3.776e+05	26.2	T
648	18:44:00	60.11	7963	478.7	3.78e+05	26.2	T
649	18:45:01	60.16	7952	478.3	3.785e+05	26.2	T
650	18:46:01	43.42	7942	344.8	3.789e+05	26.1	T
651	18:46:44	60.29	7960	479.9	3.794e+05	26.2	T
652	18:47:44	60.11	8475	509.4	3.799e+05	27.9	T
653	18:48:45	53.50	8544	457.1	3.803e+05	28.1	T
654	18:49:38	60.52	8482	513.3	3.808e+05	27.9	T
655	18:50:39	47.48	8274	392.9	3.812e+05	27.2	T
656	18:51:26	60.20	8144	490.3	3.817e+05	26.8	T
657	18:52:26	60.12	8489	510.4	3.822e+05	27.9	T
658	18:53:26	10.35	8482	87.81	3.823e+05	27.9	T
659	18:53:37	60.32	8475	511.2	3.828e+05	27.9	T
660	18:54:37	60.11	8458	508.4	3.833e+05	27.8	T
661	18:55:37	60.15	8445	507.9	3.838e+05	27.8	T
662	18:56:37	60.12	8433	507	3.843e+05	27.7	T
663	18:57:37	60.11	8414	505.7	3.849e+05	27.7	T
664	18:58:37	60.11	8398	504.8	3.854e+05	27.6	T
665	18:59:38	60.11	8400	504.9	3.859e+05	27.6	T
666	19:00:38	60.11	8765	526.9	3.864e+05	28.8	T
667	19:01:38	60.11	8821	530.3	3.869e+05	29	T
668	19:02:38	10.27	8811	90.49	3.87e+05	29	T
669	19:02:48	60.42	8800	531.7	3.875e+05	29	T
670	19:03:49	60.37	8784	530.3	3.881e+05	28.9	T
671	19:04:49	60.11	8765	526.9	3.886e+05	28.8	T
672	19:05:49	20.33	8751	177.9	3.888e+05	28.8	T
673	19:06:09	10.52	3487	36.67	3.888e+05	11.5	T
674	19:06:20	9.01	592.1	5.333	3.888e+05	1.95	T
675	19:06:29	6.52	1112	7.254	3.888e+05	3.66	T
676	19:06:35	9.01	1871	16.85	3.888e+05	6.16	T
677	19:06:44	6.49	2818	18.29	3.889e+05	9.27	T
678	19:06:51	9.01	4391	39.57	3.889e+05	14.4	T
679	19:07:00	6.82	5586	38.08	3.889e+05	18.4	T
680	19:07:07	9.02	7374	66.54	3.89e+05	24.3	T
681	19:07:16	6.52	7996	52.16	3.891e+05	26.3	T
682	19:07:22	9.01	8726	78.58	3.891e+05	28.7	T
683	19:07:31	6.52	8107	52.87	3.892e+05	26.7	T
684	19:07:38	9.01	7355	66.28	3.893e+05	24.2	T
685	19:07:47	6.52	5810	37.89	3.893e+05	19.1	T
686	19:07:53	8.99	4500	40.46	3.893e+05	14.8	T
687	19:08:02	6.53	3180	20.75	3.894e+05	10.5	T
688	19:08:09	9.01	2042	18.4	3.894e+05	6.72	T
689	19:08:18	6.52	1374	8.958	3.894e+05	4.52	T
690	19:08:24	9.01	730.6	6.583	3.894e+05	2.4	T
691	19:08:33	21.47	3716	79.77	3.895e+05	12.2	T
692	19:08:55	8.99	996.6	8.96	3.895e+05	3.28	T
693	19:09:04	5.92	1589	9.4	3.895e+05	5.23	T
694	19:09:10	9.01	2491	22.45	3.895e+05	8.2	T
695	19:09:19	6.23	3460	21.54	3.895e+05	11.4	T
696	19:09:25	9.01	4951	44.63	3.896e+05	16.3	T
697	19:09:34	6.22	6033	37.53	3.896e+05	19.9	T
698	19:09:40	9.02	7551	68.11	3.897e+05	24.8	T
699	19:09:49	6.22	8096	50.36	3.897e+05	26.6	T
700	19:09:56	9.02	8685	78.31	3.898e+05	28.6	T
701	19:10:05	6.24	8193	51.11	3.899e+05	27	T
702	19:10:11	9.01	7605	68.55	3.899e+05	25	T
703	19:10:20	6.23	6255	38.95	3.9e+05	20.6	T
704	19:10:26	9.01	5067	45.67	3.9e+05	16.7	T
705	19:10:35	5.92	3755	22.23	3.9e+05	12.4	T
706	19:10:41	9.01	2592	23.36	3.901e+05	8.53	T
707	19:10:50	5.94	1810	10.75	3.901e+05	5.95	T
708	19:10:56	9.01	1076	9.696	3.901e+05	3.54	T
709	19:11:05	8.48	3416	28.96	3.901e+05	11.2	T
710	19:11:13	60.32	8660	522.3	3.906e+05	28.5	T
711	19:12:14	35.04	8650	303.1	3.909e+05	28.5	T
712	19:12:49	56.13	8642	485.1	3.914e+05	28.4	T
713	19:13:45	60.16	8633	519.3	3.919e+05	28.4	T
714	19:14:45	60.12	8615	517.9	3.925e+05	28.3	T
715	19:15:45	60.11	8599	516.9	3.93e+05	28.3	T
716	19:16:45	60.13	8576	515.6	3.935e+05	28.2	T
717	19:17:45	10.27	966.6	9.926	3.935e+05	3.18	T
718	19:17:56	60.42	0.1534	0.00927	3.935e+05	0.000505	T
719	19:18:56	58.53	0	0	3.935e+05	0	−
Created by AtlRunQuery on: 2019-02-17 16:49:54.652350
