Online luminosity [algorithm: ATLAS_PREFERRED] per LB for run 350880:
(Begin/end of run: Tue May 22 2018 17:41:40 − Wed May 23, 05:10:36)

LB	Start time
(CEST)	Duration
(sec)	Inst. luminosity
(1e30 cm−2s−1)	Int. luminosity
(nb−1)	Cumul. luminosity
(nb−1)	  <μ>  	Stable beams
1	17:41:40	60.13	0.1708	0.01027	0.01027	0.000767	−
2	17:42:40	60.14	0.1713	0.0103	0.02057	0.000769	−
3	17:43:40	10.40	0.1704	0.001772	0.02234	0.000702	−
4	17:43:51	60.22	0.1721	0.01036	0.03271	0.000709	−
5	17:44:51	24.77	0.1726	0.004276	0.03698	0.000711	−
6	17:45:16	60.20	0.172	0.01035	0.04734	0.000708	−
7	17:46:16	60.40	0.1727	0.01043	0.05777	0.000711	−
8	17:47:16	60.11	0.1725	0.01037	0.06814	0.000656	−
9	17:48:16	60.11	0.1726	0.01038	0.07851	0.000624	−
10	17:49:17	60.16	0.173	0.01041	0.08892	0.000583	−
11	17:50:17	60.12	0.1735	0.01043	0.09935	0.000547	−
12	17:51:17	60.12	0.1743	0.01048	0.1098	0.000517	−
13	17:52:17	60.13	0.1735	0.01043	0.1203	0.000485	−
14	17:53:17	60.12	0.1735	0.01043	0.1307	0.000485	−
15	17:54:17	60.12	0.1734	0.01043	0.1411	0.000485	−
16	17:55:17	60.13	0.1734	0.01043	0.1515	0.000485	−
17	17:56:17	60.10	0.1732	0.01041	0.162	0.000484	−
18	17:57:17	60.39	0.1729	0.01044	0.1724	0.000484	−
19	17:58:18	60.14	0.1729	0.0104	0.1828	0.000483	−
20	17:59:18	60.10	0.1731	0.01041	0.1932	0.000484	−
21	18:00:18	60.13	0.175	0.01052	0.2037	0.000489	−
22	18:01:18	60.11	0.1765	0.01061	0.2143	0.000494	−
23	18:02:18	41.14	0.18	0.007407	0.2217	0.000503	−
24	18:03:00	60.32	0.1819	0.01097	0.2327	0.000509	−
25	18:04:00	60.11	0.1862	0.0112	0.2439	0.000521	−
26	18:05:00	60.39	0.1912	0.01155	0.2554	0.000535	−
27	18:06:00	55.48	0.1949	0.01081	0.2663	0.000545	−
28	18:06:56	34.43	0.1528	0.005261	0.2715	0.000427	−
29	18:07:30	60.44	0.1567	0.00947	0.281	0.000438	−
30	18:08:31	60.17	0.1623	0.009766	0.2908	0.000454	−
31	18:09:31	60.10	0.1669	0.01003	0.3008	0.000467	−
32	18:10:31	60.36	0.1722	0.0104	0.3112	0.000482	−
33	18:11:31	60.10	0.178	0.0107	0.3219	0.000498	−
34	18:12:31	60.13	0.1825	0.01097	0.3328	0.00051	−
35	18:13:32	60.11	0.1879	0.01129	0.3441	0.000525	−
36	18:14:32	60.11	0.1926	0.01158	0.3557	0.000538	−
37	18:15:32	60.15	0.2002	0.01204	0.3678	0.00056	−
38	18:16:32	60.11	0.2094	0.01259	0.3803	0.000585	−
39	18:17:32	60.12	0.2197	0.01321	0.3936	0.000614	−
40	18:18:32	60.12	0.2314	0.01392	0.4075	0.000647	−
41	18:19:32	10.27	0.2307	0.002368	0.4098	0.000645	−
42	18:19:43	10.27	0.2294	0.002356	0.4122	0.000642	−
43	18:19:53	60.43	0.2278	0.01377	0.426	0.000637	−
44	18:20:53	60.12	0.2262	0.0136	0.4396	0.000633	−
45	18:21:53	60.10	0.2257	0.01356	0.4531	0.000631	−
46	18:22:53	60.11	0.2262	0.0136	0.4667	0.000633	−
47	18:23:54	60.10	0.2269	0.01364	0.4804	0.000635	−
48	18:24:54	60.12	0.2276	0.01368	0.494	0.000636	−
49	18:25:54	60.11	0.2279	0.0137	0.5077	0.000637	−
50	18:26:54	60.11	0.2281	0.01371	0.5214	0.000638	−
51	18:27:54	60.16	0.2277	0.0137	0.5351	0.000637	−
52	18:28:54	60.16	0.2287	0.01376	0.5489	0.00064	−
53	18:29:54	60.12	0.2308	0.01388	0.5628	0.000645	−
54	18:30:54	60.11	0.2298	0.01381	0.5766	0.000643	−
55	18:31:55	60.17	0.2303	0.01386	0.5905	0.000644	−
56	18:32:55	60.11	0.2374	0.01427	0.6047	0.000664	−
57	18:33:55	24.74	0.2355	0.005826	0.6106	0.000659	−
58	18:34:20	60.43	0.2324	0.01404	0.6246	0.00065	−
59	18:35:20	60.12	0.2439	0.01466	0.6393	0.000682	−
60	18:36:20	60.10	966.6	58.09	58.73	2.7	−
61	18:37:20	60.11	1.878e+04	1129	1188	52.5	−
62	18:38:20	60.12	1.721e+04	1035	2222	48.1	−
63	18:39:20	60.13	1.844e+04	1109	3331	51.6	−
64	18:40:21	60.14	1.846e+04	1110	4442	51.6	−
65	18:41:21	60.14	1.813e+04	1090	5532	50.7	−
66	18:42:21	60.14	1.75e+04	1052	6584	48.9	T
67	18:43:21	46.86	1.913e+04	896.5	7481	53.5	T
68	18:44:08	11.02	6076	66.98	7548	17	T
69	18:44:19	9.01	1790	16.13	7564	5.01	T
70	18:44:28	7.13	2997	21.36	7585	8.38	T
71	18:44:35	8.98	4901	44.02	7629	13.7	T
72	18:44:44	3.18	5099	16.22	7646	14.3	T
73	18:44:47	3.64	9132	33.27	7679	25.5	T
74	18:44:51	9.01	1.025e+04	92.35	7771	28.7	T
75	18:45:00	7.12	1.227e+04	87.32	7858	34.3	T
76	18:45:07	9.01	1.611e+04	145.1	8004	45.1	T
77	18:45:16	6.82	1.737e+04	118.5	8122	48.6	T
78	18:45:23	9.01	1.901e+04	171.3	8293	53.2	T
79	18:45:32	6.52	1.81e+04	118	8411	50.6	T
80	18:45:38	9.01	1.687e+04	152	8563	47.2	T
81	18:45:47	6.52	1.374e+04	89.58	8653	38.4	T
82	18:45:54	9.01	1.132e+04	102.1	8755	31.7	T
83	18:46:03	6.81	8033	54.73	8810	22.5	T
84	18:46:10	9.01	5787	52.15	8862	16.2	T
85	18:46:19	6.82	3773	25.73	8888	10.6	T
86	18:46:25	9.01	2270	20.45	8908	6.35	T
87	18:46:34	22.07	5992	132.2	9040	16.8	T
88	18:46:57	9.00	1396	12.56	9053	3.9	T
89	18:47:06	6.22	2348	14.6	9067	6.57	T
90	18:47:12	9.01	3906	35.21	9103	10.9	T
91	18:47:21	6.22	5669	35.26	9138	15.9	T
92	18:47:27	9.01	9106	82.09	9220	25.5	T
93	18:47:36	6.22	1.126e+04	70.04	9290	31.5	T
94	18:47:42	9.01	1.59e+04	143.2	9433	44.5	T
95	18:47:51	6.23	1.732e+04	107.9	9541	48.4	T
96	18:47:57	9.01	1.894e+04	170.7	9712	53	T
97	18:48:06	6.22	1.705e+04	106	9818	47.7	T
98	18:48:13	9.00	1.533e+04	138	9956	42.9	T
99	18:48:22	6.21	1.1e+04	68.37	1.002e+04	30.8	T
100	18:48:28	5.82	8493	49.4	1.007e+04	23.7	T
101	18:48:34	3.49	8472	29.58	1.01e+04	23.7	T
102	18:48:37	6.23	5306	33.06	1.014e+04	14.8	T
103	18:48:43	7.29	3537	25.79	1.016e+04	9.89	T
104	18:48:51	3.25	3536	11.51	1.017e+04	9.89	T
105	18:48:54	4.68	1914	8.957	1.018e+04	5.35	T
106	18:48:59	9.01	1226	11.04	1.019e+04	3.43	T
107	18:49:08	8.72	4573	39.86	1.023e+04	12.8	T
108	18:49:16	10.40	1.885e+04	196	1.043e+04	52.7	T
109	18:49:27	10.34	1.892e+04	195.7	1.063e+04	52.9	T
110	18:49:37	60.11	1.889e+04	1135	1.176e+04	52.8	T
111	18:50:37	60.13	1.887e+04	1135	1.289e+04	52.8	T
112	18:51:37	44.85	1.885e+04	845.4	1.374e+04	52.7	T
113	18:52:22	60.56	1.882e+04	1140	1.488e+04	52.6	T
114	18:53:23	60.17	1.883e+04	1133	1.601e+04	52.6	T
115	18:54:23	60.12	1.878e+04	1129	1.714e+04	52.5	T
116	18:55:23	10.27	1.876e+04	192.5	1.733e+04	52.4	T
117	18:55:33	60.11	1.872e+04	1126	1.846e+04	52.4	T
118	18:56:33	31.35	1.866e+04	585.1	1.904e+04	52.2	T
119	18:57:05	11.02	5870	64.71	1.911e+04	16.4	T
120	18:57:16	8.97	1700	15.26	1.912e+04	4.75	T
121	18:57:25	6.54	2745	17.94	1.914e+04	7.68	T
122	18:57:31	9.01	4658	41.98	1.918e+04	13	T
123	18:57:40	6.50	6350	41.25	1.923e+04	17.8	T
124	18:57:47	9.02	9823	88.56	1.931e+04	27.5	T
125	18:57:56	6.81	1.177e+04	80.19	1.939e+04	32.9	T
126	18:58:03	9.01	1.558e+04	140.4	1.954e+04	43.6	T
127	18:58:12	6.82	1.688e+04	115.2	1.965e+04	47.2	T
128	18:58:19	9.01	1.851e+04	166.8	1.982e+04	51.8	T
129	18:58:28	6.82	1.762e+04	120.1	1.994e+04	49.3	T
130	18:58:34	9.01	1.651e+04	148.8	2.009e+04	46.2	T
131	18:58:43	6.82	1.333e+04	90.9	2.018e+04	37.3	T
132	18:58:50	9.01	1.115e+04	100.5	2.028e+04	31.2	T
133	18:58:59	6.84	7952	54.38	2.033e+04	22.2	T
134	18:59:06	9.00	5723	51.52	2.038e+04	16	T
135	18:59:15	6.83	3755	25.63	2.041e+04	10.5	T
136	18:59:22	9.00	2255	20.3	2.043e+04	6.31	T
137	18:59:31	22.06	6272	138.4	2.057e+04	17.5	T
138	18:59:53	9.03	1562	14.11	2.058e+04	4.37	T
139	19:00:02	6.19	2599	16.08	2.06e+04	7.27	T
140	19:00:08	9.01	4311	38.85	2.064e+04	12.1	T
141	19:00:17	6.22	6140	38.2	2.067e+04	17.2	T
142	19:00:23	9.01	9751	87.81	2.076e+04	27.3	T
143	19:00:32	6.54	1.189e+04	77.72	2.084e+04	33.2	T
144	19:00:39	9.00	1.614e+04	145.3	2.099e+04	45.1	T
145	19:00:48	6.22	1.726e+04	107.4	2.109e+04	48.3	T
146	19:00:54	9.01	1.849e+04	166.5	2.126e+04	51.7	T
147	19:01:03	6.23	1.624e+04	101.1	2.136e+04	45.4	T
148	19:01:09	9.00	1.438e+04	129.4	2.149e+04	40.2	T
149	19:01:18	5.92	1.038e+04	61.48	2.155e+04	29	T
150	19:01:24	9.01	7772	70.02	2.162e+04	21.7	T
151	19:01:33	6.23	5024	31.28	2.165e+04	14	T
152	19:01:40	9.01	3192	28.77	2.168e+04	8.93	T
153	19:01:49	6.22	2036	12.66	2.169e+04	5.69	T
154	19:01:55	9.01	1082	9.753	2.17e+04	3.03	T
155	19:02:04	8.67	4332	37.54	2.174e+04	12.1	T
156	19:02:12	60.45	1.846e+04	1116	2.286e+04	51.6	T
157	19:03:13	60.17	1.839e+04	1106	2.396e+04	51.4	T
158	19:04:13	60.13	1.831e+04	1101	2.506e+04	51.2	T
159	19:05:13	60.15	1.824e+04	1097	2.616e+04	51	T
160	19:06:13	60.15	1.847e+04	1111	2.727e+04	51.6	T
161	19:07:14	60.14	1.837e+04	1105	2.838e+04	51.4	T
162	19:08:14	39.00	1.833e+04	714.9	2.909e+04	51.3	T
163	19:08:53	60.47	1.826e+04	1104	3.02e+04	51.1	T
164	19:09:53	60.11	1.818e+04	1093	3.129e+04	50.8	T
165	19:10:53	60.11	1.818e+04	1093	3.238e+04	50.8	T
166	19:11:53	60.12	1.817e+04	1093	3.347e+04	50.8	T
167	19:12:53	60.13	1.814e+04	1091	3.457e+04	50.7	T
168	19:13:54	60.15	1.807e+04	1087	3.565e+04	50.5	T
169	19:14:54	60.12	1.802e+04	1083	3.674e+04	50.4	T
170	19:15:54	60.14	1.797e+04	1081	3.782e+04	50.2	T
171	19:16:54	60.18	1.789e+04	1077	3.889e+04	50	T
172	19:17:54	60.15	1.784e+04	1073	3.996e+04	49.9	T
173	19:18:54	51.97	1.78e+04	924.9	4.089e+04	49.8	T
174	19:19:46	60.27	1.78e+04	1073	4.196e+04	49.8	T
175	19:20:47	60.11	1.774e+04	1066	4.303e+04	49.6	T
176	19:21:47	17.62	1.77e+04	311.8	4.334e+04	49.5	T
177	19:22:04	60.33	1.767e+04	1066	4.441e+04	49.4	T
178	19:23:05	60.14	1.761e+04	1059	4.547e+04	49.2	T
179	19:24:05	60.15	1.754e+04	1055	4.652e+04	49	T
180	19:25:05	60.11	1.748e+04	1051	4.757e+04	48.9	T
181	19:26:05	60.12	1.725e+04	1037	4.861e+04	48.2	T
182	19:27:05	60.12	1.678e+04	1009	4.962e+04	46.9	T
183	19:28:05	60.16	1.703e+04	1024	5.064e+04	47.6	T
184	19:29:05	60.40	1.809e+04	1093	5.173e+04	50.6	T
185	19:30:06	60.13	1.806e+04	1086	5.282e+04	50.5	T
186	19:31:06	60.12	1.803e+04	1084	5.39e+04	50.4	T
187	19:32:06	60.16	1.799e+04	1082	5.499e+04	50.3	T
188	19:33:06	60.13	1.796e+04	1080	5.607e+04	50.2	T
189	19:34:06	60.14	1.791e+04	1077	5.714e+04	50.1	T
190	19:35:07	60.13	1.788e+04	1075	5.822e+04	50	T
191	19:36:07	60.11	1.784e+04	1073	5.929e+04	49.9	T
192	19:37:07	60.13	1.781e+04	1071	6.036e+04	49.8	T
193	19:38:07	60.13	1.777e+04	1069	6.143e+04	49.7	T
194	19:39:07	60.14	1.773e+04	1066	6.25e+04	49.6	T
195	19:40:07	60.14	1.769e+04	1064	6.356e+04	49.5	T
196	19:41:07	60.13	1.766e+04	1062	6.462e+04	49.4	T
197	19:42:07	19.67	1.764e+04	346.9	6.497e+04	49.3	T
198	19:42:27	60.24	1.761e+04	1061	6.603e+04	49.2	T
199	19:43:27	60.12	1.764e+04	1060	6.709e+04	49.3	T
200	19:44:27	60.17	1.76e+04	1059	6.815e+04	49.2	T
201	19:45:28	60.11	1.755e+04	1055	6.92e+04	49.1	T
202	19:46:28	60.13	1.751e+04	1053	7.026e+04	49	T
203	19:47:28	60.11	1.748e+04	1050	7.131e+04	48.9	T
204	19:48:28	60.15	1.744e+04	1049	7.236e+04	48.8	T
205	19:49:28	60.12	1.74e+04	1046	7.34e+04	48.7	T
206	19:50:28	60.13	1.736e+04	1044	7.445e+04	48.5	T
207	19:51:28	60.40	1.732e+04	1046	7.549e+04	48.4	T
208	19:52:29	60.15	1.728e+04	1039	7.653e+04	48.3	T
209	19:53:29	60.12	1.723e+04	1036	7.757e+04	48.2	T
210	19:54:29	60.10	1.72e+04	1034	7.86e+04	48.1	T
211	19:55:29	60.36	1.716e+04	1036	7.964e+04	48	T
212	19:56:29	60.12	1.715e+04	1031	8.067e+04	48	T
213	19:57:30	60.35	1.717e+04	1036	8.171e+04	48	T
214	19:58:30	60.13	1.713e+04	1030	8.274e+04	47.9	T
215	19:59:30	60.13	1.71e+04	1028	8.376e+04	47.8	T
216	20:00:30	60.11	1.707e+04	1026	8.479e+04	47.7	T
217	20:01:30	60.36	1.703e+04	1028	8.582e+04	47.6	T
218	20:02:31	60.11	1.699e+04	1021	8.684e+04	47.5	T
219	20:03:31	60.17	1.695e+04	1020	8.786e+04	47.4	T
220	20:04:31	55.41	1.692e+04	937.6	8.88e+04	47.3	T
221	20:05:26	60.35	1.689e+04	1019	8.982e+04	47.2	T
222	20:06:27	60.12	1.685e+04	1013	9.083e+04	47.1	T
223	20:07:27	60.35	1.681e+04	1014	9.184e+04	47	T
224	20:08:27	60.11	1.676e+04	1007	9.285e+04	46.9	T
225	20:09:27	60.11	1.674e+04	1006	9.386e+04	46.8	T
226	20:10:27	60.11	1.67e+04	1004	9.486e+04	46.7	T
227	20:11:28	60.11	1.666e+04	1001	9.586e+04	46.6	T
228	20:12:28	60.10	1.665e+04	1001	9.686e+04	46.6	T
229	20:13:28	60.11	1.663e+04	999.6	9.786e+04	46.5	T
230	20:14:28	60.11	1.658e+04	996.4	9.886e+04	46.4	T
231	20:15:28	60.10	1.657e+04	995.9	9.985e+04	46.3	T
232	20:16:28	60.12	1.65e+04	991.9	1.008e+05	46.1	T
233	20:17:28	60.11	1.649e+04	991.4	1.018e+05	46.1	T
234	20:18:28	46.43	1.645e+04	763.6	1.026e+05	46	T
235	20:19:15	60.64	1.642e+04	995.8	1.036e+05	45.9	T
236	20:20:15	60.17	1.64e+04	986.5	1.046e+05	45.8	T
237	20:21:16	60.10	1.635e+04	982.9	1.056e+05	45.7	T
238	20:22:16	60.16	1.633e+04	982.7	1.065e+05	45.7	T
239	20:23:16	60.14	1.631e+04	980.7	1.075e+05	45.6	T
240	20:24:16	60.12	1.628e+04	978.5	1.085e+05	45.5	T
241	20:25:16	60.13	1.625e+04	976.9	1.095e+05	45.4	T
242	20:26:16	60.11	1.622e+04	974.8	1.105e+05	45.3	T
243	20:27:16	60.14	1.618e+04	973.3	1.114e+05	45.3	T
244	20:28:16	60.11	1.62e+04	973.5	1.124e+05	45.3	T
245	20:29:17	60.11	1.616e+04	971.4	1.134e+05	45.2	T
246	20:30:17	60.15	1.609e+04	967.6	1.143e+05	45	T
247	20:31:17	60.15	1.607e+04	966.7	1.153e+05	44.9	T
248	20:32:17	60.13	1.606e+04	965.8	1.163e+05	44.9	T
249	20:33:17	60.12	1.603e+04	963.6	1.172e+05	44.8	T
250	20:34:17	60.11	1.6e+04	961.9	1.182e+05	44.7	T
251	20:35:17	58.09	1.596e+04	927.3	1.191e+05	44.6	T
252	20:36:15	60.52	1.593e+04	964	1.201e+05	44.5	T
253	20:37:16	47.29	1.59e+04	752.1	1.208e+05	44.5	T
254	20:38:03	49.07	1.589e+04	779.5	1.216e+05	44.4	T
255	20:38:52	60.23	1.585e+04	954.8	1.226e+05	44.3	T
256	20:39:53	60.12	1.583e+04	951.7	1.235e+05	44.3	T
257	20:40:53	60.12	1.58e+04	950	1.245e+05	44.2	T
258	20:41:53	60.13	1.576e+04	947.8	1.254e+05	44.1	T
259	20:42:53	60.12	1.573e+04	945.7	1.264e+05	44	T
260	20:43:53	60.36	1.57e+04	947.7	1.273e+05	43.9	T
261	20:44:53	60.12	1.573e+04	945.9	1.283e+05	44	T
262	20:45:53	60.12	1.568e+04	942.4	1.292e+05	43.8	T
263	20:46:54	60.11	1.566e+04	941.7	1.302e+05	43.8	T
264	20:47:54	60.14	1.564e+04	940.5	1.311e+05	43.7	T
265	20:48:54	60.11	1.563e+04	939.3	1.32e+05	43.7	T
266	20:49:54	60.12	1.56e+04	938.1	1.33e+05	43.6	T
267	20:50:54	60.14	1.558e+04	937.1	1.339e+05	43.6	T
268	20:51:54	60.12	1.552e+04	933.1	1.348e+05	43.4	T
269	20:52:54	55.52	1.547e+04	859.1	1.357e+05	43.3	T
270	20:53:50	60.63	1.546e+04	937.5	1.366e+05	43.2	T
271	20:54:50	60.13	1.546e+04	929.2	1.376e+05	43.2	T
272	20:55:51	60.13	1.529e+04	919.7	1.385e+05	42.8	T
273	20:56:51	60.11	1.512e+04	909.2	1.394e+05	42.3	T
274	20:57:51	60.12	1.46e+04	877.5	1.403e+05	40.8	T
275	20:58:51	60.11	1.564e+04	939.9	1.412e+05	43.7	T
276	20:59:51	60.12	1.561e+04	938.1	1.422e+05	43.6	T
277	21:00:51	60.11	1.558e+04	936.7	1.431e+05	43.6	T
278	21:01:51	60.11	1.561e+04	938.2	1.44e+05	43.6	T
279	21:02:51	60.12	1.558e+04	936.6	1.45e+05	43.6	T
280	21:03:52	60.12	1.555e+04	934.8	1.459e+05	43.5	T
281	21:04:52	60.12	1.552e+04	933.1	1.468e+05	43.4	T
282	21:05:52	60.12	1.55e+04	931.8	1.478e+05	43.3	T
283	21:06:52	60.12	1.547e+04	930.2	1.487e+05	43.3	T
284	21:07:52	60.13	1.544e+04	928.6	1.496e+05	43.2	T
285	21:08:52	60.11	1.542e+04	926.7	1.505e+05	43.1	T
286	21:09:52	60.15	1.539e+04	925.6	1.515e+05	43	T
287	21:10:52	60.12	1.536e+04	923.3	1.524e+05	42.9	T
288	21:11:53	60.12	1.534e+04	922.1	1.533e+05	42.9	T
289	21:12:53	60.13	1.531e+04	920.5	1.542e+05	42.8	T
290	21:13:53	60.12	1.528e+04	918.5	1.552e+05	42.7	T
291	21:14:53	60.12	1.525e+04	916.7	1.561e+05	42.6	T
292	21:15:53	60.11	1.522e+04	914.7	1.57e+05	42.6	T
293	21:16:53	19.23	1.52e+04	292.2	1.573e+05	42.5	T
294	21:17:12	60.20	1.519e+04	914.6	1.582e+05	42.5	T
295	21:18:13	60.11	1.521e+04	914.6	1.591e+05	42.5	T
296	21:19:13	60.17	1.519e+04	914.1	1.6e+05	42.5	T
297	21:20:13	60.11	1.516e+04	911.4	1.609e+05	42.4	T
298	21:21:13	60.11	1.514e+04	909.8	1.618e+05	42.3	T
299	21:22:13	60.11	1.512e+04	908.5	1.628e+05	42.3	T
300	21:23:13	60.13	1.509e+04	907.4	1.637e+05	42.2	T
301	21:24:13	60.12	1.506e+04	905.6	1.646e+05	42.1	T
302	21:25:13	60.12	1.504e+04	904	1.655e+05	42	T
303	21:26:14	60.40	1.501e+04	906.5	1.664e+05	42	T
304	21:27:14	60.12	1.499e+04	901	1.673e+05	41.9	T
305	21:28:14	10.27	1.497e+04	153.8	1.674e+05	41.9	T
306	21:28:24	60.44	1.496e+04	904.1	1.683e+05	41.8	T
307	21:29:25	60.11	1.493e+04	897.4	1.692e+05	41.7	T
308	21:30:25	60.12	1.49e+04	895.9	1.701e+05	41.7	T
309	21:31:25	60.10	1.487e+04	894	1.71e+05	41.6	T
310	21:32:25	60.12	1.485e+04	892.9	1.719e+05	41.5	T
311	21:33:25	60.12	1.483e+04	891.5	1.728e+05	41.5	T
312	21:34:25	60.11	1.484e+04	892.2	1.737e+05	41.5	T
313	21:35:25	60.11	1.483e+04	891.5	1.746e+05	41.5	T
314	21:36:26	60.11	1.48e+04	889.8	1.755e+05	41.4	T
315	21:37:26	60.11	1.478e+04	888.4	1.764e+05	41.3	T
316	21:38:26	60.12	1.475e+04	887	1.773e+05	41.3	T
317	21:39:26	60.16	1.472e+04	885.7	1.781e+05	41.2	T
318	21:40:26	60.12	1.47e+04	884	1.79e+05	41.1	T
319	21:41:26	60.11	1.468e+04	882.5	1.799e+05	41.1	T
320	21:42:26	60.10	1.465e+04	880.6	1.808e+05	41	T
321	21:43:26	60.11	1.463e+04	879.4	1.817e+05	40.9	T
322	21:44:27	60.36	1.46e+04	881.5	1.826e+05	40.8	T
323	21:45:27	60.12	1.458e+04	876.2	1.834e+05	40.8	T
324	21:46:27	60.39	1.454e+04	878.1	1.843e+05	40.7	T
325	21:47:27	60.11	1.451e+04	872.3	1.852e+05	40.6	T
326	21:48:27	60.14	1.449e+04	871.5	1.86e+05	40.5	T
327	21:49:28	20.48	1.447e+04	296.4	1.863e+05	40.5	T
328	21:49:48	60.47	1.445e+04	874.1	1.872e+05	40.4	T
329	21:50:49	60.10	1.443e+04	867.5	1.881e+05	40.4	T
330	21:51:49	60.11	1.443e+04	867.1	1.89e+05	40.3	T
331	21:52:49	60.11	1.443e+04	867.4	1.898e+05	40.4	T
332	21:53:49	17.15	1.441e+04	247.2	1.901e+05	40.3	T
333	21:54:06	60.25	1.44e+04	867.4	1.909e+05	40.3	T
334	21:55:06	60.39	1.437e+04	867.8	1.918e+05	40.2	T
335	21:56:07	60.12	1.435e+04	862.7	1.927e+05	40.1	T
336	21:57:07	60.11	1.433e+04	861.1	1.935e+05	40.1	T
337	21:58:07	60.11	1.429e+04	859.2	1.944e+05	40	T
338	21:59:07	60.13	1.427e+04	858.1	1.952e+05	39.9	T
339	22:00:07	60.12	1.425e+04	856.5	1.961e+05	39.8	T
340	22:01:07	60.11	1.422e+04	854.7	1.97e+05	39.8	T
341	22:02:07	60.13	1.419e+04	852.9	1.978e+05	39.7	T
342	22:03:07	60.11	1.417e+04	851.5	1.987e+05	39.6	T
343	22:04:08	60.12	1.414e+04	850.2	1.995e+05	39.5	T
344	22:05:08	60.11	1.412e+04	848.7	2.004e+05	39.5	T
345	22:06:08	60.11	1.409e+04	846.9	2.012e+05	39.4	T
346	22:07:08	60.11	1.406e+04	845.4	2.021e+05	39.3	T
347	22:08:08	60.16	1.403e+04	844.3	2.029e+05	39.2	T
348	22:09:08	60.15	1.401e+04	842.9	2.037e+05	39.2	T
349	22:10:08	60.13	1.4e+04	841.8	2.046e+05	39.2	T
350	22:11:08	60.12	1.402e+04	843.2	2.054e+05	39.2	T
351	22:12:09	60.16	1.4e+04	842.5	2.063e+05	39.2	T
352	22:13:09	60.11	1.398e+04	840.1	2.071e+05	39.1	T
353	22:14:09	60.12	1.396e+04	839.1	2.079e+05	39	T
354	22:15:09	25.87	1.394e+04	360.6	2.083e+05	39	T
355	22:15:35	60.58	1.392e+04	843.5	2.092e+05	38.9	T
356	22:16:35	60.11	1.391e+04	835.9	2.1e+05	38.9	T
357	22:17:36	60.11	1.388e+04	834.5	2.108e+05	38.8	T
358	22:18:36	60.11	1.386e+04	833	2.117e+05	38.8	T
359	22:19:36	60.11	1.383e+04	831.2	2.125e+05	38.7	T
360	22:20:36	60.11	1.38e+04	829.5	2.133e+05	38.6	T
361	22:21:36	60.11	1.378e+04	828.2	2.141e+05	38.5	T
362	22:22:36	60.11	1.376e+04	827.2	2.15e+05	38.5	T
363	22:23:36	60.11	1.374e+04	826	2.158e+05	38.4	T
364	22:24:36	60.12	1.372e+04	825	2.166e+05	38.4	T
365	22:25:36	60.13	1.37e+04	823.6	2.174e+05	38.3	T
366	22:26:37	60.12	1.367e+04	822	2.183e+05	38.2	T
367	22:27:37	60.36	1.365e+04	824	2.191e+05	38.2	T
368	22:28:37	60.10	1.364e+04	819.5	2.199e+05	38.1	T
369	22:29:37	60.12	1.366e+04	821.1	2.207e+05	38.2	T
370	22:30:37	60.11	1.364e+04	820.2	2.216e+05	38.2	T
371	22:31:37	60.11	1.362e+04	818.7	2.224e+05	38.1	T
372	22:32:37	60.10	1.36e+04	817.4	2.232e+05	38	T
373	22:33:38	60.35	1.357e+04	819.2	2.24e+05	38	T
374	22:34:38	60.11	1.355e+04	814.7	2.248e+05	37.9	T
375	22:35:38	60.13	1.353e+04	813.8	2.256e+05	37.8	T
376	22:36:38	60.11	1.351e+04	812.1	2.264e+05	37.8	T
377	22:37:38	60.19	1.348e+04	811.6	2.273e+05	37.7	T
378	22:38:38	10.54	1.347e+04	142	2.274e+05	37.7	T
379	22:38:49	60.36	1.346e+04	812.4	2.282e+05	37.6	T
380	22:39:49	60.39	1.343e+04	811.2	2.29e+05	37.6	T
381	22:40:50	60.13	1.341e+04	806.6	2.298e+05	37.5	T
382	22:41:50	60.36	1.339e+04	808	2.306e+05	37.4	T
383	22:42:50	60.11	1.336e+04	803.4	2.314e+05	37.4	T
384	22:43:50	60.36	1.334e+04	805.3	2.322e+05	37.3	T
385	22:44:51	60.12	1.333e+04	801.2	2.33e+05	37.3	T
386	22:45:51	60.11	1.33e+04	799.3	2.338e+05	37.2	T
387	22:46:51	60.12	1.328e+04	798.3	2.346e+05	37.1	T
388	22:47:51	60.12	1.326e+04	797	2.354e+05	37.1	T
389	22:48:51	60.14	1.328e+04	798.4	2.362e+05	37.1	T
390	22:49:51	60.10	1.326e+04	796.8	2.37e+05	37.1	T
391	22:50:51	60.11	1.324e+04	795.7	2.378e+05	37	T
392	22:51:52	60.12	1.322e+04	794.5	2.386e+05	37	T
393	22:52:52	60.11	1.319e+04	793	2.394e+05	36.9	T
394	22:53:52	60.11	1.317e+04	791.8	2.402e+05	36.8	T
395	22:54:52	60.12	1.315e+04	790.3	2.41e+05	36.8	T
396	22:55:52	60.11	1.313e+04	788.9	2.418e+05	36.7	T
397	22:56:52	60.11	1.31e+04	787.6	2.426e+05	36.6	T
398	22:57:52	60.11	1.308e+04	786.2	2.434e+05	36.6	T
399	22:58:52	60.10	1.305e+04	784.5	2.442e+05	36.5	T
400	22:59:52	60.36	1.305e+04	787.8	2.449e+05	36.5	T
401	23:00:53	60.13	1.303e+04	783.8	2.457e+05	36.5	T
402	23:01:53	60.11	1.301e+04	782.2	2.465e+05	36.4	T
403	23:02:53	42.49	1.3e+04	552.3	2.471e+05	36.3	T
404	23:03:36	60.20	1.298e+04	781.4	2.478e+05	36.3	T
405	23:04:36	60.12	1.296e+04	779.2	2.486e+05	36.2	T
406	23:05:36	60.12	1.294e+04	777.8	2.494e+05	36.2	T
407	23:06:36	10.27	1.292e+04	132.6	2.495e+05	36.1	T
408	23:06:46	60.45	1.291e+04	780.3	2.503e+05	36.1	T
409	23:07:47	60.11	1.292e+04	776.7	2.511e+05	36.1	T
410	23:08:47	60.10	1.291e+04	775.8	2.519e+05	36.1	T
411	23:09:47	60.12	1.29e+04	775.6	2.526e+05	36.1	T
412	23:10:47	60.12	1.288e+04	774.1	2.534e+05	36	T
413	23:11:47	60.12	1.285e+04	772.7	2.542e+05	35.9	T
414	23:12:47	60.13	1.283e+04	771.5	2.55e+05	35.9	T
415	23:13:47	60.12	1.281e+04	770	2.557e+05	35.8	T
416	23:14:48	60.11	1.279e+04	768.7	2.565e+05	35.8	T
417	23:15:48	60.13	1.277e+04	767.9	2.573e+05	35.7	T
418	23:16:48	60.10	1.275e+04	766.3	2.58e+05	35.7	T
419	23:17:48	60.11	1.273e+04	765.2	2.588e+05	35.6	T
420	23:18:48	60.11	1.271e+04	764.1	2.596e+05	35.5	T
421	23:19:48	60.13	1.269e+04	763.1	2.603e+05	35.5	T
422	23:20:48	60.16	1.267e+04	762.1	2.611e+05	35.4	T
423	23:21:48	60.11	1.265e+04	760.3	2.618e+05	35.4	T
424	23:22:48	60.11	1.262e+04	758.9	2.626e+05	35.3	T
425	23:23:49	60.34	1.261e+04	760.8	2.634e+05	35.3	T
426	23:24:49	60.13	1.259e+04	756.8	2.641e+05	35.2	T
427	23:25:49	60.11	1.262e+04	758.5	2.649e+05	35.3	T
428	23:26:49	60.12	1.259e+04	757	2.656e+05	35.2	T
429	23:27:49	60.11	1.257e+04	755.4	2.664e+05	35.1	T
430	23:28:49	47.09	1.255e+04	590.7	2.67e+05	35.1	T
431	23:29:36	60.13	1.253e+04	753.2	2.677e+05	35	T
432	23:30:37	60.11	1.25e+04	751.6	2.685e+05	35	T
433	23:31:37	60.11	1.248e+04	750.3	2.692e+05	34.9	T
434	23:32:37	10.32	1.247e+04	128.7	2.694e+05	34.9	T
435	23:32:47	60.44	1.246e+04	753	2.701e+05	34.8	T
436	23:33:48	60.12	1.244e+04	748.1	2.709e+05	34.8	T
437	23:34:48	60.16	1.242e+04	747.4	2.716e+05	34.7	T
438	23:35:48	60.15	1.24e+04	745.8	2.724e+05	34.7	T
439	23:36:48	60.12	1.238e+04	744.1	2.731e+05	34.6	T
440	23:37:48	60.12	1.236e+04	742.8	2.738e+05	34.5	T
441	23:38:48	60.11	1.233e+04	741.2	2.746e+05	34.5	T
442	23:39:48	60.12	1.231e+04	740.2	2.753e+05	34.4	T
443	23:40:48	60.11	1.229e+04	738.6	2.761e+05	34.4	T
444	23:41:49	60.35	1.227e+04	740.3	2.768e+05	34.3	T
445	23:42:49	60.13	1.226e+04	737.3	2.775e+05	34.3	T
446	23:43:49	60.12	1.227e+04	737.8	2.783e+05	34.3	T
447	23:44:49	60.12	1.225e+04	736.3	2.79e+05	34.2	T
448	23:45:49	60.12	1.223e+04	735.2	2.798e+05	34.2	T
449	23:46:49	60.12	1.221e+04	733.8	2.805e+05	34.1	T
450	23:47:50	60.12	1.219e+04	733	2.812e+05	34.1	T
451	23:48:50	60.11	1.217e+04	731.4	2.82e+05	34	T
452	23:49:50	60.34	1.214e+04	732.7	2.827e+05	34	T
453	23:50:50	60.11	1.212e+04	728.7	2.834e+05	33.9	T
454	23:51:50	60.13	1.179e+04	709	2.841e+05	33	T
455	23:52:50	60.12	1.149e+04	691.1	2.848e+05	32.1	T
456	23:53:50	60.12	1.21e+04	727.3	2.855e+05	33.8	T
457	23:54:51	60.11	1.208e+04	726.3	2.863e+05	33.8	T
458	23:55:51	60.13	1.206e+04	724.8	2.87e+05	33.7	T
459	23:56:51	15.75	1.204e+04	189.7	2.872e+05	33.7	T
460	23:57:07	60.15	1.203e+04	723.5	2.879e+05	33.6	T
461	23:58:07	60.13	1.202e+04	722.7	2.886e+05	33.6	T
462	23:59:07	60.13	1.2e+04	721.5	2.893e+05	33.6	T
463	00:00:07	41.82	1.198e+04	501	2.898e+05	33.5	T
464	00:00:49	60.48	1.197e+04	723.9	2.906e+05	33.5	T
465	00:01:49	60.36	1.196e+04	722.1	2.913e+05	33.5	T
466	00:02:50	60.11	1.197e+04	719.7	2.92e+05	33.5	T
467	00:03:50	60.12	1.195e+04	718.6	2.927e+05	33.4	T
468	00:04:50	60.12	1.193e+04	717.4	2.935e+05	33.4	T
469	00:05:50	60.11	1.192e+04	716.2	2.942e+05	33.3	T
470	00:06:50	60.12	1.19e+04	715.1	2.949e+05	33.3	T
471	00:07:50	60.11	1.188e+04	713.9	2.956e+05	33.2	T
472	00:08:50	60.10	1.186e+04	712.6	2.963e+05	33.2	T
473	00:09:50	60.14	1.184e+04	711.9	2.97e+05	33.1	T
474	00:10:51	60.13	1.182e+04	710.7	2.977e+05	33.1	T
475	00:11:51	60.38	1.18e+04	712.6	2.984e+05	33	T
476	00:12:51	60.39	1.178e+04	711.7	2.992e+05	33	T
477	00:13:51	60.12	1.176e+04	707	2.999e+05	32.9	T
478	00:14:52	60.11	1.174e+04	705.6	3.006e+05	32.8	T
479	00:15:52	60.11	1.172e+04	704.6	3.013e+05	32.8	T
480	00:16:52	60.10	1.17e+04	703.3	3.02e+05	32.7	T
481	00:17:52	60.12	1.168e+04	702.4	3.027e+05	32.7	T
482	00:18:52	60.12	1.167e+04	701.3	3.034e+05	32.6	T
483	00:19:52	60.13	1.165e+04	700.4	3.041e+05	32.6	T
484	00:20:52	60.12	1.163e+04	699.3	3.048e+05	32.5	T
485	00:21:52	60.11	1.165e+04	700.3	3.055e+05	32.6	T
486	00:22:53	60.13	1.163e+04	699	3.062e+05	32.5	T
487	00:23:53	60.12	1.161e+04	698	3.069e+05	32.5	T
488	00:24:53	60.10	1.159e+04	696.7	3.076e+05	32.4	T
489	00:25:53	60.11	1.157e+04	695.6	3.083e+05	32.4	T
490	00:26:53	60.11	1.156e+04	694.5	3.09e+05	32.3	T
491	00:27:53	60.12	1.154e+04	693.7	3.097e+05	32.3	T
492	00:28:53	60.11	1.152e+04	692.4	3.104e+05	32.2	T
493	00:29:53	60.11	1.15e+04	691	3.11e+05	32.1	T
494	00:30:53	17.43	1.149e+04	200.4	3.112e+05	32.1	T
495	00:31:11	60.49	1.148e+04	694.4	3.119e+05	32.1	T
496	00:32:11	60.11	1.146e+04	688.7	3.126e+05	32	T
497	00:33:11	60.13	1.143e+04	687.6	3.133e+05	32	T
498	00:34:12	60.13	1.142e+04	686.6	3.14e+05	31.9	T
499	00:35:12	60.12	1.14e+04	685.4	3.147e+05	31.9	T
500	00:36:12	60.11	1.139e+04	684.4	3.154e+05	31.8	T
501	00:37:12	60.12	1.137e+04	683.5	3.161e+05	31.8	T
502	00:38:12	60.11	1.135e+04	682.3	3.167e+05	31.7	T
503	00:39:12	60.13	1.133e+04	681.1	3.174e+05	31.7	T
504	00:40:12	60.16	1.131e+04	680.6	3.181e+05	31.6	T
505	00:41:12	60.13	1.133e+04	681.5	3.188e+05	31.7	T
506	00:42:13	60.11	1.131e+04	679.8	3.195e+05	31.6	T
507	00:43:13	60.11	1.129e+04	678.7	3.201e+05	31.6	T
508	00:44:13	60.13	1.127e+04	677.8	3.208e+05	31.5	T
509	00:45:13	60.14	1.126e+04	677.1	3.215e+05	31.5	T
510	00:46:13	60.39	1.124e+04	678.9	3.222e+05	31.4	T
511	00:47:13	60.17	1.122e+04	675.4	3.228e+05	31.4	T
512	00:48:14	60.11	1.121e+04	673.7	3.235e+05	31.3	T
513	00:49:14	60.37	1.119e+04	675.5	3.242e+05	31.3	T
514	00:50:14	60.12	1.117e+04	671.5	3.249e+05	31.2	T
515	00:51:14	60.11	1.115e+04	670.3	3.255e+05	31.2	T
516	00:52:14	60.14	1.114e+04	669.8	3.262e+05	31.1	T
517	00:53:14	60.13	1.112e+04	668.4	3.269e+05	31.1	T
518	00:54:15	60.12	1.11e+04	667.4	3.275e+05	31	T
519	00:55:15	60.11	1.108e+04	666.1	3.282e+05	31	T
520	00:56:15	60.12	1.106e+04	664.8	3.289e+05	30.9	T
521	00:57:15	60.12	1.104e+04	663.6	3.295e+05	30.9	T
522	00:58:15	60.11	1.102e+04	662.7	3.302e+05	30.8	T
523	00:59:15	60.11	1.101e+04	661.8	3.309e+05	30.8	T
524	01:00:15	60.10	1.101e+04	662	3.315e+05	30.8	T
525	01:01:15	60.10	1.102e+04	662.2	3.322e+05	30.8	T
526	01:02:15	60.35	1.1e+04	663.6	3.328e+05	30.7	T
527	01:03:16	45.29	1.098e+04	497.3	3.333e+05	30.7	T
528	01:04:01	60.45	1.096e+04	662.8	3.34e+05	30.7	T
529	01:05:02	60.12	1.094e+04	658	3.347e+05	30.6	T
530	01:06:02	60.12	1.093e+04	657	3.353e+05	30.6	T
531	01:07:02	60.12	1.091e+04	655.8	3.36e+05	30.5	T
532	01:08:02	60.13	1.089e+04	654.8	3.366e+05	30.5	T
533	01:09:02	60.11	1.088e+04	653.8	3.373e+05	30.4	T
534	01:10:02	60.12	1.086e+04	652.7	3.379e+05	30.4	T
535	01:11:02	60.12	1.084e+04	651.7	3.386e+05	30.3	T
536	01:12:02	60.11	1.082e+04	650.4	3.392e+05	30.3	T
537	01:13:03	60.11	1.08e+04	649.4	3.399e+05	30.2	T
538	01:14:03	49.14	1.079e+04	530.2	3.404e+05	30.2	T
539	01:14:52	60.10	1.077e+04	647.5	3.411e+05	30.1	T
540	01:15:52	60.12	1.076e+04	646.9	3.417e+05	30.1	T
541	01:16:52	60.11	1.074e+04	645.6	3.424e+05	30	T
542	01:17:52	60.11	1.072e+04	644.7	3.43e+05	30	T
543	01:18:52	60.12	1.071e+04	643.8	3.437e+05	29.9	T
544	01:19:52	60.12	1.073e+04	645.1	3.443e+05	30	T
545	01:20:52	60.11	1.069e+04	642.3	3.449e+05	29.9	T
546	01:21:53	60.13	1.067e+04	641.5	3.456e+05	29.8	T
547	01:22:53	41.83	1.065e+04	445.6	3.46e+05	29.8	T
548	01:23:35	60.11	1.063e+04	639.1	3.467e+05	29.7	T
549	01:24:35	60.11	1.061e+04	637.9	3.473e+05	29.7	T
550	01:25:35	60.16	1.06e+04	637.7	3.479e+05	29.6	T
551	01:26:35	60.11	1.058e+04	636.3	3.486e+05	29.6	T
552	01:27:35	60.13	1.056e+04	635	3.492e+05	29.5	T
553	01:28:35	60.11	1.056e+04	634.5	3.498e+05	29.5	T
554	01:29:35	60.29	1.054e+04	635.2	3.505e+05	29.5	T
555	01:30:36	60.11	1.052e+04	632.6	3.511e+05	29.4	T
556	01:31:36	60.12	1.051e+04	631.6	3.517e+05	29.4	T
557	01:32:36	60.11	1.049e+04	630.4	3.524e+05	29.3	T
558	01:33:36	60.10	1.047e+04	629.1	3.53e+05	29.3	T
559	01:34:36	60.11	1.045e+04	628.2	3.536e+05	29.2	T
560	01:35:36	28.59	1.044e+04	298.4	3.539e+05	29.2	T
561	01:36:05	40.95	1.042e+04	426.8	3.544e+05	29.1	T
562	01:36:46	10.73	1.042e+04	111.7	3.545e+05	29.1	T
563	01:36:56	60.27	1.042e+04	627.7	3.551e+05	29.1	T
564	01:37:57	60.11	1.039e+04	624.8	3.557e+05	29.1	T
565	01:38:57	60.11	1.038e+04	624	3.563e+05	29	T
566	01:39:57	60.11	1.039e+04	624.3	3.57e+05	29	T
567	01:40:57	60.13	1.037e+04	623.9	3.576e+05	29	T
568	01:41:57	60.11	1.035e+04	622.1	3.582e+05	28.9	T
569	01:42:57	60.10	1.035e+04	621.7	3.588e+05	28.9	T
570	01:43:57	60.12	1.032e+04	620.7	3.595e+05	28.9	T
571	01:44:57	60.11	1.031e+04	619.5	3.601e+05	28.8	T
572	01:45:58	60.11	1.029e+04	618.7	3.607e+05	28.8	T
573	01:46:58	60.12	1.028e+04	617.9	3.613e+05	28.7	T
574	01:47:58	60.10	1.026e+04	616.9	3.619e+05	28.7	T
575	01:48:58	60.11	1.024e+04	615.7	3.625e+05	28.6	T
576	01:49:58	60.16	1.023e+04	615.6	3.632e+05	28.6	T
577	01:50:58	60.11	1.021e+04	613.8	3.638e+05	28.6	T
578	01:51:58	60.12	1.019e+04	612.5	3.644e+05	28.5	T
579	01:52:58	60.14	1.018e+04	612.5	3.65e+05	28.5	T
580	01:53:59	60.14	1.017e+04	611.5	3.656e+05	28.4	T
581	01:54:59	60.10	1.015e+04	610.2	3.662e+05	28.4	T
582	01:55:59	60.12	1.013e+04	609	3.668e+05	28.3	T
583	01:56:59	60.13	1.012e+04	608.4	3.674e+05	28.3	T
584	01:57:59	60.12	1.01e+04	607.1	3.68e+05	28.2	T
585	01:58:59	60.17	1.008e+04	606.8	3.687e+05	28.2	T
586	01:59:59	60.12	1.009e+04	606.6	3.693e+05	28.2	T
587	02:00:59	60.11	1.006e+04	604.9	3.699e+05	28.1	T
588	02:02:00	60.11	1.006e+04	604.7	3.705e+05	28.1	T
589	02:03:00	60.12	1.005e+04	604	3.711e+05	28.1	T
590	02:04:00	60.35	1.002e+04	604.7	3.717e+05	28	T
591	02:05:00	60.13	1.001e+04	602	3.723e+05	28	T
592	02:06:00	60.11	9997	600.9	3.729e+05	28	T
593	02:07:00	37.49	9986	374.4	3.733e+05	27.9	T
594	02:07:38	60.47	9966	602.6	3.739e+05	27.9	T
595	02:08:38	60.11	9944	597.7	3.745e+05	27.8	T
596	02:09:38	60.12	9850	592.1	3.751e+05	27.5	T
597	02:10:39	60.11	9614	577.9	3.756e+05	26.9	T
598	02:11:39	60.11	9600	577.1	3.762e+05	26.8	T
599	02:12:39	60.12	9935	597.3	3.768e+05	27.8	T
600	02:13:39	60.13	9920	596.5	3.774e+05	27.7	T
601	02:14:39	60.10	9909	595.5	3.78e+05	27.7	T
602	02:15:39	60.11	9893	594.7	3.786e+05	27.7	T
603	02:16:39	60.17	9874	594.2	3.792e+05	27.6	T
604	02:17:39	60.11	9867	593.1	3.798e+05	27.6	T
605	02:18:40	60.12	9845	591.9	3.804e+05	27.5	T
606	02:19:40	60.14	9824	590.8	3.81e+05	27.5	T
607	02:20:40	60.12	9831	591	3.816e+05	27.5	T
608	02:21:40	60.11	9830	590.9	3.821e+05	27.5	T
609	02:22:40	60.13	9814	590.1	3.827e+05	27.4	T
610	02:23:40	60.12	9795	588.9	3.833e+05	27.4	T
611	02:24:40	60.11	9778	587.7	3.839e+05	27.3	T
612	02:25:40	60.11	9768	587.1	3.845e+05	27.3	T
613	02:26:40	60.12	9747	586	3.851e+05	27.3	T
614	02:27:41	60.12	9723	584.5	3.857e+05	27.2	T
615	02:28:41	60.12	9704	583.4	3.862e+05	27.1	T
616	02:29:41	60.11	9688	582.4	3.868e+05	27.1	T
617	02:30:41	41.05	9679	397.3	3.872e+05	27.1	T
618	02:31:22	60.15	9669	581.6	3.878e+05	27	T
619	02:32:22	60.12	9654	580.4	3.884e+05	27	T
620	02:33:22	60.11	9646	579.8	3.89e+05	27	T
621	02:34:22	60.35	9624	580.8	3.896e+05	26.9	T
622	02:35:23	60.12	9599	577.1	3.901e+05	26.8	T
623	02:36:23	60.12	9585	576.2	3.907e+05	26.8	T
624	02:37:23	60.12	9571	575.4	3.913e+05	26.8	T
625	02:38:23	60.12	9558	574.6	3.919e+05	26.7	T
626	02:39:23	60.12	9540	573.5	3.924e+05	26.7	T
627	02:40:23	60.11	9528	572.7	3.93e+05	26.6	T
628	02:41:23	60.11	9522	572.3	3.936e+05	26.6	T
629	02:42:24	10.30	9516	97.99	3.937e+05	26.6	T
630	02:42:34	12.13	9512	115.4	3.938e+05	26.6	T
631	02:42:46	60.05	9496	570.2	3.944e+05	26.6	T
632	02:43:46	54.95	9473	520.5	3.949e+05	26.5	T
633	02:44:41	60.51	9457	572.3	3.954e+05	26.4	T
634	02:45:41	60.13	9442	567.7	3.96e+05	26.4	T
635	02:46:42	60.11	9430	566.9	3.966e+05	26.4	T
636	02:47:42	60.15	9418	566.5	3.972e+05	26.3	T
637	02:48:42	60.11	9406	565.4	3.977e+05	26.3	T
638	02:49:42	60.10	9398	564.9	3.983e+05	26.3	T
639	02:50:42	60.12	9376	563.6	3.988e+05	26.2	T
640	02:51:42	60.13	9361	562.9	3.994e+05	26.2	T
641	02:52:42	60.10	9344	561.6	4e+05	26.1	T
642	02:53:42	60.16	9330	561.3	4.005e+05	26.1	T
643	02:54:43	60.16	9318	560.6	4.011e+05	26.1	T
644	02:55:43	60.10	9301	559	4.016e+05	26	T
645	02:56:43	60.11	9289	558.4	4.022e+05	26	T
646	02:57:43	60.11	9273	557.5	4.028e+05	25.9	T
647	02:58:43	60.11	9259	556.6	4.033e+05	25.9	T
648	02:59:43	60.12	9239	555.5	4.039e+05	25.8	T
649	03:00:43	60.12	9225	554.7	4.044e+05	25.8	T
650	03:01:43	60.11	9209	553.5	4.05e+05	25.8	T
651	03:02:44	60.12	9197	552.9	4.055e+05	25.7	T
652	03:03:44	60.11	9187	552.2	4.061e+05	25.7	T
653	03:04:44	60.10	9180	551.7	4.066e+05	25.7	T
654	03:05:44	60.11	9161	550.7	4.072e+05	25.6	T
655	03:06:44	60.11	9136	549.2	4.077e+05	25.5	T
656	03:07:44	60.12	9127	548.7	4.083e+05	25.5	T
657	03:08:44	60.16	9112	548.2	4.088e+05	25.5	T
658	03:09:44	60.12	9096	546.8	4.094e+05	25.4	T
659	03:10:44	60.11	9086	546.2	4.099e+05	25.4	T
660	03:11:45	60.16	9073	545.9	4.105e+05	25.4	T
661	03:12:45	60.14	9064	545.1	4.11e+05	25.3	T
662	03:13:45	60.12	9044	543.7	4.116e+05	25.3	T
663	03:14:45	60.40	9027	545.2	4.121e+05	25.2	T
664	03:15:45	60.12	9012	541.8	4.127e+05	25.2	T
665	03:16:46	32.59	8995	293.2	4.129e+05	25.2	T
666	03:17:18	60.36	8988	542.6	4.135e+05	25.1	T
667	03:18:18	60.14	8976	539.8	4.14e+05	25.1	T
668	03:19:19	60.17	8967	539.5	4.146e+05	25.1	T
669	03:20:19	60.12	8958	538.6	4.151e+05	25.1	T
670	03:21:19	60.14	8936	537.4	4.156e+05	25	T
671	03:22:19	18.43	8918	164.3	4.158e+05	24.9	T
672	03:22:37	60.22	8910	536.5	4.163e+05	24.9	T
673	03:23:38	60.11	8895	534.7	4.169e+05	24.9	T
674	03:24:38	60.11	8884	534	4.174e+05	24.8	T
675	03:25:38	60.12	8868	533.2	4.179e+05	24.8	T
676	03:26:38	60.11	8859	532.6	4.185e+05	24.8	T
677	03:27:38	60.15	8843	531.9	4.19e+05	24.7	T
678	03:28:38	60.16	8830	531.2	4.195e+05	24.7	T
679	03:29:38	60.17	8814	530.3	4.201e+05	24.6	T
680	03:30:39	60.13	8797	529	4.206e+05	24.6	T
681	03:31:39	60.15	8790	528.7	4.211e+05	24.6	T
682	03:32:39	60.14	8788	528.5	4.217e+05	24.6	T
683	03:33:39	60.12	8776	527.6	4.222e+05	24.5	T
684	03:34:39	60.15	8762	527	4.227e+05	24.5	T
685	03:35:39	60.13	8746	525.9	4.232e+05	24.5	T
686	03:36:39	60.15	8736	525.5	4.238e+05	24.4	T
687	03:37:40	60.12	8726	524.6	4.243e+05	24.4	T
688	03:38:40	60.14	8709	523.8	4.248e+05	24.4	T
689	03:39:40	60.13	8698	523.1	4.253e+05	24.3	T
690	03:40:40	60.16	8683	522.4	4.259e+05	24.3	T
691	03:41:40	60.13	8671	521.4	4.264e+05	24.2	T
692	03:42:40	60.19	8659	521.2	4.269e+05	24.2	T
693	03:43:40	60.15	8645	519.9	4.274e+05	24.2	T
694	03:44:41	60.12	8631	518.9	4.279e+05	24.1	T
695	03:45:41	60.11	8621	518.2	4.285e+05	24.1	T
696	03:46:41	60.11	8606	517.3	4.29e+05	24.1	T
697	03:47:41	60.12	8594	516.7	4.295e+05	24	T
698	03:48:41	60.15	8581	516.1	4.3e+05	24	T
699	03:49:41	60.13	8569	515.3	4.305e+05	24	T
700	03:50:41	60.11	8558	514.4	4.31e+05	23.9	T
701	03:51:41	60.11	8544	513.5	4.316e+05	23.9	T
702	03:52:42	60.12	8530	512.9	4.321e+05	23.9	T
703	03:53:42	60.12	8521	512.2	4.326e+05	23.8	T
704	03:54:42	60.12	8507	511.4	4.331e+05	23.8	T
705	03:55:42	60.12	8496	510.7	4.336e+05	23.8	T
706	03:56:42	14.85	8485	126	4.337e+05	23.7	T
707	03:56:57	60.55	8481	513.5	4.342e+05	23.7	T
708	03:57:57	60.11	8467	508.9	4.347e+05	23.7	T
709	03:58:58	60.12	8456	508.4	4.353e+05	23.6	T
710	03:59:58	60.11	8443	507.5	4.358e+05	23.6	T
711	04:00:58	60.14	8435	507.2	4.363e+05	23.6	T
712	04:01:58	60.12	8419	506.1	4.368e+05	23.5	T
713	04:02:58	60.10	8400	504.9	4.373e+05	23.5	T
714	04:03:58	60.14	8846	532	4.378e+05	24.7	T
715	04:04:58	60.11	8957	538.4	4.384e+05	25	T
716	04:05:58	60.11	8661	520.6	4.389e+05	24.2	T
717	04:06:59	60.11	8845	531.7	4.394e+05	24.7	T
718	04:07:59	60.12	9006	541.4	4.399e+05	25.2	T
719	04:08:59	10.28	8994	92.49	4.4e+05	25.1	T
720	04:09:09	11.23	8991	100.9	4.401e+05	25.1	T
721	04:09:20	60.19	8977	540.4	4.407e+05	25.1	T
722	04:10:20	60.12	8961	538.7	4.412e+05	25.1	T
723	04:11:21	60.13	8942	537.7	4.418e+05	25	T
724	04:12:21	60.12	8923	536.5	4.423e+05	25	T
725	04:13:21	60.11	8907	535.4	4.428e+05	24.9	T
726	04:14:21	60.12	8896	534.8	4.434e+05	24.9	T
727	04:15:21	60.11	8875	533.5	4.439e+05	24.8	T
728	04:16:21	60.12	8859	532.6	4.444e+05	24.8	T
729	04:17:21	53.34	8844	471.7	4.449e+05	24.7	T
730	04:18:15	60.44	8830	533.7	4.454e+05	24.7	T
731	04:19:15	60.10	8813	529.7	4.46e+05	24.6	T
732	04:20:15	60.11	8795	528.7	4.465e+05	24.6	T
733	04:21:15	60.11	8778	527.6	4.47e+05	24.5	T
734	04:22:15	60.11	8760	526.6	4.475e+05	24.5	T
735	04:23:15	60.10	8748	525.8	4.481e+05	24.5	T
736	04:24:16	60.12	8731	524.9	4.486e+05	24.4	T
737	04:25:16	60.12	8712	523.7	4.491e+05	24.4	T
738	04:26:16	60.11	8699	522.9	4.496e+05	24.3	T
739	04:27:16	60.12	8685	522.2	4.502e+05	24.3	T
740	04:28:16	60.35	8670	523.2	4.507e+05	24.2	T
741	04:29:16	60.14	8654	520.5	4.512e+05	24.2	T
742	04:30:17	60.17	8638	519.7	4.517e+05	24.2	T
743	04:31:17	60.13	8616	518	4.522e+05	24.1	T
744	04:32:17	60.11	8609	517.5	4.528e+05	24.1	T
745	04:33:17	60.11	8590	516.3	4.533e+05	24	T
746	04:34:17	60.12	8573	515.4	4.538e+05	24	T
747	04:35:17	60.11	8559	514.5	4.543e+05	23.9	T
748	04:36:17	60.36	8541	515.5	4.548e+05	23.9	T
749	04:37:18	60.17	8528	513.1	4.553e+05	23.8	T
750	04:38:18	60.13	8513	511.9	4.559e+05	23.8	T
751	04:39:18	60.11	8498	510.8	4.564e+05	23.8	T
752	04:40:18	26.83	8486	227.7	4.566e+05	23.7	T
753	04:40:45	60.45	8474	512.2	4.571e+05	23.7	T
754	04:41:45	60.16	8459	508.9	4.576e+05	23.7	T
755	04:42:45	60.13	8446	507.8	4.581e+05	23.6	T
756	04:43:46	60.11	8431	506.8	4.586e+05	23.6	T
757	04:44:46	13.35	8423	112.4	4.587e+05	23.6	T
758	04:44:59	15.51	8419	130.6	4.589e+05	23.5	T
759	04:45:15	60.16	8411	506	4.594e+05	23.5	T
760	04:46:15	60.12	8283	497.9	4.599e+05	23.2	T
761	04:47:15	60.41	8124	490.8	4.604e+05	22.7	T
762	04:48:15	60.11	8173	491.2	4.609e+05	22.9	T
763	04:49:15	11.52	8354	96.2	4.61e+05	23.4	T
764	04:49:27	10.64	3507	37.33	4.61e+05	9.81	T
765	04:49:38	9.00	603.5	5.433	4.61e+05	1.69	T
766	04:49:47	6.82	1144	7.805	4.61e+05	3.2	T
767	04:49:53	8.98	1856	16.67	4.61e+05	5.19	T
768	04:50:02	6.53	2730	17.82	4.61e+05	7.64	T
769	04:50:09	9.00	4208	37.89	4.611e+05	11.8	T
770	04:50:18	6.52	5281	34.42	4.611e+05	14.8	T
771	04:50:24	9.01	6996	63.05	4.612e+05	19.6	T
772	04:50:33	6.53	7629	49.79	4.612e+05	21.3	T
773	04:50:40	9.00	8335	75.04	4.613e+05	23.3	T
774	04:50:49	6.52	7849	51.17	4.613e+05	21.9	T
775	04:50:55	9.01	7173	64.6	4.614e+05	20.1	T
776	04:51:04	6.83	5770	39.39	4.615e+05	16.1	T
777	04:51:11	9.01	4502	40.58	4.615e+05	12.6	T
778	04:51:20	6.51	3246	21.15	4.615e+05	9.08	T
779	04:51:27	9.01	2096	18.89	4.615e+05	5.86	T
780	04:51:36	6.51	1451	9.451	4.615e+05	4.06	T
781	04:51:42	9.02	778.5	7.022	4.615e+05	2.18	T
782	04:51:51	22.06	3906	86.16	4.616e+05	10.9	T
783	04:52:13	9.00	1112	10	4.616e+05	3.11	T
784	04:52:22	5.92	1700	10.06	4.617e+05	4.75	T
785	04:52:28	9.01	2585	23.29	4.617e+05	7.23	T
786	04:52:37	6.22	3561	22.14	4.617e+05	9.96	T
787	04:52:44	9.01	4969	44.76	4.617e+05	13.9	T
788	04:52:53	6.23	5981	37.26	4.618e+05	16.7	T
789	04:52:59	9.01	7343	66.14	4.618e+05	20.5	T
790	04:53:08	6.22	7834	48.74	4.619e+05	21.9	T
791	04:53:14	9.02	8305	74.91	4.62e+05	23.2	T
792	04:53:23	6.21	7799	48.47	4.62e+05	21.8	T
793	04:53:29	9.01	7185	64.73	4.621e+05	20.1	T
794	04:53:38	6.22	5908	36.77	4.621e+05	16.5	T
795	04:53:44	9.02	4754	42.87	4.622e+05	13.3	T
796	04:53:54	5.92	3566	21.1	4.622e+05	9.97	T
797	04:53:59	9.01	2440	21.99	4.622e+05	6.82	T
798	04:54:08	5.92	1747	10.35	4.622e+05	4.89	T
799	04:54:14	9.02	1041	9.391	4.622e+05	2.91	T
800	04:54:23	8.52	3390	28.9	4.623e+05	9.48	T
801	04:54:32	60.32	8289	500	4.628e+05	23.2	T
802	04:55:32	60.36	8277	499.6	4.633e+05	23.1	T
803	04:56:33	60.11	8270	497.1	4.638e+05	23.1	T
804	04:57:33	60.11	8259	496.5	4.643e+05	23.1	T
805	04:58:33	60.11	8250	495.9	4.647e+05	23.1	T
806	04:59:33	60.12	8228	494.7	4.652e+05	23	T
807	05:00:33	60.11	8215	493.8	4.657e+05	23	T
808	05:01:33	60.13	8199	493	4.662e+05	22.9	T
809	05:02:33	60.10	8187	492.1	4.667e+05	22.9	T
810	05:03:33	60.11	8172	491.2	4.672e+05	22.9	T
811	05:04:33	60.37	8157	492.4	4.677e+05	22.8	T
812	05:05:34	60.13	8142	489.6	4.682e+05	22.8	T
813	05:06:34	60.12	8126	488.6	4.687e+05	22.7	T
814	05:07:34	10.27	461.1	4.735	4.687e+05	1.29	T
815	05:07:44	60.43	0.1789	0.01081	4.687e+05	0.0005	T
816	05:08:45	60.11	0.1628	0.009784	4.687e+05	0	−
817	05:09:45	50.78	0	0	4.687e+05	0	−
Created by AtlRunQuery on: 2019-02-17 16:55:04.733068
