Identifiers (BCID) for paired and unpaired bunches for run 336506:
(Begin/end of run: Sun Sep 24 2017 02:58:29 − 10:59:21)
LB range	    Stable
beams	  Crossing (Paired)	  Unpaired Beam-1 	  Unpaired Beam-2
1	−	31:   	−    	−	−	−
32	−	42:   	−    	470	−	−
43	−	43:   	−    	−	470	−
44	−	45:   	−    	470	−	−
46	−	46:   	−    	470	1, 2, 3, 4, 5, 6, 7, 8, 9, 10, 11, 12	−
47	−	49:   	−    	470	1, 2, 3, 4, 5, 6, 7, 8, 9, 10, 11, 12	13, 14, 15, 16, 17, 18, 19, 20, 21, 22, 23, 24
50	−	51:   	−    	83, 470	1, 2, 3, 4, 5, 6, 7, 8, 9, 10, 11, 12	13, 14, 15, 16, 17, 18, 19, 20, 21, 22, 23, 24
52	−	53:   	−    	83, 156, 157, 158, 159, 160, 161, 162, 163, 168, 169, 170, 171, 172, 173, 174, 175, 180, 181, 182, 183, 184, 185, 186, 187, 192, 193, 194, 195, 196, 197, 198, 199, 204, 205, 206, 207, 208, 209, 210, 211, 216, 217, 218, 219, 220, 221, 222, 223, 228, 229, 230, 231, 232, 233, 234, 235, 243, 244, 245, 246, 247, 248, 249, 250, 255, 256, 257, 258, 259, 260, 261, 262, 267, 268, 269, 270, 271, 272, 273, 274, 279, 280, 281, 282, 283, 284, 285, 286, 291, 292, 293, 294, 295, 296, 297, 298, 303, 304, 305, 306, 307, 308, 309, 310, 315, 316, 317, 318, 319, 320, 321, 322, 470	1, 2, 3, 4, 5, 6, 7, 8, 9, 10, 11, 12	13, 14, 15, 16, 17, 18, 19, 20, 21, 22, 23, 24
54	−	54:   	−    	83, 156, 157, 158, 159, 160, 161, 162, 163, 168, 169, 170, 171, 172, 173, 174, 175, 180, 181, 182, 183, 184, 185, 186, 187, 192, 193, 194, 195, 196, 197, 198, 199, 204, 205, 206, 207, 208, 209, 210, 211, 216, 217, 218, 219, 220, 221, 222, 223, 228, 229, 230, 231, 232, 233, 234, 235, 243, 244, 245, 246, 247, 248, 249, 250, 255, 256, 257, 258, 259, 260, 261, 262, 267, 268, 269, 270, 271, 272, 273, 274, 279, 280, 281, 282, 283, 284, 285, 286, 291, 292, 293, 294, 295, 296, 297, 298, 303, 304, 305, 306, 307, 308, 309, 310, 315, 316, 317, 318, 319, 320, 321, 322, 354, 355, 356, 357, 358, 359, 360, 361, 366, 367, 368, 369, 370, 371, 372, 373, 378, 379, 380, 381, 382, 383, 384, 385, 390, 391, 392, 393, 394, 395, 396, 397, 402, 403, 404, 405, 406, 407, 408, 409, 414, 415, 416, 417, 418, 419, 420, 421, 426, 427, 428, 429, 430, 431, 432, 433, 441, 442, 443, 444, 445, 446, 447, 448, 453, 454, 455, 456, 457, 458, 459, 460, 465, 466, 467, 468, 469, 470, 471, 472, 477, 478, 479, 480, 481, 482, 483, 484, 489, 490, 491, 492, 493, 494, 495, 496, 501, 502, 503, 504, 505, 506, 507, 508, 513, 514, 515, 516, 517, 518, 519, 520	1, 2, 3, 4, 5, 6, 7, 8, 9, 10, 11, 12	13, 14, 15, 16, 17, 18, 19, 20, 21, 22, 23, 24
55	−	55:   	−    	83, 156, 157, 158, 159, 160, 161, 162, 163, 168, 169, 170, 171, 172, 173, 174, 175, 180, 181, 182, 183, 184, 185, 186, 187, 192, 193, 194, 195, 196, 197, 198, 199, 204, 205, 206, 207, 208, 209, 210, 211, 216, 217, 218, 219, 220, 221, 222, 223, 228, 229, 230, 231, 232, 233, 234, 235, 243, 244, 245, 246, 247, 248, 249, 250, 255, 256, 257, 258, 259, 260, 261, 262, 267, 268, 269, 270, 271, 272, 273, 274, 279, 280, 281, 282, 283, 284, 285, 286, 291, 292, 293, 294, 295, 296, 297, 298, 303, 304, 305, 306, 307, 308, 309, 310, 315, 316, 317, 318, 319, 320, 321, 322, 354, 355, 356, 357, 358, 359, 360, 361, 366, 367, 368, 369, 370, 371, 372, 373, 378, 379, 380, 381, 382, 383, 384, 385, 390, 391, 392, 393, 394, 395, 396, 397, 402, 403, 404, 405, 406, 407, 408, 409, 414, 415, 416, 417, 418, 419, 420, 421, 426, 427, 428, 429, 430, 431, 432, 433, 441, 442, 443, 444, 445, 446, 447, 448, 453, 454, 455, 456, 457, 458, 459, 460, 465, 466, 467, 468, 469, 470, 471, 472, 477, 478, 479, 480, 481, 482, 483, 484, 489, 490, 491, 492, 493, 494, 495, 496, 501, 502, 503, 504, 505, 506, 507, 508, 513, 514, 515, 516, 517, 518, 519, 520	1, 2, 3, 4, 5, 6, 7, 8, 9, 10, 11, 12, 552, 553, 554, 555, 556, 557, 558, 559, 564, 565, 566, 567, 568, 569, 570, 571, 576, 577, 578, 579, 580, 581, 582, 583, 588, 589, 590, 591, 592, 593, 594, 595, 600, 601, 602, 603, 604, 605, 606, 607, 612, 613, 614, 615, 616, 617, 618, 619, 624, 625, 626, 627, 628, 629, 630, 631, 639, 640, 641, 642, 643, 644, 645, 646, 651, 652, 653, 654, 655, 656, 657, 658, 663, 664, 665, 666, 667, 668, 669, 670, 675, 676, 677, 678, 679, 680, 681, 682, 687, 688, 689, 690, 691, 692, 693, 694, 699, 700, 701, 702, 703, 704, 705, 706, 711, 712, 713, 714, 715, 716, 717, 718	13, 14, 15, 16, 17, 18, 19, 20, 21, 22, 23, 24
56	−	56:   	−    	83, 156, 157, 158, 159, 160, 161, 162, 163, 168, 169, 170, 171, 172, 173, 174, 175, 180, 181, 182, 183, 184, 185, 186, 187, 192, 193, 194, 195, 196, 197, 198, 199, 204, 205, 206, 207, 208, 209, 210, 211, 216, 217, 218, 219, 220, 221, 222, 223, 228, 229, 230, 231, 232, 233, 234, 235, 243, 244, 245, 246, 247, 248, 249, 250, 255, 256, 257, 258, 259, 260, 261, 262, 267, 268, 269, 270, 271, 272, 273, 274, 279, 280, 281, 282, 283, 284, 285, 286, 291, 292, 293, 294, 295, 296, 297, 298, 303, 304, 305, 306, 307, 308, 309, 310, 315, 316, 317, 318, 319, 320, 321, 322, 354, 355, 356, 357, 358, 359, 360, 361, 366, 367, 368, 369, 370, 371, 372, 373, 378, 379, 380, 381, 382, 383, 384, 385, 390, 391, 392, 393, 394, 395, 396, 397, 402, 403, 404, 405, 406, 407, 408, 409, 414, 415, 416, 417, 418, 419, 420, 421, 426, 427, 428, 429, 430, 431, 432, 433, 441, 442, 443, 444, 445, 446, 447, 448, 453, 454, 455, 456, 457, 458, 459, 460, 465, 466, 467, 468, 469, 470, 471, 472, 477, 478, 479, 480, 481, 482, 483, 484, 489, 490, 491, 492, 493, 494, 495, 496, 501, 502, 503, 504, 505, 506, 507, 508, 513, 514, 515, 516, 517, 518, 519, 520, 552, 553, 554, 555, 556, 557, 558, 559, 564, 565, 566, 567, 568, 569, 570, 571, 576, 577, 578, 579, 580, 581, 582, 583, 588, 589, 590, 591, 592, 593, 594, 595, 600, 601, 602, 603, 604, 605, 606, 607, 612, 613, 614, 615, 616, 617, 618, 619, 624, 625, 626, 627, 628, 629, 630, 631, 639, 640, 641, 642, 643, 644, 645, 646, 651, 652, 653, 654, 655, 656, 657, 658, 663, 664, 665, 666, 667, 668, 669, 670, 675, 676, 677, 678, 679, 680, 681, 682, 687, 688, 689, 690, 691, 692, 693, 694, 699, 700, 701, 702, 703, 704, 705, 706, 711, 712, 713, 714, 715, 716, 717, 718	1, 2, 3, 4, 5, 6, 7, 8, 9, 10, 11, 12	13, 14, 15, 16, 17, 18, 19, 20, 21, 22, 23, 24
57	−	57:   	−    	83, 156, 157, 158, 159, 160, 161, 162, 163, 168, 169, 170, 171, 172, 173, 174, 175, 180, 181, 182, 183, 184, 185, 186, 187, 192, 193, 194, 195, 196, 197, 198, 199, 204, 205, 206, 207, 208, 209, 210, 211, 216, 217, 218, 219, 220, 221, 222, 223, 228, 229, 230, 231, 232, 233, 234, 235, 243, 244, 245, 246, 247, 248, 249, 250, 255, 256, 257, 258, 259, 260, 261, 262, 267, 268, 269, 270, 271, 272, 273, 274, 279, 280, 281, 282, 283, 284, 285, 286, 291, 292, 293, 294, 295, 296, 297, 298, 303, 304, 305, 306, 307, 308, 309, 310, 315, 316, 317, 318, 319, 320, 321, 322, 354, 355, 356, 357, 358, 359, 360, 361, 366, 367, 368, 369, 370, 371, 372, 373, 378, 379, 380, 381, 382, 383, 384, 385, 390, 391, 392, 393, 394, 395, 396, 397, 402, 403, 404, 405, 406, 407, 408, 409, 414, 415, 416, 417, 418, 419, 420, 421, 426, 427, 428, 429, 430, 431, 432, 433, 441, 442, 443, 444, 445, 446, 447, 448, 453, 454, 455, 456, 457, 458, 459, 460, 465, 466, 467, 468, 469, 470, 471, 472, 477, 478, 479, 480, 481, 482, 483, 484, 489, 490, 491, 492, 493, 494, 495, 496, 501, 502, 503, 504, 505, 506, 507, 508, 513, 514, 515, 516, 517, 518, 519, 520, 552, 553, 554, 555, 556, 557, 558, 559, 564, 565, 566, 567, 568, 569, 570, 571, 576, 577, 578, 579, 580, 581, 582, 583, 588, 589, 590, 591, 592, 593, 594, 595, 600, 601, 602, 603, 604, 605, 606, 607, 612, 613, 614, 615, 616, 617, 618, 619, 624, 625, 626, 627, 628, 629, 630, 631, 639, 640, 641, 642, 643, 644, 645, 646, 651, 652, 653, 654, 655, 656, 657, 658, 663, 664, 665, 666, 667, 668, 669, 670, 675, 676, 677, 678, 679, 680, 681, 682, 687, 688, 689, 690, 691, 692, 693, 694, 699, 700, 701, 702, 703, 704, 705, 706, 711, 712, 713, 714, 715, 716, 717, 718	1, 2, 3, 4, 5, 6, 7, 8, 9, 10, 11, 12	13, 14, 15, 16, 17, 18, 19, 20, 21, 22, 23, 24, 1050, 1051, 1052, 1053, 1054, 1055, 1056, 1057, 1062, 1063, 1064, 1065, 1066, 1067, 1068, 1069, 1074, 1075, 1076, 1077, 1078, 1079, 1080, 1081, 1086, 1087, 1088, 1089, 1090, 1091, 1092, 1093, 1098, 1099, 1100, 1101, 1102, 1103, 1104, 1105, 1110, 1111, 1112, 1113, 1114, 1115, 1116, 1117, 1122, 1123, 1124, 1125, 1126, 1127, 1128, 1129, 1137, 1138, 1139, 1140, 1141, 1142, 1143, 1144, 1149, 1150, 1151, 1152, 1153, 1154, 1155, 1156, 1161, 1162, 1163, 1164, 1165, 1166, 1167, 1168, 1173, 1174, 1175, 1176, 1177, 1178, 1179, 1180, 1185, 1186, 1187, 1188, 1189, 1190, 1191, 1192, 1197, 1198, 1199, 1200, 1201, 1202, 1203, 1204, 1209, 1210, 1211, 1212, 1213, 1214, 1215, 1216
58	−	58:   	−    	83, 156, 157, 158, 159, 160, 161, 162, 163, 168, 169, 170, 171, 172, 173, 174, 175, 180, 181, 182, 183, 184, 185, 186, 187, 192, 193, 194, 195, 196, 197, 198, 199, 204, 205, 206, 207, 208, 209, 210, 211, 216, 217, 218, 219, 220, 221, 222, 223, 228, 229, 230, 231, 232, 233, 234, 235, 243, 244, 245, 246, 247, 248, 249, 250, 255, 256, 257, 258, 259, 260, 261, 262, 267, 268, 269, 270, 271, 272, 273, 274, 279, 280, 281, 282, 283, 284, 285, 286, 291, 292, 293, 294, 295, 296, 297, 298, 303, 304, 305, 306, 307, 308, 309, 310, 315, 316, 317, 318, 319, 320, 321, 322, 354, 355, 356, 357, 358, 359, 360, 361, 366, 367, 368, 369, 370, 371, 372, 373, 378, 379, 380, 381, 382, 383, 384, 385, 390, 391, 392, 393, 394, 395, 396, 397, 402, 403, 404, 405, 406, 407, 408, 409, 414, 415, 416, 417, 418, 419, 420, 421, 426, 427, 428, 429, 430, 431, 432, 433, 441, 442, 443, 444, 445, 446, 447, 448, 453, 454, 455, 456, 457, 458, 459, 460, 465, 466, 467, 468, 469, 470, 471, 472, 477, 478, 479, 480, 481, 482, 483, 484, 489, 490, 491, 492, 493, 494, 495, 496, 501, 502, 503, 504, 505, 506, 507, 508, 513, 514, 515, 516, 517, 518, 519, 520, 552, 553, 554, 555, 556, 557, 558, 559, 564, 565, 566, 567, 568, 569, 570, 571, 576, 577, 578, 579, 580, 581, 582, 583, 588, 589, 590, 591, 592, 593, 594, 595, 600, 601, 602, 603, 604, 605, 606, 607, 612, 613, 614, 615, 616, 617, 618, 619, 624, 625, 626, 627, 628, 629, 630, 631, 639, 640, 641, 642, 643, 644, 645, 646, 651, 652, 653, 654, 655, 656, 657, 658, 663, 664, 665, 666, 667, 668, 669, 670, 675, 676, 677, 678, 679, 680, 681, 682, 687, 688, 689, 690, 691, 692, 693, 694, 699, 700, 701, 702, 703, 704, 705, 706, 711, 712, 713, 714, 715, 716, 717, 718, 1050, 1051, 1052, 1053, 1054, 1055, 1056, 1057, 1062, 1063, 1064, 1065, 1066, 1067, 1068, 1069, 1074, 1075, 1076, 1077, 1078, 1079, 1080, 1081, 1086, 1087, 1088, 1089, 1090, 1091, 1092, 1093, 1098, 1099, 1100, 1101, 1102, 1103, 1104, 1105, 1110, 1111, 1112, 1113, 1114, 1115, 1116, 1117, 1122, 1123, 1124, 1125, 1126, 1127, 1128, 1129, 1137, 1138, 1139, 1140, 1141, 1142, 1143, 1144, 1149, 1150, 1151, 1152, 1153, 1154, 1155, 1156, 1161, 1162, 1163, 1164, 1165, 1166, 1167, 1168, 1173, 1174, 1175, 1176, 1177, 1178, 1179, 1180, 1185, 1186, 1187, 1188, 1189, 1190, 1191, 1192, 1197, 1198, 1199, 1200, 1201, 1202, 1203, 1204, 1209, 1210, 1211, 1212, 1213, 1214, 1215, 1216	1, 2, 3, 4, 5, 6, 7, 8, 9, 10, 11, 12	13, 14, 15, 16, 17, 18, 19, 20, 21, 22, 23, 24, 1248, 1249, 1250, 1251, 1252, 1253, 1254, 1255, 1260, 1261, 1262, 1263, 1264, 1265, 1266, 1267, 1272, 1273, 1274, 1275, 1276, 1277, 1278, 1279, 1284, 1285, 1286, 1287, 1288, 1289, 1290, 1291, 1296, 1297, 1298, 1299, 1300, 1301, 1302, 1303, 1308, 1309, 1310, 1311, 1312, 1313, 1314, 1315, 1320, 1321, 1322, 1323, 1324, 1325, 1326, 1327, 1335, 1336, 1337, 1338, 1339, 1340, 1341, 1342, 1347, 1348, 1349, 1350, 1351, 1352, 1353, 1354, 1359, 1360, 1361, 1362, 1363, 1364, 1365, 1366, 1371, 1372, 1373, 1374, 1375, 1376, 1377, 1378, 1383, 1384, 1385, 1386, 1387, 1388, 1389, 1390, 1395, 1396, 1397, 1398, 1399, 1400, 1401, 1402, 1407, 1408, 1409, 1410, 1411, 1412, 1413, 1414
59	−	59:   	−    	83, 156, 157, 158, 159, 160, 161, 162, 163, 168, 169, 170, 171, 172, 173, 174, 175, 180, 181, 182, 183, 184, 185, 186, 187, 192, 193, 194, 195, 196, 197, 198, 199, 204, 205, 206, 207, 208, 209, 210, 211, 216, 217, 218, 219, 220, 221, 222, 223, 228, 229, 230, 231, 232, 233, 234, 235, 243, 244, 245, 246, 247, 248, 249, 250, 255, 256, 257, 258, 259, 260, 261, 262, 267, 268, 269, 270, 271, 272, 273, 274, 279, 280, 281, 282, 283, 284, 285, 286, 291, 292, 293, 294, 295, 296, 297, 298, 303, 304, 305, 306, 307, 308, 309, 310, 315, 316, 317, 318, 319, 320, 321, 322, 354, 355, 356, 357, 358, 359, 360, 361, 366, 367, 368, 369, 370, 371, 372, 373, 378, 379, 380, 381, 382, 383, 384, 385, 390, 391, 392, 393, 394, 395, 396, 397, 402, 403, 404, 405, 406, 407, 408, 409, 414, 415, 416, 417, 418, 419, 420, 421, 426, 427, 428, 429, 430, 431, 432, 433, 441, 442, 443, 444, 445, 446, 447, 448, 453, 454, 455, 456, 457, 458, 459, 460, 465, 466, 467, 468, 469, 470, 471, 472, 477, 478, 479, 480, 481, 482, 483, 484, 489, 490, 491, 492, 493, 494, 495, 496, 501, 502, 503, 504, 505, 506, 507, 508, 513, 514, 515, 516, 517, 518, 519, 520, 552, 553, 554, 555, 556, 557, 558, 559, 564, 565, 566, 567, 568, 569, 570, 571, 576, 577, 578, 579, 580, 581, 582, 583, 588, 589, 590, 591, 592, 593, 594, 595, 600, 601, 602, 603, 604, 605, 606, 607, 612, 613, 614, 615, 616, 617, 618, 619, 624, 625, 626, 627, 628, 629, 630, 631, 639, 640, 641, 642, 643, 644, 645, 646, 651, 652, 653, 654, 655, 656, 657, 658, 663, 664, 665, 666, 667, 668, 669, 670, 675, 676, 677, 678, 679, 680, 681, 682, 687, 688, 689, 690, 691, 692, 693, 694, 699, 700, 701, 702, 703, 704, 705, 706, 711, 712, 713, 714, 715, 716, 717, 718, 1050, 1051, 1052, 1053, 1054, 1055, 1056, 1057, 1062, 1063, 1064, 1065, 1066, 1067, 1068, 1069, 1074, 1075, 1076, 1077, 1078, 1079, 1080, 1081, 1086, 1087, 1088, 1089, 1090, 1091, 1092, 1093, 1098, 1099, 1100, 1101, 1102, 1103, 1104, 1105, 1110, 1111, 1112, 1113, 1114, 1115, 1116, 1117, 1122, 1123, 1124, 1125, 1126, 1127, 1128, 1129, 1137, 1138, 1139, 1140, 1141, 1142, 1143, 1144, 1149, 1150, 1151, 1152, 1153, 1154, 1155, 1156, 1161, 1162, 1163, 1164, 1165, 1166, 1167, 1168, 1173, 1174, 1175, 1176, 1177, 1178, 1179, 1180, 1185, 1186, 1187, 1188, 1189, 1190, 1191, 1192, 1197, 1198, 1199, 1200, 1201, 1202, 1203, 1204, 1209, 1210, 1211, 1212, 1213, 1214, 1215, 1216, 1248, 1249, 1250, 1251, 1252, 1253, 1254, 1255, 1260, 1261, 1262, 1263, 1264, 1265, 1266, 1267, 1272, 1273, 1274, 1275, 1276, 1277, 1278, 1279, 1284, 1285, 1286, 1287, 1288, 1289, 1290, 1291, 1296, 1297, 1298, 1299, 1300, 1301, 1302, 1303, 1308, 1309, 1310, 1311, 1312, 1313, 1314, 1315, 1320, 1321, 1322, 1323, 1324, 1325, 1326, 1327, 1335, 1336, 1337, 1338, 1339, 1340, 1341, 1342, 1347, 1348, 1349, 1350, 1351, 1352, 1353, 1354, 1359, 1360, 1361, 1362, 1363, 1364, 1365, 1366, 1371, 1372, 1373, 1374, 1375, 1376, 1377, 1378, 1383, 1384, 1385, 1386, 1387, 1388, 1389, 1390, 1395, 1396, 1397, 1398, 1399, 1400, 1401, 1402, 1407, 1408, 1409, 1410, 1411, 1412, 1413, 1414	1, 2, 3, 4, 5, 6, 7, 8, 9, 10, 11, 12	13, 14, 15, 16, 17, 18, 19, 20, 21, 22, 23, 24
60	−	60:   	−    	83, 156, 157, 158, 159, 160, 161, 162, 163, 168, 169, 170, 171, 172, 173, 174, 175, 180, 181, 182, 183, 184, 185, 186, 187, 192, 193, 194, 195, 196, 197, 198, 199, 204, 205, 206, 207, 208, 209, 210, 211, 216, 217, 218, 219, 220, 221, 222, 223, 228, 229, 230, 231, 232, 233, 234, 235, 243, 244, 245, 246, 247, 248, 249, 250, 255, 256, 257, 258, 259, 260, 261, 262, 267, 268, 269, 270, 271, 272, 273, 274, 279, 280, 281, 282, 283, 284, 285, 286, 291, 292, 293, 294, 295, 296, 297, 298, 303, 304, 305, 306, 307, 308, 309, 310, 315, 316, 317, 318, 319, 320, 321, 322, 354, 355, 356, 357, 358, 359, 360, 361, 366, 367, 368, 369, 370, 371, 372, 373, 378, 379, 380, 381, 382, 383, 384, 385, 390, 391, 392, 393, 394, 395, 396, 397, 402, 403, 404, 405, 406, 407, 408, 409, 414, 415, 416, 417, 418, 419, 420, 421, 426, 427, 428, 429, 430, 431, 432, 433, 441, 442, 443, 444, 445, 446, 447, 448, 453, 454, 455, 456, 457, 458, 459, 460, 465, 466, 467, 468, 469, 470, 471, 472, 477, 478, 479, 480, 481, 482, 483, 484, 489, 490, 491, 492, 493, 494, 495, 496, 501, 502, 503, 504, 505, 506, 507, 508, 513, 514, 515, 516, 517, 518, 519, 520, 552, 553, 554, 555, 556, 557, 558, 559, 564, 565, 566, 567, 568, 569, 570, 571, 576, 577, 578, 579, 580, 581, 582, 583, 588, 589, 590, 591, 592, 593, 594, 595, 600, 601, 602, 603, 604, 605, 606, 607, 612, 613, 614, 615, 616, 617, 618, 619, 624, 625, 626, 627, 628, 629, 630, 631, 639, 640, 641, 642, 643, 644, 645, 646, 651, 652, 653, 654, 655, 656, 657, 658, 663, 664, 665, 666, 667, 668, 669, 670, 675, 676, 677, 678, 679, 680, 681, 682, 687, 688, 689, 690, 691, 692, 693, 694, 699, 700, 701, 702, 703, 704, 705, 706, 711, 712, 713, 714, 715, 716, 717, 718, 1050, 1051, 1052, 1053, 1054, 1055, 1056, 1057, 1062, 1063, 1064, 1065, 1066, 1067, 1068, 1069, 1074, 1075, 1076, 1077, 1078, 1079, 1080, 1081, 1086, 1087, 1088, 1089, 1090, 1091, 1092, 1093, 1098, 1099, 1100, 1101, 1102, 1103, 1104, 1105, 1110, 1111, 1112, 1113, 1114, 1115, 1116, 1117, 1122, 1123, 1124, 1125, 1126, 1127, 1128, 1129, 1137, 1138, 1139, 1140, 1141, 1142, 1143, 1144, 1149, 1150, 1151, 1152, 1153, 1154, 1155, 1156, 1161, 1162, 1163, 1164, 1165, 1166, 1167, 1168, 1173, 1174, 1175, 1176, 1177, 1178, 1179, 1180, 1185, 1186, 1187, 1188, 1189, 1190, 1191, 1192, 1197, 1198, 1199, 1200, 1201, 1202, 1203, 1204, 1209, 1210, 1211, 1212, 1213, 1214, 1215, 1216, 1248, 1249, 1250, 1251, 1252, 1253, 1254, 1255, 1260, 1261, 1262, 1263, 1264, 1265, 1266, 1267, 1272, 1273, 1274, 1275, 1276, 1277, 1278, 1279, 1284, 1285, 1286, 1287, 1288, 1289, 1290, 1291, 1296, 1297, 1298, 1299, 1300, 1301, 1302, 1303, 1308, 1309, 1310, 1311, 1312, 1313, 1314, 1315, 1320, 1321, 1322, 1323, 1324, 1325, 1326, 1327, 1335, 1336, 1337, 1338, 1339, 1340, 1341, 1342, 1347, 1348, 1349, 1350, 1351, 1352, 1353, 1354, 1359, 1360, 1361, 1362, 1363, 1364, 1365, 1366, 1371, 1372, 1373, 1374, 1375, 1376, 1377, 1378, 1383, 1384, 1385, 1386, 1387, 1388, 1389, 1390, 1395, 1396, 1397, 1398, 1399, 1400, 1401, 1402, 1407, 1408, 1409, 1410, 1411, 1412, 1413, 1414	1, 2, 3, 4, 5, 6, 7, 8, 9, 10, 11, 12, 1446, 1447, 1448, 1449, 1450, 1451, 1452, 1453, 1458, 1459, 1460, 1461, 1462, 1463, 1464, 1465, 1470, 1471, 1472, 1473, 1474, 1475, 1476, 1477, 1482, 1483, 1484, 1485, 1486, 1487, 1488, 1489, 1494, 1495, 1496, 1497, 1498, 1499, 1500, 1501, 1506, 1507, 1508, 1509, 1510, 1511, 1512, 1513, 1518, 1519, 1520, 1521, 1522, 1523, 1524, 1525, 1533, 1534, 1535, 1536, 1537, 1538, 1539, 1540, 1545, 1546, 1547, 1548, 1549, 1550, 1551, 1552, 1557, 1558, 1559, 1560, 1561, 1562, 1563, 1564, 1569, 1570, 1571, 1572, 1573, 1574, 1575, 1576, 1581, 1582, 1583, 1584, 1585, 1586, 1587, 1588, 1593, 1594, 1595, 1596, 1597, 1598, 1599, 1600, 1605, 1606, 1607, 1608, 1609, 1610, 1611, 1612	13, 14, 15, 16, 17, 18, 19, 20, 21, 22, 23, 24
61	−	61:   	−    	83, 156, 157, 158, 159, 160, 161, 162, 163, 168, 169, 170, 171, 172, 173, 174, 175, 180, 181, 182, 183, 184, 185, 186, 187, 192, 193, 194, 195, 196, 197, 198, 199, 204, 205, 206, 207, 208, 209, 210, 211, 216, 217, 218, 219, 220, 221, 222, 223, 228, 229, 230, 231, 232, 233, 234, 235, 243, 244, 245, 246, 247, 248, 249, 250, 255, 256, 257, 258, 259, 260, 261, 262, 267, 268, 269, 270, 271, 272, 273, 274, 279, 280, 281, 282, 283, 284, 285, 286, 291, 292, 293, 294, 295, 296, 297, 298, 303, 304, 305, 306, 307, 308, 309, 310, 315, 316, 317, 318, 319, 320, 321, 322, 354, 355, 356, 357, 358, 359, 360, 361, 366, 367, 368, 369, 370, 371, 372, 373, 378, 379, 380, 381, 382, 383, 384, 385, 390, 391, 392, 393, 394, 395, 396, 397, 402, 403, 404, 405, 406, 407, 408, 409, 414, 415, 416, 417, 418, 419, 420, 421, 426, 427, 428, 429, 430, 431, 432, 433, 441, 442, 443, 444, 445, 446, 447, 448, 453, 454, 455, 456, 457, 458, 459, 460, 465, 466, 467, 468, 469, 470, 471, 472, 477, 478, 479, 480, 481, 482, 483, 484, 489, 490, 491, 492, 493, 494, 495, 496, 501, 502, 503, 504, 505, 506, 507, 508, 513, 514, 515, 516, 517, 518, 519, 520, 552, 553, 554, 555, 556, 557, 558, 559, 564, 565, 566, 567, 568, 569, 570, 571, 576, 577, 578, 579, 580, 581, 582, 583, 588, 589, 590, 591, 592, 593, 594, 595, 600, 601, 602, 603, 604, 605, 606, 607, 612, 613, 614, 615, 616, 617, 618, 619, 624, 625, 626, 627, 628, 629, 630, 631, 639, 640, 641, 642, 643, 644, 645, 646, 651, 652, 653, 654, 655, 656, 657, 658, 663, 664, 665, 666, 667, 668, 669, 670, 675, 676, 677, 678, 679, 680, 681, 682, 687, 688, 689, 690, 691, 692, 693, 694, 699, 700, 701, 702, 703, 704, 705, 706, 711, 712, 713, 714, 715, 716, 717, 718, 1050, 1051, 1052, 1053, 1054, 1055, 1056, 1057, 1062, 1063, 1064, 1065, 1066, 1067, 1068, 1069, 1074, 1075, 1076, 1077, 1078, 1079, 1080, 1081, 1086, 1087, 1088, 1089, 1090, 1091, 1092, 1093, 1098, 1099, 1100, 1101, 1102, 1103, 1104, 1105, 1110, 1111, 1112, 1113, 1114, 1115, 1116, 1117, 1122, 1123, 1124, 1125, 1126, 1127, 1128, 1129, 1137, 1138, 1139, 1140, 1141, 1142, 1143, 1144, 1149, 1150, 1151, 1152, 1153, 1154, 1155, 1156, 1161, 1162, 1163, 1164, 1165, 1166, 1167, 1168, 1173, 1174, 1175, 1176, 1177, 1178, 1179, 1180, 1185, 1186, 1187, 1188, 1189, 1190, 1191, 1192, 1197, 1198, 1199, 1200, 1201, 1202, 1203, 1204, 1209, 1210, 1211, 1212, 1213, 1214, 1215, 1216, 1248, 1249, 1250, 1251, 1252, 1253, 1254, 1255, 1260, 1261, 1262, 1263, 1264, 1265, 1266, 1267, 1272, 1273, 1274, 1275, 1276, 1277, 1278, 1279, 1284, 1285, 1286, 1287, 1288, 1289, 1290, 1291, 1296, 1297, 1298, 1299, 1300, 1301, 1302, 1303, 1308, 1309, 1310, 1311, 1312, 1313, 1314, 1315, 1320, 1321, 1322, 1323, 1324, 1325, 1326, 1327, 1335, 1336, 1337, 1338, 1339, 1340, 1341, 1342, 1347, 1348, 1349, 1350, 1351, 1352, 1353, 1354, 1359, 1360, 1361, 1362, 1363, 1364, 1365, 1366, 1371, 1372, 1373, 1374, 1375, 1376, 1377, 1378, 1383, 1384, 1385, 1386, 1387, 1388, 1389, 1390, 1395, 1396, 1397, 1398, 1399, 1400, 1401, 1402, 1407, 1408, 1409, 1410, 1411, 1412, 1413, 1414, 1446, 1447, 1448, 1449, 1450, 1451, 1452, 1453, 1458, 1459, 1460, 1461, 1462, 1463, 1464, 1465, 1470, 1471, 1472, 1473, 1474, 1475, 1476, 1477, 1482, 1483, 1484, 1485, 1486, 1487, 1488, 1489, 1494, 1495, 1496, 1497, 1498, 1499, 1500, 1501, 1506, 1507, 1508, 1509, 1510, 1511, 1512, 1513, 1518, 1519, 1520, 1521, 1522, 1523, 1524, 1525, 1533, 1534, 1535, 1536, 1537, 1538, 1539, 1540, 1545, 1546, 1547, 1548, 1549, 1550, 1551, 1552, 1557, 1558, 1559, 1560, 1561, 1562, 1563, 1564, 1569, 1570, 1571, 1572, 1573, 1574, 1575, 1576, 1581, 1582, 1583, 1584, 1585, 1586, 1587, 1588, 1593, 1594, 1595, 1596, 1597, 1598, 1599, 1600, 1605, 1606, 1607, 1608, 1609, 1610, 1611, 1612	1, 2, 3, 4, 5, 6, 7, 8, 9, 10, 11, 12	13, 14, 15, 16, 17, 18, 19, 20, 21, 22, 23, 24
62	−	62:   	−    	83, 156, 157, 158, 159, 160, 161, 162, 163, 168, 169, 170, 171, 172, 173, 174, 175, 180, 181, 182, 183, 184, 185, 186, 187, 192, 193, 194, 195, 196, 197, 198, 199, 204, 205, 206, 207, 208, 209, 210, 211, 216, 217, 218, 219, 220, 221, 222, 223, 228, 229, 230, 231, 232, 233, 234, 235, 243, 244, 245, 246, 247, 248, 249, 250, 255, 256, 257, 258, 259, 260, 261, 262, 267, 268, 269, 270, 271, 272, 273, 274, 279, 280, 281, 282, 283, 284, 285, 286, 291, 292, 293, 294, 295, 296, 297, 298, 303, 304, 305, 306, 307, 308, 309, 310, 315, 316, 317, 318, 319, 320, 321, 322, 354, 355, 356, 357, 358, 359, 360, 361, 366, 367, 368, 369, 370, 371, 372, 373, 378, 379, 380, 381, 382, 383, 384, 385, 390, 391, 392, 393, 394, 395, 396, 397, 402, 403, 404, 405, 406, 407, 408, 409, 414, 415, 416, 417, 418, 419, 420, 421, 426, 427, 428, 429, 430, 431, 432, 433, 441, 442, 443, 444, 445, 446, 447, 448, 453, 454, 455, 456, 457, 458, 459, 460, 465, 466, 467, 468, 469, 470, 471, 472, 477, 478, 479, 480, 481, 482, 483, 484, 489, 490, 491, 492, 493, 494, 495, 496, 501, 502, 503, 504, 505, 506, 507, 508, 513, 514, 515, 516, 517, 518, 519, 520, 552, 553, 554, 555, 556, 557, 558, 559, 564, 565, 566, 567, 568, 569, 570, 571, 576, 577, 578, 579, 580, 581, 582, 583, 588, 589, 590, 591, 592, 593, 594, 595, 600, 601, 602, 603, 604, 605, 606, 607, 612, 613, 614, 615, 616, 617, 618, 619, 624, 625, 626, 627, 628, 629, 630, 631, 639, 640, 641, 642, 643, 644, 645, 646, 651, 652, 653, 654, 655, 656, 657, 658, 663, 664, 665, 666, 667, 668, 669, 670, 675, 676, 677, 678, 679, 680, 681, 682, 687, 688, 689, 690, 691, 692, 693, 694, 699, 700, 701, 702, 703, 704, 705, 706, 711, 712, 713, 714, 715, 716, 717, 718, 1050, 1051, 1052, 1053, 1054, 1055, 1056, 1057, 1062, 1063, 1064, 1065, 1066, 1067, 1068, 1069, 1074, 1075, 1076, 1077, 1078, 1079, 1080, 1081, 1086, 1087, 1088, 1089, 1090, 1091, 1092, 1093, 1098, 1099, 1100, 1101, 1102, 1103, 1104, 1105, 1110, 1111, 1112, 1113, 1114, 1115, 1116, 1117, 1122, 1123, 1124, 1125, 1126, 1127, 1128, 1129, 1137, 1138, 1139, 1140, 1141, 1142, 1143, 1144, 1149, 1150, 1151, 1152, 1153, 1154, 1155, 1156, 1161, 1162, 1163, 1164, 1165, 1166, 1167, 1168, 1173, 1174, 1175, 1176, 1177, 1178, 1179, 1180, 1185, 1186, 1187, 1188, 1189, 1190, 1191, 1192, 1197, 1198, 1199, 1200, 1201, 1202, 1203, 1204, 1209, 1210, 1211, 1212, 1213, 1214, 1215, 1216, 1248, 1249, 1250, 1251, 1252, 1253, 1254, 1255, 1260, 1261, 1262, 1263, 1264, 1265, 1266, 1267, 1272, 1273, 1274, 1275, 1276, 1277, 1278, 1279, 1284, 1285, 1286, 1287, 1288, 1289, 1290, 1291, 1296, 1297, 1298, 1299, 1300, 1301, 1302, 1303, 1308, 1309, 1310, 1311, 1312, 1313, 1314, 1315, 1320, 1321, 1322, 1323, 1324, 1325, 1326, 1327, 1335, 1336, 1337, 1338, 1339, 1340, 1341, 1342, 1347, 1348, 1349, 1350, 1351, 1352, 1353, 1354, 1359, 1360, 1361, 1362, 1363, 1364, 1365, 1366, 1371, 1372, 1373, 1374, 1375, 1376, 1377, 1378, 1383, 1384, 1385, 1386, 1387, 1388, 1389, 1390, 1395, 1396, 1397, 1398, 1399, 1400, 1401, 1402, 1407, 1408, 1409, 1410, 1411, 1412, 1413, 1414, 1446, 1447, 1448, 1449, 1450, 1451, 1452, 1453, 1458, 1459, 1460, 1461, 1462, 1463, 1464, 1465, 1470, 1471, 1472, 1473, 1474, 1475, 1476, 1477, 1482, 1483, 1484, 1485, 1486, 1487, 1488, 1489, 1494, 1495, 1496, 1497, 1498, 1499, 1500, 1501, 1506, 1507, 1508, 1509, 1510, 1511, 1512, 1513, 1518, 1519, 1520, 1521, 1522, 1523, 1524, 1525, 1533, 1534, 1535, 1536, 1537, 1538, 1539, 1540, 1545, 1546, 1547, 1548, 1549, 1550, 1551, 1552, 1557, 1558, 1559, 1560, 1561, 1562, 1563, 1564, 1569, 1570, 1571, 1572, 1573, 1574, 1575, 1576, 1581, 1582, 1583, 1584, 1585, 1586, 1587, 1588, 1593, 1594, 1595, 1596, 1597, 1598, 1599, 1600, 1605, 1606, 1607, 1608, 1609, 1610, 1611, 1612, 1738	1, 2, 3, 4, 5, 6, 7, 8, 9, 10, 11, 12	13, 14, 15, 16, 17, 18, 19, 20, 21, 22, 23, 24
63	−	63:   	−    	83, 156, 157, 158, 159, 160, 161, 162, 163, 168, 169, 170, 171, 172, 173, 174, 175, 180, 181, 182, 183, 184, 185, 186, 187, 192, 193, 194, 195, 196, 197, 198, 199, 204, 205, 206, 207, 208, 209, 210, 211, 216, 217, 218, 219, 220, 221, 222, 223, 228, 229, 230, 231, 232, 233, 234, 235, 243, 244, 245, 246, 247, 248, 249, 250, 255, 256, 257, 258, 259, 260, 261, 262, 267, 268, 269, 270, 271, 272, 273, 274, 279, 280, 281, 282, 283, 284, 285, 286, 291, 292, 293, 294, 295, 296, 297, 298, 303, 304, 305, 306, 307, 308, 309, 310, 315, 316, 317, 318, 319, 320, 321, 322, 354, 355, 356, 357, 358, 359, 360, 361, 366, 367, 368, 369, 370, 371, 372, 373, 378, 379, 380, 381, 382, 383, 384, 385, 390, 391, 392, 393, 394, 395, 396, 397, 402, 403, 404, 405, 406, 407, 408, 409, 414, 415, 416, 417, 418, 419, 420, 421, 426, 427, 428, 429, 430, 431, 432, 433, 441, 442, 443, 444, 445, 446, 447, 448, 453, 454, 455, 456, 457, 458, 459, 460, 465, 466, 467, 468, 469, 470, 471, 472, 477, 478, 479, 480, 481, 482, 483, 484, 489, 490, 491, 492, 493, 494, 495, 496, 501, 502, 503, 504, 505, 506, 507, 508, 513, 514, 515, 516, 517, 518, 519, 520, 552, 553, 554, 555, 556, 557, 558, 559, 564, 565, 566, 567, 568, 569, 570, 571, 576, 577, 578, 579, 580, 581, 582, 583, 588, 589, 590, 591, 592, 593, 594, 595, 600, 601, 602, 603, 604, 605, 606, 607, 612, 613, 614, 615, 616, 617, 618, 619, 624, 625, 626, 627, 628, 629, 630, 631, 639, 640, 641, 642, 643, 644, 645, 646, 651, 652, 653, 654, 655, 656, 657, 658, 663, 664, 665, 666, 667, 668, 669, 670, 675, 676, 677, 678, 679, 680, 681, 682, 687, 688, 689, 690, 691, 692, 693, 694, 699, 700, 701, 702, 703, 704, 705, 706, 711, 712, 713, 714, 715, 716, 717, 718, 1050, 1051, 1052, 1053, 1054, 1055, 1056, 1057, 1062, 1063, 1064, 1065, 1066, 1067, 1068, 1069, 1074, 1075, 1076, 1077, 1078, 1079, 1080, 1081, 1086, 1087, 1088, 1089, 1090, 1091, 1092, 1093, 1098, 1099, 1100, 1101, 1102, 1103, 1104, 1105, 1110, 1111, 1112, 1113, 1114, 1115, 1116, 1117, 1122, 1123, 1124, 1125, 1126, 1127, 1128, 1129, 1137, 1138, 1139, 1140, 1141, 1142, 1143, 1144, 1149, 1150, 1151, 1152, 1153, 1154, 1155, 1156, 1161, 1162, 1163, 1164, 1165, 1166, 1167, 1168, 1173, 1174, 1175, 1176, 1177, 1178, 1179, 1180, 1185, 1186, 1187, 1188, 1189, 1190, 1191, 1192, 1197, 1198, 1199, 1200, 1201, 1202, 1203, 1204, 1209, 1210, 1211, 1212, 1213, 1214, 1215, 1216, 1248, 1249, 1250, 1251, 1252, 1253, 1254, 1255, 1260, 1261, 1262, 1263, 1264, 1265, 1266, 1267, 1272, 1273, 1274, 1275, 1276, 1277, 1278, 1279, 1284, 1285, 1286, 1287, 1288, 1289, 1290, 1291, 1296, 1297, 1298, 1299, 1300, 1301, 1302, 1303, 1308, 1309, 1310, 1311, 1312, 1313, 1314, 1315, 1320, 1321, 1322, 1323, 1324, 1325, 1326, 1327, 1335, 1336, 1337, 1338, 1339, 1340, 1341, 1342, 1347, 1348, 1349, 1350, 1351, 1352, 1353, 1354, 1359, 1360, 1361, 1362, 1363, 1364, 1365, 1366, 1371, 1372, 1373, 1374, 1375, 1376, 1377, 1378, 1383, 1384, 1385, 1386, 1387, 1388, 1389, 1390, 1395, 1396, 1397, 1398, 1399, 1400, 1401, 1402, 1407, 1408, 1409, 1410, 1411, 1412, 1413, 1414, 1446, 1447, 1448, 1449, 1450, 1451, 1452, 1453, 1458, 1459, 1460, 1461, 1462, 1463, 1464, 1465, 1470, 1471, 1472, 1473, 1474, 1475, 1476, 1477, 1482, 1483, 1484, 1485, 1486, 1487, 1488, 1489, 1494, 1495, 1496, 1497, 1498, 1499, 1500, 1501, 1506, 1507, 1508, 1509, 1510, 1511, 1512, 1513, 1518, 1519, 1520, 1521, 1522, 1523, 1524, 1525, 1533, 1534, 1535, 1536, 1537, 1538, 1539, 1540, 1545, 1546, 1547, 1548, 1549, 1550, 1551, 1552, 1557, 1558, 1559, 1560, 1561, 1562, 1563, 1564, 1569, 1570, 1571, 1572, 1573, 1574, 1575, 1576, 1581, 1582, 1583, 1584, 1585, 1586, 1587, 1588, 1593, 1594, 1595, 1596, 1597, 1598, 1599, 1600, 1605, 1606, 1607, 1608, 1609, 1610, 1611, 1612, 1738	1, 2, 3, 4, 5, 6, 7, 8, 9, 10, 11, 12, 1944, 1945, 1946, 1947, 1948, 1949, 1950, 1951, 1956, 1957, 1958, 1959, 1960, 1961, 1962, 1963, 1968, 1969, 1970, 1971, 1972, 1973, 1974, 1975, 1980, 1981, 1982, 1983, 1984, 1985, 1986, 1987, 1992, 1993, 1994, 1995, 1996, 1997, 1998, 1999, 2004, 2005, 2006, 2007, 2008, 2009, 2010, 2011, 2016, 2017, 2018, 2019, 2020, 2021, 2022, 2023, 2031, 2032, 2033, 2034, 2035, 2036, 2037, 2038, 2043, 2044, 2045, 2046, 2047, 2048, 2049, 2050, 2055, 2056, 2057, 2058, 2059, 2060, 2061, 2062, 2067, 2068, 2069, 2070, 2071, 2072, 2073, 2074, 2079, 2080, 2081, 2082, 2083, 2084, 2085, 2086, 2091, 2092, 2093, 2094, 2095, 2096, 2097, 2098, 2103, 2104, 2105, 2106, 2107, 2108, 2109, 2110	13, 14, 15, 16, 17, 18, 19, 20, 21, 22, 23, 24
64	−	64:   	−    	83, 156, 157, 158, 159, 160, 161, 162, 163, 168, 169, 170, 171, 172, 173, 174, 175, 180, 181, 182, 183, 184, 185, 186, 187, 192, 193, 194, 195, 196, 197, 198, 199, 204, 205, 206, 207, 208, 209, 210, 211, 216, 217, 218, 219, 220, 221, 222, 223, 228, 229, 230, 231, 232, 233, 234, 235, 243, 244, 245, 246, 247, 248, 249, 250, 255, 256, 257, 258, 259, 260, 261, 262, 267, 268, 269, 270, 271, 272, 273, 274, 279, 280, 281, 282, 283, 284, 285, 286, 291, 292, 293, 294, 295, 296, 297, 298, 303, 304, 305, 306, 307, 308, 309, 310, 315, 316, 317, 318, 319, 320, 321, 322, 354, 355, 356, 357, 358, 359, 360, 361, 366, 367, 368, 369, 370, 371, 372, 373, 378, 379, 380, 381, 382, 383, 384, 385, 390, 391, 392, 393, 394, 395, 396, 397, 402, 403, 404, 405, 406, 407, 408, 409, 414, 415, 416, 417, 418, 419, 420, 421, 426, 427, 428, 429, 430, 431, 432, 433, 441, 442, 443, 444, 445, 446, 447, 448, 453, 454, 455, 456, 457, 458, 459, 460, 465, 466, 467, 468, 469, 470, 471, 472, 477, 478, 479, 480, 481, 482, 483, 484, 489, 490, 491, 492, 493, 494, 495, 496, 501, 502, 503, 504, 505, 506, 507, 508, 513, 514, 515, 516, 517, 518, 519, 520, 552, 553, 554, 555, 556, 557, 558, 559, 564, 565, 566, 567, 568, 569, 570, 571, 576, 577, 578, 579, 580, 581, 582, 583, 588, 589, 590, 591, 592, 593, 594, 595, 600, 601, 602, 603, 604, 605, 606, 607, 612, 613, 614, 615, 616, 617, 618, 619, 624, 625, 626, 627, 628, 629, 630, 631, 639, 640, 641, 642, 643, 644, 645, 646, 651, 652, 653, 654, 655, 656, 657, 658, 663, 664, 665, 666, 667, 668, 669, 670, 675, 676, 677, 678, 679, 680, 681, 682, 687, 688, 689, 690, 691, 692, 693, 694, 699, 700, 701, 702, 703, 704, 705, 706, 711, 712, 713, 714, 715, 716, 717, 718, 1050, 1051, 1052, 1053, 1054, 1055, 1056, 1057, 1062, 1063, 1064, 1065, 1066, 1067, 1068, 1069, 1074, 1075, 1076, 1077, 1078, 1079, 1080, 1081, 1086, 1087, 1088, 1089, 1090, 1091, 1092, 1093, 1098, 1099, 1100, 1101, 1102, 1103, 1104, 1105, 1110, 1111, 1112, 1113, 1114, 1115, 1116, 1117, 1122, 1123, 1124, 1125, 1126, 1127, 1128, 1129, 1137, 1138, 1139, 1140, 1141, 1142, 1143, 1144, 1149, 1150, 1151, 1152, 1153, 1154, 1155, 1156, 1161, 1162, 1163, 1164, 1165, 1166, 1167, 1168, 1173, 1174, 1175, 1176, 1177, 1178, 1179, 1180, 1185, 1186, 1187, 1188, 1189, 1190, 1191, 1192, 1197, 1198, 1199, 1200, 1201, 1202, 1203, 1204, 1209, 1210, 1211, 1212, 1213, 1214, 1215, 1216, 1248, 1249, 1250, 1251, 1252, 1253, 1254, 1255, 1260, 1261, 1262, 1263, 1264, 1265, 1266, 1267, 1272, 1273, 1274, 1275, 1276, 1277, 1278, 1279, 1284, 1285, 1286, 1287, 1288, 1289, 1290, 1291, 1296, 1297, 1298, 1299, 1300, 1301, 1302, 1303, 1308, 1309, 1310, 1311, 1312, 1313, 1314, 1315, 1320, 1321, 1322, 1323, 1324, 1325, 1326, 1327, 1335, 1336, 1337, 1338, 1339, 1340, 1341, 1342, 1347, 1348, 1349, 1350, 1351, 1352, 1353, 1354, 1359, 1360, 1361, 1362, 1363, 1364, 1365, 1366, 1371, 1372, 1373, 1374, 1375, 1376, 1377, 1378, 1383, 1384, 1385, 1386, 1387, 1388, 1389, 1390, 1395, 1396, 1397, 1398, 1399, 1400, 1401, 1402, 1407, 1408, 1409, 1410, 1411, 1412, 1413, 1414, 1446, 1447, 1448, 1449, 1450, 1451, 1452, 1453, 1458, 1459, 1460, 1461, 1462, 1463, 1464, 1465, 1470, 1471, 1472, 1473, 1474, 1475, 1476, 1477, 1482, 1483, 1484, 1485, 1486, 1487, 1488, 1489, 1494, 1495, 1496, 1497, 1498, 1499, 1500, 1501, 1506, 1507, 1508, 1509, 1510, 1511, 1512, 1513, 1518, 1519, 1520, 1521, 1522, 1523, 1524, 1525, 1533, 1534, 1535, 1536, 1537, 1538, 1539, 1540, 1545, 1546, 1547, 1548, 1549, 1550, 1551, 1552, 1557, 1558, 1559, 1560, 1561, 1562, 1563, 1564, 1569, 1570, 1571, 1572, 1573, 1574, 1575, 1576, 1581, 1582, 1583, 1584, 1585, 1586, 1587, 1588, 1593, 1594, 1595, 1596, 1597, 1598, 1599, 1600, 1605, 1606, 1607, 1608, 1609, 1610, 1611, 1612, 1738, 1944, 1945, 1946, 1947, 1948, 1949, 1950, 1951, 1956, 1957, 1958, 1959, 1960, 1961, 1962, 1963, 1968, 1969, 1970, 1971, 1972, 1973, 1974, 1975, 1980, 1981, 1982, 1983, 1984, 1985, 1986, 1987, 1992, 1993, 1994, 1995, 1996, 1997, 1998, 1999, 2004, 2005, 2006, 2007, 2008, 2009, 2010, 2011, 2016, 2017, 2018, 2019, 2020, 2021, 2022, 2023, 2031, 2032, 2033, 2034, 2035, 2036, 2037, 2038, 2043, 2044, 2045, 2046, 2047, 2048, 2049, 2050, 2055, 2056, 2057, 2058, 2059, 2060, 2061, 2062, 2067, 2068, 2069, 2070, 2071, 2072, 2073, 2074, 2079, 2080, 2081, 2082, 2083, 2084, 2085, 2086, 2091, 2092, 2093, 2094, 2095, 2096, 2097, 2098, 2103, 2104, 2105, 2106, 2107, 2108, 2109, 2110	1, 2, 3, 4, 5, 6, 7, 8, 9, 10, 11, 12, 2142, 2143, 2144, 2145, 2146, 2147, 2148, 2149, 2154, 2155, 2156, 2157, 2158, 2159, 2160, 2161, 2166, 2167, 2168, 2169, 2170, 2171, 2172, 2173, 2178, 2179, 2180, 2181, 2182, 2183, 2184, 2185, 2190, 2191, 2192, 2193, 2194, 2195, 2196, 2197, 2202, 2203, 2204, 2205, 2206, 2207, 2208, 2209, 2214, 2215, 2216, 2217, 2218, 2219, 2220, 2221, 2229, 2230, 2231, 2232, 2233, 2234, 2235, 2236, 2241, 2242, 2243, 2244, 2245, 2246, 2247, 2248, 2253, 2254, 2255, 2256, 2257, 2258, 2259, 2260, 2265, 2266, 2267, 2268, 2269, 2270, 2271, 2272, 2277, 2278, 2279, 2280, 2281, 2282, 2283, 2284, 2289, 2290, 2291, 2292, 2293, 2294, 2295, 2296, 2301, 2302, 2303, 2304, 2305, 2306, 2307, 2308	13, 14, 15, 16, 17, 18, 19, 20, 21, 22, 23, 24
65	−	65:   	−    	83, 156, 157, 158, 159, 160, 161, 162, 163, 168, 169, 170, 171, 172, 173, 174, 175, 180, 181, 182, 183, 184, 185, 186, 187, 192, 193, 194, 195, 196, 197, 198, 199, 204, 205, 206, 207, 208, 209, 210, 211, 216, 217, 218, 219, 220, 221, 222, 223, 228, 229, 230, 231, 232, 233, 234, 235, 243, 244, 245, 246, 247, 248, 249, 250, 255, 256, 257, 258, 259, 260, 261, 262, 267, 268, 269, 270, 271, 272, 273, 274, 279, 280, 281, 282, 283, 284, 285, 286, 291, 292, 293, 294, 295, 296, 297, 298, 303, 304, 305, 306, 307, 308, 309, 310, 315, 316, 317, 318, 319, 320, 321, 322, 354, 355, 356, 357, 358, 359, 360, 361, 366, 367, 368, 369, 370, 371, 372, 373, 378, 379, 380, 381, 382, 383, 384, 385, 390, 391, 392, 393, 394, 395, 396, 397, 402, 403, 404, 405, 406, 407, 408, 409, 414, 415, 416, 417, 418, 419, 420, 421, 426, 427, 428, 429, 430, 431, 432, 433, 441, 442, 443, 444, 445, 446, 447, 448, 453, 454, 455, 456, 457, 458, 459, 460, 465, 466, 467, 468, 469, 470, 471, 472, 477, 478, 479, 480, 481, 482, 483, 484, 489, 490, 491, 492, 493, 494, 495, 496, 501, 502, 503, 504, 505, 506, 507, 508, 513, 514, 515, 516, 517, 518, 519, 520, 552, 553, 554, 555, 556, 557, 558, 559, 564, 565, 566, 567, 568, 569, 570, 571, 576, 577, 578, 579, 580, 581, 582, 583, 588, 589, 590, 591, 592, 593, 594, 595, 600, 601, 602, 603, 604, 605, 606, 607, 612, 613, 614, 615, 616, 617, 618, 619, 624, 625, 626, 627, 628, 629, 630, 631, 639, 640, 641, 642, 643, 644, 645, 646, 651, 652, 653, 654, 655, 656, 657, 658, 663, 664, 665, 666, 667, 668, 669, 670, 675, 676, 677, 678, 679, 680, 681, 682, 687, 688, 689, 690, 691, 692, 693, 694, 699, 700, 701, 702, 703, 704, 705, 706, 711, 712, 713, 714, 715, 716, 717, 718, 1050, 1051, 1052, 1053, 1054, 1055, 1056, 1057, 1062, 1063, 1064, 1065, 1066, 1067, 1068, 1069, 1074, 1075, 1076, 1077, 1078, 1079, 1080, 1081, 1086, 1087, 1088, 1089, 1090, 1091, 1092, 1093, 1098, 1099, 1100, 1101, 1102, 1103, 1104, 1105, 1110, 1111, 1112, 1113, 1114, 1115, 1116, 1117, 1122, 1123, 1124, 1125, 1126, 1127, 1128, 1129, 1137, 1138, 1139, 1140, 1141, 1142, 1143, 1144, 1149, 1150, 1151, 1152, 1153, 1154, 1155, 1156, 1161, 1162, 1163, 1164, 1165, 1166, 1167, 1168, 1173, 1174, 1175, 1176, 1177, 1178, 1179, 1180, 1185, 1186, 1187, 1188, 1189, 1190, 1191, 1192, 1197, 1198, 1199, 1200, 1201, 1202, 1203, 1204, 1209, 1210, 1211, 1212, 1213, 1214, 1215, 1216, 1248, 1249, 1250, 1251, 1252, 1253, 1254, 1255, 1260, 1261, 1262, 1263, 1264, 1265, 1266, 1267, 1272, 1273, 1274, 1275, 1276, 1277, 1278, 1279, 1284, 1285, 1286, 1287, 1288, 1289, 1290, 1291, 1296, 1297, 1298, 1299, 1300, 1301, 1302, 1303, 1308, 1309, 1310, 1311, 1312, 1313, 1314, 1315, 1320, 1321, 1322, 1323, 1324, 1325, 1326, 1327, 1335, 1336, 1337, 1338, 1339, 1340, 1341, 1342, 1347, 1348, 1349, 1350, 1351, 1352, 1353, 1354, 1359, 1360, 1361, 1362, 1363, 1364, 1365, 1366, 1371, 1372, 1373, 1374, 1375, 1376, 1377, 1378, 1383, 1384, 1385, 1386, 1387, 1388, 1389, 1390, 1395, 1396, 1397, 1398, 1399, 1400, 1401, 1402, 1407, 1408, 1409, 1410, 1411, 1412, 1413, 1414, 1446, 1447, 1448, 1449, 1450, 1451, 1452, 1453, 1458, 1459, 1460, 1461, 1462, 1463, 1464, 1465, 1470, 1471, 1472, 1473, 1474, 1475, 1476, 1477, 1482, 1483, 1484, 1485, 1486, 1487, 1488, 1489, 1494, 1495, 1496, 1497, 1498, 1499, 1500, 1501, 1506, 1507, 1508, 1509, 1510, 1511, 1512, 1513, 1518, 1519, 1520, 1521, 1522, 1523, 1524, 1525, 1533, 1534, 1535, 1536, 1537, 1538, 1539, 1540, 1545, 1546, 1547, 1548, 1549, 1550, 1551, 1552, 1557, 1558, 1559, 1560, 1561, 1562, 1563, 1564, 1569, 1570, 1571, 1572, 1573, 1574, 1575, 1576, 1581, 1582, 1583, 1584, 1585, 1586, 1587, 1588, 1593, 1594, 1595, 1596, 1597, 1598, 1599, 1600, 1605, 1606, 1607, 1608, 1609, 1610, 1611, 1612, 1738, 1944, 1945, 1946, 1947, 1948, 1949, 1950, 1951, 1956, 1957, 1958, 1959, 1960, 1961, 1962, 1963, 1968, 1969, 1970, 1971, 1972, 1973, 1974, 1975, 1980, 1981, 1982, 1983, 1984, 1985, 1986, 1987, 1992, 1993, 1994, 1995, 1996, 1997, 1998, 1999, 2004, 2005, 2006, 2007, 2008, 2009, 2010, 2011, 2016, 2017, 2018, 2019, 2020, 2021, 2022, 2023, 2031, 2032, 2033, 2034, 2035, 2036, 2037, 2038, 2043, 2044, 2045, 2046, 2047, 2048, 2049, 2050, 2055, 2056, 2057, 2058, 2059, 2060, 2061, 2062, 2067, 2068, 2069, 2070, 2071, 2072, 2073, 2074, 2079, 2080, 2081, 2082, 2083, 2084, 2085, 2086, 2091, 2092, 2093, 2094, 2095, 2096, 2097, 2098, 2103, 2104, 2105, 2106, 2107, 2108, 2109, 2110, 2142, 2143, 2144, 2145, 2146, 2147, 2148, 2149, 2154, 2155, 2156, 2157, 2158, 2159, 2160, 2161, 2166, 2167, 2168, 2169, 2170, 2171, 2172, 2173, 2178, 2179, 2180, 2181, 2182, 2183, 2184, 2185, 2190, 2191, 2192, 2193, 2194, 2195, 2196, 2197, 2202, 2203, 2204, 2205, 2206, 2207, 2208, 2209, 2214, 2215, 2216, 2217, 2218, 2219, 2220, 2221, 2229, 2230, 2231, 2232, 2233, 2234, 2235, 2236, 2241, 2242, 2243, 2244, 2245, 2246, 2247, 2248, 2253, 2254, 2255, 2256, 2257, 2258, 2259, 2260, 2265, 2266, 2267, 2268, 2269, 2270, 2271, 2272, 2277, 2278, 2279, 2280, 2281, 2282, 2283, 2284, 2289, 2290, 2291, 2292, 2293, 2294, 2295, 2296, 2301, 2302, 2303, 2304, 2305, 2306, 2307, 2308	1, 2, 3, 4, 5, 6, 7, 8, 9, 10, 11, 12	13, 14, 15, 16, 17, 18, 19, 20, 21, 22, 23, 24
66	−	66:   	−    	83, 156, 157, 158, 159, 160, 161, 162, 163, 168, 169, 170, 171, 172, 173, 174, 175, 180, 181, 182, 183, 184, 185, 186, 187, 192, 193, 194, 195, 196, 197, 198, 199, 204, 205, 206, 207, 208, 209, 210, 211, 216, 217, 218, 219, 220, 221, 222, 223, 228, 229, 230, 231, 232, 233, 234, 235, 243, 244, 245, 246, 247, 248, 249, 250, 255, 256, 257, 258, 259, 260, 261, 262, 267, 268, 269, 270, 271, 272, 273, 274, 279, 280, 281, 282, 283, 284, 285, 286, 291, 292, 293, 294, 295, 296, 297, 298, 303, 304, 305, 306, 307, 308, 309, 310, 315, 316, 317, 318, 319, 320, 321, 322, 354, 355, 356, 357, 358, 359, 360, 361, 366, 367, 368, 369, 370, 371, 372, 373, 378, 379, 380, 381, 382, 383, 384, 385, 390, 391, 392, 393, 394, 395, 396, 397, 402, 403, 404, 405, 406, 407, 408, 409, 414, 415, 416, 417, 418, 419, 420, 421, 426, 427, 428, 429, 430, 431, 432, 433, 441, 442, 443, 444, 445, 446, 447, 448, 453, 454, 455, 456, 457, 458, 459, 460, 465, 466, 467, 468, 469, 470, 471, 472, 477, 478, 479, 480, 481, 482, 483, 484, 489, 490, 491, 492, 493, 494, 495, 496, 501, 502, 503, 504, 505, 506, 507, 508, 513, 514, 515, 516, 517, 518, 519, 520, 552, 553, 554, 555, 556, 557, 558, 559, 564, 565, 566, 567, 568, 569, 570, 571, 576, 577, 578, 579, 580, 581, 582, 583, 588, 589, 590, 591, 592, 593, 594, 595, 600, 601, 602, 603, 604, 605, 606, 607, 612, 613, 614, 615, 616, 617, 618, 619, 624, 625, 626, 627, 628, 629, 630, 631, 639, 640, 641, 642, 643, 644, 645, 646, 651, 652, 653, 654, 655, 656, 657, 658, 663, 664, 665, 666, 667, 668, 669, 670, 675, 676, 677, 678, 679, 680, 681, 682, 687, 688, 689, 690, 691, 692, 693, 694, 699, 700, 701, 702, 703, 704, 705, 706, 711, 712, 713, 714, 715, 716, 717, 718, 1050, 1051, 1052, 1053, 1054, 1055, 1056, 1057, 1062, 1063, 1064, 1065, 1066, 1067, 1068, 1069, 1074, 1075, 1076, 1077, 1078, 1079, 1080, 1081, 1086, 1087, 1088, 1089, 1090, 1091, 1092, 1093, 1098, 1099, 1100, 1101, 1102, 1103, 1104, 1105, 1110, 1111, 1112, 1113, 1114, 1115, 1116, 1117, 1122, 1123, 1124, 1125, 1126, 1127, 1128, 1129, 1137, 1138, 1139, 1140, 1141, 1142, 1143, 1144, 1149, 1150, 1151, 1152, 1153, 1154, 1155, 1156, 1161, 1162, 1163, 1164, 1165, 1166, 1167, 1168, 1173, 1174, 1175, 1176, 1177, 1178, 1179, 1180, 1185, 1186, 1187, 1188, 1189, 1190, 1191, 1192, 1197, 1198, 1199, 1200, 1201, 1202, 1203, 1204, 1209, 1210, 1211, 1212, 1213, 1214, 1215, 1216, 1248, 1249, 1250, 1251, 1252, 1253, 1254, 1255, 1260, 1261, 1262, 1263, 1264, 1265, 1266, 1267, 1272, 1273, 1274, 1275, 1276, 1277, 1278, 1279, 1284, 1285, 1286, 1287, 1288, 1289, 1290, 1291, 1296, 1297, 1298, 1299, 1300, 1301, 1302, 1303, 1308, 1309, 1310, 1311, 1312, 1313, 1314, 1315, 1320, 1321, 1322, 1323, 1324, 1325, 1326, 1327, 1335, 1336, 1337, 1338, 1339, 1340, 1341, 1342, 1347, 1348, 1349, 1350, 1351, 1352, 1353, 1354, 1359, 1360, 1361, 1362, 1363, 1364, 1365, 1366, 1371, 1372, 1373, 1374, 1375, 1376, 1377, 1378, 1383, 1384, 1385, 1386, 1387, 1388, 1389, 1390, 1395, 1396, 1397, 1398, 1399, 1400, 1401, 1402, 1407, 1408, 1409, 1410, 1411, 1412, 1413, 1414, 1446, 1447, 1448, 1449, 1450, 1451, 1452, 1453, 1458, 1459, 1460, 1461, 1462, 1463, 1464, 1465, 1470, 1471, 1472, 1473, 1474, 1475, 1476, 1477, 1482, 1483, 1484, 1485, 1486, 1487, 1488, 1489, 1494, 1495, 1496, 1497, 1498, 1499, 1500, 1501, 1506, 1507, 1508, 1509, 1510, 1511, 1512, 1513, 1518, 1519, 1520, 1521, 1522, 1523, 1524, 1525, 1533, 1534, 1535, 1536, 1537, 1538, 1539, 1540, 1545, 1546, 1547, 1548, 1549, 1550, 1551, 1552, 1557, 1558, 1559, 1560, 1561, 1562, 1563, 1564, 1569, 1570, 1571, 1572, 1573, 1574, 1575, 1576, 1581, 1582, 1583, 1584, 1585, 1586, 1587, 1588, 1593, 1594, 1595, 1596, 1597, 1598, 1599, 1600, 1605, 1606, 1607, 1608, 1609, 1610, 1611, 1612, 1738, 1944, 1945, 1946, 1947, 1948, 1949, 1950, 1951, 1956, 1957, 1958, 1959, 1960, 1961, 1962, 1963, 1968, 1969, 1970, 1971, 1972, 1973, 1974, 1975, 1980, 1981, 1982, 1983, 1984, 1985, 1986, 1987, 1992, 1993, 1994, 1995, 1996, 1997, 1998, 1999, 2004, 2005, 2006, 2007, 2008, 2009, 2010, 2011, 2016, 2017, 2018, 2019, 2020, 2021, 2022, 2023, 2031, 2032, 2033, 2034, 2035, 2036, 2037, 2038, 2043, 2044, 2045, 2046, 2047, 2048, 2049, 2050, 2055, 2056, 2057, 2058, 2059, 2060, 2061, 2062, 2067, 2068, 2069, 2070, 2071, 2072, 2073, 2074, 2079, 2080, 2081, 2082, 2083, 2084, 2085, 2086, 2091, 2092, 2093, 2094, 2095, 2096, 2097, 2098, 2103, 2104, 2105, 2106, 2107, 2108, 2109, 2110, 2142, 2143, 2144, 2145, 2146, 2147, 2148, 2149, 2154, 2155, 2156, 2157, 2158, 2159, 2160, 2161, 2166, 2167, 2168, 2169, 2170, 2171, 2172, 2173, 2178, 2179, 2180, 2181, 2182, 2183, 2184, 2185, 2190, 2191, 2192, 2193, 2194, 2195, 2196, 2197, 2202, 2203, 2204, 2205, 2206, 2207, 2208, 2209, 2214, 2215, 2216, 2217, 2218, 2219, 2220, 2221, 2229, 2230, 2231, 2232, 2233, 2234, 2235, 2236, 2241, 2242, 2243, 2244, 2245, 2246, 2247, 2248, 2253, 2254, 2255, 2256, 2257, 2258, 2259, 2260, 2265, 2266, 2267, 2268, 2269, 2270, 2271, 2272, 2277, 2278, 2279, 2280, 2281, 2282, 2283, 2284, 2289, 2290, 2291, 2292, 2293, 2294, 2295, 2296, 2301, 2302, 2303, 2304, 2305, 2306, 2307, 2308, 2340, 2341, 2342, 2343, 2344, 2345, 2346, 2347, 2352, 2353, 2354, 2355, 2356, 2357, 2358, 2359, 2364, 2365, 2366, 2367, 2368, 2369, 2370, 2371, 2376, 2377, 2378, 2379, 2380, 2381, 2382, 2383, 2388, 2389, 2390, 2391, 2392, 2393, 2394, 2395, 2400, 2401, 2402, 2403, 2404, 2405, 2406, 2407, 2412, 2413, 2414, 2415, 2416, 2417, 2418, 2419, 2427, 2428, 2429, 2430, 2431, 2432, 2433, 2434, 2439, 2440, 2441, 2442, 2443, 2444, 2445, 2446, 2451, 2452, 2453, 2454, 2455, 2456, 2457, 2458, 2463, 2464, 2465, 2466, 2467, 2468, 2469, 2470, 2475, 2476, 2477, 2478, 2479, 2480, 2481, 2482, 2487, 2488, 2489, 2490, 2491, 2492, 2493, 2494, 2499, 2500, 2501, 2502, 2503, 2504, 2505, 2506	1, 2, 3, 4, 5, 6, 7, 8, 9, 10, 11, 12	13, 14, 15, 16, 17, 18, 19, 20, 21, 22, 23, 24
67	−	67:   	−    	83, 156, 157, 158, 159, 160, 161, 162, 163, 168, 169, 170, 171, 172, 173, 174, 175, 180, 181, 182, 183, 184, 185, 186, 187, 192, 193, 194, 195, 196, 197, 198, 199, 204, 205, 206, 207, 208, 209, 210, 211, 216, 217, 218, 219, 220, 221, 222, 223, 228, 229, 230, 231, 232, 233, 234, 235, 243, 244, 245, 246, 247, 248, 249, 250, 255, 256, 257, 258, 259, 260, 261, 262, 267, 268, 269, 270, 271, 272, 273, 274, 279, 280, 281, 282, 283, 284, 285, 286, 291, 292, 293, 294, 295, 296, 297, 298, 303, 304, 305, 306, 307, 308, 309, 310, 315, 316, 317, 318, 319, 320, 321, 322, 354, 355, 356, 357, 358, 359, 360, 361, 366, 367, 368, 369, 370, 371, 372, 373, 378, 379, 380, 381, 382, 383, 384, 385, 390, 391, 392, 393, 394, 395, 396, 397, 402, 403, 404, 405, 406, 407, 408, 409, 414, 415, 416, 417, 418, 419, 420, 421, 426, 427, 428, 429, 430, 431, 432, 433, 441, 442, 443, 444, 445, 446, 447, 448, 453, 454, 455, 456, 457, 458, 459, 460, 465, 466, 467, 468, 469, 470, 471, 472, 477, 478, 479, 480, 481, 482, 483, 484, 489, 490, 491, 492, 493, 494, 495, 496, 501, 502, 503, 504, 505, 506, 507, 508, 513, 514, 515, 516, 517, 518, 519, 520, 552, 553, 554, 555, 556, 557, 558, 559, 564, 565, 566, 567, 568, 569, 570, 571, 576, 577, 578, 579, 580, 581, 582, 583, 588, 589, 590, 591, 592, 593, 594, 595, 600, 601, 602, 603, 604, 605, 606, 607, 612, 613, 614, 615, 616, 617, 618, 619, 624, 625, 626, 627, 628, 629, 630, 631, 639, 640, 641, 642, 643, 644, 645, 646, 651, 652, 653, 654, 655, 656, 657, 658, 663, 664, 665, 666, 667, 668, 669, 670, 675, 676, 677, 678, 679, 680, 681, 682, 687, 688, 689, 690, 691, 692, 693, 694, 699, 700, 701, 702, 703, 704, 705, 706, 711, 712, 713, 714, 715, 716, 717, 718, 1050, 1051, 1052, 1053, 1054, 1055, 1056, 1057, 1062, 1063, 1064, 1065, 1066, 1067, 1068, 1069, 1074, 1075, 1076, 1077, 1078, 1079, 1080, 1081, 1086, 1087, 1088, 1089, 1090, 1091, 1092, 1093, 1098, 1099, 1100, 1101, 1102, 1103, 1104, 1105, 1110, 1111, 1112, 1113, 1114, 1115, 1116, 1117, 1122, 1123, 1124, 1125, 1126, 1127, 1128, 1129, 1137, 1138, 1139, 1140, 1141, 1142, 1143, 1144, 1149, 1150, 1151, 1152, 1153, 1154, 1155, 1156, 1161, 1162, 1163, 1164, 1165, 1166, 1167, 1168, 1173, 1174, 1175, 1176, 1177, 1178, 1179, 1180, 1185, 1186, 1187, 1188, 1189, 1190, 1191, 1192, 1197, 1198, 1199, 1200, 1201, 1202, 1203, 1204, 1209, 1210, 1211, 1212, 1213, 1214, 1215, 1216, 1248, 1249, 1250, 1251, 1252, 1253, 1254, 1255, 1260, 1261, 1262, 1263, 1264, 1265, 1266, 1267, 1272, 1273, 1274, 1275, 1276, 1277, 1278, 1279, 1284, 1285, 1286, 1287, 1288, 1289, 1290, 1291, 1296, 1297, 1298, 1299, 1300, 1301, 1302, 1303, 1308, 1309, 1310, 1311, 1312, 1313, 1314, 1315, 1320, 1321, 1322, 1323, 1324, 1325, 1326, 1327, 1335, 1336, 1337, 1338, 1339, 1340, 1341, 1342, 1347, 1348, 1349, 1350, 1351, 1352, 1353, 1354, 1359, 1360, 1361, 1362, 1363, 1364, 1365, 1366, 1371, 1372, 1373, 1374, 1375, 1376, 1377, 1378, 1383, 1384, 1385, 1386, 1387, 1388, 1389, 1390, 1395, 1396, 1397, 1398, 1399, 1400, 1401, 1402, 1407, 1408, 1409, 1410, 1411, 1412, 1413, 1414, 1446, 1447, 1448, 1449, 1450, 1451, 1452, 1453, 1458, 1459, 1460, 1461, 1462, 1463, 1464, 1465, 1470, 1471, 1472, 1473, 1474, 1475, 1476, 1477, 1482, 1483, 1484, 1485, 1486, 1487, 1488, 1489, 1494, 1495, 1496, 1497, 1498, 1499, 1500, 1501, 1506, 1507, 1508, 1509, 1510, 1511, 1512, 1513, 1518, 1519, 1520, 1521, 1522, 1523, 1524, 1525, 1533, 1534, 1535, 1536, 1537, 1538, 1539, 1540, 1545, 1546, 1547, 1548, 1549, 1550, 1551, 1552, 1557, 1558, 1559, 1560, 1561, 1562, 1563, 1564, 1569, 1570, 1571, 1572, 1573, 1574, 1575, 1576, 1581, 1582, 1583, 1584, 1585, 1586, 1587, 1588, 1593, 1594, 1595, 1596, 1597, 1598, 1599, 1600, 1605, 1606, 1607, 1608, 1609, 1610, 1611, 1612, 1738, 1944, 1945, 1946, 1947, 1948, 1949, 1950, 1951, 1956, 1957, 1958, 1959, 1960, 1961, 1962, 1963, 1968, 1969, 1970, 1971, 1972, 1973, 1974, 1975, 1980, 1981, 1982, 1983, 1984, 1985, 1986, 1987, 1992, 1993, 1994, 1995, 1996, 1997, 1998, 1999, 2004, 2005, 2006, 2007, 2008, 2009, 2010, 2011, 2016, 2017, 2018, 2019, 2020, 2021, 2022, 2023, 2031, 2032, 2033, 2034, 2035, 2036, 2037, 2038, 2043, 2044, 2045, 2046, 2047, 2048, 2049, 2050, 2055, 2056, 2057, 2058, 2059, 2060, 2061, 2062, 2067, 2068, 2069, 2070, 2071, 2072, 2073, 2074, 2079, 2080, 2081, 2082, 2083, 2084, 2085, 2086, 2091, 2092, 2093, 2094, 2095, 2096, 2097, 2098, 2103, 2104, 2105, 2106, 2107, 2108, 2109, 2110, 2142, 2143, 2144, 2145, 2146, 2147, 2148, 2149, 2154, 2155, 2156, 2157, 2158, 2159, 2160, 2161, 2166, 2167, 2168, 2169, 2170, 2171, 2172, 2173, 2178, 2179, 2180, 2181, 2182, 2183, 2184, 2185, 2190, 2191, 2192, 2193, 2194, 2195, 2196, 2197, 2202, 2203, 2204, 2205, 2206, 2207, 2208, 2209, 2214, 2215, 2216, 2217, 2218, 2219, 2220, 2221, 2229, 2230, 2231, 2232, 2233, 2234, 2235, 2236, 2241, 2242, 2243, 2244, 2245, 2246, 2247, 2248, 2253, 2254, 2255, 2256, 2257, 2258, 2259, 2260, 2265, 2266, 2267, 2268, 2269, 2270, 2271, 2272, 2277, 2278, 2279, 2280, 2281, 2282, 2283, 2284, 2289, 2290, 2291, 2292, 2293, 2294, 2295, 2296, 2301, 2302, 2303, 2304, 2305, 2306, 2307, 2308, 2340, 2341, 2342, 2343, 2344, 2345, 2346, 2347, 2352, 2353, 2354, 2355, 2356, 2357, 2358, 2359, 2364, 2365, 2366, 2367, 2368, 2369, 2370, 2371, 2376, 2377, 2378, 2379, 2380, 2381, 2382, 2383, 2388, 2389, 2390, 2391, 2392, 2393, 2394, 2395, 2400, 2401, 2402, 2403, 2404, 2405, 2406, 2407, 2412, 2413, 2414, 2415, 2416, 2417, 2418, 2419, 2427, 2428, 2429, 2430, 2431, 2432, 2433, 2434, 2439, 2440, 2441, 2442, 2443, 2444, 2445, 2446, 2451, 2452, 2453, 2454, 2455, 2456, 2457, 2458, 2463, 2464, 2465, 2466, 2467, 2468, 2469, 2470, 2475, 2476, 2477, 2478, 2479, 2480, 2481, 2482, 2487, 2488, 2489, 2490, 2491, 2492, 2493, 2494, 2499, 2500, 2501, 2502, 2503, 2504, 2505, 2506	1, 2, 3, 4, 5, 6, 7, 8, 9, 10, 11, 12, 2838, 2839, 2840, 2841, 2842, 2843, 2844, 2845, 2850, 2851, 2852, 2853, 2854, 2855, 2856, 2857, 2862, 2863, 2864, 2865, 2866, 2867, 2868, 2869, 2874, 2875, 2876, 2877, 2878, 2879, 2880, 2881, 2886, 2887, 2888, 2889, 2890, 2891, 2892, 2893, 2898, 2899, 2900, 2901, 2902, 2903, 2904, 2905, 2910, 2911, 2912, 2913, 2914, 2915, 2916, 2917, 2925, 2926, 2927, 2928, 2929, 2930, 2931, 2932, 2937, 2938, 2939, 2940, 2941, 2942, 2943, 2944, 2949, 2950, 2951, 2952, 2953, 2954, 2955, 2956, 2961, 2962, 2963, 2964, 2965, 2966, 2967, 2968, 2973, 2974, 2975, 2976, 2977, 2978, 2979, 2980, 2985, 2986, 2987, 2988, 2989, 2990, 2991, 2992, 2997, 2998, 2999, 3000, 3001, 3002, 3003, 3004	13, 14, 15, 16, 17, 18, 19, 20, 21, 22, 23, 24
68	−	68:   	−    	83, 156, 157, 158, 159, 160, 161, 162, 163, 168, 169, 170, 171, 172, 173, 174, 175, 180, 181, 182, 183, 184, 185, 186, 187, 192, 193, 194, 195, 196, 197, 198, 199, 204, 205, 206, 207, 208, 209, 210, 211, 216, 217, 218, 219, 220, 221, 222, 223, 228, 229, 230, 231, 232, 233, 234, 235, 243, 244, 245, 246, 247, 248, 249, 250, 255, 256, 257, 258, 259, 260, 261, 262, 267, 268, 269, 270, 271, 272, 273, 274, 279, 280, 281, 282, 283, 284, 285, 286, 291, 292, 293, 294, 295, 296, 297, 298, 303, 304, 305, 306, 307, 308, 309, 310, 315, 316, 317, 318, 319, 320, 321, 322, 354, 355, 356, 357, 358, 359, 360, 361, 366, 367, 368, 369, 370, 371, 372, 373, 378, 379, 380, 381, 382, 383, 384, 385, 390, 391, 392, 393, 394, 395, 396, 397, 402, 403, 404, 405, 406, 407, 408, 409, 414, 415, 416, 417, 418, 419, 420, 421, 426, 427, 428, 429, 430, 431, 432, 433, 441, 442, 443, 444, 445, 446, 447, 448, 453, 454, 455, 456, 457, 458, 459, 460, 465, 466, 467, 468, 469, 470, 471, 472, 477, 478, 479, 480, 481, 482, 483, 484, 489, 490, 491, 492, 493, 494, 495, 496, 501, 502, 503, 504, 505, 506, 507, 508, 513, 514, 515, 516, 517, 518, 519, 520, 552, 553, 554, 555, 556, 557, 558, 559, 564, 565, 566, 567, 568, 569, 570, 571, 576, 577, 578, 579, 580, 581, 582, 583, 588, 589, 590, 591, 592, 593, 594, 595, 600, 601, 602, 603, 604, 605, 606, 607, 612, 613, 614, 615, 616, 617, 618, 619, 624, 625, 626, 627, 628, 629, 630, 631, 639, 640, 641, 642, 643, 644, 645, 646, 651, 652, 653, 654, 655, 656, 657, 658, 663, 664, 665, 666, 667, 668, 669, 670, 675, 676, 677, 678, 679, 680, 681, 682, 687, 688, 689, 690, 691, 692, 693, 694, 699, 700, 701, 702, 703, 704, 705, 706, 711, 712, 713, 714, 715, 716, 717, 718, 1050, 1051, 1052, 1053, 1054, 1055, 1056, 1057, 1062, 1063, 1064, 1065, 1066, 1067, 1068, 1069, 1074, 1075, 1076, 1077, 1078, 1079, 1080, 1081, 1086, 1087, 1088, 1089, 1090, 1091, 1092, 1093, 1098, 1099, 1100, 1101, 1102, 1103, 1104, 1105, 1110, 1111, 1112, 1113, 1114, 1115, 1116, 1117, 1122, 1123, 1124, 1125, 1126, 1127, 1128, 1129, 1137, 1138, 1139, 1140, 1141, 1142, 1143, 1144, 1149, 1150, 1151, 1152, 1153, 1154, 1155, 1156, 1161, 1162, 1163, 1164, 1165, 1166, 1167, 1168, 1173, 1174, 1175, 1176, 1177, 1178, 1179, 1180, 1185, 1186, 1187, 1188, 1189, 1190, 1191, 1192, 1197, 1198, 1199, 1200, 1201, 1202, 1203, 1204, 1209, 1210, 1211, 1212, 1213, 1214, 1215, 1216, 1248, 1249, 1250, 1251, 1252, 1253, 1254, 1255, 1260, 1261, 1262, 1263, 1264, 1265, 1266, 1267, 1272, 1273, 1274, 1275, 1276, 1277, 1278, 1279, 1284, 1285, 1286, 1287, 1288, 1289, 1290, 1291, 1296, 1297, 1298, 1299, 1300, 1301, 1302, 1303, 1308, 1309, 1310, 1311, 1312, 1313, 1314, 1315, 1320, 1321, 1322, 1323, 1324, 1325, 1326, 1327, 1335, 1336, 1337, 1338, 1339, 1340, 1341, 1342, 1347, 1348, 1349, 1350, 1351, 1352, 1353, 1354, 1359, 1360, 1361, 1362, 1363, 1364, 1365, 1366, 1371, 1372, 1373, 1374, 1375, 1376, 1377, 1378, 1383, 1384, 1385, 1386, 1387, 1388, 1389, 1390, 1395, 1396, 1397, 1398, 1399, 1400, 1401, 1402, 1407, 1408, 1409, 1410, 1411, 1412, 1413, 1414, 1446, 1447, 1448, 1449, 1450, 1451, 1452, 1453, 1458, 1459, 1460, 1461, 1462, 1463, 1464, 1465, 1470, 1471, 1472, 1473, 1474, 1475, 1476, 1477, 1482, 1483, 1484, 1485, 1486, 1487, 1488, 1489, 1494, 1495, 1496, 1497, 1498, 1499, 1500, 1501, 1506, 1507, 1508, 1509, 1510, 1511, 1512, 1513, 1518, 1519, 1520, 1521, 1522, 1523, 1524, 1525, 1533, 1534, 1535, 1536, 1537, 1538, 1539, 1540, 1545, 1546, 1547, 1548, 1549, 1550, 1551, 1552, 1557, 1558, 1559, 1560, 1561, 1562, 1563, 1564, 1569, 1570, 1571, 1572, 1573, 1574, 1575, 1576, 1581, 1582, 1583, 1584, 1585, 1586, 1587, 1588, 1593, 1594, 1595, 1596, 1597, 1598, 1599, 1600, 1605, 1606, 1607, 1608, 1609, 1610, 1611, 1612, 1738, 1944, 1945, 1946, 1947, 1948, 1949, 1950, 1951, 1956, 1957, 1958, 1959, 1960, 1961, 1962, 1963, 1968, 1969, 1970, 1971, 1972, 1973, 1974, 1975, 1980, 1981, 1982, 1983, 1984, 1985, 1986, 1987, 1992, 1993, 1994, 1995, 1996, 1997, 1998, 1999, 2004, 2005, 2006, 2007, 2008, 2009, 2010, 2011, 2016, 2017, 2018, 2019, 2020, 2021, 2022, 2023, 2031, 2032, 2033, 2034, 2035, 2036, 2037, 2038, 2043, 2044, 2045, 2046, 2047, 2048, 2049, 2050, 2055, 2056, 2057, 2058, 2059, 2060, 2061, 2062, 2067, 2068, 2069, 2070, 2071, 2072, 2073, 2074, 2079, 2080, 2081, 2082, 2083, 2084, 2085, 2086, 2091, 2092, 2093, 2094, 2095, 2096, 2097, 2098, 2103, 2104, 2105, 2106, 2107, 2108, 2109, 2110, 2142, 2143, 2144, 2145, 2146, 2147, 2148, 2149, 2154, 2155, 2156, 2157, 2158, 2159, 2160, 2161, 2166, 2167, 2168, 2169, 2170, 2171, 2172, 2173, 2178, 2179, 2180, 2181, 2182, 2183, 2184, 2185, 2190, 2191, 2192, 2193, 2194, 2195, 2196, 2197, 2202, 2203, 2204, 2205, 2206, 2207, 2208, 2209, 2214, 2215, 2216, 2217, 2218, 2219, 2220, 2221, 2229, 2230, 2231, 2232, 2233, 2234, 2235, 2236, 2241, 2242, 2243, 2244, 2245, 2246, 2247, 2248, 2253, 2254, 2255, 2256, 2257, 2258, 2259, 2260, 2265, 2266, 2267, 2268, 2269, 2270, 2271, 2272, 2277, 2278, 2279, 2280, 2281, 2282, 2283, 2284, 2289, 2290, 2291, 2292, 2293, 2294, 2295, 2296, 2301, 2302, 2303, 2304, 2305, 2306, 2307, 2308, 2340, 2341, 2342, 2343, 2344, 2345, 2346, 2347, 2352, 2353, 2354, 2355, 2356, 2357, 2358, 2359, 2364, 2365, 2366, 2367, 2368, 2369, 2370, 2371, 2376, 2377, 2378, 2379, 2380, 2381, 2382, 2383, 2388, 2389, 2390, 2391, 2392, 2393, 2394, 2395, 2400, 2401, 2402, 2403, 2404, 2405, 2406, 2407, 2412, 2413, 2414, 2415, 2416, 2417, 2418, 2419, 2427, 2428, 2429, 2430, 2431, 2432, 2433, 2434, 2439, 2440, 2441, 2442, 2443, 2444, 2445, 2446, 2451, 2452, 2453, 2454, 2455, 2456, 2457, 2458, 2463, 2464, 2465, 2466, 2467, 2468, 2469, 2470, 2475, 2476, 2477, 2478, 2479, 2480, 2481, 2482, 2487, 2488, 2489, 2490, 2491, 2492, 2493, 2494, 2499, 2500, 2501, 2502, 2503, 2504, 2505, 2506, 2838, 2839, 2840, 2841, 2842, 2843, 2844, 2845, 2850, 2851, 2852, 2853, 2854, 2855, 2856, 2857, 2862, 2863, 2864, 2865, 2866, 2867, 2868, 2869, 2874, 2875, 2876, 2877, 2878, 2879, 2880, 2881, 2886, 2887, 2888, 2889, 2890, 2891, 2892, 2893, 2898, 2899, 2900, 2901, 2902, 2903, 2904, 2905, 2910, 2911, 2912, 2913, 2914, 2915, 2916, 2917, 2925, 2926, 2927, 2928, 2929, 2930, 2931, 2932, 2937, 2938, 2939, 2940, 2941, 2942, 2943, 2944, 2949, 2950, 2951, 2952, 2953, 2954, 2955, 2956, 2961, 2962, 2963, 2964, 2965, 2966, 2967, 2968, 2973, 2974, 2975, 2976, 2977, 2978, 2979, 2980, 2985, 2986, 2987, 2988, 2989, 2990, 2991, 2992, 2997, 2998, 2999, 3000, 3001, 3002, 3003, 3004	1, 2, 3, 4, 5, 6, 7, 8, 9, 10, 11, 12	13, 14, 15, 16, 17, 18, 19, 20, 21, 22, 23, 24
69	−	69:   	−    	83, 156, 157, 158, 159, 160, 161, 162, 163, 168, 169, 170, 171, 172, 173, 174, 175, 180, 181, 182, 183, 184, 185, 186, 187, 192, 193, 194, 195, 196, 197, 198, 199, 204, 205, 206, 207, 208, 209, 210, 211, 216, 217, 218, 219, 220, 221, 222, 223, 228, 229, 230, 231, 232, 233, 234, 235, 243, 244, 245, 246, 247, 248, 249, 250, 255, 256, 257, 258, 259, 260, 261, 262, 267, 268, 269, 270, 271, 272, 273, 274, 279, 280, 281, 282, 283, 284, 285, 286, 291, 292, 293, 294, 295, 296, 297, 298, 303, 304, 305, 306, 307, 308, 309, 310, 315, 316, 317, 318, 319, 320, 321, 322, 354, 355, 356, 357, 358, 359, 360, 361, 366, 367, 368, 369, 370, 371, 372, 373, 378, 379, 380, 381, 382, 383, 384, 385, 390, 391, 392, 393, 394, 395, 396, 397, 402, 403, 404, 405, 406, 407, 408, 409, 414, 415, 416, 417, 418, 419, 420, 421, 426, 427, 428, 429, 430, 431, 432, 433, 441, 442, 443, 444, 445, 446, 447, 448, 453, 454, 455, 456, 457, 458, 459, 460, 465, 466, 467, 468, 469, 470, 471, 472, 477, 478, 479, 480, 481, 482, 483, 484, 489, 490, 491, 492, 493, 494, 495, 496, 501, 502, 503, 504, 505, 506, 507, 508, 513, 514, 515, 516, 517, 518, 519, 520, 552, 553, 554, 555, 556, 557, 558, 559, 564, 565, 566, 567, 568, 569, 570, 571, 576, 577, 578, 579, 580, 581, 582, 583, 588, 589, 590, 591, 592, 593, 594, 595, 600, 601, 602, 603, 604, 605, 606, 607, 612, 613, 614, 615, 616, 617, 618, 619, 624, 625, 626, 627, 628, 629, 630, 631, 639, 640, 641, 642, 643, 644, 645, 646, 651, 652, 653, 654, 655, 656, 657, 658, 663, 664, 665, 666, 667, 668, 669, 670, 675, 676, 677, 678, 679, 680, 681, 682, 687, 688, 689, 690, 691, 692, 693, 694, 699, 700, 701, 702, 703, 704, 705, 706, 711, 712, 713, 714, 715, 716, 717, 718, 1050, 1051, 1052, 1053, 1054, 1055, 1056, 1057, 1062, 1063, 1064, 1065, 1066, 1067, 1068, 1069, 1074, 1075, 1076, 1077, 1078, 1079, 1080, 1081, 1086, 1087, 1088, 1089, 1090, 1091, 1092, 1093, 1098, 1099, 1100, 1101, 1102, 1103, 1104, 1105, 1110, 1111, 1112, 1113, 1114, 1115, 1116, 1117, 1122, 1123, 1124, 1125, 1126, 1127, 1128, 1129, 1137, 1138, 1139, 1140, 1141, 1142, 1143, 1144, 1149, 1150, 1151, 1152, 1153, 1154, 1155, 1156, 1161, 1162, 1163, 1164, 1165, 1166, 1167, 1168, 1173, 1174, 1175, 1176, 1177, 1178, 1179, 1180, 1185, 1186, 1187, 1188, 1189, 1190, 1191, 1192, 1197, 1198, 1199, 1200, 1201, 1202, 1203, 1204, 1209, 1210, 1211, 1212, 1213, 1214, 1215, 1216, 1248, 1249, 1250, 1251, 1252, 1253, 1254, 1255, 1260, 1261, 1262, 1263, 1264, 1265, 1266, 1267, 1272, 1273, 1274, 1275, 1276, 1277, 1278, 1279, 1284, 1285, 1286, 1287, 1288, 1289, 1290, 1291, 1296, 1297, 1298, 1299, 1300, 1301, 1302, 1303, 1308, 1309, 1310, 1311, 1312, 1313, 1314, 1315, 1320, 1321, 1322, 1323, 1324, 1325, 1326, 1327, 1335, 1336, 1337, 1338, 1339, 1340, 1341, 1342, 1347, 1348, 1349, 1350, 1351, 1352, 1353, 1354, 1359, 1360, 1361, 1362, 1363, 1364, 1365, 1366, 1371, 1372, 1373, 1374, 1375, 1376, 1377, 1378, 1383, 1384, 1385, 1386, 1387, 1388, 1389, 1390, 1395, 1396, 1397, 1398, 1399, 1400, 1401, 1402, 1407, 1408, 1409, 1410, 1411, 1412, 1413, 1414, 1446, 1447, 1448, 1449, 1450, 1451, 1452, 1453, 1458, 1459, 1460, 1461, 1462, 1463, 1464, 1465, 1470, 1471, 1472, 1473, 1474, 1475, 1476, 1477, 1482, 1483, 1484, 1485, 1486, 1487, 1488, 1489, 1494, 1495, 1496, 1497, 1498, 1499, 1500, 1501, 1506, 1507, 1508, 1509, 1510, 1511, 1512, 1513, 1518, 1519, 1520, 1521, 1522, 1523, 1524, 1525, 1533, 1534, 1535, 1536, 1537, 1538, 1539, 1540, 1545, 1546, 1547, 1548, 1549, 1550, 1551, 1552, 1557, 1558, 1559, 1560, 1561, 1562, 1563, 1564, 1569, 1570, 1571, 1572, 1573, 1574, 1575, 1576, 1581, 1582, 1583, 1584, 1585, 1586, 1587, 1588, 1593, 1594, 1595, 1596, 1597, 1598, 1599, 1600, 1605, 1606, 1607, 1608, 1609, 1610, 1611, 1612, 1738, 1944, 1945, 1946, 1947, 1948, 1949, 1950, 1951, 1956, 1957, 1958, 1959, 1960, 1961, 1962, 1963, 1968, 1969, 1970, 1971, 1972, 1973, 1974, 1975, 1980, 1981, 1982, 1983, 1984, 1985, 1986, 1987, 1992, 1993, 1994, 1995, 1996, 1997, 1998, 1999, 2004, 2005, 2006, 2007, 2008, 2009, 2010, 2011, 2016, 2017, 2018, 2019, 2020, 2021, 2022, 2023, 2031, 2032, 2033, 2034, 2035, 2036, 2037, 2038, 2043, 2044, 2045, 2046, 2047, 2048, 2049, 2050, 2055, 2056, 2057, 2058, 2059, 2060, 2061, 2062, 2067, 2068, 2069, 2070, 2071, 2072, 2073, 2074, 2079, 2080, 2081, 2082, 2083, 2084, 2085, 2086, 2091, 2092, 2093, 2094, 2095, 2096, 2097, 2098, 2103, 2104, 2105, 2106, 2107, 2108, 2109, 2110, 2142, 2143, 2144, 2145, 2146, 2147, 2148, 2149, 2154, 2155, 2156, 2157, 2158, 2159, 2160, 2161, 2166, 2167, 2168, 2169, 2170, 2171, 2172, 2173, 2178, 2179, 2180, 2181, 2182, 2183, 2184, 2185, 2190, 2191, 2192, 2193, 2194, 2195, 2196, 2197, 2202, 2203, 2204, 2205, 2206, 2207, 2208, 2209, 2214, 2215, 2216, 2217, 2218, 2219, 2220, 2221, 2229, 2230, 2231, 2232, 2233, 2234, 2235, 2236, 2241, 2242, 2243, 2244, 2245, 2246, 2247, 2248, 2253, 2254, 2255, 2256, 2257, 2258, 2259, 2260, 2265, 2266, 2267, 2268, 2269, 2270, 2271, 2272, 2277, 2278, 2279, 2280, 2281, 2282, 2283, 2284, 2289, 2290, 2291, 2292, 2293, 2294, 2295, 2296, 2301, 2302, 2303, 2304, 2305, 2306, 2307, 2308, 2340, 2341, 2342, 2343, 2344, 2345, 2346, 2347, 2352, 2353, 2354, 2355, 2356, 2357, 2358, 2359, 2364, 2365, 2366, 2367, 2368, 2369, 2370, 2371, 2376, 2377, 2378, 2379, 2380, 2381, 2382, 2383, 2388, 2389, 2390, 2391, 2392, 2393, 2394, 2395, 2400, 2401, 2402, 2403, 2404, 2405, 2406, 2407, 2412, 2413, 2414, 2415, 2416, 2417, 2418, 2419, 2427, 2428, 2429, 2430, 2431, 2432, 2433, 2434, 2439, 2440, 2441, 2442, 2443, 2444, 2445, 2446, 2451, 2452, 2453, 2454, 2455, 2456, 2457, 2458, 2463, 2464, 2465, 2466, 2467, 2468, 2469, 2470, 2475, 2476, 2477, 2478, 2479, 2480, 2481, 2482, 2487, 2488, 2489, 2490, 2491, 2492, 2493, 2494, 2499, 2500, 2501, 2502, 2503, 2504, 2505, 2506, 2838, 2839, 2840, 2841, 2842, 2843, 2844, 2845, 2850, 2851, 2852, 2853, 2854, 2855, 2856, 2857, 2862, 2863, 2864, 2865, 2866, 2867, 2868, 2869, 2874, 2875, 2876, 2877, 2878, 2879, 2880, 2881, 2886, 2887, 2888, 2889, 2890, 2891, 2892, 2893, 2898, 2899, 2900, 2901, 2902, 2903, 2904, 2905, 2910, 2911, 2912, 2913, 2914, 2915, 2916, 2917, 2925, 2926, 2927, 2928, 2929, 2930, 2931, 2932, 2937, 2938, 2939, 2940, 2941, 2942, 2943, 2944, 2949, 2950, 2951, 2952, 2953, 2954, 2955, 2956, 2961, 2962, 2963, 2964, 2965, 2966, 2967, 2968, 2973, 2974, 2975, 2976, 2977, 2978, 2979, 2980, 2985, 2986, 2987, 2988, 2989, 2990, 2991, 2992, 2997, 2998, 2999, 3000, 3001, 3002, 3003, 3004, 3036, 3037, 3038, 3039, 3040, 3041, 3042, 3043, 3048, 3049, 3050, 3051, 3052, 3053, 3054, 3055, 3060, 3061, 3062, 3063, 3064, 3065, 3066, 3067, 3072, 3073, 3074, 3075, 3076, 3077, 3078, 3079, 3084, 3085, 3086, 3087, 3088, 3089, 3090, 3091, 3096, 3097, 3098, 3099, 3100, 3101, 3102, 3103, 3108, 3109, 3110, 3111, 3112, 3113, 3114, 3115, 3123, 3124, 3125, 3126, 3127, 3128, 3129, 3130, 3135, 3136, 3137, 3138, 3139, 3140, 3141, 3142, 3147, 3148, 3149, 3150, 3151, 3152, 3153, 3154, 3159, 3160, 3161, 3162, 3163, 3164, 3165, 3166, 3171, 3172, 3173, 3174, 3175, 3176, 3177, 3178, 3183, 3184, 3185, 3186, 3187, 3188, 3189, 3190, 3195, 3196, 3197, 3198, 3199, 3200, 3201, 3202	1, 2, 3, 4, 5, 6, 7, 8, 9, 10, 11, 12	13, 14, 15, 16, 17, 18, 19, 20, 21, 22, 23, 24
70	−	70:   	−    	83, 156, 157, 158, 159, 160, 161, 162, 163, 168, 169, 170, 171, 172, 173, 174, 175, 180, 181, 182, 183, 184, 185, 186, 187, 192, 193, 194, 195, 196, 197, 198, 199, 204, 205, 206, 207, 208, 209, 210, 211, 216, 217, 218, 219, 220, 221, 222, 223, 228, 229, 230, 231, 232, 233, 234, 235, 243, 244, 245, 246, 247, 248, 249, 250, 255, 256, 257, 258, 259, 260, 261, 262, 267, 268, 269, 270, 271, 272, 273, 274, 279, 280, 281, 282, 283, 284, 285, 286, 291, 292, 293, 294, 295, 296, 297, 298, 303, 304, 305, 306, 307, 308, 309, 310, 315, 316, 317, 318, 319, 320, 321, 322, 354, 355, 356, 357, 358, 359, 360, 361, 366, 367, 368, 369, 370, 371, 372, 373, 378, 379, 380, 381, 382, 383, 384, 385, 390, 391, 392, 393, 394, 395, 396, 397, 402, 403, 404, 405, 406, 407, 408, 409, 414, 415, 416, 417, 418, 419, 420, 421, 426, 427, 428, 429, 430, 431, 432, 433, 441, 442, 443, 444, 445, 446, 447, 448, 453, 454, 455, 456, 457, 458, 459, 460, 465, 466, 467, 468, 469, 470, 471, 472, 477, 478, 479, 480, 481, 482, 483, 484, 489, 490, 491, 492, 493, 494, 495, 496, 501, 502, 503, 504, 505, 506, 507, 508, 513, 514, 515, 516, 517, 518, 519, 520, 552, 553, 554, 555, 556, 557, 558, 559, 564, 565, 566, 567, 568, 569, 570, 571, 576, 577, 578, 579, 580, 581, 582, 583, 588, 589, 590, 591, 592, 593, 594, 595, 600, 601, 602, 603, 604, 605, 606, 607, 612, 613, 614, 615, 616, 617, 618, 619, 624, 625, 626, 627, 628, 629, 630, 631, 639, 640, 641, 642, 643, 644, 645, 646, 651, 652, 653, 654, 655, 656, 657, 658, 663, 664, 665, 666, 667, 668, 669, 670, 675, 676, 677, 678, 679, 680, 681, 682, 687, 688, 689, 690, 691, 692, 693, 694, 699, 700, 701, 702, 703, 704, 705, 706, 711, 712, 713, 714, 715, 716, 717, 718, 1050, 1051, 1052, 1053, 1054, 1055, 1056, 1057, 1062, 1063, 1064, 1065, 1066, 1067, 1068, 1069, 1074, 1075, 1076, 1077, 1078, 1079, 1080, 1081, 1086, 1087, 1088, 1089, 1090, 1091, 1092, 1093, 1098, 1099, 1100, 1101, 1102, 1103, 1104, 1105, 1110, 1111, 1112, 1113, 1114, 1115, 1116, 1117, 1122, 1123, 1124, 1125, 1126, 1127, 1128, 1129, 1137, 1138, 1139, 1140, 1141, 1142, 1143, 1144, 1149, 1150, 1151, 1152, 1153, 1154, 1155, 1156, 1161, 1162, 1163, 1164, 1165, 1166, 1167, 1168, 1173, 1174, 1175, 1176, 1177, 1178, 1179, 1180, 1185, 1186, 1187, 1188, 1189, 1190, 1191, 1192, 1197, 1198, 1199, 1200, 1201, 1202, 1203, 1204, 1209, 1210, 1211, 1212, 1213, 1214, 1215, 1216, 1248, 1249, 1250, 1251, 1252, 1253, 1254, 1255, 1260, 1261, 1262, 1263, 1264, 1265, 1266, 1267, 1272, 1273, 1274, 1275, 1276, 1277, 1278, 1279, 1284, 1285, 1286, 1287, 1288, 1289, 1290, 1291, 1296, 1297, 1298, 1299, 1300, 1301, 1302, 1303, 1308, 1309, 1310, 1311, 1312, 1313, 1314, 1315, 1320, 1321, 1322, 1323, 1324, 1325, 1326, 1327, 1335, 1336, 1337, 1338, 1339, 1340, 1341, 1342, 1347, 1348, 1349, 1350, 1351, 1352, 1353, 1354, 1359, 1360, 1361, 1362, 1363, 1364, 1365, 1366, 1371, 1372, 1373, 1374, 1375, 1376, 1377, 1378, 1383, 1384, 1385, 1386, 1387, 1388, 1389, 1390, 1395, 1396, 1397, 1398, 1399, 1400, 1401, 1402, 1407, 1408, 1409, 1410, 1411, 1412, 1413, 1414, 1446, 1447, 1448, 1449, 1450, 1451, 1452, 1453, 1458, 1459, 1460, 1461, 1462, 1463, 1464, 1465, 1470, 1471, 1472, 1473, 1474, 1475, 1476, 1477, 1482, 1483, 1484, 1485, 1486, 1487, 1488, 1489, 1494, 1495, 1496, 1497, 1498, 1499, 1500, 1501, 1506, 1507, 1508, 1509, 1510, 1511, 1512, 1513, 1518, 1519, 1520, 1521, 1522, 1523, 1524, 1525, 1533, 1534, 1535, 1536, 1537, 1538, 1539, 1540, 1545, 1546, 1547, 1548, 1549, 1550, 1551, 1552, 1557, 1558, 1559, 1560, 1561, 1562, 1563, 1564, 1569, 1570, 1571, 1572, 1573, 1574, 1575, 1576, 1581, 1582, 1583, 1584, 1585, 1586, 1587, 1588, 1593, 1594, 1595, 1596, 1597, 1598, 1599, 1600, 1605, 1606, 1607, 1608, 1609, 1610, 1611, 1612, 1738, 1944, 1945, 1946, 1947, 1948, 1949, 1950, 1951, 1956, 1957, 1958, 1959, 1960, 1961, 1962, 1963, 1968, 1969, 1970, 1971, 1972, 1973, 1974, 1975, 1980, 1981, 1982, 1983, 1984, 1985, 1986, 1987, 1992, 1993, 1994, 1995, 1996, 1997, 1998, 1999, 2004, 2005, 2006, 2007, 2008, 2009, 2010, 2011, 2016, 2017, 2018, 2019, 2020, 2021, 2022, 2023, 2031, 2032, 2033, 2034, 2035, 2036, 2037, 2038, 2043, 2044, 2045, 2046, 2047, 2048, 2049, 2050, 2055, 2056, 2057, 2058, 2059, 2060, 2061, 2062, 2067, 2068, 2069, 2070, 2071, 2072, 2073, 2074, 2079, 2080, 2081, 2082, 2083, 2084, 2085, 2086, 2091, 2092, 2093, 2094, 2095, 2096, 2097, 2098, 2103, 2104, 2105, 2106, 2107, 2108, 2109, 2110, 2142, 2143, 2144, 2145, 2146, 2147, 2148, 2149, 2154, 2155, 2156, 2157, 2158, 2159, 2160, 2161, 2166, 2167, 2168, 2169, 2170, 2171, 2172, 2173, 2178, 2179, 2180, 2181, 2182, 2183, 2184, 2185, 2190, 2191, 2192, 2193, 2194, 2195, 2196, 2197, 2202, 2203, 2204, 2205, 2206, 2207, 2208, 2209, 2214, 2215, 2216, 2217, 2218, 2219, 2220, 2221, 2229, 2230, 2231, 2232, 2233, 2234, 2235, 2236, 2241, 2242, 2243, 2244, 2245, 2246, 2247, 2248, 2253, 2254, 2255, 2256, 2257, 2258, 2259, 2260, 2265, 2266, 2267, 2268, 2269, 2270, 2271, 2272, 2277, 2278, 2279, 2280, 2281, 2282, 2283, 2284, 2289, 2290, 2291, 2292, 2293, 2294, 2295, 2296, 2301, 2302, 2303, 2304, 2305, 2306, 2307, 2308, 2340, 2341, 2342, 2343, 2344, 2345, 2346, 2347, 2352, 2353, 2354, 2355, 2356, 2357, 2358, 2359, 2364, 2365, 2366, 2367, 2368, 2369, 2370, 2371, 2376, 2377, 2378, 2379, 2380, 2381, 2382, 2383, 2388, 2389, 2390, 2391, 2392, 2393, 2394, 2395, 2400, 2401, 2402, 2403, 2404, 2405, 2406, 2407, 2412, 2413, 2414, 2415, 2416, 2417, 2418, 2419, 2427, 2428, 2429, 2430, 2431, 2432, 2433, 2434, 2439, 2440, 2441, 2442, 2443, 2444, 2445, 2446, 2451, 2452, 2453, 2454, 2455, 2456, 2457, 2458, 2463, 2464, 2465, 2466, 2467, 2468, 2469, 2470, 2475, 2476, 2477, 2478, 2479, 2480, 2481, 2482, 2487, 2488, 2489, 2490, 2491, 2492, 2493, 2494, 2499, 2500, 2501, 2502, 2503, 2504, 2505, 2506, 2838, 2839, 2840, 2841, 2842, 2843, 2844, 2845, 2850, 2851, 2852, 2853, 2854, 2855, 2856, 2857, 2862, 2863, 2864, 2865, 2866, 2867, 2868, 2869, 2874, 2875, 2876, 2877, 2878, 2879, 2880, 2881, 2886, 2887, 2888, 2889, 2890, 2891, 2892, 2893, 2898, 2899, 2900, 2901, 2902, 2903, 2904, 2905, 2910, 2911, 2912, 2913, 2914, 2915, 2916, 2917, 2925, 2926, 2927, 2928, 2929, 2930, 2931, 2932, 2937, 2938, 2939, 2940, 2941, 2942, 2943, 2944, 2949, 2950, 2951, 2952, 2953, 2954, 2955, 2956, 2961, 2962, 2963, 2964, 2965, 2966, 2967, 2968, 2973, 2974, 2975, 2976, 2977, 2978, 2979, 2980, 2985, 2986, 2987, 2988, 2989, 2990, 2991, 2992, 2997, 2998, 2999, 3000, 3001, 3002, 3003, 3004, 3036, 3037, 3038, 3039, 3040, 3041, 3042, 3043, 3048, 3049, 3050, 3051, 3052, 3053, 3054, 3055, 3060, 3061, 3062, 3063, 3064, 3065, 3066, 3067, 3072, 3073, 3074, 3075, 3076, 3077, 3078, 3079, 3084, 3085, 3086, 3087, 3088, 3089, 3090, 3091, 3096, 3097, 3098, 3099, 3100, 3101, 3102, 3103, 3108, 3109, 3110, 3111, 3112, 3113, 3114, 3115, 3123, 3124, 3125, 3126, 3127, 3128, 3129, 3130, 3135, 3136, 3137, 3138, 3139, 3140, 3141, 3142, 3147, 3148, 3149, 3150, 3151, 3152, 3153, 3154, 3159, 3160, 3161, 3162, 3163, 3164, 3165, 3166, 3171, 3172, 3173, 3174, 3175, 3176, 3177, 3178, 3183, 3184, 3185, 3186, 3187, 3188, 3189, 3190, 3195, 3196, 3197, 3198, 3199, 3200, 3201, 3202	1, 2, 3, 4, 5, 6, 7, 8, 9, 10, 11, 12, 3234, 3235, 3236, 3237, 3238, 3239, 3240, 3241, 3246, 3247, 3248, 3249, 3250, 3251, 3252, 3253, 3258, 3259, 3260, 3261, 3262, 3263, 3264, 3265, 3270, 3271, 3272, 3273, 3274, 3275, 3276, 3277, 3282, 3283, 3284, 3285, 3286, 3287, 3288, 3289, 3294, 3295, 3296, 3297, 3298, 3299, 3300, 3301, 3306, 3307, 3308, 3309, 3310, 3311, 3312, 3313, 3321, 3322, 3323, 3324, 3325, 3326, 3327, 3328, 3333, 3334, 3335, 3336, 3337, 3338, 3339, 3340, 3345, 3346, 3347, 3348, 3349, 3350, 3351, 3352, 3357, 3358, 3359, 3360, 3361, 3362, 3363, 3364, 3369, 3370, 3371, 3372, 3373, 3374, 3375, 3376, 3381, 3382, 3383, 3384, 3385, 3386, 3387, 3388, 3393, 3394, 3395, 3396, 3397, 3398, 3399, 3400	13, 14, 15, 16, 17, 18, 19, 20, 21, 22, 23, 24
71	−	487:   	T    	83, 156, 157, 158, 159, 160, 161, 162, 163, 168, 169, 170, 171, 172, 173, 174, 175, 180, 181, 182, 183, 184, 185, 186, 187, 192, 193, 194, 195, 196, 197, 198, 199, 204, 205, 206, 207, 208, 209, 210, 211, 216, 217, 218, 219, 220, 221, 222, 223, 228, 229, 230, 231, 232, 233, 234, 235, 243, 244, 245, 246, 247, 248, 249, 250, 255, 256, 257, 258, 259, 260, 261, 262, 267, 268, 269, 270, 271, 272, 273, 274, 279, 280, 281, 282, 283, 284, 285, 286, 291, 292, 293, 294, 295, 296, 297, 298, 303, 304, 305, 306, 307, 308, 309, 310, 315, 316, 317, 318, 319, 320, 321, 322, 354, 355, 356, 357, 358, 359, 360, 361, 366, 367, 368, 369, 370, 371, 372, 373, 378, 379, 380, 381, 382, 383, 384, 385, 390, 391, 392, 393, 394, 395, 396, 397, 402, 403, 404, 405, 406, 407, 408, 409, 414, 415, 416, 417, 418, 419, 420, 421, 426, 427, 428, 429, 430, 431, 432, 433, 441, 442, 443, 444, 445, 446, 447, 448, 453, 454, 455, 456, 457, 458, 459, 460, 465, 466, 467, 468, 469, 470, 471, 472, 477, 478, 479, 480, 481, 482, 483, 484, 489, 490, 491, 492, 493, 494, 495, 496, 501, 502, 503, 504, 505, 506, 507, 508, 513, 514, 515, 516, 517, 518, 519, 520, 552, 553, 554, 555, 556, 557, 558, 559, 564, 565, 566, 567, 568, 569, 570, 571, 576, 577, 578, 579, 580, 581, 582, 583, 588, 589, 590, 591, 592, 593, 594, 595, 600, 601, 602, 603, 604, 605, 606, 607, 612, 613, 614, 615, 616, 617, 618, 619, 624, 625, 626, 627, 628, 629, 630, 631, 639, 640, 641, 642, 643, 644, 645, 646, 651, 652, 653, 654, 655, 656, 657, 658, 663, 664, 665, 666, 667, 668, 669, 670, 675, 676, 677, 678, 679, 680, 681, 682, 687, 688, 689, 690, 691, 692, 693, 694, 699, 700, 701, 702, 703, 704, 705, 706, 711, 712, 713, 714, 715, 716, 717, 718, 1050, 1051, 1052, 1053, 1054, 1055, 1056, 1057, 1062, 1063, 1064, 1065, 1066, 1067, 1068, 1069, 1074, 1075, 1076, 1077, 1078, 1079, 1080, 1081, 1086, 1087, 1088, 1089, 1090, 1091, 1092, 1093, 1098, 1099, 1100, 1101, 1102, 1103, 1104, 1105, 1110, 1111, 1112, 1113, 1114, 1115, 1116, 1117, 1122, 1123, 1124, 1125, 1126, 1127, 1128, 1129, 1137, 1138, 1139, 1140, 1141, 1142, 1143, 1144, 1149, 1150, 1151, 1152, 1153, 1154, 1155, 1156, 1161, 1162, 1163, 1164, 1165, 1166, 1167, 1168, 1173, 1174, 1175, 1176, 1177, 1178, 1179, 1180, 1185, 1186, 1187, 1188, 1189, 1190, 1191, 1192, 1197, 1198, 1199, 1200, 1201, 1202, 1203, 1204, 1209, 1210, 1211, 1212, 1213, 1214, 1215, 1216, 1248, 1249, 1250, 1251, 1252, 1253, 1254, 1255, 1260, 1261, 1262, 1263, 1264, 1265, 1266, 1267, 1272, 1273, 1274, 1275, 1276, 1277, 1278, 1279, 1284, 1285, 1286, 1287, 1288, 1289, 1290, 1291, 1296, 1297, 1298, 1299, 1300, 1301, 1302, 1303, 1308, 1309, 1310, 1311, 1312, 1313, 1314, 1315, 1320, 1321, 1322, 1323, 1324, 1325, 1326, 1327, 1335, 1336, 1337, 1338, 1339, 1340, 1341, 1342, 1347, 1348, 1349, 1350, 1351, 1352, 1353, 1354, 1359, 1360, 1361, 1362, 1363, 1364, 1365, 1366, 1371, 1372, 1373, 1374, 1375, 1376, 1377, 1378, 1383, 1384, 1385, 1386, 1387, 1388, 1389, 1390, 1395, 1396, 1397, 1398, 1399, 1400, 1401, 1402, 1407, 1408, 1409, 1410, 1411, 1412, 1413, 1414, 1446, 1447, 1448, 1449, 1450, 1451, 1452, 1453, 1458, 1459, 1460, 1461, 1462, 1463, 1464, 1465, 1470, 1471, 1472, 1473, 1474, 1475, 1476, 1477, 1482, 1483, 1484, 1485, 1486, 1487, 1488, 1489, 1494, 1495, 1496, 1497, 1498, 1499, 1500, 1501, 1506, 1507, 1508, 1509, 1510, 1511, 1512, 1513, 1518, 1519, 1520, 1521, 1522, 1523, 1524, 1525, 1533, 1534, 1535, 1536, 1537, 1538, 1539, 1540, 1545, 1546, 1547, 1548, 1549, 1550, 1551, 1552, 1557, 1558, 1559, 1560, 1561, 1562, 1563, 1564, 1569, 1570, 1571, 1572, 1573, 1574, 1575, 1576, 1581, 1582, 1583, 1584, 1585, 1586, 1587, 1588, 1593, 1594, 1595, 1596, 1597, 1598, 1599, 1600, 1605, 1606, 1607, 1608, 1609, 1610, 1611, 1612, 1738, 1944, 1945, 1946, 1947, 1948, 1949, 1950, 1951, 1956, 1957, 1958, 1959, 1960, 1961, 1962, 1963, 1968, 1969, 1970, 1971, 1972, 1973, 1974, 1975, 1980, 1981, 1982, 1983, 1984, 1985, 1986, 1987, 1992, 1993, 1994, 1995, 1996, 1997, 1998, 1999, 2004, 2005, 2006, 2007, 2008, 2009, 2010, 2011, 2016, 2017, 2018, 2019, 2020, 2021, 2022, 2023, 2031, 2032, 2033, 2034, 2035, 2036, 2037, 2038, 2043, 2044, 2045, 2046, 2047, 2048, 2049, 2050, 2055, 2056, 2057, 2058, 2059, 2060, 2061, 2062, 2067, 2068, 2069, 2070, 2071, 2072, 2073, 2074, 2079, 2080, 2081, 2082, 2083, 2084, 2085, 2086, 2091, 2092, 2093, 2094, 2095, 2096, 2097, 2098, 2103, 2104, 2105, 2106, 2107, 2108, 2109, 2110, 2142, 2143, 2144, 2145, 2146, 2147, 2148, 2149, 2154, 2155, 2156, 2157, 2158, 2159, 2160, 2161, 2166, 2167, 2168, 2169, 2170, 2171, 2172, 2173, 2178, 2179, 2180, 2181, 2182, 2183, 2184, 2185, 2190, 2191, 2192, 2193, 2194, 2195, 2196, 2197, 2202, 2203, 2204, 2205, 2206, 2207, 2208, 2209, 2214, 2215, 2216, 2217, 2218, 2219, 2220, 2221, 2229, 2230, 2231, 2232, 2233, 2234, 2235, 2236, 2241, 2242, 2243, 2244, 2245, 2246, 2247, 2248, 2253, 2254, 2255, 2256, 2257, 2258, 2259, 2260, 2265, 2266, 2267, 2268, 2269, 2270, 2271, 2272, 2277, 2278, 2279, 2280, 2281, 2282, 2283, 2284, 2289, 2290, 2291, 2292, 2293, 2294, 2295, 2296, 2301, 2302, 2303, 2304, 2305, 2306, 2307, 2308, 2340, 2341, 2342, 2343, 2344, 2345, 2346, 2347, 2352, 2353, 2354, 2355, 2356, 2357, 2358, 2359, 2364, 2365, 2366, 2367, 2368, 2369, 2370, 2371, 2376, 2377, 2378, 2379, 2380, 2381, 2382, 2383, 2388, 2389, 2390, 2391, 2392, 2393, 2394, 2395, 2400, 2401, 2402, 2403, 2404, 2405, 2406, 2407, 2412, 2413, 2414, 2415, 2416, 2417, 2418, 2419, 2427, 2428, 2429, 2430, 2431, 2432, 2433, 2434, 2439, 2440, 2441, 2442, 2443, 2444, 2445, 2446, 2451, 2452, 2453, 2454, 2455, 2456, 2457, 2458, 2463, 2464, 2465, 2466, 2467, 2468, 2469, 2470, 2475, 2476, 2477, 2478, 2479, 2480, 2481, 2482, 2487, 2488, 2489, 2490, 2491, 2492, 2493, 2494, 2499, 2500, 2501, 2502, 2503, 2504, 2505, 2506, 2838, 2839, 2840, 2841, 2842, 2843, 2844, 2845, 2850, 2851, 2852, 2853, 2854, 2855, 2856, 2857, 2862, 2863, 2864, 2865, 2866, 2867, 2868, 2869, 2874, 2875, 2876, 2877, 2878, 2879, 2880, 2881, 2886, 2887, 2888, 2889, 2890, 2891, 2892, 2893, 2898, 2899, 2900, 2901, 2902, 2903, 2904, 2905, 2910, 2911, 2912, 2913, 2914, 2915, 2916, 2917, 2925, 2926, 2927, 2928, 2929, 2930, 2931, 2932, 2937, 2938, 2939, 2940, 2941, 2942, 2943, 2944, 2949, 2950, 2951, 2952, 2953, 2954, 2955, 2956, 2961, 2962, 2963, 2964, 2965, 2966, 2967, 2968, 2973, 2974, 2975, 2976, 2977, 2978, 2979, 2980, 2985, 2986, 2987, 2988, 2989, 2990, 2991, 2992, 2997, 2998, 2999, 3000, 3001, 3002, 3003, 3004, 3036, 3037, 3038, 3039, 3040, 3041, 3042, 3043, 3048, 3049, 3050, 3051, 3052, 3053, 3054, 3055, 3060, 3061, 3062, 3063, 3064, 3065, 3066, 3067, 3072, 3073, 3074, 3075, 3076, 3077, 3078, 3079, 3084, 3085, 3086, 3087, 3088, 3089, 3090, 3091, 3096, 3097, 3098, 3099, 3100, 3101, 3102, 3103, 3108, 3109, 3110, 3111, 3112, 3113, 3114, 3115, 3123, 3124, 3125, 3126, 3127, 3128, 3129, 3130, 3135, 3136, 3137, 3138, 3139, 3140, 3141, 3142, 3147, 3148, 3149, 3150, 3151, 3152, 3153, 3154, 3159, 3160, 3161, 3162, 3163, 3164, 3165, 3166, 3171, 3172, 3173, 3174, 3175, 3176, 3177, 3178, 3183, 3184, 3185, 3186, 3187, 3188, 3189, 3190, 3195, 3196, 3197, 3198, 3199, 3200, 3201, 3202, 3234, 3235, 3236, 3237, 3238, 3239, 3240, 3241, 3246, 3247, 3248, 3249, 3250, 3251, 3252, 3253, 3258, 3259, 3260, 3261, 3262, 3263, 3264, 3265, 3270, 3271, 3272, 3273, 3274, 3275, 3276, 3277, 3282, 3283, 3284, 3285, 3286, 3287, 3288, 3289, 3294, 3295, 3296, 3297, 3298, 3299, 3300, 3301, 3306, 3307, 3308, 3309, 3310, 3311, 3312, 3313, 3321, 3322, 3323, 3324, 3325, 3326, 3327, 3328, 3333, 3334, 3335, 3336, 3337, 3338, 3339, 3340, 3345, 3346, 3347, 3348, 3349, 3350, 3351, 3352, 3357, 3358, 3359, 3360, 3361, 3362, 3363, 3364, 3369, 3370, 3371, 3372, 3373, 3374, 3375, 3376, 3381, 3382, 3383, 3384, 3385, 3386, 3387, 3388, 3393, 3394, 3395, 3396, 3397, 3398, 3399, 3400	1, 2, 3, 4, 5, 6, 7, 8, 9, 10, 11, 12	13, 14, 15, 16, 17, 18, 19, 20, 21, 22, 23, 24
488	−	496:   	T    	−	−	−
497	−	497:   	−    	8, 9, 10, 11, 12, 51, 52, 53, 54, 55, 56, 57, 58, 63, 64, 65, 66, 67, 68, 69, 70, 75, 76, 77, 78, 79, 80, 81, 82, 87, 88, 89, 90, 91, 92, 93, 94, 99, 100, 101, 102, 103, 104, 105, 106, 111, 112, 113, 114, 115, 116, 117, 118, 123, 124, 125, 126, 127, 128, 129, 130, 162, 163, 164, 165, 166, 167, 168, 169, 174, 175, 176, 177, 178, 179, 180, 181, 186, 187, 188, 189, 190, 191, 192, 193, 198, 199, 200, 201, 202, 203, 204, 205, 210, 211, 212, 213, 214, 215, 216, 217, 222, 223, 224, 225, 226, 227, 228, 229, 234, 235, 236, 237, 238, 239, 240, 241, 249, 250, 251, 252, 253, 254, 255, 256, 261, 262, 263, 264, 265, 266, 267, 268, 273, 274, 275, 276, 277, 278, 279, 280, 285, 286, 287, 288, 289, 290, 291, 292, 297, 298, 299, 300, 301, 302, 303, 304, 309, 310, 311, 312, 313, 314, 315, 316, 321, 322, 323, 324, 325, 326, 327, 328, 360, 361, 362, 363, 364, 365, 366, 367, 372, 373, 374, 375, 376, 377, 378, 379, 384, 385, 386, 387, 388, 389, 390, 391, 396, 397, 398, 399, 400, 401, 402, 403, 408, 409, 410, 411, 412, 413, 414, 415, 420, 421, 422, 423, 424, 425, 426, 427, 432, 433, 434, 435, 436, 437, 438, 439, 447, 448, 449, 450, 451, 452, 453, 454, 459, 460, 461, 462, 463, 464, 465, 466, 471, 472, 473, 474, 475, 476, 477, 478, 483, 484, 485, 486, 487, 488, 489, 490, 495, 496, 497, 498, 499, 500, 501, 502, 507, 508, 509, 510, 511, 512, 513, 514, 519, 520, 521, 522, 523, 524, 525, 526, 558, 559, 560, 561, 562, 563, 564, 565, 570, 571, 572, 573, 574, 575, 576, 577, 582, 583, 584, 585, 586, 587, 588, 589, 594, 595, 596, 597, 598, 599, 600, 601, 606, 607, 608, 609, 610, 611, 612, 613, 618, 619, 620, 621, 622, 623, 624, 625, 630, 631, 632, 633, 634, 635, 636, 637, 645, 646, 647, 648, 649, 650, 651, 652, 657, 658, 659, 660, 661, 662, 663, 664, 669, 670, 671, 672, 673, 674, 675, 676, 681, 682, 683, 684, 685, 686, 687, 688, 693, 694, 695, 696, 697, 698, 699, 700, 705, 706, 707, 708, 709, 710, 711, 712, 717, 718, 719, 720, 721, 722, 723, 724, 759, 760, 761, 762, 763, 764, 765, 766, 771, 772, 773, 774, 775, 776, 777, 778, 783, 784, 785, 786, 787, 788, 789, 790, 795, 796, 797, 798, 799, 800, 801, 802, 807, 808, 809, 810, 811, 812, 813, 814, 819, 820, 821, 822, 823, 824, 825, 826, 831, 832, 833, 834, 835, 836, 837, 838, 870, 871, 872, 873, 874, 875, 876, 877, 882, 883, 884, 885, 886, 887, 888, 889, 894, 895, 896, 897, 898, 899, 900, 901, 906, 907, 908, 909, 910, 911, 912, 913, 918, 919, 920, 921, 922, 923, 924, 925, 930, 931, 932, 933, 934, 935, 936, 937, 942, 943, 944, 945, 946, 947, 948, 949, 957, 958, 959, 960, 961, 962, 963, 964, 969, 970, 971, 972, 973, 974, 975, 976, 981, 982, 983, 984, 985, 986, 987, 988, 993, 994, 995, 996, 997, 998, 999, 1000, 1005, 1006, 1007, 1008, 1009, 1010, 1011, 1012, 1017, 1018, 1019, 1020, 1021, 1022, 1023, 1024, 1029, 1030, 1031, 1032, 1033, 1034, 1035, 1036, 1068, 1069, 1070, 1071, 1072, 1073, 1074, 1075, 1080, 1081, 1082, 1083, 1084, 1085, 1086, 1087, 1092, 1093, 1094, 1095, 1096, 1097, 1098, 1099, 1104, 1105, 1106, 1107, 1108, 1109, 1110, 1111, 1116, 1117, 1118, 1119, 1120, 1121, 1122, 1123, 1128, 1129, 1130, 1131, 1132, 1133, 1134, 1135, 1140, 1141, 1142, 1143, 1144, 1145, 1146, 1147, 1155, 1156, 1157, 1158, 1159, 1160, 1161, 1162, 1167, 1168, 1169, 1170, 1171, 1172, 1173, 1174, 1179, 1180, 1181, 1182, 1183, 1184, 1185, 1186, 1191, 1192, 1193, 1194, 1195, 1196, 1197, 1198, 1203, 1204, 1205, 1206, 1207, 1208, 1209, 1210, 1215, 1216, 1217, 1218, 1219, 1220, 1221, 1222, 1227, 1228, 1229, 1230, 1231, 1232, 1233, 1234, 1266, 1267, 1268, 1269, 1270, 1271, 1272, 1273, 1278, 1279, 1280, 1281, 1282, 1283, 1284, 1285, 1290, 1291, 1292, 1293, 1294, 1295, 1296, 1297, 1302, 1303, 1304, 1305, 1306, 1307, 1308, 1309, 1314, 1315, 1316, 1317, 1318, 1319, 1320, 1321, 1326, 1327, 1328, 1329, 1330, 1331, 1332, 1333, 1338, 1339, 1340, 1341, 1342, 1343, 1344, 1345, 1353, 1354, 1355, 1356, 1357, 1358, 1359, 1360, 1365, 1366, 1367, 1368, 1369, 1370, 1371, 1372, 1377, 1378, 1379, 1380, 1381, 1382, 1383, 1384, 1389, 1390, 1391, 1392, 1393, 1394, 1395, 1396, 1401, 1402, 1403, 1404, 1405, 1406, 1407, 1408, 1413, 1414, 1415, 1416, 1417, 1418, 1419, 1420, 1425, 1426, 1427, 1428, 1429, 1430, 1431, 1432, 1464, 1465, 1466, 1467, 1468, 1469, 1470, 1471, 1476, 1477, 1478, 1479, 1480, 1481, 1482, 1483, 1488, 1489, 1490, 1491, 1492, 1493, 1494, 1495, 1500, 1501, 1502, 1503, 1504, 1505, 1506, 1507, 1512, 1513, 1514, 1515, 1516, 1517, 1518, 1519, 1524, 1525, 1526, 1527, 1528, 1529, 1530, 1531, 1536, 1537, 1538, 1539, 1540, 1541, 1542, 1543, 1551, 1552, 1553, 1554, 1555, 1556, 1557, 1558, 1563, 1564, 1565, 1566, 1567, 1568, 1569, 1570, 1575, 1576, 1577, 1578, 1579, 1580, 1581, 1582, 1587, 1588, 1589, 1590, 1591, 1592, 1593, 1594, 1599, 1600, 1601, 1602, 1603, 1604, 1605, 1606, 1611, 1612, 1613, 1614, 1615, 1616, 1617, 1618, 1623, 1624, 1625, 1626, 1627, 1628, 1629, 1630, 1665, 1666, 1667, 1668, 1669, 1670, 1671, 1672, 1677, 1678, 1679, 1680, 1681, 1682, 1683, 1684, 1689, 1690, 1691, 1692, 1693, 1694, 1695, 1696, 1701, 1702, 1703, 1704, 1705, 1706, 1707, 1708, 1713, 1714, 1715, 1716, 1717, 1718, 1719, 1720, 1725, 1726, 1727, 1728, 1729, 1730, 1731, 1732, 1737, 1738, 1739, 1740, 1741, 1742, 1743, 1744, 1776, 1777, 1778, 1779, 1780, 1781, 1782, 1783, 1788, 1789, 1790, 1791, 1792, 1793, 1794, 1795, 1800, 1801, 1802, 1803, 1804, 1805, 1806, 1807, 1812, 1813, 1814, 1815, 1816, 1817, 1818, 1819, 1824, 1825, 1826, 1827, 1828, 1829, 1830, 1831, 1836, 1837, 1838, 1839, 1840, 1841, 1842, 1843, 1848, 1849, 1850, 1851, 1852, 1853, 1854, 1855, 1863, 1864, 1865, 1866, 1867, 1868, 1869, 1870, 1875, 1876, 1877, 1878, 1879, 1880, 1881, 1882, 1887, 1888, 1889, 1890, 1891, 1892, 1893, 1894, 1899, 1900, 1901, 1902, 1903, 1904, 1905, 1906, 1911, 1912, 1913, 1914, 1915, 1916, 1917, 1918, 1923, 1924, 1925, 1926, 1927, 1928, 1929, 1930, 1935, 1936, 1937, 1938, 1939, 1940, 1941, 1942, 1974, 1975, 1976, 1977, 1978, 1979, 1980, 1981, 1986, 1987, 1988, 1989, 1990, 1991, 1992, 1993, 1998, 1999, 2000, 2001, 2002, 2003, 2004, 2005, 2010, 2011, 2012, 2013, 2014, 2015, 2016, 2017, 2022, 2023, 2024, 2025, 2026, 2027, 2028, 2029, 2034, 2035, 2036, 2037, 2038, 2039, 2040, 2041, 2046, 2047, 2048, 2049, 2050, 2051, 2052, 2053, 2061, 2062, 2063, 2064, 2065, 2066, 2067, 2068, 2073, 2074, 2075, 2076, 2077, 2078, 2079, 2080, 2085, 2086, 2087, 2088, 2089, 2090, 2091, 2092, 2097, 2098, 2099, 2100, 2101, 2102, 2103, 2104, 2109, 2110, 2111, 2112, 2113, 2114, 2115, 2116, 2121, 2122, 2123, 2124, 2125, 2126, 2127, 2128, 2133, 2134, 2135, 2136, 2137, 2138, 2139, 2140, 2172, 2173, 2174, 2175, 2176, 2177, 2178, 2179, 2184, 2185, 2186, 2187, 2188, 2189, 2190, 2191, 2196, 2197, 2198, 2199, 2200, 2201, 2202, 2203, 2208, 2209, 2210, 2211, 2212, 2213, 2214, 2215, 2220, 2221, 2222, 2223, 2224, 2225, 2226, 2227, 2232, 2233, 2234, 2235, 2236, 2237, 2238, 2239, 2244, 2245, 2246, 2247, 2248, 2249, 2250, 2251, 2259, 2260, 2261, 2262, 2263, 2264, 2265, 2266, 2271, 2272, 2273, 2274, 2275, 2276, 2277, 2278, 2283, 2284, 2285, 2286, 2287, 2288, 2289, 2290, 2295, 2296, 2297, 2298, 2299, 2300, 2301, 2302, 2307, 2308, 2309, 2310, 2311, 2312, 2313, 2314, 2319, 2320, 2321, 2322, 2323, 2324, 2325, 2326, 2331, 2332, 2333, 2334, 2335, 2336, 2337, 2338, 2370, 2371, 2372, 2373, 2374, 2375, 2376, 2377, 2382, 2383, 2384, 2385, 2386, 2387, 2388, 2389, 2394, 2395, 2396, 2397, 2398, 2399, 2400, 2401, 2406, 2407, 2408, 2409, 2410, 2411, 2412, 2413, 2418, 2419, 2420, 2421, 2422, 2423, 2424, 2425, 2430, 2431, 2432, 2433, 2434, 2435, 2436, 2437, 2442, 2443, 2444, 2445, 2446, 2447, 2448, 2449, 2457, 2458, 2459, 2460, 2461, 2462, 2463, 2464, 2469, 2470, 2471, 2472, 2473, 2474, 2475, 2476, 2481, 2482, 2483, 2484, 2485, 2486, 2487, 2488, 2493, 2494, 2495, 2496, 2497, 2498, 2499, 2500, 2505, 2506, 2507, 2508, 2509, 2510, 2511, 2512, 2517, 2518, 2519, 2520, 2521, 2522, 2523, 2524, 2529, 2530, 2531, 2532, 2533, 2534, 2535, 2536	13, 14, 15, 16, 17, 18, 19	1, 2, 3, 4, 5, 6, 7, 2571, 2572, 2573, 2574, 2575, 2576, 2577, 2578, 2583, 2584, 2585, 2586, 2587, 2588, 2589, 2590, 2595, 2596, 2597, 2598, 2599, 2600, 2601, 2602, 2607, 2608, 2609, 2610, 2611, 2612, 2613, 2614, 2619, 2620, 2621, 2622, 2623, 2624, 2625, 2626, 2631, 2632, 2633, 2634, 2635, 2636, 2637, 2638, 2643, 2644, 2645, 2646, 2647, 2648, 2649, 2650, 2682, 2683, 2684, 2685, 2686, 2687, 2688, 2689, 2694, 2695, 2696, 2697, 2698, 2699, 2700, 2701, 2706, 2707, 2708, 2709, 2710, 2711, 2712, 2713, 2718, 2719, 2720, 2721, 2722, 2723, 2724, 2725, 2730, 2731, 2732, 2733, 2734, 2735, 2736, 2737, 2742, 2743, 2744, 2745, 2746, 2747, 2748, 2749, 2754, 2755, 2756, 2757, 2758, 2759, 2760, 2761, 2769, 2770, 2771, 2772, 2773, 2774, 2775, 2776, 2781, 2782, 2783, 2784, 2785, 2786, 2787, 2788, 2793, 2794, 2795, 2796, 2797, 2798, 2799, 2800, 2805, 2806, 2807, 2808, 2809, 2810, 2811, 2812, 2817, 2818, 2819, 2820, 2821, 2822, 2823, 2824, 2829, 2830, 2831, 2832, 2833, 2834, 2835, 2836, 2841, 2842, 2843, 2844, 2845, 2846, 2847, 2848
